0.65306122449 0.0 0.763157894737 0.616153205662 0.749168330007
0.741690962099 0.0 0.842105263158 0.676103247294 0.798403193613
0.559183673469 0.0 0.710526315789 0.542880932556 0.611443779108
0.793586005831 0.0 0.894736842105 0.813488759367 0.924817032601
0.721865889213 0.0 0.815789473684 0.716069941715 0.816367265469
0.825655976676 0.0 0.921052631579 0.851790174854 0.941450432468
0.779591836735 0.0 0.868421052632 0.756036636137 0.851630073187
0.538775510204 0.0 0.657894736842 0.517069109076 0.581503659348
0.932361516035 0.0 0.947368421053 0.746877601998 0.914171656687
0.676967930029 0.0 0.789473684211 0.649458784346 0.701929474385
0.72944606414 0.0 0.842105263158 0.782681099084 0.831004657352
0.773760932945 0.0 0.815789473684 0.656119900083 0.771789753826
0.787969924812 0.0 0.862068965517 0.763157894737 0.842738205365
0.551603498542 0.0 0.684210526316 0.63696919234 0.634065202927
0.941713483146 0.0 1.0 0.928571428571 1.0
0.713702623907 0.0 0.789473684211 0.733555370525 0.782435129741
0.679073033708 0.0 0.757575757576 0.623287671233 0.666914498141
0.476967930029 0.0 0.578947368421 0.460449625312 0.478376580173
0.842565597668 0.0 0.868421052632 0.761865112406 0.852960745176
0.676264044944 0.0 0.727272727273 0.598825831703 0.660966542751
0.933527696793 0.0 0.921052631579 0.701915070774 0.822355289421
0.813904494382 0.0 0.909090909091 0.834637964775 0.844609665428
0.606413994169 0.0 0.631578947368 0.386344712739 0.463073852295
0.866472303207 0.0 0.947368421053 0.862614487927 0.883566200931
0.48804664723 0.0 0.605263157895 0.566194837635 0.546906187625
0.842565597668 0.0 0.815789473684 0.546211490425 0.668662674651
0.403498542274 0.0 0.447368421053 0.313905079101 0.361942781104
0.434402332362 0.0 0.552631578947 0.461282264779 0.43379906853
0.363265306122 0.0 0.447368421053 0.338884263114 0.344644045243
0.818796992481 0.117647058824 0.896551724138 0.773026315789 0.899167437558
0.515451895044 0.0 0.631578947368 0.577019150708 0.546906187625
0.660641399417 0.0 0.657894736842 0.482930890924 0.571523619428
0.384256559767 0.0 0.473684210526 0.376353039134 0.372588157019
0.648979591837 0.0 0.657894736842 0.352206494588 0.427145708583
0.443148688047 0.0 0.473684210526 0.243963363863 0.294743845642
0.767556179775 0.0 0.757575757576 0.622309197652 0.713011152416
0.811095505618 0.0 0.818181818182 0.680039138943 0.753159851301
0.418658892128 0.0 0.526315789474 0.472106577852 0.441117764471
0.638342696629 0.0 0.666666666667 0.503913894325 0.55092936803
0.636734693878 0.0 0.710526315789 0.640299750208 0.640718562874
0.679300291545 0.0 0.657894736842 0.48709408826 0.580172987359
0.679073033708 0.0 0.69696969697 0.569471624266 0.62156133829
0.697959183673 0.0 0.710526315789 0.538717735221 0.594145043247
0.706015037594 0.117647058824 0.862068965517 0.781798245614 0.810360777058
0.733146067416 0.0 0.727272727273 0.645792563601 0.715985130112
0.719803370787 0.0 0.818181818182 0.786692759295 0.752416356877
0.702247191011 0.0 0.757575757576 0.646771037182 0.654275092937
0.702247191011 0.0 0.727272727273 0.567514677104 0.605204460967
0.660814606742 0.0 0.727272727273 0.619373776908 0.613382899628
0.761938202247 0.0 0.818181818182 0.757338551859 0.759851301115
0.636235955056 0.0 0.727272727273 0.65362035225 0.620074349442
0.89970845481 0.0 0.947368421053 0.95087427144 0.956753160346
0.711376404494 0.0 0.727272727273 0.568493150685 0.605204460967
0.849719101124 0.0 0.848484848485 0.731898238748 0.785130111524
0.880617977528 0.0 0.878787878788 0.735812133072 0.789591078067
0.70154494382 0.0 0.757575757576 0.637964774951 0.631226765799
0.755617977528 0.0 0.787878787879 0.657534246575 0.674349442379
0.622740524781 0.0 0.736842105263 0.666944213156 0.600798403194
0.719803370787 0.0 0.727272727273 0.590998043053 0.630483271375
0.594803370787 0.0 0.666666666667 0.555772994129 0.530855018587
0.775280898876 0.0 0.787878787879 0.691780821918 0.725650557621
0.776685393258 0.0 0.818181818182 0.771037181996 0.774721189591
0.626404494382 0.0 0.606060606061 0.383561643836 0.447583643123
0.68047752809 0.0 0.757575757576 0.744618395303 0.710037174721
0.679073033708 0.0 0.69696969697 0.527397260274 0.551672862454
0.452478134111 0.0 0.447368421053 0.288925895087 0.335994677312
0.430903790087 0.0 0.5 0.356369691923 0.326014637392
0.6875 0.0 0.69696969697 0.555772994129 0.5843866171
0.671348314607 0.0 0.69696969697 0.552837573386 0.565055762082
0.391253644315 0.0 0.368421052632 0.156536219817 0.215568862275
0.645365168539 0.0 0.666666666667 0.542074363992 0.55687732342
0.827247191011 0.0 0.787878787879 0.706457925636 0.781412639405
0.702949438202 0.0 0.787878787879 0.748532289628 0.696654275093
0.691713483146 0.0 0.727272727273 0.590998043053 0.586617100372
0.726825842697 0.0 0.727272727273 0.610567514677 0.640892193309
0.550561797753 0.0 0.515151515152 0.313111545988 0.379182156134
0.711878009631 0.0 0.785714285714 0.626477541371 0.583257506824
0.719803370787 0.0 0.727272727273 0.633072407045 0.655762081784
0.751404494382 0.0 0.757575757576 0.641878669276 0.665427509294
0.72893258427 0.0 0.727272727273 0.557729941292 0.585873605948
0.829323308271 0.0 0.931034482759 0.859649122807 0.783533765032
0.829323308271 0.0 0.931034482759 0.859649122807 0.783533765032
0.813202247191 0.0 0.818181818182 0.715264187867 0.73531598513
0.775280898876 0.0 0.818181818182 0.812133072407 0.793308550186
0.610252808989 0.0 0.636363636364 0.504892367906 0.501858736059
0.731741573034 0.0 0.757575757576 0.708414872798 0.705576208178
0.614466292135 0.0 0.636363636364 0.465753424658 0.466171003717
0.503790087464 0.0 0.526315789474 0.419650291424 0.419161676647
0.743679775281 0.0 0.787878787879 0.717221135029 0.694423791822
0.759129213483 0.0 0.757575757576 0.615459882583 0.637918215613
0.876404494382 0.0 0.909090909091 0.906066536204 0.893680297398
0.57654494382 0.0 0.636363636364 0.55675146771 0.515985130112
0.697331460674 0.0 0.69696969697 0.587084148728 0.60594795539
0.929775280899 0.0 0.939393939394 0.91095890411 0.91970260223
0.662921348315 0.0 0.727272727273 0.599804305284 0.552416356877
0.762640449438 0.0 0.818181818182 0.803326810176 0.764312267658
0.804775280899 0.0 0.787878787879 0.711350293542 0.743494423792
0.65308988764 0.0 0.69696969697 0.605675146771 0.576951672862
0.712078651685 0.0 0.69696969697 0.565557729941 0.595539033457
0.707162921348 0.0 0.69696969697 0.522504892368 0.546468401487
