0.507936507937 0.25 0.47619047619 0.335734870317 0.27797833935
0.697619047619 0.75 0.666666666667 0.345821325648 0.395306859206
0.584920634921 0.0 0.47619047619 0.353025936599 0.301444043321
0.727777777778 0.25 0.714285714286 0.458213256484 0.427797833935
0.47380952381 0.5 0.380952380952 0.14265129683 0.0216606498195
0.6 0.5 0.52380952381 0.332853025937 0.191335740072
0.620634920635 0.0 0.571428571429 0.389048991354 0.259927797834
0.811904761905 0.5 0.714285714286 0.442363112392 0.445848375451
0.872222222222 1.0 0.809523809524 0.625360230548 0.574007220217
0.553174603175 0.5 0.428571428571 0.198847262248 0.0902527075812
0.647619047619 0.75 0.619047619048 0.374639769452 0.43321299639
0.840476190476 0.75 0.857142857143 0.763688760807 0.828519855596
0.515873015873 0.5 0.380952380952 0.233429394813 0.102888086643
0.615079365079 0.5 0.52380952381 0.262247838617 0.220216606498
0.534126984127 0.0 0.47619047619 0.28818443804 0.234657039711
0.644444444444 0.0 0.571428571429 0.344380403458 0.303249097473
0.583333333333 0.75 0.52380952381 0.332853025937 0.287003610108
0.480952380952 0.5 0.380952380952 0.14265129683 0.0216606498195
0.542063492063 0.5 0.52380952381 0.28530259366 0.283393501805
0.534920634921 0.5 0.47619047619 0.221902017291 0.153429602888
0.70873015873 0.25 0.761904761905 0.472622478386 0.534296028881
0.71746031746 0.0 0.619047619048 0.416426512968 0.485559566787
0.775396825397 0.5 0.714285714286 0.468299711816 0.391696750903
0.394444444444 0.0 0.333333333333 0.206051873199 0.151624548736
0.592063492063 0.5 0.47619047619 0.367435158501 0.220216606498
0.607936507937 0.5 0.52380952381 0.446685878963 0.351985559567
0.565873015873 0.0 0.52380952381 0.448126801153 0.514440433213
0.505555555556 0.5 0.47619047619 0.328530259366 0.285198555957
0.728571428571 0.5 0.714285714286 0.544668587896 0.480144404332
0.615873015873 0.5 0.52380952381 0.43083573487 0.350180505415
0.603174603175 1.0 0.571428571429 0.432276657061 0.41155234657
0.857936507937 1.0 0.809523809524 0.646974063401 0.649819494585
0.47380952381 0.25 0.428571428571 0.466858789625 0.398916967509
0.745238095238 0.25 0.761904761905 0.463976945245 0.373646209386
0.976984126984 0.5 0.904761904762 0.634005763689 0.680505415162
0.668253968254 0.5 0.666666666667 0.556195965418 0.568592057762
0.565873015873 0.0 0.52380952381 0.448126801153 0.514440433213
0.606349206349 0.75 0.571428571429 0.345821325648 0.395306859206
0.587301587302 0.0 0.571428571429 0.383285302594 0.404332129964
0.588095238095 0.0 0.52380952381 0.278097982709 0.22202166065
0.434920634921 0.0 0.380952380952 0.28530259366 0.283393501805
0.584920634921 0.5 0.52380952381 0.304034582133 0.272563176895
0.656349206349 0.0 0.571428571429 0.495677233429 0.342960288809
0.431746031746 0.0 0.333333333333 0.14265129683 0.0216606498195
0.657142857143 0.75 0.666666666667 0.423631123919 0.41155234657
0.656349206349 0.5 0.619047619048 0.341498559078 0.351985559567
0.68253968254 0.0 0.619047619048 0.534582132565 0.472924187726
0.87380952381 0.0 0.809523809524 0.534582132565 0.472924187726
0.587301587302 0.0 0.571428571429 0.383285302594 0.404332129964
0.862698412698 0.5 0.952380952381 0.655619596542 0.758122743682
0.676984126984 0.5 0.666666666667 0.28242074928 0.310469314079
0.502380952381 0.25 0.47619047619 0.412103746398 0.436823104693
0.833333333333 0.5 0.761904761905 0.50288184438 0.404332129964
0.561904761905 0.75 0.52380952381 0.332853025937 0.281588447653
0.484126984127 0.0 0.428571428571 0.278097982709 0.22202166065
0.561904761905 0.75 0.52380952381 0.332853025937 0.281588447653
0.592063492063 0.5 0.52380952381 0.278097982709 0.22202166065
0.461111111111 0.5 0.428571428571 0.328530259366 0.285198555957
1.0 0.25 1.0 1.0 1.0
0.463492063492 0.25 0.428571428571 0.239193083573 0.23285198556
0.615873015873 0.5 0.52380952381 0.43083573487 0.350180505415
0.565873015873 0.0 0.52380952381 0.448126801153 0.514440433213
0.653174603175 0.0 0.619047619048 0.412103746398 0.323104693141
0.646031746032 0.75 0.571428571429 0.462536023055 0.317689530686
0.831746031746 0.5 0.761904761905 0.445244956772 0.462093862816
0.857936507937 1.0 0.952380952381 0.701729106628 0.62274368231
0.466666666667 0.0 0.428571428571 0.28530259366 0.283393501805
0.638095238095 0.5 0.619047619048 0.312680115274 0.283393501805
0.653174603175 0.5 0.571428571429 0.332853025937 0.191335740072
0.534126984127 0.5 0.52380952381 0.472622478386 0.525270758123
0.984126984127 0.0 0.952380952381 0.886167146974 0.875451263538
0.757142857143 0.0 0.666666666667 0.622478386167 0.456678700361
0.45873015873 0.5 0.380952380952 0.221902017291 0.153429602888
0.588095238095 0.0 0.52380952381 0.278097982709 0.22202166065
0.743650793651 1.0 0.666666666667 0.368876080692 0.425992779783
0.669047619048 0.5 0.619047619048 0.475504322767 0.469314079422
0.684920634921 0.0 0.666666666667 0.455331412104 0.324909747292
0.639682539683 0.0 0.52380952381 0.335734870317 0.142599277978
0.638888888889 0.5 0.571428571429 0.28530259366 0.283393501805
0.61746031746 0.5 0.619047619048 0.391930835735 0.415162454874
0.857936507937 1.0 0.952380952381 0.701729106628 0.62274368231
0.780158730159 0.5 0.714285714286 0.368876080692 0.351985559567
0.6 0.5 0.52380952381 0.332853025937 0.191335740072
0.696031746032 0.5 0.571428571429 0.378962536023 0.315884476534
0.611111111111 0.0 0.571428571429 0.319884726225 0.274368231047
0.911111111111 1.0 0.857142857143 0.646974063401 0.649819494585
0.565873015873 0.0 0.52380952381 0.448126801153 0.514440433213
0.687301587302 0.5 0.571428571429 0.193083573487 0.182310469314
0.796031746032 0.5 0.761904761905 0.448126801153 0.514440433213
0.563492063492 0.25 0.52380952381 0.175792507205 0.102888086643
0.478571428571 0.0 0.428571428571 0.206051873199 0.151624548736
0.6 0.0 0.52380952381 0.43083573487 0.350180505415
0.756349206349 0.75 0.714285714286 0.579250720461 0.519855595668
0.507936507937 0.25 0.47619047619 0.239193083573 0.23285198556
0.614285714286 0.75 0.571428571429 0.396253602305 0.41155234657
0.644444444444 0.0 0.571428571429 0.367435158501 0.182310469314
0.594444444444 0.75 0.52380952381 0.256484149856 0.146209386282
0.534126984127 0.25 0.571428571429 0.353025936599 0.335740072202
0.512698412698 0.5 0.428571428571 0.221902017291 0.153429602888
0.531746031746 0.0 0.52380952381 0.419308357349 0.400722021661
