0.875872769589 0.0 0.954545454545 1.0 1.0
0.625290923196 0.0 0.590909090909 0.536098310292 0.576487252125
0.589604344453 0.0 0.545454545455 0.506912442396 0.552407932011
0.604344453064 0.0 0.590909090909 0.539170506912 0.555240793201
0.721489526765 0.0 0.636363636364 0.47619047619 0.560906515581
0.989138867339 0.0 1.0 0.906298003072 0.926345609065
0.594259115593 0.0 0.545454545455 0.536098310292 0.576487252125
0.705973622964 0.0 0.772727272727 0.749615975422 0.699716713881
0.685027152832 0.0 0.636363636364 0.508448540707 0.553824362606
0.653219550039 0.0 0.636363636364 0.539170506912 0.555240793201
0.801396431342 0.0 0.772727272727 0.611367127496 0.64730878187
0.697439875873 0.0 0.681818181818 0.516129032258 0.531161473088
0.656322730799 0.0 0.636363636364 0.456221198157 0.464589235127
0.617532971296 0.0 0.590909090909 0.439324116743 0.450424929178
0.581846392552 0.0 0.590909090909 0.529953917051 0.507082152975
0.692785104732 0.0 0.681818181818 0.52688172043 0.528328611898
0.526764934057 0.0 0.5 0.425499231951 0.42776203966
0.526764934057 0.0 0.5 0.425499231951 0.42776203966
0.568657874321 0.0 0.545454545455 0.425499231951 0.42776203966
0.637703646237 0.0 0.590909090909 0.42242703533 0.449008498584
0.768813033359 0.0 0.727272727273 0.506912442396 0.538243626062
1.0 0.0 0.954545454545 0.576036866359 0.627478753541
0.754072924748 0.0 0.727272727273 0.539170506912 0.555240793201
0.640031031808 0.0 0.636363636364 0.568356374808 0.555240793201
0.687354538402 0.0 0.681818181818 0.539170506912 0.531161473088
0.573312645462 0.0 0.545454545455 0.425499231951 0.42776203966
0.743987587277 0.0 0.727272727273 0.62980030722 0.634560906516
0.616757176106 0.0 0.590909090909 0.425499231951 0.42776203966
0.646237393328 0.0 0.636363636364 0.466973886329 0.457507082153
0.650892164469 0.0 0.636363636364 0.529953917051 0.522662889518
0.629945694337 0.0 0.590909090909 0.439324116743 0.450424929178
0.495733126455 0.0 0.454545454545 0.425499231951 0.42776203966
0.537626066718 0.0 0.5 0.425499231951 0.42776203966
0.537626066718 0.0 0.5 0.425499231951 0.42776203966
0.743211792087 0.0 0.772727272727 0.703533026114 0.664305949008
0.695112490303 0.0 0.681818181818 0.529953917051 0.522662889518
0.783553141971 0.0 0.863636363636 0.698924731183 0.617563739377
0.55081458495 0.0 0.5 0.439324116743 0.450424929178
0.712179984484 0.0 0.681818181818 0.566820276498 0.57223796034
0.868890612878 0.0 0.818181818182 0.596006144393 0.630311614731
0.542280837859 0.0 0.5 0.425499231951 0.42776203966
0.653219550039 0.0 0.590909090909 0.42242703533 0.449008498584
0.576415826222 0.0 0.545454545455 0.529953917051 0.522662889518
0.738557020946 0.0 0.727272727273 0.568356374808 0.555240793201
0.764158262219 0.0 0.727272727273 0.596006144393 0.606232294618
0.619860356866 0.0 0.590909090909 0.529953917051 0.522662889518
0.822342901474 0.0 0.772727272727 0.566820276498 0.592067988669
0.672614429791 0.0 0.636363636364 0.425499231951 0.42776203966
0.66718386346 0.0 0.681818181818 0.549923195084 0.508498583569
0.506594259116 0.0 0.454545454545 0.425499231951 0.42776203966
0.602792862684 0.0 0.590909090909 0.499231950845 0.474504249292
0.591155934833 0.0 0.545454545455 0.425499231951 0.42776203966
0.674166020171 0.0 0.590909090909 0.411674347158 0.451841359773
0.785104732351 0.0 0.681818181818 0.408602150538 0.473087818697
0.785880527541 0.0 0.727272727273 0.42242703533 0.449008498584
0.519782777347 0.0 0.454545454545 0.439324116743 0.450424929178
0.737005430566 0.0 0.772727272727 0.603686635945 0.545325779037
0.823118696664 0.0 0.772727272727 0.482334869432 0.50283286119
0.878200155159 0.0 0.818181818182 0.749615975422 0.781869688385
0.850271528317 0.0 0.863636363636 0.725038402458 0.692634560907
0.637703646237 0.0 0.590909090909 0.425499231951 0.42776203966
0.88595810706 0.0 0.863636363636 0.698924731183 0.698300283286
0.760279286268 0.0 0.727272727273 0.640552995392 0.6388101983
0.723041117145 0.0 0.636363636364 0.411674347158 0.451841359773
0.745539177657 0.0 0.681818181818 0.436251920123 0.457507082153
0.609775019395 0.0 0.545454545455 0.439324116743 0.450424929178
0.729247478666 0.0 0.727272727273 0.609831029186 0.576487252125
0.864235841738 0.0 0.818181818182 0.626728110599 0.640226628895
0.686578743212 0.0 0.636363636364 0.425499231951 0.42776203966
0.823118696664 0.0 0.772727272727 0.603686635945 0.616147308782
0.581070597362 0.0 0.545454545455 0.47158218126 0.453257790368
0.673390224981 0.0 0.636363636364 0.485407066052 0.474504249292
0.640806826998 0.0 0.590909090909 0.454685099846 0.451841359773
0.740884406517 0.0 0.681818181818 0.440860215054 0.451841359773
0.636152055857 0.0 0.636363636364 0.490015360983 0.441926345609
0.577967416602 0.0 0.590909090909 0.490015360983 0.426345609065
0.702094647013 0.0 0.727272727273 0.566820276498 0.5
0.603568657874 0.0 0.545454545455 0.485407066052 0.481586402266
0.77734678045 0.0 0.818181818182 0.671274961598 0.596317280453
0.714507370054 0.0 0.636363636364 0.482334869432 0.50283286119
0.650116369279 0.0 0.681818181818 0.465437788018 0.388101983003
0.761830876649 0.0 0.727272727273 0.589861751152 0.576487252125
0.646237393328 0.0 0.590909090909 0.496159754224 0.491501416431
0.699767261443 0.0 0.681818181818 0.459293394777 0.426345609065
0.511249030256 0.0 0.454545454545 0.341013824885 0.324362606232
0.680372381691 0.0 0.681818181818 0.559139784946 0.504249291785
0.733902249806 0.0 0.727272727273 0.635944700461 0.584985835694
0.679596586501 0.0 0.636363636364 0.565284178187 0.541076487252
0.987587276959 0.0 0.954545454545 0.809523809524 0.798866855524
0.771916214119 0.0 0.772727272727 0.626728110599 0.570821529745
0.718386346005 0.0 0.727272727273 0.576036866359 0.508498583569
0.77967416602 0.0 0.727272727273 0.543778801843 0.531161473088
0.726920093095 0.0 0.681818181818 0.565284178187 0.541076487252
0.690457719162 0.0 0.681818181818 0.57757296467 0.518413597734
0.881303335919 0.0 0.818181818182 0.533026113671 0.532577903683
0.924747866563 0.0 0.909090909091 0.784946236559 0.746458923513
0.699767261443 0.0 0.681818181818 0.597542242704 0.543909348442
0.759503491078 0.0 0.727272727273 0.68356374808 0.645892351275
0.78044996121 0.0 0.818181818182 0.844854070661 0.745042492918
0.795190069822 0.0 0.772727272727 0.620583717358 0.570821529745
