0.208426966292 0.0 0.133333333333 0.105656350053 0.0144230769231
0.86404494382 0.5 0.866666666667 0.899679829242 1.0
0.572471910112 1.0 0.6 0.443970117396 0.376201923077
1.0 0.0 1.0 1.0 0.987980769231
0.891011235955 0.75 0.866666666667 0.779082177161 0.780048076923
0.492696629213 0.75 0.533333333333 0.580576307364 0.597355769231
0.251123595506 0.25 0.2 0.130202774813 0.0685096153846
0.356179775281 0.5 0.333333333333 0.418356456777 0.347355769231
0.846629213483 0.25 0.8 0.759871931697 0.747596153846
0.855617977528 0.75 0.9 0.86552828175 0.941105769231
0.916853932584 0.0 0.9 0.745997865528 0.707932692308
0.864606741573 0.0 0.933333333333 0.80469583778 0.800480769231
0.811797752809 0.0 0.933333333333 0.823906083244 0.921875
0.505617977528 0.0 0.6 0.669156883671 0.645432692308
0.834269662921 0.0 0.9 0.816435432231 0.849759615385
0.779213483146 0.0 0.8 0.834578441836 0.879807692308
0.751685393258 0.5 0.733333333333 0.623265741729 0.837740384615
0.759550561798 0.5 0.766666666667 0.638207043757 0.740384615385
0.742134831461 0.0 0.833333333333 0.680896478122 0.611778846154
0.588764044944 0.0 0.666666666667 0.614727854856 0.542067307692
0.258988764045 0.0 0.233333333333 0.178228388474 0.0817307692308
0.550561797753 0.0 0.633333333333 0.566702241195 0.526442307692
0.612359550562 0.0 0.7 0.710779082177 0.689903846154
0.708426966292 0.0 0.8 0.781216648879 0.668269230769
0.671348314607 0.0 0.733333333333 0.64674493063 0.506009615385
0.776404494382 0.25 0.866666666667 0.889007470651 0.901442307692
0.47191011236 0.0 0.533333333333 0.382070437567 0.431490384615
0.236516853933 0.0 0.2 0.211312700107 0.188701923077
0.371348314607 0.25 0.3 0.119530416222 0.0829326923077
0.219662921348 0.0 0.166666666667 0.164354322305 0.102163461538
0.692696629213 0.0 0.766666666667 0.68303094984 0.701923076923
0.670786516854 0.0 0.766666666667 0.604055496265 0.502403846154
0.538202247191 0.5 0.5 0.307363927428 0.344951923077
0.78595505618 0.5 0.833333333333 0.799359658485 0.775240384615
0.516853932584 0.5 0.433333333333 0.330843116329 0.336538461538
0.368539325843 0.0 0.4 0.325506937033 0.284855769231
0.485393258427 0.0 0.566666666667 0.647812166489 0.592548076923
0.628651685393 0.25 0.566666666667 0.261472785486 0.201923076923
0.493258426966 0.25 0.466666666667 0.419423692636 0.493990384615
0.639887640449 0.75 0.7 0.813233724653 0.798076923077
0.422471910112 0.0 0.466666666667 0.340448239061 0.349759615385
0.38595505618 0.0 0.433333333333 0.441835645678 0.451923076923
0.701685393258 0.5 0.633333333333 0.505869797225 0.632211538462
0.346629213483 0.0 0.366666666667 0.283884738527 0.256009615385
0.700561797753 0.0 0.666666666667 0.474919957311 0.390625
0.428651685393 0.0 0.366666666667 0.147278548559 0.0432692307692
0.287078651685 0.0 0.3 0.283884738527 0.256009615385
0.376404494382 0.5 0.366666666667 0.350053361793 0.365384615385
0.307865168539 0.25 0.266666666667 0.236926360726 0.183894230769
0.452808988764 0.0 0.5 0.430096051227 0.367788461538
0.731460674157 0.5 0.8 0.785485592316 0.774038461538
0.275842696629 0.0 0.266666666667 0.225186766275 0.168269230769
0.716853932584 0.25 0.733333333333 0.706510138741 0.746394230769
0.787640449438 0.0 0.866666666667 0.742796157951 0.704326923077
0.857303370787 0.75 0.8 0.738527214514 0.748798076923
0.530337078652 0.25 0.5 0.544290288154 0.580528846154
0.805617977528 0.25 0.833333333333 0.724653148346 0.683894230769
0.642696629213 0.5 0.666666666667 0.615795090715 0.741586538462
0.727528089888 0.0 0.766666666667 0.807897545358 0.859375
0.410112359551 0.5 0.4 0.506937033084 0.474759615385
0.743820224719 0.25 0.766666666667 0.598719316969 0.659855769231
0.534269662921 0.0 0.5 0.362860192102 0.417067307692
0.436516853933 0.0 0.366666666667 0.32977588047 0.295673076923
0.767415730337 0.0 0.766666666667 0.721451440768 0.725961538462
0.811235955056 0.0 0.833333333333 0.765208110993 0.748798076923
0.451123595506 0.0 0.4 0.297758804696 0.330528846154
0.525280898876 0.0 0.466666666667 0.105656350053 0.0144230769231
0.792134831461 0.25 0.9 0.897545357524 0.719951923077
0.208426966292 0.0 0.133333333333 0.105656350053 0.0144230769231
0.320224719101 0.0 0.266666666667 0.147278548559 0.0600961538462
0.838202247191 0.5 0.8 0.784418356457 0.810096153846
0.563483146067 0.5 0.6 0.559231590181 0.602163461538
0.523033707865 0.25 0.5 0.449306296692 0.457932692308
0.452808988764 0.25 0.4 0.171824973319 0.114182692308
0.288764044944 0.25 0.233333333333 0.130202774813 0.0685096153846
0.230898876404 0.0 0.166666666667 0.105656350053 0.0144230769231
0.585393258427 0.25 0.633333333333 0.532550693703 0.509615384615
0.389325842697 0.25 0.4 0.392742796158 0.352163461538
0.309550561798 0.0 0.333333333333 0.283884738527 0.256009615385
0.65393258427 0.0 0.633333333333 0.538954108858 0.551682692308
0.630337078652 0.25 0.666666666667 0.520811099253 0.521634615385
0.383146067416 0.0 0.333333333333 0.273212379936 0.254807692308
0.483146067416 0.0 0.5 0.367129135539 0.402644230769
0.3 0.25 0.266666666667 0.188900747065 0.15625
0.402247191011 0.0 0.366666666667 0.194236926361 0.129807692308
0.479213483146 0.0 0.4 0.194236926361 0.146634615385
0.33202247191 0.0 0.333333333333 0.290288153682 0.276442307692
0.423033707865 0.25 0.366666666667 0.245464247599 0.224759615385
0.83595505618 0.25 0.866666666667 0.801494130203 0.832932692308
0.697191011236 0.5 0.733333333333 0.733191035219 0.796875
0.648314606742 0.25 0.666666666667 0.406616862327 0.449519230769
0.621348314607 0.25 0.6 0.40234791889 0.375
0.665168539326 0.25 0.633333333333 0.508004268943 0.628605769231
0.501123595506 0.0 0.466666666667 0.320170757737 0.288461538462
0.401685393258 0.0 0.333333333333 0.188900747065 0.0889423076923
0.649438202247 0.5 0.7 0.574172892209 0.567307692308
0.510674157303 0.25 0.5 0.505869797225 0.473557692308
0.602808988764 0.0 0.6 0.486659551761 0.382211538462
0.515730337079 0.25 0.566666666667 0.381003201708 0.384615384615
0.596629213483 0.0 0.5 0.229455709712 0.162259615385
