0.60358056266 0.25 0.607142857143 0.441304347826 0.50119047619
0.531329923274 0.25 0.464285714286 0.227173913043 0.260714285714
0.524296675192 0.0 0.5 0.489130434783 0.294047619048
0.409207161125 0.25 0.321428571429 0.107608695652 0.0142857142857
0.269181585678 0.0 0.214285714286 0.215217391304 0.186904761905
0.269181585678 0.0 0.214285714286 0.215217391304 0.186904761905
0.562659846547 0.5 0.535714285714 0.332608695652 0.421428571429
0.475703324808 0.25 0.428571428571 0.286956521739 0.347619047619
0.550511508951 0.0 0.535714285714 0.536956521739 0.379761904762
0.576086956522 0.0 0.571428571429 0.596739130435 0.466666666667
0.693094629156 0.25 0.642857142857 0.419565217391 0.520238095238
0.501278772379 0.25 0.428571428571 0.227173913043 0.260714285714
0.60358056266 0.0 0.571428571429 0.586956521739 0.486904761905
0.475703324808 0.0 0.464285714286 0.548913043478 0.380952380952
0.365089514066 0.0 0.25 0.145652173913 0.120238095238
0.428388746803 0.5 0.321428571429 0.191304347826 0.0988095238095
0.56010230179 0.25 0.571428571429 0.517391304348 0.546428571429
0.575447570332 0.0 0.607142857143 0.654347826087 0.541666666667
1.0 0.25 0.964285714286 0.942391304348 0.840476190476
0.654092071611 0.0 0.642857142857 0.711956521739 0.50119047619
0.659207161125 0.5 0.607142857143 0.46847826087 0.640476190476
0.596547314578 0.0 0.571428571429 0.665217391304 0.520238095238
0.307544757033 0.0 0.25 0.215217391304 0.186904761905
0.409846547315 0.0 0.392857142857 0.309782608696 0.253571428571
0.652813299233 0.25 0.714285714286 0.834782608696 0.720238095238
0.544117647059 0.25 0.535714285714 0.632608695652 0.480952380952
0.501278772379 0.5 0.428571428571 0.286956521739 0.347619047619
0.619565217391 0.25 0.571428571429 0.43152173913 0.303571428571
0.358695652174 0.0 0.357142857143 0.369565217391 0.340476190476
0.43989769821 0.25 0.464285714286 0.513043478261 0.527380952381
0.695012787724 0.5 0.642857142857 0.430434782609 0.614285714286
0.582480818414 0.75 0.535714285714 0.430434782609 0.534523809524
0.756393861893 0.0 0.678571428571 0.595652173913 0.453571428571
0.737212276215 0.0 0.678571428571 0.64347826087 0.539285714286
0.653452685422 0.25 0.678571428571 0.651086956522 0.582142857143
0.452046035806 0.25 0.392857142857 0.40652173913 0.314285714286
0.623401534527 0.75 0.642857142857 0.63152173913 0.638095238095
0.539002557545 0.5 0.5 0.511956521739 0.475
0.494884910486 0.0 0.5 0.596739130435 0.466666666667
0.43989769821 0.25 0.464285714286 0.513043478261 0.527380952381
0.911764705882 0.75 0.928571428571 0.770652173913 1.0
0.709718670077 0.5 0.714285714286 0.627173913043 0.733333333333
0.739769820972 0.25 0.857142857143 1.0 0.967857142857
0.665601023018 0.25 0.75 0.894565217391 0.807142857143
0.739130434783 0.75 0.678571428571 0.430434782609 0.614285714286
0.73273657289 1.0 0.678571428571 0.51847826087 0.653571428571
0.609974424552 0.0 0.571428571429 0.575 0.485714285714
0.363171355499 0.0 0.285714285714 0.155434782609 0.1
0.539641943734 0.5 0.607142857143 0.61847826087 0.688095238095
0.638746803069 0.25 0.535714285714 0.352173913043 0.279761904762
0.546035805627 0.0 0.571428571429 0.490217391304 0.407142857143
0.45652173913 0.5 0.428571428571 0.35652173913 0.361904761905
0.397058823529 0.0 0.321428571429 0.225 0.194047619048
0.576086956522 0.25 0.5 0.377173913043 0.25
0.25 0.0 0.178571428571 0.167391304348 0.10119047619
0.365089514066 0.0 0.25 0.145652173913 0.120238095238
0.718670076726 0.25 0.678571428571 0.595652173913 0.415476190476
0.966112531969 0.5 1.0 0.991304347826 0.94880952381
0.736572890026 1.0 0.642857142857 0.327173913043 0.380952380952
0.573529411765 0.25 0.464285714286 0.19347826087 0.205952380952
0.590792838875 0.0 0.535714285714 0.527173913043 0.4
0.5773657289 0.0 0.535714285714 0.617391304348 0.434523809524
0.742327365729 0.75 0.678571428571 0.43152173913 0.521428571429
0.699488491049 0.75 0.642857142857 0.43152173913 0.521428571429
0.489769820972 0.25 0.357142857143 0.176086956522 0.0678571428571
0.748721227621 0.5 0.75 0.622826086957 0.794047619048
0.854859335038 0.25 0.928571428571 0.978260869565 0.986904761905
0.60358056266 0.0 0.571428571429 0.586956521739 0.486904761905
0.62084398977 0.25 0.642857142857 0.692391304348 0.567857142857
0.677749360614 0.25 0.678571428571 0.722826086957 0.611904761905
0.805626598465 0.0 0.857142857143 0.846739130435 0.80119047619
0.888746803069 0.25 0.892857142857 0.867391304348 0.785714285714
0.503196930946 0.5 0.464285714286 0.310869565217 0.288095238095
0.429028132992 0.5 0.357142857143 0.251086956522 0.20119047619
0.494884910486 0.0 0.5 0.596739130435 0.466666666667
0.546035805627 0.0 0.535714285714 0.536956521739 0.379761904762
0.648337595908 0.5 0.607142857143 0.43152173913 0.521428571429
0.684782608696 0.25 0.678571428571 0.730434782609 0.67380952381
0.576086956522 0.25 0.607142857143 0.740217391304 0.653571428571
0.576086956522 0.25 0.607142857143 0.740217391304 0.653571428571
