0.796254681648 0.111111111111 0.774193548387 0.786004056795 0.732782369146
0.740823970037 0.833333333333 0.709677419355 0.69878296146 0.584940312213
0.749063670412 0.111111111111 0.806451612903 0.68154158215 0.831955922865
0.843445692884 0.0 0.774193548387 0.731237322515 0.770431588613
0.706367041199 0.166666666667 0.709677419355 0.700811359026 0.650137741047
0.78202247191 0.277777777778 0.774193548387 0.705882352941 0.698806244261
0.820224719101 0.666666666667 0.741935483871 0.588235294118 0.711662075298
0.85393258427 0.0555555555556 0.806451612903 0.778904665314 0.772268135904
0.735580524345 0.166666666667 0.741935483871 0.643002028398 0.707988980716
0.83595505618 0.777777777778 0.806451612903 0.737322515213 0.79797979798
0.766292134831 0.777777777778 0.741935483871 0.657200811359 0.629017447199
0.85393258427 0.0555555555556 0.806451612903 0.778904665314 0.772268135904
0.72734082397 0.277777777778 0.741935483871 0.693711967546 0.487603305785
0.72734082397 0.277777777778 0.741935483871 0.693711967546 0.487603305785
0.793258426966 0.722222222222 0.838709677419 0.734279918864 0.699724517906
0.843445692884 0.333333333333 0.838709677419 0.760649087221 0.681359044995
0.774531835206 0.222222222222 0.677419354839 0.480730223124 0.588613406795
0.899625468165 0.333333333333 0.870967741935 0.778904665314 0.772268135904
1.0 0.722222222222 1.0 1.0 0.979797979798
0.803745318352 0.777777777778 0.774193548387 0.553752535497 0.742883379247
0.812734082397 0.666666666667 0.870967741935 0.752535496957 0.871441689624
0.721348314607 0.277777777778 0.741935483871 0.700811359026 0.650137741047
0.856179775281 0.222222222222 0.838709677419 0.712981744422 0.778696051423
0.770037453184 0.111111111111 0.838709677419 0.837728194726 0.815426997245
0.680898876404 0.222222222222 0.709677419355 0.575050709939 0.58769513315
0.668913857678 0.0 0.741935483871 0.649087221095 0.662993572084
0.777528089888 0.111111111111 0.741935483871 0.660243407708 0.691460055096
0.808239700375 0.277777777778 0.774193548387 0.660243407708 0.691460055096
0.704119850187 0.611111111111 0.645161290323 0.504056795132 0.582185491276
0.810486891386 0.666666666667 0.870967741935 0.727180527383 0.786042240588
0.697378277154 0.333333333333 0.677419354839 0.46247464503 0.565656565657
0.676404494382 0.333333333333 0.612903225806 0.437119675456 0.508723599633
0.60074906367 0.111111111111 0.58064516129 0.411764705882 0.489439853076
0.777528089888 0.111111111111 0.741935483871 0.660243407708 0.691460055096
0.571535580524 0.166666666667 0.516129032258 0.410750507099 0.40404040404
0.932584269663 0.777777777778 0.903225806452 0.915821501014 1.0
0.861423220974 0.0555555555556 0.870967741935 0.871196754564 0.997245179063
0.884644194757 0.222222222222 0.838709677419 0.778904665314 0.772268135904
0.629962546816 0.0555555555556 0.612903225806 0.561866125761 0.583103764922
0.718352059925 0.277777777778 0.741935483871 0.614604462475 0.675849403122
0.697378277154 0.277777777778 0.677419354839 0.589249492901 0.618916437098
0.685393258427 0.277777777778 0.741935483871 0.661257606491 0.715335169881
0.737827715356 0.166666666667 0.741935483871 0.594320486815 0.689623507805
0.882397003745 0.888888888889 0.903225806452 0.7738336714 0.786960514233
0.808988764045 0.333333333333 0.806451612903 0.69878296146 0.686868686869
0.815730337079 0.222222222222 0.870967741935 0.777890466531 0.803489439853
0.81872659176 0.277777777778 0.806451612903 0.733265720081 0.734618916437
0.788014981273 0.0555555555556 0.774193548387 0.733265720081 0.734618916437
0.562546816479 0.333333333333 0.612903225806 0.520283975659 0.507805325987
0.937078651685 0.666666666667 0.903225806452 0.869168356998 0.957759412305
0.81797752809 0.111111111111 0.806451612903 0.767748478702 0.782369146006
0.821722846442 0.0 0.838709677419 0.841784989858 0.85766758494
0.895131086142 0.777777777778 0.935483870968 0.623732251521 0.888888888889
0.627715355805 0.277777777778 0.516129032258 0.409736308316 0.408631772268
0.602247191011 0.388888888889 0.548387096774 0.410750507099 0.40404040404
0.620973782772 0.388888888889 0.612903225806 0.484787018256 0.479338842975
0.78202247191 0.277777777778 0.774193548387 0.705882352941 0.698806244261
0.923595505618 0.944444444444 0.967741935484 0.8630831643 0.951331496786
0.753558052434 0.388888888889 0.709677419355 0.490872210953 0.621671258035
0.753558052434 0.388888888889 0.709677419355 0.490872210953 0.621671258035
0.752059925094 0.0 0.741935483871 0.610547667343 0.702479338843
0.752059925094 0.0 0.741935483871 0.610547667343 0.702479338843
0.65468164794 0.166666666667 0.677419354839 0.492900608519 0.516988062443
0.725842696629 0.333333333333 0.677419354839 0.775862068966 0.558310376492
0.925842696629 0.166666666667 0.903225806452 0.916835699797 0.901744719927
0.907116104869 0.166666666667 0.838709677419 0.842799188641 0.826446280992
0.974531835206 0.333333333333 0.903225806452 0.870182555781 0.862258953168
0.993258426966 0.333333333333 0.967741935484 0.944219066937 0.937557392103
0.688389513109 0.277777777778 0.645161290323 0.496957403651 0.404958677686
0.740823970037 0.111111111111 0.709677419355 0.632860040568 0.65564738292
0.883146067416 1.0 0.806451612903 0.600405679513 0.808080808081
0.694382022472 0.166666666667 0.709677419355 0.612576064909 0.629935720845
0.721348314607 0.277777777778 0.741935483871 0.700811359026 0.650137741047
0.507865168539 0.277777777778 0.548387096774 0.410750507099 0.329660238751
0.65468164794 0.166666666667 0.677419354839 0.492900608519 0.516988062443
0.63595505618 0.166666666667 0.612903225806 0.418864097363 0.441689623508
0.549812734082 0.111111111111 0.516129032258 0.324543610548 0.274563820018
0.8 0.277777777778 0.741935483871 0.659229208925 0.659320477502
0.78127340824 0.166666666667 0.774193548387 0.750507099391 0.730945821855
0.837453183521 0.333333333333 0.806451612903 0.735294117647 0.624426078972
0.705617977528 0.222222222222 0.806451612903 0.674442190669 0.719926538108
0.705617977528 0.222222222222 0.806451612903 0.674442190669 0.719926538108
0.839700374532 0.111111111111 0.806451612903 0.696754563895 0.807162534435
0.571535580524 0.166666666667 0.516129032258 0.410750507099 0.40404040404
0.627715355805 0.277777777778 0.516129032258 0.409736308316 0.408631772268
0.627715355805 0.277777777778 0.516129032258 0.409736308316 0.408631772268
0.792509363296 0.0 0.838709677419 0.811359026369 0.85766758494
0.934082397004 0.0 0.870967741935 0.700811359026 0.872359963269
0.716853932584 0.111111111111 0.645161290323 0.57200811359 0.518824609734
0.811235955056 0.111111111111 0.806451612903 0.601419878296 0.739210284665
0.775280898876 0.222222222222 0.806451612903 0.676470588235 0.692378328742
0.815730337079 0.222222222222 0.870967741935 0.777890466531 0.803489439853
0.76404494382 0.222222222222 0.741935483871 0.783975659229 0.7318640955
0.785018726592 0.222222222222 0.806451612903 0.809330628803 0.788797061524
0.746816479401 0.555555555556 0.741935483871 0.487829614604 0.629935720845
0.8 0.277777777778 0.741935483871 0.659229208925 0.659320477502
0.549812734082 0.111111111111 0.516129032258 0.324543610548 0.274563820018
0.841947565543 0.0555555555556 0.870967741935 0.850912778905 0.868686868687
0.549812734082 0.111111111111 0.516129032258 0.324543610548 0.274563820018
0.623970037453 0.0 0.645161290323 0.556795131846 0.544536271809
