0.74793956044 0.0 0.828571428571 0.850107066381 0.925020374898
0.785714285714 0.0 0.771428571429 0.769807280514 0.856560717196
0.674450549451 0.0 0.685714285714 0.586723768737 0.632436837816
0.700549450549 0.0 0.628571428571 0.53426124197 0.660961695192
0.632554945055 0.0 0.685714285714 0.646680942184 0.648736756316
0.615384615385 1.0 0.628571428571 0.537473233405 0.655256723716
0.651098901099 0.0 0.685714285714 0.707708779443 0.716381418093
0.780906593407 0.0 0.8 0.872591006424 0.889975550122
0.575549450549 1.0 0.6 0.485010706638 0.588427057865
0.587912087912 0.0 0.542857142857 0.405781584582 0.494702526487
0.669642857143 0.0 0.685714285714 0.642398286938 0.657701711491
0.64010989011 0.0 0.657142857143 0.551391862955 0.566422167889
0.644230769231 0.0 0.714285714286 0.767665952891 0.722901385493
0.696428571429 1.0 0.657142857143 0.561027837259 0.709046454768
0.778159340659 0.0 0.8 0.8426124197 0.832925835371
0.710164835165 0.0 0.714285714286 0.736616702355 0.747351263244
0.60782967033 0.0 0.628571428571 0.556745182013 0.553382233089
0.563186813187 0.0 0.571428571429 0.5 0.508557457213
0.660027472527 1.0 0.657142857143 0.557815845824 0.657701711491
0.872252747253 1.0 0.828571428571 0.644539614561 0.777506112469
0.742445054945 1.0 0.742857142857 0.684154175589 0.775061124694
0.627747252747 0.0 0.657142857143 0.624197002141 0.60554197229
0.723214285714 0.0 0.685714285714 0.641327623126 0.685411572942
0.710851648352 0.0 0.771428571429 0.832976445396 0.774246128769
0.699175824176 0.0 0.657142857143 0.598501070664 0.643846780766
0.792582417582 1.0 0.857142857143 0.964668094218 0.9804400978
0.755494505495 0.0 0.771428571429 0.873661670236 0.856560717196
0.597527472527 0.0 0.628571428571 0.604925053533 0.578647106764
0.688186813187 0.0 0.657142857143 0.600642398287 0.629991850041
0.596153846154 1.0 0.6 0.501070663812 0.581907090465
0.695741758242 0.0 0.685714285714 0.715203426124 0.721271393643
0.649725274725 0.0 0.657142857143 0.647751605996 0.638141809291
0.605769230769 0.0 0.542857142857 0.444325481799 0.507742461288
0.698489010989 0.0 0.742857142857 0.799785867238 0.749796251019
0.787774725275 1.0 0.771428571429 0.783725910064 0.875305623472
0.703296703297 0.0 0.714285714286 0.683083511777 0.666666666667
0.651785714286 0.0 0.685714285714 0.738758029979 0.700081499593
0.637362637363 0.0 0.628571428571 0.584582441113 0.588427057865
0.884615384615 0.0 0.857142857143 0.918629550321 0.930725346373
0.589285714286 0.0 0.628571428571 0.629550321199 0.585167074165
0.769230769231 0.0 0.857142857143 1.0 0.898125509372
0.57967032967 1.0 0.571428571429 0.497858672377 0.58435207824
0.780906593407 1.0 0.742857142857 0.699143468951 0.807660961695
0.748626373626 0.0 0.685714285714 0.708779443255 0.757946210269
0.663461538462 1.0 0.714285714286 0.703426124197 0.723716381418
0.629120879121 0.0 0.657142857143 0.627408993576 0.58761206194
0.782967032967 0.0 0.714285714286 0.684154175589 0.735941320293
0.671016483516 1.0 0.628571428571 0.468950749465 0.58272208639
0.760989010989 1.0 0.771428571429 0.756959314775 0.812550937245
0.722527472527 0.0 0.714285714286 0.741970021413 0.732681336593
0.771291208791 0.0 0.742857142857 0.783725910064 0.79054604727
0.638049450549 0.0 0.657142857143 0.677730192719 0.641401792991
0.552884615385 1.0 0.571428571429 0.563169164882 0.61369193154
0.813873626374 0.0 0.771428571429 0.786937901499 0.806030969845
1.0 1.0 1.0 0.946466809422 1.0
0.662774725275 0.0 0.657142857143 0.594218415418 0.580277098615
0.738324175824 0.0 0.714285714286 0.665952890792 0.667481662592
0.743818681319 1.0 0.742857142857 0.699143468951 0.760391198044
0.780906593407 0.0 0.742857142857 0.702355460385 0.715566422168
0.773351648352 0.0 0.771428571429 0.770877944325 0.747351263244
0.557005494505 0.0 0.6 0.626338329764 0.563977180114
0.823489010989 1.0 0.742857142857 0.614561027837 0.752241238794
0.552197802198 0.0 0.514285714286 0.395074946467 0.41564792176
0.609203296703 0.0 0.571428571429 0.541755888651 0.559087204564
0.615384615385 0.0 0.571428571429 0.506423982869 0.529747351263
0.739010989011 0.0 0.714285714286 0.767665952891 0.765281173594
0.763049450549 1.0 0.771428571429 0.84903640257 0.894050529747
0.646291208791 1.0 0.657142857143 0.595289079229 0.643031784841
0.793956043956 1.0 0.8 0.872591006424 0.917685411573
0.660027472527 1.0 0.657142857143 0.598501070664 0.658516707416
0.79532967033 1.0 0.771428571429 0.779443254818 0.854930725346
0.806318681319 1.0 0.742857142857 0.729122055675 0.844335778321
0.639423076923 0.0 0.657142857143 0.689507494647 0.644661776691
0.683379120879 0.0 0.628571428571 0.556745182013 0.581907090465
0.730082417582 0.0 0.657142857143 0.551391862955 0.593317033415
0.566620879121 0.0 0.542857142857 0.492505353319 0.489812550937
0.718406593407 1.0 0.714285714286 0.703426124197 0.757946210269
0.771291208791 0.0 0.771428571429 0.805139186296 0.769356153219
0.679258241758 0.0 0.628571428571 0.572805139186 0.59250203749
0.743818681319 0.0 0.657142857143 0.574946466809 0.628361858191
0.802884615385 0.0 0.828571428571 0.957173447537 0.892420537897
0.64217032967 0.0 0.685714285714 0.752676659529 0.675631621842
0.635302197802 0.0 0.685714285714 0.759100642398 0.673186634067
0.635302197802 1.0 0.657142857143 0.591006423983 0.61858190709
0.722527472527 1.0 0.685714285714 0.622055674518 0.705786471068
0.974587912088 1.0 0.942857142857 0.907922912206 0.977180114099
0.677197802198 0.0 0.685714285714 0.703426124197 0.658516707416
0.595467032967 0.0 0.6 0.541755888651 0.503667481663
0.725274725275 0.0 0.742857142857 0.830835117773 0.773431132844
0.677197802198 0.0 0.714285714286 0.736616702355 0.661776691117
0.742445054945 0.0 0.685714285714 0.683083511777 0.700081499593
0.776785714286 0.0 0.685714285714 0.649892933619 0.700081499593
0.690247252747 0.0 0.657142857143 0.631691648822 0.625916870416
0.527472527473 0.0 0.6 0.564239828694 0.454767726161
0.586538461538 0.0 0.628571428571 0.653104925054 0.570497147514
0.692307692308 0.0 0.714285714286 0.796573875803 0.729421352893
0.679258241758 0.0 0.657142857143 0.688436830835 0.665851670742
0.728708791209 0.0 0.742857142857 0.834047109208 0.770986145069
0.743818681319 0.0 0.742857142857 0.846895074946 0.794621026895
0.770604395604 0.0 0.742857142857 0.84903640257 0.81336593317
