0.323308270677 0.0 0.333333333333 0.258340461933 0.209003215434
0.368421052632 0.0 0.307692307692 0.145423438837 0.0945337620579
0.679005205321 1.0 0.794871794872 0.843455945252 0.697749196141
1.0 0.4 1.0 0.966638152267 0.941479099678
0.418739155581 0.0 0.358974358974 0.129170230967 0.178135048232
0.965876229034 0.6 0.974358974359 1.0 0.958199356913
0.908039329092 0.0 0.948717948718 0.981180496151 1.0
0.312897628687 0.2 0.307692307692 0.181351582549 0.120257234727
0.897050318103 0.8 0.948717948718 0.941830624465 0.787781350482
0.886639676113 0.2 0.948717948718 0.982035928144 0.981993569132
0.473105841527 0.6 0.461538461538 0.254063301967 0.306752411576
0.50954308849 0.8 0.615384615385 0.664670658683 0.443729903537
0.913823019086 0.0 0.846153846154 0.682634730539 0.803215434084
0.371891266628 0.4 0.461538461538 0.410607356715 0.268167202572
0.35049161365 0.0 0.333333333333 0.185628742515 0.145337620579
0.925968768074 0.6 0.923076923077 0.909324208725 0.95691318328
0.331983805668 0.0 0.358974358974 0.209580838323 0.183922829582
0.843262001157 0.2 0.923076923077 0.954662104363 0.868167202572
0.871023713129 0.8 0.923076923077 0.978614200171 0.891961414791
0.844418739156 0.0 0.897435897436 0.916167664671 0.855948553055
0.392134181608 0.2 0.384615384615 0.224123182207 0.222508038585
0.412955465587 0.0 0.487179487179 0.428571428571 0.377491961415
0.557547715442 0.4 0.564102564103 0.573139435415 0.544694533762
0.341237709659 0.0 0.384615384615 0.344739093242 0.24501607717
0.807403123193 0.0 0.871794871795 0.798973481608 0.900321543408
0.777906304222 0.8 0.871794871795 0.924721984602 0.781993569132
0.708502024291 0.0 0.794871794872 0.66124893071 0.72347266881
0.539039907461 0.4 0.512820512821 0.372112917023 0.389067524116
0.526315789474 0.0 0.435897435897 0.250641573995 0.291318327974
0.721804511278 0.0 0.820512820513 0.893926432849 0.798713826367
0.597455176403 0.0 0.717948717949 0.701454234388 0.650160771704
0.513591671486 0.0 0.641025641026 0.603934987169 0.56077170418
0.655292076345 0.8 0.769230769231 0.845166809239 0.709324758842
0.367264314633 0.0 0.435897435897 0.350727117194 0.272025723473
0.698091382302 0.2 0.717948717949 0.534644995723 0.556270096463
0.382880277617 0.0 0.410256410256 0.331907613345 0.24115755627
0.736842105263 0.6 0.820512820513 0.879384088965 0.811575562701
0.520532099479 0.0 0.615384615385 0.545765611634 0.477170418006
0.806246385194 0.6 0.897435897436 0.825491873396 0.830225080386
0.791208791209 0.8 0.846153846154 0.735671514115 0.738906752412
0.798149219202 0.0 0.871794871795 0.838323353293 0.80192926045
0.668016194332 0.6 0.74358974359 0.721984602224 0.772990353698
0.826489300174 0.6 0.923076923077 0.88622754491 0.83729903537
0.443030653557 0.4 0.410256410256 0.323353293413 0.337620578778
0.77038750723 0.0 0.846153846154 0.824636441403 0.792282958199
0.555234239445 0.8 0.666666666667 0.652694610778 0.576205787781
0.503181029497 0.0 0.589743589744 0.543199315654 0.486173633441
0.593984962406 0.2 0.589743589744 0.586826347305 0.546623794212
0.456333140544 0.0 0.564102564103 0.463644140291 0.461736334405
0.547715442452 0.0 0.538461538462 0.342172797263 0.436655948553
0.677848467322 0.0 0.769230769231 0.828058169376 0.686173633441
0.714285714286 0.2 0.769230769231 0.767322497861 0.769774919614
0.551185656449 0.0 0.666666666667 0.619332763045 0.51575562701
0.731636784268 0.0 0.794871794872 0.808383233533 0.75884244373
0.556390977444 0.0 0.692307692308 0.595380667237 0.641800643087
0.452284557548 0.4 0.487179487179 0.418306244654 0.331189710611
0.403123192597 0.0 0.461538461538 0.330196749358 0.302893890675
0.633314054367 0.0 0.74358974359 0.682634730539 0.726688102894
0.644303065356 0.6 0.692307692308 0.564585115483 0.485530546624
0.485829959514 0.0 0.487179487179 0.321642429427 0.39421221865
0.443609022556 0.0 0.538461538462 0.495295124038 0.455948553055
0.789473684211 0.2 0.794871794872 0.740804106074 0.744694533762
0.852515905147 0.0 0.897435897436 0.849443969204 0.967202572347
0.397917871602 0.4 0.410256410256 0.301967493584 0.19807073955
0.62984384037 0.0 0.666666666667 0.474764756202 0.603215434084
0.403123192597 0.2 0.410256410256 0.286569717707 0.19807073955
0.466165413534 0.0 0.487179487179 0.272882805817 0.363344051447
0.695199537305 0.8 0.794871794872 0.852865697177 0.679742765273
0.432041642568 0.0 0.410256410256 0.170230966638 0.206430868167
0.488721804511 0.4 0.487179487179 0.406330196749 0.446945337621
0.611914401388 0.4 0.641025641026 0.471343028229 0.455305466238
0.773857721226 0.8 0.846153846154 0.780153977759 0.811575562701
0.756506651243 0.2 0.820512820513 0.713430282293 0.694533762058
0.403123192597 0.0 0.512820512821 0.46877673225 0.376848874598
0.352805089647 0.0 0.358974358974 0.196749358426 0.167845659164
0.434933487565 0.0 0.435897435897 0.248930710009 0.258520900322
0.674956622325 0.4 0.692307692308 0.569717707442 0.583279742765
0.781376518219 0.2 0.871794871795 0.800684345595 0.88424437299
0.721226142279 0.0 0.769230769231 0.630453378956 0.63922829582
0.35974551764 0.0 0.384615384615 0.239520958084 0.270096463023
0.661654135338 0.0 0.666666666667 0.556030795552 0.606430868167
0.620589936379 0.0 0.589743589744 0.367835757057 0.510610932476
0.647194910353 0.0 0.74358974359 0.674935842601 0.666237942122
0.552920763447 0.0 0.564102564103 0.4499572284 0.520257234727
0.42972816657 0.2 0.487179487179 0.392643284859 0.27845659164
0.764603817235 0.0 0.794871794872 0.688622754491 0.734405144695
0.488721804511 0.0 0.512820512821 0.402053036784 0.429581993569
0.806824754193 0.0 0.871794871795 0.871685201027 0.867524115756
0.865818392134 0.0 0.794871794872 0.699743370402 0.76463022508
0.475419317525 0.0 0.538461538462 0.405474764756 0.412218649518
0.495662232504 0.0 0.461538461538 0.19503849444 0.284887459807
0.6003470214 0.2 0.641025641026 0.510692899914 0.450160771704
0.377674956622 0.2 0.384615384615 0.2249786142 0.167845659164
0.379410063621 0.0 0.435897435897 0.341317365269 0.230225080386
0.651243493349 0.0 0.717948717949 0.642429426861 0.627652733119
0.616541353383 0.0 0.641025641026 0.49871685201 0.614147909968
0.575477154425 0.2 0.641025641026 0.587681779299 0.509324758842
0.508964719491 0.2 0.512820512821 0.377245508982 0.355627009646
0.464430306536 0.0 0.461538461538 0.388366124893 0.349839228296
0.586466165414 0.0 0.564102564103 0.511548331908 0.537620578778
