0.635321100917 0.571428571429 0.677419354839 0.634717784878 0.544
0.635321100917 0.571428571429 0.677419354839 0.634717784878 0.544
0.716360856269 0.571428571429 0.612903225806 0.462193823216 0.5368
0.716360856269 0.571428571429 0.612903225806 0.462193823216 0.5368
0.603975535168 0.571428571429 0.548387096774 0.313099041534 0.3248
0.603975535168 0.571428571429 0.548387096774 0.313099041534 0.3248
0.810397553517 0.285714285714 0.806451612903 0.674121405751 0.6808
0.810397553517 0.285714285714 0.806451612903 0.674121405751 0.6808
0.525993883792 0.428571428571 0.483870967742 0.335463258786 0.3864
0.525993883792 0.428571428571 0.483870967742 0.335463258786 0.3864
0.837920489297 0.571428571429 0.806451612903 0.596379126731 0.6152
0.837920489297 0.571428571429 0.806451612903 0.596379126731 0.6152
0.603975535168 0.571428571429 0.548387096774 0.313099041534 0.3248
0.603975535168 0.571428571429 0.548387096774 0.313099041534 0.3248
0.55122324159 0.428571428571 0.58064516129 0.439829605964 0.5016
0.55122324159 0.428571428571 0.58064516129 0.439829605964 0.5016
0.64755351682 0.285714285714 0.548387096774 0.433439829606 0.5056
0.64755351682 0.285714285714 0.548387096774 0.433439829606 0.5056
0.9625382263 0.428571428571 0.967741935484 0.88178913738 0.9344
0.966360856269 0.428571428571 1.0 0.9595314164 1.0
0.673547400612 0.714285714286 0.58064516129 0.396166134185 0.3776
0.642201834862 0.428571428571 0.548387096774 0.396166134185 0.3776
0.638379204893 0.142857142857 0.709677419355 0.61661341853 0.5256
0.669724770642 0.428571428571 0.741935483871 0.61661341853 0.5256
0.724770642202 0.714285714286 0.806451612903 0.924387646432 0.7152
0.724770642202 0.714285714286 0.806451612903 0.924387646432 0.7152
0.588685015291 0.428571428571 0.612903225806 0.468583599574 0.5328
0.977064220183 1.0 0.967741935484 0.842385516507 0.8576
0.635321100917 0.571428571429 0.677419354839 0.634717784878 0.544
0.672782874618 0.571428571429 0.709677419355 0.663471778488 0.5752
0.585626911315 0.428571428571 0.645161290323 0.684771033014 0.4456
0.560397553517 0.428571428571 0.548387096774 0.580404685836 0.3304
0.752293577982 0.857142857143 0.806451612903 0.846645367412 0.6496
0.756116207951 0.857142857143 0.838709677419 0.924387646432 0.7152
0.623088685015 0.428571428571 0.677419354839 0.713525026624 0.4768
0.623088685015 0.428571428571 0.677419354839 0.713525026624 0.4768
0.585626911315 0.428571428571 0.645161290323 0.684771033014 0.4456
0.560397553517 0.428571428571 0.548387096774 0.580404685836 0.3304
0.672782874618 0.285714285714 0.645161290323 0.537806176784 0.6208
0.704128440367 0.571428571429 0.677419354839 0.537806176784 0.6208
0.582568807339 0.714285714286 0.612903225806 0.439829605964 0.5016
0.557339449541 0.714285714286 0.516129032258 0.335463258786 0.3864
0.525993883792 0.428571428571 0.483870967742 0.335463258786 0.3864
0.525993883792 0.428571428571 0.483870967742 0.335463258786 0.3864
0.525993883792 0.428571428571 0.483870967742 0.335463258786 0.3864
0.525993883792 0.428571428571 0.483870967742 0.335463258786 0.3864
0.710244648318 0.285714285714 0.677419354839 0.566560170394 0.652
0.710244648318 0.285714285714 0.677419354839 0.566560170394 0.652
0.853975535168 0.428571428571 0.935483870968 0.997870074547 0.94
0.853975535168 0.428571428571 0.935483870968 0.997870074547 0.94
0.600917431193 0.142857142857 0.677419354839 0.58785942492 0.4944
0.600917431193 0.142857142857 0.677419354839 0.58785942492 0.4944
0.993883792049 0.571428571429 0.967741935484 0.883919062833 0.916
1.0 0.428571428571 1.0 0.91054313099 0.9656
0.656727828746 0.571428571429 0.741935483871 0.661341853035 0.5936
0.698012232416 0.571428571429 0.806451612903 0.767838125666 0.6904
0.905198776758 0.428571428571 0.967741935484 1.0 0.8584
0.905198776758 0.428571428571 0.967741935484 1.0 0.8584
0.55122324159 0.428571428571 0.58064516129 0.439829605964 0.5016
0.547400611621 0.428571428571 0.548387096774 0.362087326944 0.436
0.694189602446 0.571428571429 0.774193548387 0.690095846645 0.6248
0.694189602446 0.571428571429 0.774193548387 0.690095846645 0.6248
0.582568807339 0.714285714286 0.612903225806 0.439829605964 0.5016
0.582568807339 0.714285714286 0.612903225806 0.439829605964 0.5016
0.720948012232 0.714285714286 0.774193548387 0.846645367412 0.6496
0.724770642202 0.714285714286 0.806451612903 0.924387646432 0.7152
0.603975535168 0.571428571429 0.548387096774 0.313099041534 0.3248
0.603975535168 0.571428571429 0.548387096774 0.313099041534 0.3248
0.538990825688 0.285714285714 0.516129032258 0.362087326944 0.3592
0.582568807339 0.571428571429 0.483870967742 0.286474973376 0.2752
0.853975535168 0.571428571429 0.774193548387 0.598509052183 0.5968
0.816513761468 0.571428571429 0.741935483871 0.569755058573 0.5656
0.767584097859 0.571428571429 0.806451612903 0.690095846645 0.556
0.73623853211 0.428571428571 0.774193548387 0.690095846645 0.556
0.729357798165 0.857142857143 0.838709677419 0.767838125666 0.6904
0.725535168196 0.857142857143 0.806451612903 0.690095846645 0.6248
0.704128440367 0.857142857143 0.741935483871 0.663471778488 0.5752
0.672782874618 0.571428571429 0.709677419355 0.663471778488 0.5752
0.660550458716 0.571428571429 0.774193548387 0.739084132055 0.6592
0.698012232416 0.571428571429 0.806451612903 0.767838125666 0.6904
