0.657894736842 0.235294117647 0.620689655172 0.561403508772 0.504162812211
0.754135338346 0.352941176471 0.862068965517 0.680921052632 0.687326549491
0.886466165414 0.235294117647 0.793103448276 0.701754385965 0.748381128585
0.972932330827 0.882352941176 0.931034482759 0.838815789474 0.804810360777
0.639097744361 0.470588235294 0.689655172414 0.605263157895 0.594819611471
0.639097744361 0.470588235294 0.689655172414 0.605263157895 0.594819611471
0.855639097744 0.294117647059 0.827586206897 0.81798245614 0.666975023127
0.889473684211 0.941176470588 0.862068965517 0.839912280702 0.744680851064
0.641353383459 0.117647058824 0.724137931034 0.617324561404 0.59111933395
0.635338345865 0.235294117647 0.689655172414 0.589912280702 0.533765032377
0.848120300752 0.176470588235 0.896551724138 0.833333333333 0.900092506938
0.915789473684 0.352941176471 0.965517241379 0.862938596491 0.936170212766
0.633082706767 0.411764705882 0.655172413793 0.546052631579 0.556891766883
0.623308270677 0.235294117647 0.689655172414 0.573464912281 0.614246068455
0.718796992481 0.647058823529 0.620689655172 0.405701754386 0.530064754857
1.0 0.588235294118 1.0 0.953947368421 0.977798334875
0.718045112782 0.352941176471 0.827586206897 0.583333333333 0.643848288622
0.718045112782 0.352941176471 0.827586206897 0.583333333333 0.643848288622
0.792481203008 0.0588235294118 0.827586206897 0.811403508772 0.760407030527
0.807518796992 0.176470588235 0.862068965517 0.811403508772 0.760407030527
0.826315789474 0.705882352941 0.896551724138 0.801535087719 0.833487511563
0.745864661654 0.411764705882 0.724137931034 0.498903508772 0.533765032377
0.604511278195 0.235294117647 0.724137931034 0.713815789474 0.616096207216
0.57969924812 0.235294117647 0.620689655172 0.606359649123 0.482886216466
0.88045112782 0.294117647059 0.965517241379 0.907894736842 0.919518963922
0.829323308271 0.0 0.931034482759 0.859649122807 0.783533765032
0.689473684211 0.0588235294118 0.724137931034 0.628289473684 0.641073080481
0.72030075188 0.235294117647 0.758620689655 0.628289473684 0.641073080481
0.57969924812 0.235294117647 0.620689655172 0.606359649123 0.482886216466
0.717293233083 0.764705882353 0.758620689655 0.641447368421 0.593894542091
0.878947368421 0.352941176471 0.931034482759 0.833333333333 0.900092506938
0.884962406015 0.176470588235 0.931034482759 0.862938596491 0.936170212766
0.608270676692 0.117647058824 0.586206896552 0.375 0.370952821462
0.571428571429 0.117647058824 0.551724137931 0.345394736842 0.334875115634
0.972932330827 0.882352941176 0.931034482759 0.838815789474 0.804810360777
0.878947368421 0.352941176471 0.931034482759 0.833333333333 0.900092506938
0.716541353383 0.117647058824 0.724137931034 0.713815789474 0.543015726179
0.685714285714 0.470588235294 0.724137931034 0.512061403509 0.573543015726
0.754887218045 0.117647058824 0.793103448276 0.698464912281 0.685476410731
0.861654135338 0.0588235294118 0.862068965517 0.917763157895 0.761332099907
0.760902255639 0.529411764706 0.758620689655 0.75548245614 0.560592044403
0.807518796992 0.411764705882 0.862068965517 0.635964912281 0.703052728955
0.764661654135 0.823529411765 0.793103448276 0.711622807018 0.748381128585
0.99022556391 0.117647058824 1.0 1.0 0.990749306198
0.829323308271 0.0 0.931034482759 0.859649122807 0.783533765032
0.797744360902 0.529411764706 0.793103448276 0.52850877193 0.569842738205
0.742105263158 0.588235294118 0.862068965517 0.849780701754 0.796484736355
0.986466165414 0.764705882353 1.0 0.847587719298 0.915818686401
0.722556390977 0.470588235294 0.758620689655 0.541666666667 0.609620721554
0.663157894737 0.176470588235 0.689655172414 0.587719298246 0.581868640148
0.797744360902 0.529411764706 0.793103448276 0.52850877193 0.569842738205
0.659398496241 0.411764705882 0.620689655172 0.554824561404 0.497687326549
0.800751879699 0.352941176471 0.896551724138 0.832236842105 0.755781683626
0.878947368421 0.352941176471 0.931034482759 0.833333333333 0.900092506938
0.888721804511 0.235294117647 0.965517241379 0.834429824561 0.904717853839
0.787969924812 0.0 0.862068965517 0.763157894737 0.842738205365
0.91954887218 0.411764705882 1.0 0.834429824561 0.904717853839
0.91954887218 0.411764705882 1.0 0.834429824561 0.904717853839
0.717293233083 0.588235294118 0.758620689655 0.742324561404 0.663274745606
0.708270676692 0.294117647059 0.758620689655 0.59100877193 0.654949121184
0.834586466165 0.823529411765 0.793103448276 0.713815789474 0.715078630897
0.777443609023 0.176470588235 0.827586206897 0.792763157895 0.647548566142
0.536090225564 0.294117647059 0.48275862069 0.367324561404 0.329324699352
0.706766917293 0.235294117647 0.724137931034 0.456140350877 0.520814061055
0.732330827068 0.352941176471 0.827586206897 0.649122807018 0.742830712303
0.861654135338 0.117647058824 0.862068965517 0.830043859649 0.822386679001
0.894736842105 0.470588235294 0.896551724138 0.781798245614 0.810360777058
0.878947368421 0.352941176471 0.931034482759 0.833333333333 0.900092506938
0.953383458647 0.117647058824 0.965517241379 0.970394736842 0.95467160037
0.984210526316 0.294117647059 1.0 0.970394736842 0.95467160037
0.726315789474 0.823529411765 0.793103448276 0.668859649123 0.59111933395
0.88045112782 0.294117647059 0.965517241379 0.907894736842 0.919518963922
0.674436090226 0.411764705882 0.793103448276 0.820175438596 0.760407030527
0.784962406015 0.705882352941 0.793103448276 0.523026315789 0.629972247919
0.645864661654 0.294117647059 0.689655172414 0.678728070175 0.506012950971
0.670676691729 0.294117647059 0.793103448276 0.786184210526 0.639222941721
0.72030075188 0.235294117647 0.724137931034 0.8125 0.559666975023
0.844360902256 0.117647058824 0.862068965517 0.72149122807 0.832562442183
0.798496240602 0.941176470588 0.793103448276 0.524122807018 0.63644773358
0.818796992481 0.294117647059 0.793103448276 0.788377192982 0.630897317299
0.805263157895 0.764705882353 0.862068965517 0.824561403509 0.646623496762
0.915789473684 0.352941176471 0.965517241379 0.862938596491 0.936170212766
0.72030075188 0.235294117647 0.724137931034 0.8125 0.559666975023
0.654887218045 0.235294117647 0.689655172414 0.512061403509 0.573543015726
0.726315789474 0.294117647059 0.724137931034 0.594298245614 0.555966697502
0.909022556391 0.647058823529 1.0 0.766447368421 1.0
0.722556390977 0.470588235294 0.758620689655 0.541666666667 0.609620721554
0.685714285714 0.470588235294 0.724137931034 0.512061403509 0.573543015726
0.654887218045 0.235294117647 0.689655172414 0.512061403509 0.573543015726
0.876691729323 0.235294117647 0.896551724138 0.830043859649 0.822386679001
0.689473684211 0.0588235294118 0.724137931034 0.628289473684 0.641073080481
0.792481203008 0.0588235294118 0.827586206897 0.811403508772 0.760407030527
0.784962406015 0.705882352941 0.793103448276 0.523026315789 0.629972247919
0.916541353383 1.0 0.862068965517 0.698464912281 0.77335800185
0.828571428571 0.235294117647 0.862068965517 0.665570175439 0.746530989824
0.775939849624 0.117647058824 0.827586206897 0.635964912281 0.710453283996
0.706015037594 0.117647058824 0.862068965517 0.781798245614 0.810360777058
0.818796992481 0.117647058824 0.896551724138 0.773026315789 0.899167437558
0.645112781955 0.235294117647 0.655172413793 0.493421052632 0.355226641998
0.645112781955 0.235294117647 0.655172413793 0.493421052632 0.355226641998
