0.885714285714 0.666666666667 0.973684210526 1.0 0.888223552894
0.344023323615 0.0 0.342105263158 0.120732722731 0.136393878909
0.332944606414 0.166666666667 0.342105263158 0.218151540383 0.132401862941
0.599416909621 1.0 0.736842105263 0.721065778518 0.630738522954
1.0 0.166666666667 1.0 0.945045795171 0.944111776447
0.89387755102 0.333333333333 0.973684210526 0.964196502914 1.0
0.337609329446 0.0 0.368421052632 0.195670274771 0.15369261477
0.366763848397 0.0 0.315789473684 0.146544546211 0.171656686627
0.903206997085 0.666666666667 0.973684210526 0.927560366361 0.834331337325
0.933527696793 0.0 0.921052631579 0.701915070774 0.822355289421
0.42332361516 0.666666666667 0.5 0.412989175687 0.395209580838
0.583090379009 1.0 0.710526315789 0.772689425479 0.673320026613
0.867055393586 0.833333333333 0.947368421053 0.822647793505 0.821024617432
0.676967930029 0.833333333333 0.789473684211 0.73771856786 0.741184298071
0.824489795918 0.5 0.894736842105 0.797668609492 0.905522288756
0.920699708455 0.333333333333 0.894736842105 0.741049125729 0.755821689953
0.436734693878 0.5 0.473684210526 0.287260616153 0.248170326015
0.416326530612 0.333333333333 0.552631578947 0.542048293089 0.425815036593
0.393586005831 0.166666666667 0.342105263158 0.143213988343 0.181636726547
0.474635568513 0.166666666667 0.421052631579 0.179850124896 0.261477045908
0.89970845481 0.0 0.947368421053 0.95087427144 0.956753160346
0.355685131195 0.0 0.394736842105 0.273938384679 0.239520958084
0.793586005831 0.0 0.894736842105 0.813488759367 0.924817032601
0.833819241983 0.666666666667 0.921052631579 0.764363030808 0.839654025283
0.65306122449 0.0 0.763157894737 0.616153205662 0.749168330007
0.430903790087 0.0 0.5 0.356369691923 0.326014637392
0.384256559767 0.0 0.473684210526 0.376353039134 0.372588157019
0.551603498542 0.0 0.684210526316 0.63696919234 0.634065202927
0.587172011662 0.5 0.578947368421 0.413821815154 0.441783100466
0.448396501458 0.333333333333 0.421052631579 0.261448792673 0.308050565536
0.825655976676 0.0 0.921052631579 0.851790174854 0.941450432468
0.391253644315 0.0 0.368421052632 0.156536219817 0.215568862275
0.790087463557 0.666666666667 0.894736842105 0.801831806828 0.757817697937
0.369096209913 0.166666666667 0.368421052632 0.210657785179 0.228210246174
0.622740524781 0.0 0.736842105263 0.666944213156 0.600798403194
0.721865889213 0.0 0.815789473684 0.716069941715 0.816367265469
0.559183673469 0.0 0.710526315789 0.542880932556 0.611443779108
0.402332361516 0.166666666667 0.421052631579 0.229808492923 0.28875582169
0.515451895044 0.0 0.631578947368 0.577019150708 0.546906187625
0.72361516035 0.666666666667 0.842105263158 0.834304746045 0.735861610113
0.676967930029 0.0 0.789473684211 0.649458784346 0.701929474385
0.784256559767 0.833333333333 0.815789473684 0.685262281432 0.817032601464
0.695043731778 0.166666666667 0.657894736842 0.402164862614 0.492348636061
0.48804664723 0.0 0.605263157895 0.566194837635 0.546906187625
0.349271137026 0.166666666667 0.342105263158 0.204829308909 0.19494344644
0.476967930029 0.0 0.578947368421 0.460449625312 0.478376580173
0.623906705539 0.333333333333 0.631578947368 0.504579517069 0.530272787758
0.467055393586 0.5 0.473684210526 0.306411323897 0.366600133067
0.443148688047 0.0 0.473684210526 0.243963363863 0.294743845642
0.866472303207 0.0 0.947368421053 0.862614487927 0.883566200931
0.363265306122 0.0 0.447368421053 0.338884263114 0.344644045243
0.434402332362 0.0 0.552631578947 0.461282264779 0.43379906853
0.730029154519 0.333333333333 0.763157894737 0.540383014155 0.582834331337
0.749271137026 0.333333333333 0.868421052632 0.895087427144 0.882900864937
0.773760932945 0.0 0.815789473684 0.656119900083 0.771789753826
0.580758017493 0.166666666667 0.605263157895 0.441298917569 0.506320691949
0.366763848397 0.0 0.421052631579 0.333888426311 0.233532934132
0.45306122449 0.166666666667 0.394736842105 0.195670274771 0.148369926813
0.809329446064 0.166666666667 0.921052631579 0.872606161532 0.889554224884
0.580174927114 0.666666666667 0.684210526316 0.55037468776 0.627411842981
0.418658892128 0.0 0.526315789474 0.472106577852 0.441117764471
0.446064139942 0.166666666667 0.447368421053 0.266444629475 0.31004657352
0.779591836735 0.0 0.868421052632 0.756036636137 0.851630073187
0.748688046647 0.5 0.868421052632 0.756869275604 0.829673985363
0.802915451895 0.333333333333 0.868421052632 0.786011656953 0.867598137059
0.573177842566 0.166666666667 0.657894736842 0.508742714405 0.522954091816
0.465889212828 0.5 0.526315789474 0.413821815154 0.327345309381
0.618658892128 0.166666666667 0.631578947368 0.431307243963 0.488356620093
0.547521865889 0.5 0.552631578947 0.411323896753 0.421823020625
0.660641399417 0.0 0.657894736842 0.482930890924 0.571523619428
0.492711370262 0.333333333333 0.526315789474 0.328059950042 0.375249500998
0.403498542274 0.0 0.447368421053 0.313905079101 0.361942781104
0.932361516035 0.0 0.947368421053 0.746877601998 0.914171656687
0.713702623907 0.0 0.789473684211 0.733555370525 0.782435129741
0.72944606414 0.0 0.842105263158 0.782681099084 0.831004657352
0.741690962099 0.0 0.842105263158 0.676103247294 0.798403193613
0.697959183673 0.0 0.710526315789 0.538717735221 0.594145043247
0.538775510204 0.0 0.657894736842 0.517069109076 0.581503659348
0.760932944606 0.166666666667 0.789473684211 0.67443796836 0.754491017964
0.797084548105 0.333333333333 0.868421052632 0.705245628643 0.715236194278
0.376093294461 0.166666666667 0.342105263158 0.192339716903 0.145708582834
0.636734693878 0.0 0.710526315789 0.640299750208 0.640718562874
0.661807580175 0.166666666667 0.710526315789 0.572023313905 0.650698602794
0.606413994169 0.0 0.631578947368 0.386344712739 0.463073852295
0.863556851312 0.333333333333 0.947368421053 0.838467943381 0.894876912841
0.868221574344 0.166666666667 0.842105263158 0.719400499584 0.877578176979
0.578425655977 0.166666666667 0.605263157895 0.467110741049 0.552228875582
0.648979591837 0.0 0.657894736842 0.352206494588 0.427145708583
0.86472303207 0.166666666667 0.947368421053 0.88759367194 0.934797072522
0.855393586006 0.0 0.842105263158 0.651956702748 0.626746506986
0.842565597668 0.0 0.815789473684 0.546211490425 0.668662674651
0.70612244898 0.166666666667 0.789473684211 0.691923397169 0.729873586161
0.842565597668 0.0 0.868421052632 0.761865112406 0.852960745176
0.503790087464 0.0 0.526315789474 0.419650291424 0.419161676647
0.679300291545 0.0 0.657894736842 0.48709408826 0.580172987359
0.484548104956 0.0 0.473684210526 0.338884263114 0.316034597472
0.625655976676 0.166666666667 0.578947368421 0.405495420483 0.509647371923
0.557434402332 0.166666666667 0.578947368421 0.502914238135 0.497005988024
0.459475218659 0.166666666667 0.5 0.401332223147 0.405189620758
0.452478134111 0.0 0.447368421053 0.288925895087 0.335994677312
