0.941713483146 0.0 1.0 0.928571428571 1.0
0.622893258427 0.5 0.727272727273 0.545009784736 0.651301115242
0.679073033708 0.0 0.757575757576 0.623287671233 0.666914498141
0.676264044944 0.0 0.727272727273 0.598825831703 0.660966542751
0.813904494382 0.0 0.909090909091 0.834637964775 0.844609665428
0.797050561798 0.5 0.848484848485 0.6771037182 0.811895910781
0.811095505618 0.0 0.818181818182 0.680039138943 0.753159851301
0.767556179775 0.0 0.757575757576 0.622309197652 0.713011152416
0.638342696629 0.0 0.666666666667 0.503913894325 0.55092936803
0.679073033708 0.0 0.69696969697 0.569471624266 0.62156133829
0.658005617978 0.5 0.757575757576 0.670254403131 0.720446096654
0.733146067416 0.0 0.727272727273 0.645792563601 0.715985130112
0.654494382022 0.5 0.757575757576 0.586105675147 0.631970260223
0.719803370787 0.0 0.818181818182 0.786692759295 0.752416356877
0.702247191011 0.0 0.757575757576 0.646771037182 0.654275092937
0.702247191011 0.0 0.727272727273 0.567514677104 0.605204460967
0.703651685393 0.5 0.727272727273 0.506849315068 0.628996282528
0.761938202247 0.0 0.818181818182 0.757338551859 0.759851301115
0.660814606742 0.0 0.727272727273 0.619373776908 0.613382899628
0.691011235955 0.5 0.787878787879 0.679060665362 0.721933085502
0.880617977528 0.0 0.878787878788 0.735812133072 0.789591078067
0.636235955056 0.0 0.727272727273 0.65362035225 0.620074349442
0.849719101124 0.0 0.848484848485 0.731898238748 0.785130111524
0.711376404494 0.0 0.727272727273 0.568493150685 0.605204460967
0.755617977528 0.0 0.787878787879 0.657534246575 0.674349442379
0.775280898876 0.5 0.787878787879 0.548923679061 0.667657992565
0.70154494382 0.0 0.757575757576 0.637964774951 0.631226765799
0.813904494382 0.5 0.818181818182 0.656555772994 0.782156133829
0.803370786517 0.5 0.848484848485 0.75831702544 0.842379182156
0.775280898876 0.0 0.787878787879 0.691780821918 0.725650557621
0.719803370787 0.0 0.727272727273 0.590998043053 0.630483271375
0.724016853933 0.5 0.757575757576 0.614481409002 0.710780669145
0.776685393258 0.0 0.818181818182 0.771037181996 0.774721189591
0.733146067416 0.5 0.787878787879 0.696673189824 0.769516728625
0.594803370787 0.0 0.666666666667 0.555772994129 0.530855018587
0.895365168539 1.0 0.969696969697 0.760273972603 0.89219330855
0.598314606742 0.5 0.636363636364 0.43542074364 0.527137546468
0.626404494382 0.0 0.606060606061 0.383561643836 0.447583643123
0.68047752809 0.0 0.757575757576 0.744618395303 0.710037174721
0.65941011236 0.5 0.727272727273 0.658512720157 0.716728624535
0.679073033708 0.0 0.69696969697 0.527397260274 0.551672862454
0.754915730337 0.5 0.727272727273 0.60469667319 0.755390334572
0.608848314607 0.5 0.606060606061 0.34637964775 0.475092936803
0.827247191011 0.0 0.787878787879 0.706457925636 0.781412639405
0.6875 0.0 0.69696969697 0.555772994129 0.5843866171
0.703651685393 0.5 0.727272727273 0.552837573386 0.649814126394
0.671348314607 0.0 0.69696969697 0.552837573386 0.565055762082
0.645365168539 0.0 0.666666666667 0.542074363992 0.55687732342
0.702949438202 0.0 0.787878787879 0.748532289628 0.696654275093
0.879915730337 0.5 0.969696969697 0.915851272016 0.936802973978
0.726825842697 0.0 0.727272727273 0.610567514677 0.640892193309
0.803370786517 0.5 0.757575757576 0.580234833659 0.738289962825
0.691713483146 0.0 0.727272727273 0.590998043053 0.586617100372
0.751404494382 0.0 0.757575757576 0.641878669276 0.665427509294
0.719803370787 0.0 0.727272727273 0.633072407045 0.655762081784
0.68047752809 0.5 0.727272727273 0.616438356164 0.684014869888
0.813202247191 0.0 0.818181818182 0.715264187867 0.73531598513
0.691713483146 0.5 0.69696969697 0.476516634051 0.582156133829
0.550561797753 0.0 0.515151515152 0.313111545988 0.379182156134
0.72893258427 0.0 0.727272727273 0.557729941292 0.585873605948
0.775280898876 0.0 0.818181818182 0.812133072407 0.793308550186
0.72893258427 0.5 0.727272727273 0.587084148728 0.695910780669
0.876404494382 0.0 0.909090909091 0.906066536204 0.893680297398
0.731741573034 0.0 0.757575757576 0.708414872798 0.705576208178
0.929775280899 0.0 0.939393939394 0.91095890411 0.91970260223
0.743679775281 0.0 0.787878787879 0.717221135029 0.694423791822
0.759129213483 0.0 0.757575757576 0.615459882583 0.637918215613
0.727528089888 0.5 0.727272727273 0.624266144814 0.728624535316
0.813202247191 0.5 0.878787878788 0.842465753425 0.878810408922
0.610252808989 0.0 0.636363636364 0.504892367906 0.501858736059
0.681882022472 0.5 0.69696969697 0.541095890411 0.630483271375
1.0 0.0 0.969696969697 0.916829745597 0.960594795539
0.614466292135 0.0 0.636363636364 0.465753424658 0.466171003717
0.933988764045 0.5 0.969696969697 0.807240704501 0.869144981413
0.794241573034 0.5 0.818181818182 0.632093933464 0.708550185874
0.697331460674 0.0 0.69696969697 0.587084148728 0.60594795539
0.762640449438 0.0 0.818181818182 0.803326810176 0.764312267658
0.834269662921 0.5 0.848484848485 0.710371819961 0.79405204461
0.804775280899 0.0 0.787878787879 0.711350293542 0.743494423792
0.634129213483 0.5 0.666666666667 0.52446183953 0.59405204461
0.738061797753 0.5 0.818181818182 0.74168297456 0.760594795539
0.57654494382 0.0 0.636363636364 0.55675146771 0.515985130112
0.662921348315 0.0 0.727272727273 0.599804305284 0.552416356877
0.803370786517 0.5 0.818181818182 0.670254403131 0.751672862454
0.712078651685 0.0 0.69696969697 0.565557729941 0.595539033457
0.801966292135 0.0 0.818181818182 0.712328767123 0.70780669145
0.65308988764 0.0 0.69696969697 0.605675146771 0.576951672862
0.707162921348 0.0 0.69696969697 0.522504892368 0.546468401487
0.724719101124 0.0 0.818181818182 0.780821917808 0.698884758364
0.625702247191 0.0 0.69696969697 0.620352250489 0.56282527881
0.652387640449 0.0 0.727272727273 0.635029354207 0.573234200743
0.709269662921 0.0 0.727272727273 0.595890410959 0.589591078067
0.902387640449 0.0 0.969696969697 1.0 0.939033457249
0.689606741573 0.0 0.69696969697 0.61252446184 0.6156133829
0.825140449438 0.0 0.818181818182 0.715264187867 0.728624535316
0.835674157303 0.0 0.848484848485 0.792563600783 0.782156133829
0.710674157303 0.0 0.666666666667 0.488258317025 0.53531598513
0.794943820225 0.0 0.727272727273 0.576320939335 0.644609665428
0.67345505618 0.0 0.69696969697 0.63698630137 0.6156133829
0.698735955056 0.0 0.727272727273 0.617416829746 0.590334572491
