0.578651685393 0.25 0.571428571429 0.294326241135 0.389444949955
0.539325842697 0.25 0.535714285714 0.262411347518 0.353958143767
0.505617977528 0.25 0.571428571429 0.414893617021 0.385805277525
0.505617977528 0.25 0.571428571429 0.414893617021 0.385805277525
0.477528089888 0.5 0.571428571429 0.424349881797 0.330300272975
0.451043338684 0.5 0.464285714286 0.308510638298 0.199272065514
0.582664526485 0.25 0.642857142857 0.569739952719 0.477707006369
0.609149277689 0.25 0.75 0.685579196217 0.608735213831
0.813804173355 0.5 0.857142857143 0.605200945626 0.791628753412
0.780898876404 0.25 0.821428571429 0.605200945626 0.791628753412
0.813804173355 0.5 0.857142857143 0.605200945626 0.791628753412
0.809791332263 0.5 0.821428571429 0.518912529551 0.717015468608
0.767255216693 0.125 0.714285714286 0.436170212766 0.493175614195
0.843499197432 0.25 0.821428571429 0.554373522459 0.603275705187
0.826645264848 0.25 1.0 1.0 1.0
0.826645264848 0.25 1.0 1.0 1.0
0.823434991974 0.25 0.75 0.468085106383 0.528662420382
0.823434991974 0.25 0.75 0.468085106383 0.528662420382
0.477528089888 0.5 0.571428571429 0.424349881797 0.330300272975
0.49036918138 0.5 0.5 0.340425531915 0.234758871702
0.543338683788 0.25 0.607142857143 0.537825059102 0.442220200182
0.543338683788 0.25 0.607142857143 0.537825059102 0.442220200182
0.826645264848 0.25 1.0 1.0 1.0
0.826645264848 0.25 1.0 1.0 1.0
0.605939004815 0.75 0.535714285714 0.25768321513 0.250227479527
0.589085072231 0.625 0.535714285714 0.25768321513 0.250227479527
0.627608346709 0.625 0.642857142857 0.294326241135 0.389444949955
0.638041733547 0.5 0.714285714286 0.410165484634 0.520473157416
0.823434991974 0.25 0.75 0.468085106383 0.528662420382
0.83948635634 0.375 0.785714285714 0.468085106383 0.528662420382
0.711878009631 0.0 0.785714285714 0.626477541371 0.583257506824
0.632423756019 0.75 0.642857142857 0.373522458629 0.381255686988
0.677367576244 0.0 0.678571428571 0.583924349882 0.420382165605
0.677367576244 0.0 0.678571428571 0.583924349882 0.420382165605
0.741573033708 0.25 0.785714285714 0.573286052009 0.756141947225
0.741573033708 0.25 0.785714285714 0.573286052009 0.756141947225
0.621990369181 0.875 0.571428571429 0.25768321513 0.250227479527
0.589085072231 0.625 0.535714285714 0.25768321513 0.250227479527
0.632423756019 0.75 0.642857142857 0.373522458629 0.381255686988
0.595505617978 0.5 0.571428571429 0.287234042553 0.306642402184
0.849919743178 0.25 0.857142857143 0.583924349882 0.659690627843
0.784109149278 0.25 0.714285714286 0.436170212766 0.493175614195
0.843499197432 0.25 0.821428571429 0.554373522459 0.603275705187
0.849919743178 0.25 0.857142857143 0.583924349882 0.659690627843
0.560192616372 0.5 0.571428571429 0.341607565012 0.345768880801
0.599518459069 0.5 0.607142857143 0.373522458629 0.381255686988
0.823434991974 0.25 0.75 0.468085106383 0.528662420382
0.849919743178 0.25 0.857142857143 0.583924349882 0.659690627843
0.651685393258 0.25 0.678571428571 0.566193853428 0.592356687898
0.651685393258 0.25 0.678571428571 0.566193853428 0.592356687898
0.708667736758 0.625 0.857142857143 0.787234042553 0.611464968153
0.708667736758 0.625 0.857142857143 0.787234042553 0.611464968153
0.826645264848 0.25 1.0 1.0 1.0
0.800160513644 0.25 0.892857142857 0.884160756501 0.868971792539
0.678170144462 0.25 0.785714285714 0.682033096927 0.723384895359
0.678170144462 0.25 0.785714285714 0.682033096927 0.723384895359
0.543338683788 0.25 0.607142857143 0.537825059102 0.442220200182
0.543338683788 0.25 0.607142857143 0.537825059102 0.442220200182
0.5658105939 0.25 0.642857142857 0.378250591017 0.484986351228
0.561797752809 0.25 0.607142857143 0.291962174941 0.410373066424
0.539325842697 0.25 0.535714285714 0.262411347518 0.353958143767
0.601123595506 0.25 0.642857142857 0.323877068558 0.445859872611
0.593097913323 0.75 0.607142857143 0.341607565012 0.345768880801
0.599518459069 0.5 0.607142857143 0.373522458629 0.381255686988
0.758426966292 0.875 0.785714285714 0.702127659574 0.647861692448
0.872391653291 0.75 0.821428571429 0.81914893617 0.531392174704
0.736757624398 0.25 0.821428571429 0.699763593381 0.551410373066
0.670947030498 0.625 0.571428571429 0.452718676123 0.316651501365
0.782504012841 0.375 0.892857142857 0.873522458629 0.845313921747
1.0 0.0 0.892857142857 0.771867612293 0.791628753412
0.931781701445 0.125 0.928571428571 0.718676122931 0.847133757962
0.92937399679 0.125 0.928571428571 0.775413711584 0.865332120109
0.543338683788 0.25 0.607142857143 0.537825059102 0.442220200182
0.543338683788 0.25 0.607142857143 0.537825059102 0.442220200182
0.787319422151 1.0 0.821428571429 0.69621749409 0.752502274795
0.754414125201 0.25 0.714285714286 0.489361702128 0.660600545951
0.955858747994 0.875 1.0 0.927895981087 0.732484076433
0.747191011236 1.0 0.714285714286 0.516548463357 0.561419472247
0.677367576244 0.0 0.678571428571 0.583924349882 0.420382165605
0.732744783307 0.25 0.785714285714 0.613475177305 0.476797088262
