0.624633431085 0.0 0.74358974359 0.675720164609 0.788873994638
0.83284457478 0.0 0.871794871795 0.681481481481 0.86528150134
0.703812316716 0.0 0.794871794872 0.725925925926 0.856568364611
0.64633431085 0.0 0.692307692308 0.532510288066 0.699731903485
0.895601173021 0.0 0.923076923077 0.824691358025 1.0
0.726099706745 0.0 0.769230769231 0.60987654321 0.754691689008
0.883284457478 0.0 0.871794871795 0.691358024691 0.890750670241
0.829149797571 0.125 0.964285714286 0.825609756098 1.0
0.405865102639 0.0 0.512820512821 0.369547325103 0.439678284182
0.743108504399 0.0 0.820512820513 0.655967078189 0.747989276139
0.825101214575 0.125 0.928571428571 0.736585365854 0.924074074074
0.520234604106 0.0 0.666666666667 0.591769547325 0.610589812332
0.493255131965 0.0 0.538461538462 0.369547325103 0.481233243968
0.745454545455 0.0 0.794871794872 0.670781893004 0.778150134048
0.86275659824 0.0 0.923076923077 0.867489711934 0.951742627346
0.790199081164 0.0 0.78125 0.5847208619 0.735658914729
0.725513196481 0.0 0.74358974359 0.590946502058 0.714477211796
0.506744868035 0.0 0.641025641026 0.56378600823 0.567694369973
0.66568914956 0.0 0.717948717949 0.598353909465 0.682975871314
0.73724340176 0.0 0.820512820513 0.756378600823 0.806300268097
0.453372434018 0.0 0.538461538462 0.427983539095 0.463806970509
0.658651026393 0.0 0.769230769231 0.723456790123 0.729892761394
0.866003062787 0.0 0.84375 0.680705190989 0.817054263566
0.889736070381 0.0 0.923076923077 0.768724279835 0.848525469169
0.426979472141 0.0 0.461538461538 0.285596707819 0.355227882038
0.739663093415 0.0 0.78125 0.673849167483 0.73488372093
0.53724340176 0.0 0.615384615385 0.506172839506 0.524798927614
0.781231671554 0.0 0.820512820513 0.781893004115 0.839142091153
0.647779479326 0.0 0.625 0.375122428991 0.493798449612
0.733537519142 0.0 0.8125 0.738491674829 0.753488372093
0.732771822358 0.0 0.78125 0.628795298727 0.673643410853
0.472727272727 0.0 0.589743589744 0.521810699588 0.497989276139
0.625574272588 0.0 0.65625 0.441723800196 0.497674418605
0.818529862175 0.0 0.8125 0.663075416259 0.753488372093
0.568914956012 0.0 0.538461538462 0.398353909465 0.51273458445
0.356598240469 0.0 0.384615384615 0.197530864198 0.251340482574
0.654670750383 0.0 0.65625 0.47110675808 0.549612403101
0.82991202346 0.0 0.897435897436 0.805761316872 0.815683646113
0.820826952527 0.0 0.8125 0.650342801175 0.73023255814
0.604692082111 0.0 0.717948717949 0.646913580247 0.603887399464
0.839203675345 0.0 0.8125 0.652301665034 0.748062015504
0.803215926493 0.0 0.8125 0.654260528893 0.710852713178
0.741960183767 0.0 0.75 0.658178256611 0.715503875969
0.953292496172 0.0 0.90625 0.761018609207 0.872868217054
0.860305343511 0.0 0.9 0.827282728273 0.85234305924
0.842815249267 0.0 0.871794871795 0.851851851852 0.887399463807
0.663093415008 0.0 0.71875 0.526934378061 0.535658914729
0.699846860643 0.0 0.71875 0.506366307542 0.548837209302
0.93415007657 0.0 0.96875 0.869735553379 0.894573643411
0.954655870445 0.125 0.928571428571 0.742682926829 0.952777777778
0.361290322581 0.0 0.435897435897 0.344032921811 0.328418230563
0.802450229709 0.0 0.8125 0.750244857982 0.798449612403
0.72082111437 0.0 0.666666666667 0.410699588477 0.522788203753
0.980566801619 0.0 0.964285714286 0.887804878049 0.962037037037
0.593548387097 0.0 0.692307692308 0.681481481481 0.640080428954
0.777947932619 0.0 0.71875 0.474045053869 0.58992248062
0.68606431853 0.0 0.6875 0.505386875612 0.560465116279
0.68989280245 0.0 0.71875 0.574926542605 0.602325581395
0.725114854518 0.0 0.75 0.683643486778 0.714728682171
0.477419354839 0.0 0.564102564103 0.465843621399 0.433646112601
0.775366568915 0.0 0.846153846154 0.815637860082 0.79691689008
0.837672281776 0.0 0.78125 0.562193927522 0.670542635659
0.830015313936 0.0 0.78125 0.58570029383 0.686046511628
0.610557184751 0.0 0.538461538462 0.328395061728 0.451742627346
0.842266462481 0.0 0.84375 0.706170421156 0.755813953488
0.700612557427 0.0 0.75 0.591576885406 0.592248062016
0.825421133231 0.0 0.8125 0.761998041136 0.82480620155
0.409384164223 0.0 0.410256410256 0.21646090535 0.265415549598
0.852220520674 0.0 0.84375 0.73653281097 0.793798449612
0.709800918836 0.0 0.625 0.410381978452 0.541860465116
0.761102603369 0.0 0.78125 0.675808031342 0.702325581395
0.805513016845 0.0 0.78125 0.571988246817 0.642635658915
0.806278713629 0.0 0.78125 0.659157688541 0.73023255814
0.787901990812 0.0 0.8125 0.714985308521 0.735658914729
0.435190615836 0.0 0.384615384615 0.153909465021 0.249329758713
0.372434017595 0.0 0.358974358974 0.158847736626 0.216487935657
0.723583460949 0.0 0.78125 0.71694417238 0.703100775194
0.339589442815 0.0 0.358974358974 0.166255144033 0.190348525469
0.911740890688 0.0 1.0 1.0 0.955555555556
0.68606431853 0.0 0.75 0.670910871694 0.650387596899
0.704441041348 0.0 0.71875 0.591576885406 0.62015503876
0.689127105666 0.0 0.71875 0.554358472086 0.567441860465
0.671516079632 0.0 0.65625 0.462291870715 0.52015503876
0.726646248086 0.0 0.78125 0.720861900098 0.708527131783
0.787136294028 0.0 0.78125 0.635651322233 0.682945736434
0.651612903226 0.0 0.641025641026 0.506995884774 0.558310991957
0.562463343109 0.0 0.589743589744 0.548148148148 0.560991957105
0.790199081164 0.0 0.75 0.590597453477 0.670542635659
0.865587044534 0.125 0.892857142857 0.718292682927 0.855555555556
0.823460410557 0.0 0.820512820513 0.641975308642 0.683646112601
0.766462480858 0.0 0.75 0.624877571009 0.67984496124
0.831546707504 0.0 0.8125 0.676787463271 0.734108527132
0.825421133231 0.0 0.8125 0.711067580803 0.762015503876
0.696784073507 0.0 0.6875 0.554358472086 0.600775193798
0.869831546708 0.0 0.8125 0.723800195886 0.817054263566
0.664624808576 0.0 0.625 0.459353574927 0.53488372093
0.700612557427 0.0 0.65625 0.382957884427 0.462790697674
0.385923753666 0.0 0.461538461538 0.420576131687 0.380026809651
0.90045941807 0.0 0.90625 0.79236043095 0.821705426357
0.870597243492 0.0 0.84375 0.703232125367 0.76511627907
