0.778125 0.0 0.828571428571 0.68149324861 0.740293356342
0.6671875 0.0 0.714285714286 0.563939634631 0.622088006903
0.55625 0.0 0.628571428571 0.542494042891 0.546160483175
0.606770833333 0.0 0.657142857143 0.527402700556 0.551337359793
0.921280853903 0.0 0.928571428571 0.789838337182 0.849498327759
0.490625 0.0 0.542857142857 0.491660047657 0.501294219154
0.791145833333 0.0 0.8 0.552819698173 0.597929249353
0.951041666667 0.0 1.0 0.730738681493 0.735116479724
0.679166666667 0.0 0.714285714286 0.690588235294 0.707988980716
0.553125 0.0 0.6 0.432883240667 0.438308886972
0.833663366337 0.0 0.888888888889 0.765880217786 0.758469945355
0.644791666667 0.0 0.685714285714 0.632247815727 0.636755823986
0.834556370914 0.0 0.821428571429 0.742494226328 0.800445930881
0.710416666667 0.0 0.771428571429 0.617156473392 0.600517687662
0.761841227485 0.0 0.678571428571 0.506928406467 0.634336677815
0.770833333333 0.0 0.8 0.732327243844 0.747195858499
0.684456304203 0.0 0.678571428571 0.630484988453 0.678929765886
0.673782521681 0.0 0.607142857143 0.506928406467 0.615384615385
0.793195463642 0.0 0.821428571429 0.758660508083 0.771460423634
0.903268845897 0.0 0.892857142857 0.675519630485 0.726867335563
0.661107404937 0.0 0.607142857143 0.527713625866 0.622073578595
0.782178217822 0.0 0.740740740741 0.467332123412 0.547540983607
0.566666666667 0.0 0.571428571429 0.424940428912 0.458153580673
0.697798532355 0.0 0.607142857143 0.506928406467 0.634336677815
0.579166666667 0.0 0.571428571429 0.542352941176 0.586776859504
0.671875 0.0 0.742857142857 0.595710881652 0.560828300259
0.578645833333 0.0 0.571428571429 0.484511517077 0.527178602243
0.624416277518 0.0 0.607142857143 0.545034642032 0.597547380156
0.911941294196 0.0 0.928571428571 0.806004618938 0.819397993311
0.744496330887 0.0 0.678571428571 0.521939953811 0.615384615385
0.731154102735 0.0 0.678571428571 0.620092378753 0.697881828317
0.739159439626 0.0 0.678571428571 0.5 0.585284280936
0.584389593062 0.0 0.571428571429 0.459584295612 0.497212931996
0.617745163442 0.0 0.571428571429 0.466512702079 0.535117056856
0.63775850567 0.0 0.607142857143 0.636258660508 0.686733556299
0.788525683789 0.0 0.714285714286 0.541570438799 0.635451505017
0.76050700467 0.0 0.785714285714 0.706697459584 0.70011148272
0.587058038692 0.0 0.571428571429 0.545034642032 0.578595317726
0.839893262175 0.0 0.785714285714 0.690531177829 0.76254180602
0.551034022682 0.0 0.5 0.466512702079 0.535117056856
0.818545697131 0.0 0.821428571429 0.695150115473 0.707915273133
0.677785190127 0.0 0.642857142857 0.636258660508 0.686733556299
0.954636424283 0.0 0.892857142857 0.770207852194 0.847268673356
0.459375 0.0 0.485714285714 0.402700555997 0.390854184642
0.799866577718 0.0 0.678571428571 0.504618937644 0.639910813824
0.591060707138 0.0 0.535714285714 0.466512702079 0.535117056856
0.591060707138 0.0 0.535714285714 0.466512702079 0.535117056856
0.897264843229 0.0 0.892857142857 0.85103926097 0.86845039019
0.834556370914 0.0 0.785714285714 0.740184757506 0.801560758082
0.492708333333 0.0 0.514285714286 0.324066719619 0.314926660915
0.600400266845 0.0 0.5 0.421478060046 0.534002229654
0.650433622415 0.0 0.571428571429 0.445727482679 0.536231884058
0.811207471648 0.0 0.785714285714 0.615473441109 0.652173913043
0.446354166667 0.0 0.457142857143 0.382843526608 0.382226056946
0.667111407605 0.0 0.642857142857 0.538106235566 0.571906354515
0.697023809524 0.0 0.75 0.743529411765 0.699724517906
0.811458333333 0.0 0.857142857143 0.73312152502 0.696289905091
0.560373582388 0.0 0.535714285714 0.545034642032 0.578595317726
0.595730486991 0.0 0.535714285714 0.466512702079 0.535117056856
0.640426951301 0.0 0.535714285714 0.421478060046 0.534002229654
0.640426951301 0.0 0.535714285714 0.421478060046 0.534002229654
0.700466977985 0.0 0.678571428571 0.623556581986 0.653288740245
1.0 0.0 1.0 0.926096997691 0.933110367893
0.993328885924 0.0 1.0 1.0 1.0
0.589059372915 0.0 0.535714285714 0.438799076212 0.498327759197
0.593062041361 0.0 0.571428571429 0.490762124711 0.518394648829
0.63775850567 0.0 0.607142857143 0.550808314088 0.586399108138
0.664442961975 0.0 0.571428571429 0.456120092379 0.554069119287
0.564376250834 0.0 0.5 0.466512702079 0.535117056856
0.586390927285 0.0 0.5 0.445727482679 0.536231884058
0.705136757839 0.0 0.642857142857 0.643187066975 0.709030100334
0.611741160774 0.0 0.535714285714 0.442263279446 0.521739130435
0.695130086724 0.0 0.714285714286 0.672055427252 0.655518394649
0.60173448966 0.0 0.535714285714 0.466512702079 0.535117056856
0.671114076051 0.0 0.642857142857 0.560046189376 0.590858416945
0.695130086724 0.0 0.607142857143 0.445727482679 0.536231884058
0.837224816544 0.0 0.785714285714 0.614318706697 0.667781493868
0.629086057372 0.0 0.571428571429 0.438799076212 0.498327759197
0.671114076051 0.0 0.607142857143 0.519630484988 0.585284280936
0.660440293529 0.0 0.571428571429 0.443418013857 0.534002229654
0.780520346898 0.0 0.75 0.620092378753 0.651059085842
0.607071380921 0.0 0.571428571429 0.550808314088 0.586399108138
0.673782521681 0.0 0.571428571429 0.421478060046 0.522853957637
0.687124749833 0.0 0.607142857143 0.43648960739 0.515050167224
0.802535023349 0.0 0.785714285714 0.653579676674 0.66889632107
0.817211474316 0.0 0.785714285714 0.68129330254 0.710144927536
0.845230153436 0.0 0.857142857143 0.815242494226 0.800445930881
0.566377585057 0.0 0.535714285714 0.490762124711 0.518394648829
0.724482988659 0.0 0.678571428571 0.566974595843 0.609810479376
0.720480320213 0.0 0.642857142857 0.521939953811 0.596432552954
0.828552368245 0.0 0.785714285714 0.642032332564 0.68115942029
0.813208805871 0.0 0.714285714286 0.551963048499 0.646599777035
0.59039359573 0.0 0.571428571429 0.451501154734 0.465997770346
0.717811874583 0.0 0.678571428571 0.545034642032 0.579710144928
0.432738095238 0.125 0.5 0.427058823529 0.479338842975
0.704469646431 0.0 0.714285714286 0.736720554273 0.721293199554
0.792528352235 0.0 0.714285714286 0.538106235566 0.609810479376
0.718452380952 0.125 0.785714285714 0.811764705882 0.862258953168
0.605070046698 0.0 0.571428571429 0.459584295612 0.486064659978
0.591060707138 0.0 0.571428571429 0.569284064665 0.580824972129
