0.735943356935 0.0 0.756097560976 0.694166175604 0.691306918983
0.883798417326 0.0 0.951219512195 0.85975250442 0.858072146659
0.619325281133 0.5 0.707317073171 0.553329404832 0.71850975754
0.542690545606 0.0 0.609756097561 0.507365939894 0.483737433471
0.5964181591 0.0 0.682926829268 0.608721272834 0.611472501478
0.486047480217 1.0 0.585365853659 0.406010606953 0.45180366647
0.601416076635 1.0 0.585365853659 0.483205657042 0.426374926079
0.875468554769 0.0 0.80487804878 0.705362404243 0.644589000591
0.597667638484 1.0 0.731707317073 0.647613435474 0.765819041987
0.410662224073 0.0 0.463414634146 0.403653506187 0.346540508575
0.827155351937 0.0 1.0 1.0 1.0
0.431070387339 0.0 0.536585365854 0.481437831467 0.472501478415
0.850478967097 0.0 0.926829268293 0.799057159694 0.866942637493
0.768429820908 0.0 0.756097560976 0.612256923984 0.616203429923
0.642232403165 0.0 0.658536585366 0.538597525044 0.467179183915
0.666389004581 0.0 0.707317073171 0.6458456099 0.676522767593
0.732194918784 0.0 0.707317073171 0.670005892752 0.639266706091
0.42690545606 0.0 0.487804878049 0.420742486741 0.35127143702
0.768846314036 0.0 0.80487804878 0.66941661756 0.728562980485
0.833402748855 0.0 0.926829268293 0.810842663524 0.894736842105
0.468554768846 0.0 0.560975609756 0.579257513259 0.497930218805
0.45022907122 0.0 0.585365853659 0.512080141426 0.564754583087
0.515618492295 0.0 0.560975609756 0.504419563936 0.455351862803
0.659308621408 0.0 0.682926829268 0.609310548026 0.648137196925
0.710537276135 1.0 0.780487804878 0.681791396582 0.680662329982
0.384839650146 1.0 0.365853658537 0.299351797289 0.268480189237
0.44648063307 1.0 0.536585365854 0.477312905127 0.516262566529
0.601416076635 1.0 0.634146341463 0.553329404832 0.595505617978
0.532694710537 0.0 0.560975609756 0.476134354744 0.516853932584
0.536443148688 0.0 0.682926829268 0.582793164408 0.602602010645
0.385672636401 1.0 0.439024390244 0.391278727166 0.354819633353
0.573511037068 1.0 0.585365853659 0.537418974661 0.48255470136
0.720116618076 0.5 0.707317073171 0.586328815557 0.667060910704
0.69596001666 0.0 0.682926829268 0.560989982322 0.605558840923
0.872136609746 0.0 0.829268292683 0.739540365351 0.752217622708
0.482299042066 0.0 0.585365853659 0.523865645256 0.528681253696
0.42107455227 0.0 0.512195121951 0.440188568061 0.492607924305
0.68221574344 0.0 0.707317073171 0.667059516794 0.652276759314
0.620158267389 0.0 0.707317073171 0.522687094873 0.62329982259
0.478550603915 1.0 0.536585365854 0.443134944019 0.42223536369
0.418159100375 0.0 0.560975609756 0.459634649381 0.480780603193
0.4618908788 0.0 0.487804878049 0.41249263406 0.432288586635
0.801749271137 0.0 0.731707317073 0.588096641131 0.602602010645
0.536443148688 0.0 0.634146341463 0.555686505598 0.500295683028
0.367346938776 0.0 0.463414634146 0.379493223335 0.386753400355
0.560183256976 0.0 0.634146341463 0.5486152033 0.50266114725
0.529779258642 0.5 0.536585365854 0.365350618739 0.47191011236
0.466888796335 0.0 0.585365853659 0.515026517384 0.557066824364
1.0 1.0 0.878048780488 0.799646434885 0.739798935541
0.764681382757 0.0 0.731707317073 0.598703594579 0.671200473093
0.521449396085 0.0 0.585365853659 0.514437242192 0.532820816085
0.842565597668 0.0 0.878048780488 0.718326458456 0.741573033708
0.669720949604 0.0 0.658536585366 0.474955804361 0.589000591366
0.342773844232 0.0 0.463414634146 0.370064820271 0.446481371969
0.848812994586 0.0 0.780487804878 0.679434295816 0.800709639267
0.627238650562 1.0 0.731707317073 0.644077784325 0.558249556475
0.569346105789 0.0 0.658536585366 0.56806128462 0.642814902425
0.585172844648 0.0 0.634146341463 0.596346493813 0.616794795979
0.455643481883 0.0 0.463414634146 0.386564525633 0.322885866351
0.587255310287 0.0 0.658536585366 0.61461402475 0.645771732703
0.331112036651 0.0 0.390243902439 0.310548025928 0.400946185689
0.491878384007 0.0 0.536585365854 0.460223924573 0.426966292135
0.882132444815 1.0 0.853658536585 0.742486741308 0.790065050266
0.570595585173 0.0 0.634146341463 0.548025928108 0.584861028977
0.580174927114 0.5 0.658536585366 0.515615792575 0.61797752809
0.618075801749 0.0 0.707317073171 0.683559222157 0.696629213483
0.286963765098 0.5 0.317073170732 0.196228638774 0.244234180958
0.479800083299 0.0 0.634146341463 0.599882144962 0.549970431697
0.752186588921 0.0 0.756097560976 0.723040659988 0.656416321703
0.558933777593 0.0 0.634146341463 0.522687094873 0.461265523359
0.565181174511 0.0 0.658536585366 0.602239245728 0.581904198699
0.643481882549 0.0 0.731707317073 0.612256923984 0.590774689533
0.762598917118 0.0 0.756097560976 0.649381261049 0.723240685985
0.519366930446 0.0 0.512195121951 0.45904537419 0.460082791248
0.782590587255 0.0 0.878048780488 0.852681202121 0.887049083383
0.769262807164 0.0 0.90243902439 0.874484384207 0.877587226493
0.477301124531 0.0 0.585365853659 0.542722451385 0.508574807806
0.532694710537 0.0 0.585365853659 0.532115497938 0.442933175636
0.445231153686 1.0 0.365853658537 0.301708898055 0.282081608516
0.602665556018 1.0 0.609756097561 0.530936947555 0.551153163808
0.50687213661 0.0 0.536585365854 0.484973482616 0.48255470136
0.558517284465 0.0 0.634146341463 0.576900412493 0.564754583087
0.927113702624 0.0 0.878048780488 0.744843842074 0.687758722649
0.599333610995 0.0 0.634146341463 0.567472009428 0.560615020698
0.60224906289 0.0 0.585365853659 0.481437831467 0.489651094027
0.638900458142 0.0 0.609756097561 0.50972304066 0.531046717918
0.727613494377 0.0 0.829268292683 0.765468473777 0.750443524542
0.510620574761 0.0 0.560975609756 0.513258691809 0.476049674749
0.892128279883 0.0 0.878048780488 0.784914555097 0.756948551153
0.669720949604 0.0 0.658536585366 0.586328815557 0.645771732703
0.930029154519 1.0 0.853658536585 0.730111962286 0.698994677705
0.349854227405 1.0 0.365853658537 0.278137890395 0.288586635127
0.732611411912 1.0 0.707317073171 0.575132586918 0.54819633353
0.447730112453 1.0 0.585365853659 0.522097819682 0.524541691307
0.30403998334 1.0 0.414634146341 0.361225692398 0.400354819633
0.617242815494 1.0 0.682926829268 0.596346493813 0.55765819042
0.344439816743 0.0 0.487804878049 0.457277548615 0.382613837966
0.502707205331 0.0 0.560975609756 0.507955215085 0.484328799527
0.703873386089 0.0 0.707317073171 0.56040070713 0.522176227085
0.728029987505 0.0 0.780487804878 0.639952857985 0.565345949143
0.315285297793 0.0 0.463414634146 0.419563936358 0.405085748078
0.686380674719 0.0 0.731707317073 0.635827931644 0.641040804258
0.356934610579 0.0 0.463414634146 0.434295816146 0.403311649911
0.554352353186 0.0 0.609756097561 0.545079552151 0.460674157303
0.516451478551 1.0 0.609756097561 0.530347672363 0.535186280308
0.468554768846 0.0 0.560975609756 0.579257513259 0.497930218805
0.776759683465 1.0 0.756097560976 0.608721272834 0.615612063868
0.8654727197 1.0 0.853658536585 0.690041249263 0.729745712596
0.71345272803 0.0 0.80487804878 0.744843842074 0.681253696038
0.654727197001 0.0 0.731707317073 0.658809664113 0.602602010645
0.556434818825 0.0 0.560975609756 0.472598703595 0.404494382022
0.610578925448 0.0 0.682926829268 0.585150265174 0.661738616203
0.603498542274 0.0 0.634146341463 0.602828520919 0.598462448255
0.63556851312 0.0 0.707317073171 0.655274012964 0.648137196925
0.530612244898 0.0 0.536585365854 0.493223335298 0.435245416913
0.46980424823 1.0 0.512195121951 0.444313494402 0.452986398581
0.802998750521 1.0 0.731707317073 0.651149086623 0.687167356594
0.459391920033 0.0 0.560975609756 0.510312315852 0.492607924305
0.498542274052 0.0 0.512195121951 0.395403653506 0.398580721467
0.722199083715 0.0 0.756097560976 0.640542133176 0.678888231815
0.929612661391 0.5 0.951219512195 0.851502651738 0.922531046718
0.489379425239 0.0 0.512195121951 0.425456688273 0.458308693081
0.580174927114 0.5 0.658536585366 0.515615792575 0.61797752809
0.614327363599 0.0 0.560975609756 0.496169711255 0.470136014193
0.406497292795 0.0 0.463414634146 0.358279316441 0.385570668244
0.698458975427 0.0 0.682926829268 0.572775486152 0.602602010645
0.416493127863 0.0 0.560975609756 0.535061873895 0.578947368421
0.458975426905 0.0 0.536585365854 0.451974071892 0.402720283856
0.73302790504 0.0 0.756097560976 0.72362993518 0.642223536369
0.664306538942 0.0 0.707317073171 0.56806128462 0.67297457126
0.661391087047 0.0 0.707317073171 0.622863877431 0.625073920757
0.691378592253 0.0 0.780487804878 0.700058927519 0.754583086931
0.454394002499 0.0 0.512195121951 0.383618149676 0.432879952691
0.588921282799 0.0 0.634146341463 0.541543901002 0.65819041987
0.729695960017 0.0 0.707317073171 0.589864466706 0.595505617978
0.686380674719 0.0 0.731707317073 0.635827931644 0.641040804258
0.448563098709 1.0 0.463414634146 0.359457866824 0.400946185689
0.548521449396 0.0 0.634146341463 0.565704183854 0.550561797753
0.548937942524 0.0 0.634146341463 0.477902180318 0.479597871082
0.698458975427 0.0 0.682926829268 0.572775486152 0.602602010645
0.290712203249 0.0 0.439024390244 0.384796700059 0.363690124187
0.50104123282 0.0 0.536585365854 0.413081909252 0.376108811354
0.652644731362 0.0 0.634146341463 0.563936358279 0.603784742756
0.453561016243 0.0 0.512195121951 0.404242781379 0.435836782969
0.728862973761 0.0 0.829268292683 0.710665880966 0.691898285038
0.732194918784 0.0 0.707317073171 0.670005892752 0.639266706091
0.329862557268 0.0 0.439024390244 0.309958750737 0.394441159077
0.552686380675 1.0 0.560975609756 0.391278727166 0.426966292135
0.886297376093 0.0 0.926829268293 0.862109605186 0.814902424601
0.886297376093 0.0 0.926829268293 0.862109605186 0.814902424601
0.290712203249 0.0 0.439024390244 0.384796700059 0.363690124187
0.496459808413 0.0 0.560975609756 0.484384207425 0.448255470136
0.582257392753 0.0 0.634146341463 0.486741308191 0.439976345358
0.665972511454 0.0 0.756097560976 0.645256334708 0.714370195151
0.532278217409 0.0 0.609756097561 0.555097230407 0.481963335305
0.907538525614 0.0 0.926829268293 0.787860931055 0.75872264932
0.38983756768 0.0 0.439024390244 0.37360047142 0.416321703134
0.492294877135 0.5 0.512195121951 0.434885091338 0.444707273802
0.6472303207 0.0 0.780487804878 0.697701826753 0.722057953873
0.548521449396 0.0 0.634146341463 0.565704183854 0.550561797753
0.637650978759 0.0 0.756097560976 0.639952857985 0.636309875813
0.530612244898 0.0 0.609756097561 0.472009428403 0.529272619752
0.315285297793 0.0 0.463414634146 0.419563936358 0.405085748078
0.46980424823 1.0 0.512195121951 0.444313494402 0.452986398581
0.634735526864 0.0 0.560975609756 0.461991750147 0.377291543465
0.653477717618 1.0 0.560975609756 0.40070713023 0.441159077469
0.496043315285 0.5 0.634146341463 0.516205067767 0.580130100532
0.367763431903 0.5 0.439024390244 0.317030053035 0.343583678297
0.432319866722 0.0 0.560975609756 0.480848556276 0.429331756357
0.69596001666 0.0 0.682926829268 0.637006482027 0.515079834418
0.609329446064 0.5 0.682926829268 0.526222746022 0.50266114725
0.698458975427 0.0 0.682926829268 0.572775486152 0.602602010645
0.689296126614 0.0 0.756097560976 0.661166764879 0.727380248374
0.753019575177 0.0 0.780487804878 0.646434885091 0.674748669426
0.380258225739 0.0 0.463414634146 0.39304655274 0.349497338853
0.413577675968 0.0 0.487804878049 0.423099587507 0.365464222354
0.508538109121 0.0 0.634146341463 0.533883323512 0.468361916026
0.665972511454 0.0 0.756097560976 0.639952857985 0.610289769367
0.318200749688 0.0 0.365853658537 0.288744843842 0.278533412182
0.379841732611 0.0 0.463414634146 0.391278727166 0.425192193968
0.436484798001 0.0 0.512195121951 0.430170889806 0.377882909521
0.300708038317 0.0 0.390243902439 0.317030053035 0.321111768185
0.54977092878 1.0 0.609756097561 0.554507955215 0.507392075695
0.49895876718 0.0 0.609756097561 0.523865645256 0.564163217031
0.387755102041 0.0 0.414634146341 0.344725987036 0.324659964518
0.489795918367 0.0 0.585365853659 0.555097230407 0.484920165582
0.267388588088 1.0 0.365853658537 0.320565704184 0.334713187463
0.703456892961 1.0 0.707317073171 0.690041249263 0.631578947368
0.443565181175 1.0 0.463414634146 0.367118444313 0.476641040804
0.373594335693 1.0 0.439024390244 0.390100176783 0.344175044352
0.710537276135 1.0 0.780487804878 0.681791396582 0.680662329982
0.580174927114 0.5 0.658536585366 0.515615792575 0.61797752809
0.425655976676 0.0 0.463414634146 0.406599882145 0.355410999409
0.766763848397 0.0 0.780487804878 0.649381261049 0.574807806032
0.48146605581 0.0 0.585365853659 0.477902180318 0.500295683028
0.455643481883 0.0 0.463414634146 0.386564525633 0.322885866351
0.556851311953 0.0 0.682926829268 0.584560989982 0.574216439976
0.675968346522 0.0 0.707317073171 0.542133176193 0.626848018924
0.680966264057 1.0 0.780487804878 0.72362993518 0.697811945594
0.574760516451 0.0 0.560975609756 0.480848556276 0.531638083974
