0.694444444444 0.0 0.789473684211 0.788937409025 0.853357979051
0.787193973635 0.0 0.815789473684 0.7096069869 0.836722119532
0.841337099812 0.0 0.921052631579 0.957787481805 1.0
0.567796610169 0.0 0.684210526316 0.671761280932 0.720271102896
0.678907721281 0.0 0.842105263158 0.830422125182 0.799137399877
0.638888888889 0.0 0.763157894737 0.683406113537 0.706099815157
0.580979284369 0.0 0.736842105263 0.729985443959 0.71719038817
0.786723163842 0.0 0.842105263158 0.723435225619 0.789279112754
0.779661016949 0.0 0.894736842105 0.91557496361 0.903265557609
0.636534839925 0.0 0.736842105263 0.714701601164 0.747997535428
0.580979284369 0.0 0.736842105263 0.767831149927 0.747997535428
0.662900188324 0.0 0.710526315789 0.513828238719 0.615526802218
0.606873822976 0.0 0.684210526316 0.608442503639 0.672211953173
0.491054613936 0.0 0.631578947368 0.640465793304 0.650030807147
0.510357815443 0.0 0.684210526316 0.673944687045 0.648182378312
0.75 0.0 0.842105263158 0.807860262009 0.823783117683
0.533898305085 0.0 0.657894736842 0.585880640466 0.613062230437
0.607344632768 0.0 0.763157894737 0.757641921397 0.728897104128
0.692561205273 0.0 0.842105263158 0.858806404658 0.818237831177
0.452448210923 0.0 0.578947368421 0.586608442504 0.612446087492
0.531544256121 0.0 0.631578947368 0.558224163028 0.606284658041
0.75 0.0 0.815789473684 0.7903930131 0.826863832409
0.63418079096 0.0 0.684210526316 0.640465793304 0.714725816389
0.537664783427 0.0 0.736842105263 0.757641921397 0.689463955638
0.728342749529 0.0 0.789473684211 0.7634643377 0.806531115219
0.487758945386 0.0 0.657894736842 0.68922852984 0.656808379544
1.0 0.0 1.0 0.935225618632 0.995070856439
0.665254237288 0.0 0.763157894737 0.633187772926 0.662353666051
0.601694915254 0.0 0.736842105263 0.749636098981 0.733826247689
0.911958568738 0.0 1.0 1.0 0.975970425139
0.843691148776 0.0 0.921052631579 0.883551673945 0.887245841035
0.491054613936 0.0 0.605263157895 0.58442503639 0.609365372766
0.49670433145 0.0 0.605263157895 0.581513828239 0.609981515712
0.45197740113 0.0 0.578947368421 0.481077147016 0.50831792976
0.735875706215 0.0 0.815789473684 0.855895196507 0.861367837338
0.753766478343 0.0 0.815789473684 0.795487627365 0.820702402957
0.722222222222 0.0 0.815789473684 0.796215429403 0.794208256315
0.471280602637 0.0 0.631578947368 0.597525473071 0.574861367837
0.523069679849 0.0 0.631578947368 0.610625909753 0.628465804067
0.71186440678 0.0 0.736842105263 0.708879184862 0.778188539741
0.533898305085 0.0 0.657894736842 0.62154294032 0.62292051756
0.646892655367 0.0 0.789473684211 0.79403202329 0.751078250154
0.808380414313 0.0 0.894736842105 0.917758369723 0.900184842884
0.620998116761 0.0 0.631578947368 0.467976710335 0.584103512015
0.578625235405 0.0 0.736842105263 0.807132459971 0.751694393099
0.695856873823 0.0 0.710526315789 0.559679767103 0.656192236599
0.518361581921 0.0 0.657894736842 0.572052401747 0.56561922366
0.43549905838 0.0 0.578947368421 0.505822416303 0.50831792976
0.599811676083 0.0 0.684210526316 0.639010189229 0.667898952557
0.561676082863 0.0 0.710526315789 0.66885007278 0.638324091189
0.829096045198 0.0 0.868421052632 0.780203784571 0.817005545287
0.892184557439 0.0 0.973684210526 0.939592430859 0.914972273567
0.755178907721 0.0 0.868421052632 0.902474526929 0.861367837338
0.662429378531 0.0 0.789473684211 0.871906841339 0.826247689464
0.34934086629 0.0 0.5 0.465793304221 0.467036352434
0.555555555556 0.0 0.657894736842 0.649199417758 0.65865680838
0.460922787194 0.0 0.552631578947 0.507278020378 0.54898336414
0.691619585687 0.0 0.789473684211 0.602620087336 0.614294516328
0.624764595104 0.0 0.710526315789 0.610625909753 0.635243376463
0.580979284369 0.0 0.710526315789 0.700145560408 0.676524953789
0.501412429379 0.0 0.552631578947 0.494177583697 0.569932224276
0.542372881356 0.0 0.657894736842 0.632459970888 0.631546518792
0.827212806026 0.0 0.947368421053 0.914119359534 0.858287122612
0.623352165725 0.0 0.710526315789 0.655021834061 0.671595810228
0.632297551789 0.0 0.763157894737 0.826055312955 0.781269254467
0.913370998117 0.0 0.947368421053 0.866084425036 0.887245841035
0.820621468927 0.0 0.894736842105 0.940320232897 0.921133703019
0.777777777778 0.0 0.894736842105 0.895924308588 0.846580406654
0.579566854991 0.0 0.684210526316 0.686317321689 0.683918669131
0.70856873823 0.0 0.789473684211 0.762736535662 0.763401109057
0.732109227872 0.0 0.789473684211 0.751819505095 0.77325939618
0.476930320151 0.0 0.605263157895 0.580058224163 0.573629081947
0.707156308851 0.0 0.842105263158 0.796943231441 0.744916820702
0.850282485876 0.0 0.921052631579 0.806404657933 0.802218114603
0.532015065913 0.0 0.710526315789 0.767103347889 0.688231669747
0.683615819209 0.0 0.736842105263 0.629548762737 0.670979667283
0.746233521657 0.0 0.815789473684 0.739446870451 0.748613678373
0.504708097928 0.0 0.631578947368 0.600436681223 0.589032655576
0.506120527307 0.0 0.605263157895 0.518195050946 0.541589648799
0.558380414313 0.0 0.684210526316 0.707423580786 0.68022181146
0.493879472693 0.0 0.657894736842 0.635371179039 0.585335797905
0.65725047081 0.0 0.710526315789 0.600436681223 0.64325323475
0.606873822976 0.0 0.736842105263 0.770014556041 0.725816389402
0.654896421846 0.0 0.763157894737 0.696506550218 0.678373382625
0.60922787194 0.0 0.789473684211 0.857350800582 0.757239679606
0.568738229755 0.0 0.684210526316 0.633915574964 0.621072088725
0.588983050847 0.0 0.736842105263 0.72634643377 0.671595810228
0.873352165725 0.0 0.894736842105 0.869723435226 0.893407270487
0.379943502825 0.0 0.473684210526 0.350800582242 0.402341343192
0.619585687382 0.0 0.684210526316 0.677583697234 0.699938385705
0.822033898305 0.0 0.921052631579 0.824599708879 0.786198398028
0.873822975518 0.0 0.921052631579 0.853711790393 0.854590264941
0.696798493409 0.0 0.815789473684 0.784570596798 0.739987677141
0.436440677966 0.0 0.552631578947 0.494905385735 0.502772643253
0.828625235405 0.0 0.868421052632 0.894468704512 0.898336414048
0.601694915254 0.0 0.710526315789 0.656477438137 0.641404805915
0.749529190207 0.0 0.868421052632 0.873362445415 0.81269254467
0.605461393597 0.0 0.710526315789 0.735080058224 0.711645101664
0.79143126177 0.0 0.789473684211 0.692867540029 0.759704251386
0.506120527307 0.0 0.657894736842 0.680494905386 0.627233518176
0.697740112994 0.0 0.842105263158 0.885735080058 0.802834257548
0.540960451977 0.0 0.657894736842 0.688500727802 0.662969808996
0.564030131827 0.0 0.684210526316 0.617903930131 0.597042513863
0.385122410546 0.0 0.447368421053 0.355167394469 0.428219346888
0.844161958569 0.0 0.842105263158 0.684861717613 0.748613678373
0.732580037665 0.0 0.789473684211 0.676855895197 0.695009242144
0.55461393597 0.0 0.657894736842 0.644832605531 0.635243376463
0.593220338983 0.0 0.763157894737 0.774381368268 0.686999383857
0.518361581921 0.0 0.605263157895 0.605531295488 0.616759088108
0.559322033898 0.0 0.710526315789 0.728529839884 0.664818237831
0.76647834275 0.0 0.789473684211 0.716885007278 0.757239679606
0.620998116761 0.0 0.763157894737 0.818049490539 0.747381392483
0.55461393597 0.0 0.657894736842 0.600436681223 0.594577942083
0.418549905838 0.0 0.5 0.412663755459 0.456561922366
0.277777777778 0.0 0.368421052632 0.24308588064 0.307455329636
0.661487758945 0.0 0.763157894737 0.674672489083 0.653727664818
0.454331450094 0.0 0.578947368421 0.569141193595 0.552064078866
0.672316384181 0.0 0.710526315789 0.624454148472 0.664818237831
0.505178907721 0.0 0.605263157895 0.650655021834 0.641404805915
0.842278719397 0.0 0.894736842105 0.844978165939 0.835489833641
0.661958568738 0.0 0.842105263158 0.925036390102 0.801601971657
0.432674199623 0.0 0.526315789474 0.480349344978 0.501540357363
0.571563088512 0.0 0.736842105263 0.754002911208 0.669747381392
0.555084745763 0.0 0.657894736842 0.613537117904 0.603203943315
0.615348399247 0.0 0.684210526316 0.622998544396 0.638324091189
0.529190207156 0.0 0.657894736842 0.663755458515 0.62415280345
0.63418079096 0.0 0.815789473684 0.860262008734 0.743068391867
0.571092278719 0.0 0.684210526316 0.639010189229 0.613678373383
0.55790960452 0.0 0.657894736842 0.649927219796 0.634627233518
0.568738229755 0.0 0.657894736842 0.619359534207 0.616759088108
0.664312617702 0.0 0.736842105263 0.748908296943 0.738755391251
0.441148775895 0.0 0.526315789474 0.448326055313 0.476894639556
0.547080979284 0.0 0.657894736842 0.683406113537 0.653111521873
0.591337099812 0.0 0.710526315789 0.663755458515 0.626001232286
0.479284369115 0.0 0.605263157895 0.54730713246 0.523721503389
0.543785310734 0.0 0.657894736842 0.612081513828 0.587184226741
0.477401129944 0.0 0.526315789474 0.425036390102 0.483672211953
0.53483992467 0.0 0.631578947368 0.628093158661 0.615526802218
0.439736346516 0.0 0.552631578947 0.484716157205 0.480591497227
0.489171374765 0.0 0.526315789474 0.427219796215 0.494146642021
0.632768361582 0.0 0.789473684211 0.849344978166 0.749229821319
0.566854990584 0.0 0.710526315789 0.725618631732 0.656192236599
0.573446327684 0.0 0.657894736842 0.624454148472 0.619839802834
0.618173258004 0.0 0.710526315789 0.711790393013 0.686383240912
0.641242937853 0.0 0.763157894737 0.743813682678 0.686999383857
0.329096045198 0.0 0.421052631579 0.384279475983 0.415896487985
0.451506591337 0.0 0.526315789474 0.490538573508 0.516943930992
0.558380414313 0.0 0.657894736842 0.622998544396 0.60505237215
0.560734463277 0.0 0.657894736842 0.62154294032 0.605668515096
0.578154425612 0.0 0.710526315789 0.703784570597 0.645101663586
0.384651600753 0.0 0.447368421053 0.348617176128 0.406654343808
0.661958568738 0.0 0.763157894737 0.742358078603 0.701786814541
0.633239171375 0.0 0.710526315789 0.609170305677 0.608133086876
0.60922787194 0.0 0.710526315789 0.649927219796 0.623536660505
0.810263653484 0.0 0.842105263158 0.757641921397 0.768330252619
0.399717514124 0.0 0.526315789474 0.571324599709 0.542821934689
0.518832391714 0.0 0.657894736842 0.622270742358 0.569932224276
0.428907721281 0.0 0.5 0.419941775837 0.457794208256
0.572504708098 0.0 0.684210526316 0.671761280932 0.634011090573
0.674670433145 0.0 0.763157894737 0.780203784571 0.743684534812
0.608286252354 0.0 0.710526315789 0.748180494905 0.706715958102
0.520715630885 0.0 0.605263157895 0.573508005822 0.573629081947
0.665725047081 0.0 0.763157894737 0.781659388646 0.73505853358
0.728813559322 0.0 0.763157894737 0.665938864629 0.686383240912
0.536252354049 0.0 0.631578947368 0.564774381368 0.553912507702
0.401600753296 0.0 0.5 0.5 0.501540357363
0.505649717514 0.0 0.578947368421 0.434497816594 0.460874922982
0.616760828625 0.0 0.657894736842 0.505094614265 0.544670363524
0.785310734463 0.0 0.815789473684 0.747452692868 0.756623536661
0.433615819209 0.0 0.578947368421 0.589519650655 0.535428219347
0.787664783427 0.0 0.868421052632 0.898107714702 0.842883548983
0.616290018832 0.0 0.710526315789 0.667394468705 0.638324091189
0.536252354049 0.0 0.631578947368 0.574963609898 0.560690080099
0.541902071563 0.0 0.657894736842 0.682678311499 0.635859519409
0.479284369115 0.0 0.578947368421 0.601892285298 0.582871226124
0.41384180791 0.0 0.5 0.441775836972 0.458410351201
0.443502824859 0.0 0.578947368421 0.542940320233 0.501540357363
0.45856873823 0.0 0.526315789474 0.525473071325 0.54528650647
0.555555555556 0.0 0.657894736842 0.624454148472 0.595194085028
0.5065913371 0.0 0.631578947368 0.633915574964 0.58595194085
0.65395480226 0.0 0.736842105263 0.669577874818 0.646333949476
0.436440677966 0.0 0.552631578947 0.497816593886 0.478126925447
0.591337099812 0.0 0.631578947368 0.620815138282 0.644485520641
0.546139359699 0.0 0.631578947368 0.607714701601 0.595194085028
0.467514124294 0.0 0.578947368421 0.555312954876 0.530499075786
0.557438794727 0.0 0.710526315789 0.692867540029 0.608749229821
0.604519774011 0.0 0.684210526316 0.639010189229 0.62415280345
0.496233521657 0.0 0.578947368421 0.551673944687 0.550831792976
0.519303201507 0.0 0.605263157895 0.491994177584 0.494146642021
0.543314500942 0.0 0.657894736842 0.665938864629 0.619223659889
0.66054613936 0.0 0.710526315789 0.649927219796 0.656192236599
0.550847457627 0.0 0.657894736842 0.66885007278 0.627849661121
0.434557438795 0.0 0.5 0.379912663755 0.418361059766
0.564030131827 0.0 0.657894736842 0.57423580786 0.555760936537
0.595574387947 0.0 0.657894736842 0.518922852984 0.533579790511
0.636064030132 0.0 0.684210526316 0.641193595342 0.650646950092
0.514595103578 0.0 0.657894736842 0.682678311499 0.608749229821
0.673728813559 0.0 0.815789473684 0.801310043668 0.704867529267
0.442561205273 0.0 0.578947368421 0.581513828239 0.52988293284
0.503766478343 0.0 0.657894736842 0.650655021834 0.571164510166
