0.120428518655 0.0 0.170212765957 0.149570200573 0.129411764706
0.946065755449 1.0 0.893617021277 0.849283667622 0.856777493606
1.0 0.0 0.978723404255 0.939255014327 0.921227621483
0.172146287403 1.0 0.170212765957 0.0664756446991 0.060358056266
0.956778721832 0.0 1.0 1.0 1.0
0.143332101958 0.0 0.191489361702 0.189684813754 0.117135549872
0.945326930181 0.0 0.978723404255 0.992550143266 0.96368286445
0.915404506834 0.0 0.936170212766 0.928366762178 0.903324808184
0.172146287403 0.0 0.212765957447 0.146131805158 0.150895140665
0.86590321389 0.0 0.893617021277 0.879656160458 0.904347826087
0.921684521611 1.0 0.936170212766 0.858452722063 0.812276214834
0.760251200591 0.0 0.851063829787 0.910028653295 0.842966751918
0.961950498707 0.0 0.978723404255 0.958166189112 0.909462915601
0.948651643886 0.0 0.936170212766 0.960458452722 0.966751918159
0.73845585519 1.0 0.744680851064 0.692836676218 0.77442455243
0.842999630587 0.0 0.893617021277 0.922063037249 0.874680306905
0.893978574067 0.0 0.872340425532 0.761604584527 0.686445012788
0.15773919468 0.0 0.212765957447 0.159312320917 0.151918158568
0.237162910972 0.0 0.255319148936 0.186819484241 0.209207161125
0.482083487255 0.0 0.63829787234 0.59770773639 0.547826086957
0.915773919468 1.0 0.872340425532 0.789111747851 0.79283887468
0.18322866642 0.0 0.255319148936 0.196561604585 0.223529411765
0.188769855929 1.0 0.234042553191 0.177650429799 0.192327365729
0.274104174363 0.0 0.404255319149 0.371346704871 0.309974424552
0.184336904322 0.0 0.212765957447 0.163323782235 0.159079283887
0.531215367566 1.0 0.468085106383 0.343266475645 0.379539641944
0.679719246398 1.0 0.595744680851 0.487106017192 0.561636828645
0.42777983007 0.0 0.574468085106 0.583954154728 0.516624040921
0.650535648319 1.0 0.63829787234 0.563896848138 0.599488491049
0.785371259697 1.0 0.787234042553 0.678510028653 0.66547314578
0.752862947913 0.0 0.702127659574 0.604584527221 0.609207161125
0.826376062061 0.0 0.893617021277 0.863610315186 0.742710997442
0.944957517547 0.0 0.893617021277 0.808595988539 0.751918158568
0.501292944219 1.0 0.510638297872 0.464183381089 0.525319693095
0.25120059106 1.0 0.297872340426 0.212034383954 0.255242966752
0.302548947174 1.0 0.340425531915 0.216618911175 0.195907928389
0.716291097156 1.0 0.723404255319 0.621203438395 0.615345268542
0.269301810122 0.0 0.382978723404 0.275071633238 0.29820971867
0.439601034355 0.0 0.595744680851 0.563323782235 0.53810741688
0.675286294791 1.0 0.659574468085 0.502005730659 0.587723785166
0.507942371629 0.0 0.659574468085 0.663037249284 0.602046035806
0.557813077207 1.0 0.531914893617 0.41776504298 0.510485933504
0.364979682305 0.0 0.510638297872 0.527220630372 0.451150895141
0.808644255634 0.0 0.872340425532 0.826934097421 0.825063938619
0.311414850388 0.0 0.446808510638 0.357020057307 0.385166240409
0.686738086443 0.0 0.787234042553 0.757020057307 0.715601023018
0.334687846324 0.0 0.468085106383 0.448710601719 0.434271099744
0.760990025859 0.0 0.829787234043 0.798853868195 0.713554987212
0.589582563724 1.0 0.553191489362 0.457306590258 0.522762148338
0.390469154045 0.0 0.531914893617 0.499713467049 0.457800511509
0.258219431105 0.0 0.36170212766 0.298567335244 0.342710997442
0.190616919099 0.0 0.276595744681 0.260171919771 0.204092071611
0.666420391577 1.0 0.617021276596 0.478510028653 0.550895140665
0.253786479498 1.0 0.276595744681 0.260744985673 0.284910485934
0.175101588474 0.0 0.234042553191 0.249856733524 0.223017902813
0.824898411526 1.0 0.765957446809 0.61547277937 0.700767263427
0.242334687846 0.0 0.340425531915 0.299140401146 0.267007672634
0.196158108607 0.0 0.255319148936 0.170200573066 0.141176470588
0.314370151459 1.0 0.404255319149 0.313467048711 0.366751918159
0.231991134097 0.0 0.31914893617 0.315759312321 0.272122762148
0.58921315109 0.0 0.723404255319 0.731232091691 0.67621483376
0.421499815294 0.0 0.553191489362 0.604584527221 0.531457800512
0.452530476542 1.0 0.489361702128 0.389111747851 0.475191815857
0.649427410417 0.0 0.765957446809 0.747277936963 0.751406649616
0.307720724049 0.0 0.425531914894 0.426934097421 0.4
0.255264130033 1.0 0.31914893617 0.241260744986 0.248081841432
0.726634650905 1.0 0.68085106383 0.568481375358 0.588235294118
0.605836719616 0.0 0.744680851064 0.758739255014 0.667007672634
0.84226080532 0.0 0.829787234043 0.710601719198 0.80358056266
0.204654599187 0.0 0.297872340426 0.287106017192 0.250639386189
0.358699667529 0.0 0.489361702128 0.4888252149 0.45831202046
0.772811230144 0.0 0.765957446809 0.750143266476 0.829667519182
0.469523457702 1.0 0.425531914894 0.318624641834 0.387723785166
0.479497598818 1.0 0.446808510638 0.323209169054 0.368797953964
0.696712227558 0.0 0.808510638298 0.804011461318 0.702813299233
0.811968969339 1.0 0.808510638298 0.761031518625 0.74168797954
0.264130033247 1.0 0.36170212766 0.297421203438 0.295140664962
0.467306981899 0.0 0.617021276596 0.640687679083 0.541176470588
0.377539711858 0.0 0.382978723404 0.285386819484 0.298721227621
0.528629479128 0.0 0.68085106383 0.672779369628 0.656265984655
0.801256002955 1.0 0.829787234043 0.799426934097 0.826086956522
0.818618396749 0.0 0.872340425532 0.801146131805 0.861381074169
0.733653490949 0.0 0.808510638298 0.785100286533 0.738618925831
0.766161802734 0.0 0.829787234043 0.83782234957 0.746803069054
0.57886959734 0.0 0.702127659574 0.719770773639 0.638874680307
0.82526782416 0.0 0.851063829787 0.792550143266 0.788235294118
0.712227558182 0.0 0.808510638298 0.864183381089 0.804092071611
0.844846693757 0.0 0.787234042553 0.672779369628 0.698721227621
0.404876246768 0.0 0.468085106383 0.363896848138 0.33452685422
0.797192463982 0.0 0.851063829787 0.862464183381 0.809207161125
0.716660509789 0.0 0.808510638298 0.775931232092 0.728900255754
0.278906538604 0.0 0.31914893617 0.181661891117 0.176470588235
0.619504987071 1.0 0.574468085106 0.464756446991 0.516112531969
0.247137052087 0.0 0.31914893617 0.331232091691 0.32378516624
0.618766161803 0.0 0.744680851064 0.816618911175 0.76368286445
0.197266346509 0.0 0.276595744681 0.238395415473 0.224552429668
0.717768747691 0.0 0.787234042553 0.830372492837 0.785677749361
0.485038788327 0.0 0.510638297872 0.354154727794 0.364194373402
0.688954562246 0.0 0.702127659574 0.650429799427 0.653196930946
0.783524196528 0.0 0.829787234043 0.826934097421 0.765728900256
0.569264868859 1.0 0.553191489362 0.403438395415 0.471611253197
0.448836350203 1.0 0.510638297872 0.406303724928 0.495652173913
0.574436645733 0.0 0.574468085106 0.532951289398 0.554475703325
0.267824159586 0.0 0.297872340426 0.188538681948 0.184654731458
0.241965275212 0.0 0.276595744681 0.222922636103 0.231713554987
0.32766900628 0.0 0.425531914894 0.310601719198 0.314578005115
0.800886590321 1.0 0.829787234043 0.793123209169 0.817902813299
0.538973032878 0.0 0.659574468085 0.632091690544 0.593861892583
0.425932766901 0.0 0.425531914894 0.335243553009 0.358567774936
0.633912079793 0.0 0.744680851064 0.763896848138 0.668542199488
0.336534909494 0.0 0.31914893617 0.207449856734 0.196930946292
0.292574806058 1.0 0.340425531915 0.282521489971 0.305882352941
0.664942741042 0.0 0.744680851064 0.698567335244 0.6726342711
0.373845585519 0.0 0.468085106383 0.412607449857 0.393861892583
0.547469523458 0.0 0.595744680851 0.539828080229 0.572378516624
0.34466198744 0.0 0.404255319149 0.229799426934 0.281329923274
0.669375692649 0.0 0.723404255319 0.719197707736 0.771355498721
0.753601773181 0.0 0.723404255319 0.644699140401 0.690537084399
0.612116734392 1.0 0.617021276596 0.49111747851 0.512531969309
0.706686368674 1.0 0.765957446809 0.719770773639 0.70537084399
0.475803472479 1.0 0.510638297872 0.395415472779 0.376470588235
0.223125230883 0.0 0.276595744681 0.252722063037 0.242455242967
0.700775766531 0.0 0.659574468085 0.608595988539 0.647058823529
0.325452530477 0.0 0.31914893617 0.229799426934 0.217902813299
0.282970077577 0.0 0.297872340426 0.245845272206 0.263938618926
0.299963058737 0.0 0.382978723404 0.327793696275 0.352941176471
0.72146287403 1.0 0.744680851064 0.626934097421 0.723273657289
0.36830439601 0.0 0.404255319149 0.281948424069 0.293094629156
0.550424824529 0.0 0.574468085106 0.481375358166 0.50179028133
0.413372737348 1.0 0.468085106383 0.38452722063 0.425063938619
0.766531215368 0.0 0.829787234043 0.740401146132 0.649616368286
0.805688954562 0.0 0.787234042553 0.659025787966 0.678260869565
0.212781677133 0.0 0.276595744681 0.276217765043 0.2726342711
0.244920576284 0.0 0.340425531915 0.267048710602 0.303836317136
0.684152198005 0.0 0.723404255319 0.69340974212 0.622506393862
0.207979312893 0.0 0.297872340426 0.29111747851 0.259335038363
0.188031030661 0.0 0.234042553191 0.158739255014 0.167774936061
0.316586627263 0.0 0.404255319149 0.378796561605 0.398465473146
0.338381972663 0.0 0.36170212766 0.292836676218 0.299744245524
0.173993350573 0.0 0.212765957447 0.158739255014 0.154475703325
0.696342814924 0.0 0.702127659574 0.656733524355 0.654219948849
0.465829331363 0.0 0.595744680851 0.545558739255 0.454731457801
0.494274104174 0.0 0.63829787234 0.636676217765 0.588235294118
0.534909493905 0.0 0.531914893617 0.458452722063 0.479283887468
0.387883265608 0.0 0.489361702128 0.509455587393 0.489514066496
0.697451052826 0.0 0.765957446809 0.743266475645 0.709974424552
0.323236054673 0.0 0.382978723404 0.389684813754 0.405115089514
0.758404137421 0.0 0.808510638298 0.772492836676 0.828132992327
0.718876985593 0.0 0.787234042553 0.734670487106 0.766751918159
0.700406353897 0.0 0.787234042553 0.790830945559 0.758567774936
0.178056889546 0.0 0.234042553191 0.189111747851 0.173913043478
0.433321019579 0.0 0.531914893617 0.514040114613 0.531969309463
0.330254894717 0.0 0.446808510638 0.438968481375 0.473145780051
0.603250831178 1.0 0.617021276596 0.523782234957 0.581074168798
0.401551533062 0.0 0.531914893617 0.570773638968 0.566751918159
0.590321388992 0.0 0.659574468085 0.706017191977 0.667519181586
0.661248614703 0.0 0.63829787234 0.570200573066 0.609207161125
0.735869966753 0.0 0.765957446809 0.683667621777 0.638874680307
0.639822681936 0.0 0.617021276596 0.576504297994 0.630179028133
0.647580347248 0.0 0.744680851064 0.714613180516 0.739641943734
0.725157000369 0.0 0.723404255319 0.629799426934 0.626598465473
0.635759142963 1.0 0.723404255319 0.682521489971 0.634782608696
0.476542297747 0.0 0.404255319149 0.305444126074 0.344245524297
0.219800517178 0.0 0.276595744681 0.261318051576 0.251662404092
0.629109715552 0.0 0.68085106383 0.630945558739 0.662404092072
0.771702992242 0.0 0.765957446809 0.669340974212 0.718670076726
0.397118581455 0.0 0.531914893617 0.534097421203 0.462915601023
0.563354266716 1.0 0.595744680851 0.519197707736 0.542710997442
0.460288141854 0.0 0.553191489362 0.540401146132 0.506905370844
0.360177318064 0.0 0.425531914894 0.332378223496 0.355498721228
0.283339490211 0.0 0.36170212766 0.265902578797 0.293606138107
0.184706316956 1.0 0.234042553191 0.159885386819 0.132992327366
0.417436276321 1.0 0.489361702128 0.368481375358 0.433248081841
0.53638714444 0.0 0.595744680851 0.553581661891 0.542710997442
0.52124122645 0.0 0.659574468085 0.665902578797 0.635805626598
0.204285186553 0.0 0.276595744681 0.159885386819 0.203069053708
0.513483561138 0.0 0.553191489362 0.429226361032 0.446035805627
0.239379386775 0.0 0.297872340426 0.256733524355 0.236828644501
0.648319172516 0.0 0.659574468085 0.559312320917 0.580051150895
0.585888437385 0.0 0.617021276596 0.533524355301 0.572378516624
0.371998522349 0.0 0.468085106383 0.449283667622 0.483887468031
0.382711488733 0.0 0.468085106383 0.394842406877 0.368797953964
0.513114148504 0.0 0.531914893617 0.444699140401 0.467007672634
0.461396379756 0.0 0.446808510638 0.347277936963 0.371355498721
0.378278537126 0.0 0.510638297872 0.484813753582 0.430690537084
0.224972294052 1.0 0.276595744681 0.218911174785 0.218925831202
0.610269671223 0.0 0.595744680851 0.475071633238 0.459846547315
0.565940155153 0.0 0.68085106383 0.696275071633 0.656777493606
0.263021795345 1.0 0.340425531915 0.240114613181 0.279795396419
0.643147395641 1.0 0.744680851064 0.723782234957 0.704347826087
0.295899519764 0.0 0.382978723404 0.426361031519 0.346291560102
0.46361285556 0.0 0.574468085106 0.530659025788 0.529411764706
0.537125969708 1.0 0.68085106383 0.638968481375 0.639386189258
0.593646102697 0.0 0.702127659574 0.683667621777 0.697698209719
0.519763575914 1.0 0.63829787234 0.589111747851 0.664961636829
0.75729589952 0.0 0.744680851064 0.644126074499 0.568797953964
0.209826376062 0.0 0.297872340426 0.257306590258 0.199488491049
0.490579977835 0.0 0.574468085106 0.520916905444 0.445012787724
0.43812338382 0.0 0.489361702128 0.416045845272 0.453708439898
0.517916512745 0.0 0.63829787234 0.577650429799 0.583631713555
