0.498852684718 1.0 0.685714285714 0.640949554896 0.720947446336
0.484625975218 1.0 0.628571428571 0.588278931751 0.641746854182
0.403854979348 0.0 0.571428571429 0.502225519288 0.620281273131
0.397888939881 0.0 0.542857142857 0.4146884273 0.59141376758
0.491509866911 0.0 0.6 0.402077151335 0.497409326425
0.511702615879 0.0 0.628571428571 0.402077151335 0.497409326425
0.418999541074 0.0 0.657142857143 0.655044510386 0.60991857883
0.500688389169 0.0 0.685714285714 0.612759643917 0.524056254626
0.396053235429 0.0 0.514285714286 0.454747774481 0.434492968172
0.316200091785 0.0 0.457142857143 0.356083086053 0.40710584752
0.287746672786 0.0 0.4 0.271513353116 0.310880829016
0.239100504819 0.0 0.342857142857 0.213649851632 0.302738712065
0.630564479119 0.0 0.771428571429 0.683234421365 0.80088823094
0.476365305186 0.0 0.657142857143 0.573442136499 0.614359733531
0.606700321248 0.0 0.857142857143 0.859792284866 0.846780162842
0.579623680587 0.0 0.828571428571 0.816023738872 0.79496669134
0.277650298302 0.0 0.428571428571 0.391691394659 0.414507772021
0.209729233593 0.0 0.314285714286 0.258160237389 0.311621021466
0.485543827444 0.0 0.6 0.477744807122 0.501110288675
0.495181275815 0.0 0.714285714286 0.658011869436 0.716506291636
0.682423129876 0.0 0.885714285714 0.853857566766 0.843079200592
0.756769160165 0.0 0.971428571429 0.929525222552 0.984455958549
0.794401101423 0.0 0.914285714286 0.833086053412 0.723168023686
0.662689307022 0.0 0.8 0.704747774481 0.534418948927
0.30105553006 0.0 0.371428571429 0.229970326409 0.324944485566
0.401101422671 0.0 0.485714285714 0.344955489614 0.482605477424
0.436897659477 0.0 0.6 0.571958456973 0.693560325685
0.513079394218 0.0 0.714285714286 0.621661721068 0.816432272391
0.239100504819 0.0 0.342857142857 0.213649851632 0.302738712065
0.323542909592 0.0 0.485714285714 0.3353115727 0.493708364175
0.211564938045 1.0 0.285714285714 0.152077151335 0.139896373057
0.211564938045 1.0 0.285714285714 0.152077151335 0.139896373057
0.351996328591 1.0 0.342857142857 0.172106824926 0.20651369356
0.432308398348 0.0 0.485714285714 0.468100890208 0.440414507772
0.351996328591 1.0 0.342857142857 0.172106824926 0.20651369356
0.340523175769 1.0 0.428571428571 0.340504451039 0.280532938564
0.492427719137 0.0 0.657142857143 0.594955489614 0.472982975574
0.455713630106 0.0 0.6 0.446587537092 0.39822353812
0.326755392382 0.0 0.457142857143 0.297477744807 0.423390081421
0.323542909592 0.0 0.485714285714 0.3353115727 0.493708364175
0.469940339605 1.0 0.571428571429 0.473293768546 0.492227979275
0.360715924736 1.0 0.485714285714 0.402818991098 0.410806809771
1.0 0.0 1.0 0.859792284866 0.928941524796
0.55943093162 0.0 0.685714285714 0.522997032641 0.652109548483
0.140890316659 1.0 0.2 0.0838278931751 0.0569948186528
0.140890316659 1.0 0.2 0.0838278931751 0.0569948186528
0.506654428637 0.0 0.771428571429 0.804896142433 0.838638045892
0.957319871501 0.0 0.914285714286 0.9146884273 1.0
0.371271225333 0.0 0.571428571429 0.46884272997 0.59659511473
0.262046810464 0.0 0.4 0.373887240356 0.435973353072
0.345112436898 0.0 0.514285714286 0.399109792285 0.561806069578
0.476824231299 0.0 0.657142857143 0.554896142433 0.679496669134
0.652134006425 0.0 0.742857142857 0.574183976261 0.623982235381
0.510784763653 0.0 0.542857142857 0.306379821958 0.359733530718
0.677374942634 0.0 0.914285714286 0.98590504451 0.938564026647
0.653051858651 0.0 0.8 0.707715133531 0.749074759437
0.70674621386 1.0 0.828571428571 0.75296735905 0.776461880089
0.592014685636 1.0 0.742857142857 0.648367952522 0.685418208734
0.1886186324 1.0 0.285714285714 0.217359050445 0.159881569208
0.307939421753 1.0 0.428571428571 0.343471810089 0.250925240563
0.391005048187 1.0 0.457142857143 0.461424332344 0.461880088823
0.534648921524 0.0 0.828571428571 0.848664688427 0.817912657291
0.477283157412 1.0 0.6 0.570474777448 0.624722427831
0.40890316659 1.0 0.514285714286 0.422848664688 0.434492968172
0.406608536026 0.0 0.542857142857 0.389465875371 0.472982975574
0.428178063332 0.0 0.571428571429 0.453264094955 0.541080680977
0.441945846719 0.0 0.6 0.521513353116 0.388601036269
0.38825149151 0.0 0.571428571429 0.499258160237 0.373797187269
0.728315741166 0.0 0.971428571429 1.0 0.886750555144
0.610830656264 0.0 0.828571428571 0.845697329377 0.680977054034
0.58788435062 1.0 0.685714285714 0.618694362018 0.783863804589
0.786599357503 1.0 0.828571428571 0.708456973294 0.851221317543
0.228545204222 0.0 0.342857142857 0.196587537092 0.317542561066
0.228545204222 0.0 0.342857142857 0.196587537092 0.317542561066
0.140890316659 1.0 0.2 0.0838278931751 0.0569948186528
0.399724644332 1.0 0.428571428571 0.305637982196 0.309400444115
0.609453877926 0.0 0.742857142857 0.640949554896 0.779422649889
0.428636989445 0.0 0.628571428571 0.552670623145 0.629903774981
0.192748967416 0.0 0.285714285714 0.176557863501 0.264988897113
0.192748967416 0.0 0.285714285714 0.176557863501 0.264988897113
