0.493178717599 0.4 0.44 0.4375 0.351550960118
0.266712141883 0.0 0.2 0.196428571429 0.125553914328
0.928376534789 0.6 0.92 0.543367346939 0.669128508124
0.961800818554 0.8 0.96 0.677295918367 0.709010339734
0.445429740791 0.2 0.44 0.563775510204 0.565731166913
0.43860845839 0.2 0.4 0.34693877551 0.364844903988
0.781036834925 0.8 0.76 0.626275510204 0.642540620384
0.602319236016 0.6 0.56 0.258928571429 0.267355982275
0.300818553888 0.0 0.24 0.182397959184 0.124076809453
0.328103683492 0.0 0.28 0.182397959184 0.124076809453
0.459754433834 0.2 0.48 0.475765306122 0.465288035451
0.514324693042 0.4 0.52 0.475765306122 0.465288035451
0.572987721692 0.4 0.64 0.762755102041 0.77400295421
0.737380627558 0.4 0.84 0.918367346939 1.0
0.592087312415 0.2 0.64 0.544642857143 0.35893648449
0.779672578445 0.2 0.8 0.530612244898 0.29246676514
0.474761255116 0.4 0.44 0.176020408163 0.0531757754801
0.474761255116 0.2 0.36 0.304846938776 0.189069423929
0.62619372442 0.8 0.56 0.142857142857 0.101920236337
0.465211459754 0.2 0.4 0.176020408163 0.0531757754801
0.846521145975 0.8 0.84 0.450255102041 0.553914327917
0.982264665757 1.0 0.92 0.452806122449 0.487444608567
0.567530695771 0.0 0.6 0.50637755102 0.33234859675
0.362210095498 0.0 0.36 0.269132653061 0.206794682422
0.557980900409 0.0 0.6 0.576530612245 0.440177252585
0.75102319236 0.4 0.84 1.0 0.899556868538
0.761937244202 0.2 0.72 0.512755102041 0.37223042836
0.793315143247 0.0 0.76 0.679846938776 0.521418020679
0.280354706685 0.0 0.2 0.126275510204 0.0177252584934
0.334924965894 0.0 0.32 0.269132653061 0.206794682422
0.609140518417 0.2 0.6 0.707908163265 0.695716395864
1.0 0.0 1.0 0.897959183673 0.716395864106
0.441336971351 0.4 0.4 0.25 0.217134416544
0.407912687585 0.2 0.32 0.126275510204 0.0177252584934
0.667803547067 0.2 0.68 0.442602040816 0.457902511078
0.726466575716 0.4 0.76 0.460459183673 0.512555391433
0.477489768076 0.2 0.4 0.308673469388 0.158050221566
0.794679399727 0.4 0.88 0.897959183673 0.998522895126
0.355388813097 0.2 0.28 0.182397959184 0.124076809453
0.399727148704 0.0 0.36 0.232142857143 0.15952732644
0.804911323329 0.0 0.84 0.617346938776 0.375184638109
0.856753069577 0.2 0.8 0.498724489796 0.30576070901
0.744201909959 0.8 0.76 0.524234693878 0.543574593796
0.737380627558 0.6 0.8 0.548469387755 0.655834564254
0.674624829468 0.2 0.8 0.758928571429 0.815361890694
0.75102319236 0.4 0.84 0.927295918367 0.96011816839
0.615961800819 1.0 0.64 0.627551020408 0.709010339734
0.596862210095 0.4 0.56 0.364795918367 0.257016248154
0.557298772169 0.2 0.48 0.297193877551 0.363367799114
0.407230559345 0.4 0.32 0.343112244898 0.218611521418
0.739427012278 0.2 0.76 0.591836734694 0.584933530281
0.770804911323 0.0 0.8 0.635204081633 0.500738552437
0.729877216917 0.6 0.72 0.609693877551 0.607090103397
0.548431105048 0.6 0.56 0.447704081633 0.518463810931
0.633015006821 0.0 0.72 0.6875 0.548005908419
0.612551159618 0.0 0.68 0.63137755102 0.441654357459
0.593451568895 0.4 0.68 0.81887755102 0.88035450517
0.725784447476 0.2 0.84 0.918367346939 0.750369276219
0.682810368349 0.4 0.72 0.594387755102 0.487444608567
0.641882673943 0.2 0.64 0.594387755102 0.487444608567
0.321282401091 0.2 0.28 0.126275510204 0.0177252584934
0.321282401091 0.2 0.28 0.126275510204 0.0177252584934
0.493860845839 0.2 0.56 0.602040816327 0.679468242245
0.671214188267 0.4 0.64 0.488520408163 0.692762186115
0.393587994543 0.2 0.36 0.413265306122 0.326440177253
0.463847203274 0.6 0.4 0.359693877551 0.302806499261
0.757844474761 0.6 0.8 0.640306122449 0.74741506647
0.785129604366 0.6 0.84 0.758928571429 0.843426883309
0.369031377899 0.2 0.32 0.213010204082 0.100443131462
0.393587994543 0.2 0.32 0.220663265306 0.150664697194
0.49795361528 0.4 0.48 0.343112244898 0.218611521418
0.31173260573 0.0 0.24 0.126275510204 0.0177252584934
0.637107776262 0.2 0.6 0.40306122449 0.494830132939
0.637107776262 0.2 0.6 0.40306122449 0.494830132939
0.341746248295 0.2 0.32 0.182397959184 0.124076809453
0.579809004093 0.2 0.64 0.718112244898 0.778434268833
0.459072305593 0.2 0.44 0.49362244898 0.457902511078
0.571623465211 0.0 0.48 0.436224489796 0.512555391433
0.359481582538 0.0 0.32 0.276785714286 0.257016248154
0.300818553888 0.0 0.24 0.182397959184 0.124076809453
