0.571763785686 0.0 0.659090909091 0.719658119658 0.717229536348
0.640203363316 0.0 0.704545454545 0.728205128205 0.678305666857
0.525224872898 0.0 0.522727272727 0.507122507123 0.48425872925
0.637465780211 0.0 0.727272727273 0.676353276353 0.612478534631
0.508017207665 0.0 0.568181818182 0.509401709402 0.635374928449
0.294094642159 0.0 0.386363636364 0.320227920228 0.298797939325
0.344935471255 0.0 0.386363636364 0.329344729345 0.338294218661
0.62651544779 0.333333333333 0.613636363636 0.565242165242 0.595878649113
0.554165037153 0.0 0.522727272727 0.446153846154 0.434459072696
0.514665623778 0.0 0.636363636364 0.521367521368 0.527189467659
0.666014861165 0.0 0.636363636364 0.48660968661 0.448196908987
0.783339851388 0.0 0.795454545455 0.650142450142 0.611906124785
0.525224872898 0.0 0.568181818182 0.536182336182 0.546078992559
0.445052796246 0.0 0.477272727273 0.438176638177 0.44647967945
0.634337113805 0.0 0.727272727273 0.62735042735 0.697767601603
0.730934689089 0.0 0.772727272727 0.74415954416 0.705208929594
0.852952678921 0.0 0.772727272727 0.697435897436 0.673153978248
0.513883457176 0.0 0.545454545455 0.537321937322 0.493989696623
0.554165037153 0.0 0.681818181818 0.708831908832 0.654836863194
0.567070786077 0.0 0.613636363636 0.554415954416 0.543216943331
0.550254204145 0.333333333333 0.590909090909 0.535042735043 0.517458500286
0.80015643332 0.0 0.863636363636 0.749287749288 0.861476817401
0.553773953852 0.0 0.659090909091 0.651282051282 0.72581568403
0.652326945639 0.0 0.659090909091 0.631908831909 0.587292501431
0.609698865858 0.0 0.727272727273 0.638176638177 0.684602175157
0.545561204537 0.0 0.636363636364 0.548717948718 0.59244419004
0.838482596793 0.0 0.863636363636 0.803988603989 0.851173440183
0.554165037153 0.0 0.522727272727 0.446153846154 0.434459072696
0.560031286664 0.0 0.681818181818 0.659259259259 0.676588437321
0.42628079781 0.0 0.431818181818 0.409686609687 0.393817973669
0.746186937818 0.0 0.772727272727 0.659829059829 0.752718946766
0.882283926476 0.0 0.840909090909 0.737321937322 0.841442472811
0.535784122018 0.333333333333 0.545454545455 0.447863247863 0.441327990841
0.848259679312 0.0 0.886363636364 0.760113960114 0.882655981683
0.463433711381 0.0 0.5 0.475213675214 0.496279336005
0.559640203363 0.0 0.613636363636 0.466666666667 0.568402976531
0.706687524443 0.0 0.681818181818 0.679202279202 0.673153978248
0.75791943684 0.333333333333 0.818181818182 0.74245014245 0.759015455066
0.736018771998 0.0 0.75 0.639316239316 0.741843159702
0.823230348064 0.0 0.818181818182 0.693447293447 0.804808242702
0.391083300743 0.0 0.522727272727 0.414245014245 0.456783056669
0.67383652718 0.0 0.75 0.694586894587 0.695477962221
0.469691044192 0.0 0.477272727273 0.416524216524 0.419004006869
0.580367618303 0.0 0.659090909091 0.567521367521 0.524327418432
0.317950723504 0.0 0.386363636364 0.329344729345 0.366342301088
0.801329683223 0.0 0.818181818182 0.774928774929 0.737836290784
0.661321861557 0.0 0.75 0.704273504274 0.729822552948
0.71059835745 0.0 0.727272727273 0.736182336182 0.746994848311
0.612827532264 0.0 0.636363636364 0.618803418803 0.65655409273
0.704341024638 0.0 0.704545454545 0.630199430199 0.718946765884
0.567070786077 0.0 0.636363636364 0.547008547009 0.631940469376
0.555338287055 0.0 0.659090909091 0.564102564103 0.651402404121
0.414548298788 0.0 0.522727272727 0.533903133903 0.455065827132
0.4736018772 0.0 0.613636363636 0.635327635328 0.621064682313
0.500977708252 0.0 0.590909090909 0.469515669516 0.488265598168
0.509190457567 0.0 0.5 0.455270655271 0.493989696623
0.756355103637 0.0 0.727272727273 0.556125356125 0.665140240412
0.298005475166 0.0 0.386363636364 0.310541310541 0.310818546079
0.380132968322 0.0 0.477272727273 0.492307692308 0.453348597596
0.480641376613 0.0 0.568181818182 0.532193732194 0.544361763022
0.567070786077 0.0 0.568181818182 0.499715099715 0.576989124213
0.775127102073 0.0 0.704545454545 0.59886039886 0.64911276474
0.484552209621 0.0 0.545454545455 0.507692307692 0.503720663995
0.62651544779 0.333333333333 0.613636363636 0.565242165242 0.595878649113
0.516621040282 0.666666666667 0.545454545455 0.483760683761 0.491700057241
0.788032850997 0.0 0.772727272727 0.683190883191 0.667429879794
0.35784122018 0.0 0.454545454545 0.434757834758 0.409845449342
0.443488463043 0.0 0.568181818182 0.549287749288 0.559244419004
0.685177942902 0.0 0.75 0.607407407407 0.728105323412
0.773171685569 0.0 0.818181818182 0.719658119658 0.763022323984
0.390301134142 0.666666666667 0.409090909091 0.365242165242 0.376645678306
0.475166210403 0.0 0.477272727273 0.409116809117 0.463651974814
0.658584278451 0.0 0.681818181818 0.590313390313 0.60503720664
0.554165037153 0.0 0.522727272727 0.446153846154 0.434459072696
0.634337113805 0.0 0.727272727273 0.62735042735 0.697767601603
0.536175205319 0.0 0.613636363636 0.602849002849 0.536920435031
0.438404380133 0.0 0.5 0.48660968661 0.519175729823
0.685177942902 0.0 0.75 0.607407407407 0.728105323412
0.353148220571 0.666666666667 0.431818181818 0.423361823362 0.325701202061
0.477121626907 0.0 0.568181818182 0.525925925926 0.452203777905
0.647633946031 0.0 0.613636363636 0.539601139601 0.499141385232
0.859210011732 0.0 0.863636363636 0.760683760684 0.763594733829
0.840829096598 0.0 0.840909090909 0.785185185185 0.768746422438
0.666405944466 0.0 0.727272727273 0.652421652422 0.653119633658
0.498631208447 0.0 0.477272727273 0.363532763533 0.417859187178
0.498631208447 0.0 0.477272727273 0.363532763533 0.417859187178
0.651153695737 0.0 0.636363636364 0.636467236467 0.609044075558
0.824794681267 0.0 0.795454545455 0.767521367521 0.816828849456
0.921783339851 0.0 0.977272727273 1.0 0.957069261591
0.680093859992 0.0 0.772727272727 0.793162393162 0.742987979393
0.469691044192 0.0 0.477272727273 0.416524216524 0.419004006869
0.330856472429 0.0 0.431818181818 0.344729344729 0.394390383515
0.351192804067 0.0 0.386363636364 0.282621082621 0.232398397252
0.827532264372 0.0 0.886363636364 0.844444444444 0.883800801374
0.63707469691 0.0 0.704545454545 0.610256410256 0.632512879222
0.63707469691 0.0 0.704545454545 0.610256410256 0.632512879222
0.448963629253 0.666666666667 0.522727272727 0.380056980057 0.422438465942
0.574501368792 0.666666666667 0.590909090909 0.434757834758 0.491700057241
0.239342980055 0.0 0.318181818182 0.320797720798 0.273039496279
0.448572545952 0.0 0.545454545455 0.57207977208 0.486548368632
0.334376222135 0.666666666667 0.318181818182 0.234188034188 0.186605609616
0.827532264372 0.0 0.886363636364 0.844444444444 0.883800801374
0.712553773954 0.666666666667 0.681818181818 0.602849002849 0.583285632513
0.625733281189 0.666666666667 0.659090909091 0.57264957265 0.595878649113
0.469691044192 0.0 0.522727272727 0.460968660969 0.456783056669
0.477121626907 0.0 0.568181818182 0.525925925926 0.452203777905
0.364098552992 0.0 0.454545454545 0.390883190883 0.451058958214
0.585060617912 0.0 0.568181818182 0.464387464387 0.550085861477
0.317168556903 0.0 0.431818181818 0.380056980057 0.370921579851
0.628470864294 1.0 0.659090909091 0.611396011396 0.576989124213
0.267892061009 0.333333333333 0.318181818182 0.195441595442 0.27418431597
0.533046538913 0.0 0.522727272727 0.460398860399 0.44647967945
0.397731716856 0.0 0.477272727273 0.402849002849 0.424155695478
0.579585451701 0.0 0.659090909091 0.528774928775 0.560389238695
0.80524051623 0.0 0.704545454545 0.62735042735 0.690326273612
0.608916699257 0.0 0.704545454545 0.675213675214 0.585575271895
0.67383652718 0.0 0.75 0.694586894587 0.695477962221
0.655846695346 0.0 0.659090909091 0.555555555556 0.595878649113
0.475557293704 0.0 0.545454545455 0.48433048433 0.518603319977
0.406335549472 0.0 0.454545454545 0.391452991453 0.431597023469
0.669925694173 0.0 0.659090909091 0.549857549858 0.511161991986
0.469691044192 0.0 0.477272727273 0.416524216524 0.419004006869
0.610872115761 0.0 0.681818181818 0.630769230769 0.638236977676
0.344935471255 0.0 0.477272727273 0.466096866097 0.502003434459
0.663668361361 0.0 0.704545454545 0.617094017094 0.714367487121
0.519358623387 0.0 0.568181818182 0.435327635328 0.478534630796
0.469691044192 0.0 0.522727272727 0.460968660969 0.456783056669
0.707078607743 0.0 0.75 0.764102564103 0.677160847167
0.41063746578 0.0 0.454545454545 0.431339031339 0.408128219805
0.649198279233 0.0 0.681818181818 0.609686609687 0.610761305094
0.56863511928 0.0 0.659090909091 0.649572649573 0.687464224385
0.615174032069 0.0 0.659090909091 0.57264957265 0.687464224385
0.816973015252 0.0 0.840909090909 0.783475783476 0.795649685175
1.0 0.0 1.0 0.956695156695 1.0
0.892843175596 0.0 0.886363636364 0.894586894587 0.84659416142
0.749315604224 0.0 0.772727272727 0.734472934473 0.673153978248
0.855690262026 0.0 0.863636363636 0.834757834758 0.794504865484
0.640203363316 0.0 0.659090909091 0.584045584046 0.602747567258
0.921392256551 0.0 0.977272727273 0.933333333333 0.994275901546
0.570199452483 0.0 0.545454545455 0.39943019943 0.474527761878
0.549863120845 0.0 0.636363636364 0.586324786325 0.606754436176
0.897536175205 0.0 0.909090909091 0.85811965812 0.921007441328
0.621431364881 0.0 0.613636363636 0.589743589744 0.52203777905
0.761830269847 0.0 0.772727272727 0.762962962963 0.68803663423
0.569808369183 0.0 0.613636363636 0.568091168091 0.511161991986
0.335940555338 0.0 0.431818181818 0.338461538462 0.294791070406
0.667970277669 0.0 0.704545454545 0.690598290598 0.697195191757
0.589753617521 0.0 0.636363636364 0.610826210826 0.686319404694
0.283926476339 0.666666666667 0.318181818182 0.276923076923 0.229536348025
0.29487680876 0.0 0.409090909091 0.352136752137 0.364052661706
0.658584278451 0.0 0.659090909091 0.566381766382 0.606754436176
0.62651544779 0.333333333333 0.613636363636 0.565242165242 0.595878649113
0.793899100508 0.0 0.863636363636 0.809116809117 0.814539210074
0.747751271021 0.0 0.795454545455 0.764102564103 0.784773898111
0.567070786077 0.0 0.613636363636 0.554415954416 0.543216943331
0.567070786077 0.0 0.590909090909 0.488888888889 0.498568975386
0.533437622214 0.666666666667 0.590909090909 0.403988603989 0.493417286777
0.253421978882 0.0 0.363636363636 0.254700854701 0.323411562679
0.801720766523 0.0 0.727272727273 0.678632478632 0.741843159702
0.511536957372 0.0 0.613636363636 0.535042735043 0.575271894677
0.628861947595 0.0 0.704545454545 0.659259259259 0.651974813967
0.330856472429 0.0 0.431818181818 0.344729344729 0.394390383515
0.738365271803 0.0 0.795454545455 0.703703703704 0.768746422438
0.701994524834 0.0 0.75 0.623361823362 0.651402404121
0.399687133359 1.0 0.454545454545 0.356695156695 0.405266170578
0.455220962065 1.0 0.5 0.410826210826 0.464224384659
0.406335549472 0.0 0.454545454545 0.37094017094 0.386949055524
0.381306218224 0.0 0.454545454545 0.384615384615 0.372066399542
0.827532264372 0.0 0.886363636364 0.844444444444 0.883800801374
0.63668361361 0.0 0.590909090909 0.402279202279 0.463079564969
0.527962456003 0.0 0.636363636364 0.590313390313 0.523755008586
0.490809542433 0.666666666667 0.590909090909 0.455270655271 0.473955352032
0.548689870943 1.0 0.545454545455 0.476923076923 0.424155695478
0.792334767305 1.0 0.840909090909 0.784615384615 0.799656554093
0.628470864294 1.0 0.659090909091 0.611396011396 0.576989124213
0.330856472429 0.0 0.409090909091 0.384615384615 0.42014882656
0.727414939382 0.0 0.727272727273 0.724216524217 0.668002289639
0.508017207665 0.0 0.568181818182 0.509401709402 0.635374928449
0.595619867032 0.0 0.681818181818 0.557264957265 0.56725815684
0.387172467736 0.0 0.431818181818 0.28547008547 0.328563251288
0.542823621431 1.0 0.659090909091 0.613105413105 0.61763022324
0.38443488463 1.0 0.477272727273 0.438176638177 0.464224384659
0.84747751271 0.0 0.931818181818 0.907122507123 0.894104178592
0.730934689089 0.0 0.772727272727 0.74415954416 0.705208929594
0.571763785686 0.0 0.636363636364 0.564102564103 0.645678305667
0.817755181854 0.0 0.75 0.698575498575 0.704064109903
0.800938599922 0.0 0.840909090909 0.724216524217 0.859759587865
0.880328509973 0.0 0.909090909091 0.837606837607 0.937607326846
0.514665623778 0.0 0.636363636364 0.521367521368 0.527189467659
0.514274540477 0.0 0.590909090909 0.509971509972 0.518603319977
0.433320297223 0.666666666667 0.545454545455 0.556125356125 0.52833428735
0.592882283926 0.0 0.681818181818 0.693447293447 0.648540354894
0.636292530309 0.666666666667 0.636363636364 0.568091168091 0.621637092158
0.506061791162 0.666666666667 0.568181818182 0.478062678063 0.529479107041
0.475557293704 0.0 0.568181818182 0.521937321937 0.492844876932
0.628470864294 0.0 0.727272727273 0.634757834758 0.638236977676
0.436057880329 0.0 0.522727272727 0.489458689459 0.416141957642
0.351192804067 0.0 0.431818181818 0.354985754986 0.270749856898
0.825185764568 0.0 0.727272727273 0.661538461538 0.736691471093
0.514665623778 0.0 0.454545454545 0.358974358974 0.360045792788
