0.695592286501 0.0 0.741935483871 0.556297709924 0.695406360424
0.81129476584 0.0 0.838709677419 0.774809160305 0.867844522968
0.725895316804 0.0 0.806451612903 0.69465648855 0.753356890459
0.822314049587 0.0 0.870967741935 0.818702290076 0.865724381625
0.783746556474 0.0 0.838709677419 0.771946564885 0.828268551237
0.716253443526 0.0 0.741935483871 0.608778625954 0.732155477032
0.847796143251 0.0 0.870967741935 0.873091603053 0.926501766784
0.687327823691 0.0 0.741935483871 0.585877862595 0.689045936396
0.754820936639 0.0 0.806451612903 0.721374045802 0.790812720848
0.857438016529 0.0 0.870967741935 0.831106870229 0.897526501767
0.75826446281 0.0 0.774193548387 0.644083969466 0.759010600707
0.77479338843 0.0 0.838709677419 0.795801526718 0.834628975265
0.717630853994 0.0 0.774193548387 0.708969465649 0.780212014134
0.920798898072 0.0 0.935483870968 0.906488549618 0.944169611307
0.772727272727 0.0 0.806451612903 0.723282442748 0.802120141343
0.934573002755 0.0 1.0 0.952290076336 0.929328621908
0.882231404959 0.0 0.967741935484 0.887404580153 0.865724381625
0.731404958678 0.0 0.774193548387 0.701335877863 0.781625441696
0.734848484848 0.0 0.774193548387 0.576335877863 0.679858657244
0.853305785124 0.0 0.870967741935 0.80820610687 0.86925795053
0.764462809917 0.0 0.806451612903 0.738549618321 0.804946996466
0.84435261708 0.0 0.903225806452 0.971374045802 0.964664310954
0.817493112948 0.0 0.870967741935 0.823473282443 0.850883392226
0.838154269972 0.0 0.870967741935 0.885496183206 0.918021201413
0.903581267218 0.0 0.935483870968 1.0 1.0
0.873278236915 0.0 0.903225806452 0.925572519084 0.945583038869
0.834022038567 0.0 0.806451612903 0.654580152672 0.783745583039
0.743801652893 0.0 0.806451612903 0.729007633588 0.774558303887
0.771349862259 0.0 0.806451612903 0.740458015267 0.804946996466
0.940082644628 0.0 0.967741935484 0.981870229008 0.979505300353
0.729338842975 0.0 0.774193548387 0.583015267176 0.673498233216
0.741046831956 0.0 0.774193548387 0.666984732824 0.751236749117
0.853305785124 0.0 0.870967741935 0.910305343511 0.945583038869
0.75826446281 0.0 0.838709677419 0.849236641221 0.851590106007
0.909090909091 0.0 0.935483870968 0.929389312977 0.941342756184
0.789944903581 0.0 0.806451612903 0.727099236641 0.806360424028
0.734848484848 0.0 0.838709677419 0.807251908397 0.797879858657
0.911845730028 0.0 0.967741935484 0.980916030534 0.953356890459
0.745179063361 0.0 0.838709677419 0.733778625954 0.744169611307
0.755509641873 0.0 0.806451612903 0.785305343511 0.825441696113
0.756887052342 0.0 0.838709677419 0.718511450382 0.739929328622
0.861570247934 0.0 0.935483870968 0.946564885496 0.915901060071
0.699035812672 0.0 0.774193548387 0.751908396947 0.78445229682
0.759641873278 0.0 0.774193548387 0.740458015267 0.821201413428
0.785123966942 0.0 0.806451612903 0.708015267176 0.782332155477
0.792011019284 0.0 0.870967741935 0.802480916031 0.802826855124
0.887741046832 0.0 0.967741935484 0.911259541985 0.873498233216
0.900137741047 0.0 0.967741935484 0.881679389313 0.858657243816
0.780303030303 0.0 0.806451612903 0.781488549618 0.83816254417
0.710055096419 0.0 0.774193548387 0.701335877863 0.748409893993
0.632231404959 0.0 0.709677419355 0.553435114504 0.627561837456
0.783746556474 0.0 0.806451612903 0.736641221374 0.802826855124
0.810606060606 0.0 0.870967741935 0.826335877863 0.835335689046
0.851239669421 0.0 0.903225806452 0.87213740458 0.873498233216
0.767217630854 0.0 0.806451612903 0.75286259542 0.802826855124
0.599173553719 0.0 0.645161290323 0.480916030534 0.603533568905
0.864325068871 0.0 0.903225806452 0.874045801527 0.88480565371
0.705922865014 0.0 0.774193548387 0.665076335878 0.713780918728
0.62258953168 0.0 0.677419354839 0.479961832061 0.589399293286
0.85261707989 0.0 0.935483870968 0.895038167939 0.86148409894
0.888429752066 0.0 0.870967741935 0.731870229008 0.816961130742
0.841597796143 0.0 0.838709677419 0.687022900763 0.774558303887
0.853305785124 0.0 0.870967741935 0.901717557252 0.929328621908
0.785812672176 0.0 0.806451612903 0.711832061069 0.782332155477
0.721763085399 0.0 0.774193548387 0.657442748092 0.718727915194
0.696280991736 0.0 0.741935483871 0.69179389313 0.758303886926
0.81129476584 0.0 0.838709677419 0.771946564885 0.820494699647
0.790633608815 0.0 0.838709677419 0.781488549618 0.812014134276
0.785123966942 0.0 0.870967741935 0.801526717557 0.792932862191
0.665977961433 0.0 0.741935483871 0.626908396947 0.680565371025
0.74173553719 0.0 0.741935483871 0.726145038168 0.821201413428
0.717630853994 0.0 0.741935483871 0.647900763359 0.737809187279
0.850550964187 0.0 0.838709677419 0.790076335878 0.865017667845
0.732093663912 0.0 0.774193548387 0.787213740458 0.832508833922
0.592975206612 0.0 0.645161290323 0.486641221374 0.600706713781
0.827134986226 0.0 0.903225806452 0.93893129771 0.906713780919
1.0 0.0 0.967741935484 0.913167938931 0.957597173145
0.684573002755 0.0 0.774193548387 0.737595419847 0.75406360424
0.793388429752 0.0 0.806451612903 0.714694656489 0.788692579505
0.941460055096 0.0 0.935483870968 0.842557251908 0.88480565371
0.814738292011 0.0 0.870967741935 0.87786259542 0.87703180212
0.795454545455 0.0 0.838709677419 0.796755725191 0.826148409894
0.843663911846 0.0 0.870967741935 0.865458015267 0.888339222615
0.748622589532 0.0 0.774193548387 0.582061068702 0.673498233216
0.809228650138 0.0 0.870967741935 0.832061068702 0.833215547703
0.759641873278 0.0 0.774193548387 0.650763358779 0.73851590106
0.781680440771 0.0 0.806451612903 0.685114503817 0.752650176678
0.731404958678 0.0 0.774193548387 0.781488549618 0.824028268551
0.794077134986 0.0 0.838709677419 0.739503816794 0.775971731449
0.70867768595 0.0 0.741935483871 0.68034351145 0.75406360424
0.817493112948 0.0 0.903225806452 0.863549618321 0.833922261484
0.825068870523 0.0 0.870967741935 0.87213740458 0.877738515901
0.746556473829 0.0 0.806451612903 0.862595419847 0.870671378092
0.781680440771 0.0 0.838709677419 0.840648854962 0.848763250883
0.790633608815 0.0 0.838709677419 0.833969465649 0.850176678445
0.845730027548 0.0 0.870967741935 0.789122137405 0.824734982332
0.747245179063 0.0 0.774193548387 0.673664122137 0.74628975265
0.719008264463 0.0 0.774193548387 0.751908396947 0.788692579505
0.769283746556 0.0 0.806451612903 0.682251908397 0.739222614841
0.777548209366 0.0 0.774193548387 0.699427480916 0.790812720848
0.747933884298 0.0 0.806451612903 0.841603053435 0.85371024735
0.75826446281 0.0 0.838709677419 0.788167938931 0.786572438163
0.710055096419 0.0 0.741935483871 0.628816793893 0.710954063604
0.682506887052 0.0 0.709677419355 0.658396946565 0.744876325088
0.753443526171 0.0 0.838709677419 0.848282442748 0.831802120141
0.70041322314 0.0 0.741935483871 0.665076335878 0.732862190813
0.758953168044 0.0 0.806451612903 0.762404580153 0.795759717314
0.759641873278 0.0 0.806451612903 0.690839694656 0.737102473498
0.784435261708 0.0 0.838709677419 0.815839694656 0.828268551237
0.744490358127 0.0 0.741935483871 0.671755725191 0.771731448763
0.763774104683 0.0 0.838709677419 0.705152671756 0.720848056537
0.734159779614 0.0 0.774193548387 0.820610687023 0.855123674912
0.736914600551 0.0 0.806451612903 0.736641221374 0.756890459364
0.828512396694 0.0 0.838709677419 0.717557251908 0.780918727915
0.835399449036 0.0 0.870967741935 0.833969465649 0.850883392226
0.669421487603 0.0 0.741935483871 0.631679389313 0.679151943463
0.717630853994 0.0 0.709677419355 0.580152671756 0.705300353357
0.722451790634 0.0 0.774193548387 0.782442748092 0.813427561837
0.736914600551 0.0 0.774193548387 0.74141221374 0.790812720848
0.703168044077 0.0 0.709677419355 0.642175572519 0.744876325088
0.809228650138 0.0 0.838709677419 0.797709923664 0.83109540636
0.80303030303 0.0 0.838709677419 0.806297709924 0.833215547703
0.798209366391 0.0 0.838709677419 0.724236641221 0.76183745583
0.63085399449 0.0 0.677419354839 0.615458015267 0.697526501767
0.810606060606 0.0 0.870967741935 0.886450381679 0.873498233216
0.753443526171 0.0 0.774193548387 0.74141221374 0.802826855124
0.736914600551 0.0 0.806451612903 0.666984732824 0.697526501767
0.703168044077 0.0 0.741935483871 0.693702290076 0.755477031802
0.807851239669 0.0 0.806451612903 0.719465648855 0.795759717314
0.641184573003 0.0 0.709677419355 0.564885496183 0.631802120141
0.814738292011 0.0 0.838709677419 0.845419847328 0.873498233216
0.789944903581 0.0 0.838709677419 0.790076335878 0.808480565371
0.699724517906 0.0 0.741935483871 0.656488549618 0.720848056537
0.643250688705 0.0 0.709677419355 0.641221374046 0.695406360424
0.840909090909 0.0 0.870967741935 0.765267175573 0.795759717314
0.812672176309 0.0 0.838709677419 0.767175572519 0.806360424028
0.79476584022 0.0 0.870967741935 0.824427480916 0.80777385159
0.729338842975 0.0 0.774193548387 0.732824427481 0.774558303887
0.848484848485 0.0 0.838709677419 0.852099236641 0.903180212014
0.848484848485 0.0 0.838709677419 0.699427480916 0.777385159011
0.816804407713 0.0 0.838709677419 0.861641221374 0.886219081272
0.795454545455 0.0 0.838709677419 0.791030534351 0.811307420495
0.748622589532 0.0 0.741935483871 0.643129770992 0.74628975265
0.752754820937 0.0 0.806451612903 0.791984732824 0.809893992933
0.613636363636 0.0 0.677419354839 0.56393129771 0.63816254417
0.699724517906 0.0 0.774193548387 0.609732824427 0.649469964664
0.761019283747 0.0 0.806451612903 0.708015267176 0.746996466431
0.734848484848 0.0 0.774193548387 0.775763358779 0.813427561837
0.77479338843 0.0 0.774193548387 0.720419847328 0.798586572438
0.693526170799 0.0 0.741935483871 0.580152671756 0.650883392226
0.765840220386 0.0 0.806451612903 0.712786259542 0.75406360424
0.861570247934 0.0 0.838709677419 0.710877862595 0.795759717314
0.65564738292 0.0 0.709677419355 0.55820610687 0.633922261484
0.716253443526 0.0 0.741935483871 0.645992366412 0.722261484099
0.834710743802 0.0 0.838709677419 0.873091603053 0.908127208481
0.706611570248 0.0 0.774193548387 0.662213740458 0.696819787986
0.762396694215 0.0 0.806451612903 0.786259541985 0.811307420495
0.779614325069 0.0 0.806451612903 0.697519083969 0.751236749117
0.752066115702 0.0 0.806451612903 0.726145038168 0.753356890459
0.800964187328 0.0 0.806451612903 0.68606870229 0.758303886926
0.815426997245 0.0 0.838709677419 0.74713740458 0.788692579505
0.719696969697 0.0 0.774193548387 0.685114503817 0.725088339223
0.651515151515 0.0 0.677419354839 0.541030534351 0.646643109541
0.693526170799 0.0 0.741935483871 0.644083969466 0.701766784452
0.800275482094 0.0 0.838709677419 0.802480916031 0.821908127208
0.652892561983 0.0 0.677419354839 0.644083969466 0.732155477032
0.712809917355 0.0 0.774193548387 0.733778625954 0.759010600707
0.646694214876 0.0 0.709677419355 0.692748091603 0.735689045936
0.789256198347 0.0 0.774193548387 0.68893129771 0.780918727915
0.842975206612 0.0 0.838709677419 0.715648854962 0.782332155477
0.670798898072 0.0 0.709677419355 0.550572519084 0.636749116608
0.721763085399 0.0 0.774193548387 0.69465648855 0.732862190813
0.714187327824 0.0 0.774193548387 0.666984732824 0.703886925795
0.705922865014 0.0 0.741935483871 0.604007633588 0.676325088339
0.720385674931 0.0 0.774193548387 0.682251908397 0.720848056537
0.737603305785 0.0 0.806451612903 0.777671755725 0.781625441696
0.755509641873 0.0 0.806451612903 0.738549618321 0.763250883392
0.703856749311 0.0 0.741935483871 0.610687022901 0.679858657244
0.758953168044 0.0 0.806451612903 0.742366412214 0.76890459364
0.721763085399 0.0 0.774193548387 0.735687022901 0.765371024735
0.687327823691 0.0 0.774193548387 0.668893129771 0.683392226148
0.724517906336 0.0 0.741935483871 0.612595419847 0.696819787986
0.583333333333 0.0 0.612903225806 0.507633587786 0.624734982332
0.69696969697 0.0 0.741935483871 0.637404580153 0.695406360424
0.652892561983 0.0 0.709677419355 0.693702290076 0.73851590106
0.723140495868 0.0 0.741935483871 0.590648854962 0.67703180212
0.732093663912 0.0 0.741935483871 0.698473282443 0.772438162544
0.744490358127 0.0 0.774193548387 0.687022900763 0.741342756184
0.676308539945 0.0 0.709677419355 0.638358778626 0.710247349823
0.66391184573 0.0 0.709677419355 0.562022900763 0.637455830389
0.769283746556 0.0 0.774193548387 0.647900763359 0.727915194346
0.577134986226 0.0 0.645161290323 0.5 0.580918727915
0.738980716253 0.0 0.774193548387 0.729961832061 0.771731448763
0.767906336088 0.0 0.774193548387 0.68034351145 0.753356890459
0.63085399449 0.0 0.709677419355 0.611641221374 0.652296819788
0.792011019284 0.0 0.806451612903 0.720419847328 0.773144876325
0.579201101928 0.0 0.645161290323 0.606870229008 0.668551236749
0.692837465565 0.0 0.709677419355 0.642175572519 0.723674911661
0.896694214876 0.0 0.935483870968 0.920801526718 0.893992932862
0.703168044077 0.0 0.709677419355 0.567748091603 0.669964664311
