0.0826100932176 1.0 0.11320754717 0.0205319645357 0.0306997742664
0.9774991964 1.0 0.981132075472 0.806346243584 0.924153498871
1.0 0.0 1.0 1.0 0.919187358916
0.0684667309547 0.0 0.0943396226415 0.0331311245917 0.0320541760722
0.948569591771 0.0 0.962264150943 0.898273448437 1.0
0.080681452909 1.0 0.11320754717 0.0359309379375 0.058690744921
0.904853744777 0.0 0.981132075472 0.974801679888 0.961173814898
0.778527804564 0.0 0.88679245283 0.91927204853 0.861399548533
0.938283510125 0.0 0.981132075472 0.960335977601 0.968397291196
0.914818386371 1.0 0.924528301887 0.832011199253 0.91151241535
0.74831243973 1.0 0.716981132075 0.508632757816 0.725056433409
0.940855030537 0.0 0.981132075472 0.910872608493 0.971557562077
0.135647701704 0.0 0.207547169811 0.164722351843 0.136794582393
0.738669238187 0.0 0.867924528302 0.840877274848 0.8460496614
0.20443587271 0.0 0.320754716981 0.307512832478 0.276297968397
0.104146576663 0.0 0.150943396226 0.0825944937004 0.0952595936795
0.0896817743491 0.0 0.132075471698 0.0685954269715 0.0591422121896
0.963677274188 1.0 0.905660377358 0.741483901073 0.860948081264
0.196721311475 0.0 0.301886792453 0.232384507699 0.215349887133
0.256509161041 0.0 0.396226415094 0.299113392441 0.292550790068
0.858244937319 0.0 0.943396226415 0.869808679421 0.932279909707
0.210221793635 1.0 0.207547169811 0.0905272981801 0.158013544018
0.441980070717 1.0 0.358490566038 0.234717685488 0.283521444695
0.455159112825 0.0 0.641509433962 0.628558096127 0.627088036117
0.937319189971 1.0 0.943396226415 0.842277181521 0.888939051919
0.425265188042 1.0 0.339622641509 0.215118992067 0.297968397291
0.115718418515 0.0 0.169811320755 0.109659356043 0.0997742663657
0.126325940212 0.0 0.188679245283 0.13392440504 0.111963882619
0.831886853102 1.0 0.88679245283 0.769015398973 0.901128668172
0.303760848602 1.0 0.283018867925 0.166588894074 0.26230248307
0.898746383799 0.0 0.962264150943 0.895473635091 0.925056433409
0.387978142077 0.0 0.566037735849 0.555762949137 0.548984198646
0.279652844744 0.0 0.433962264151 0.377508166122 0.374717832957
0.0790742526519 0.0 0.11320754717 0.0662622491834 0.0455981941309
0.0990035358406 1.0 0.11320754717 0.0326644890341 0.0401805869074
0.812921890068 0.0 0.905660377358 0.850209986001 0.829796839729
0.410800385728 0.0 0.584905660377 0.590293980401 0.522347629797
0.611378977821 0.0 0.77358490566 0.795613625758 0.736343115124
0.870138219222 1.0 0.811320754717 0.618758749417 0.742663656885
0.249116039859 1.0 0.22641509434 0.112459169389 0.155756207675
0.47862423658 1.0 0.452830188679 0.298180121325 0.432957110609
0.845065895211 0.0 0.924528301887 0.918805412972 0.911060948081
0.631951141112 0.0 0.792452830189 0.810545963602 0.7769751693
0.359691417551 1.0 0.377358490566 0.250583294447 0.329119638826
0.702667952427 0.0 0.849056603774 0.779748016799 0.79683972912
0.359369977499 1.0 0.301886792453 0.160522631825 0.234762979684
0.111218257795 1.0 0.150943396226 0.0564629024732 0.0708803611738
0.953712632594 1.0 0.867924528302 0.708352776482 0.812189616253
0.353905496625 0.0 0.528301886792 0.52356509566 0.504288939052
0.506910961106 0.0 0.698113207547 0.733084461036 0.678103837472
0.545483767277 0.0 0.735849056604 0.758749416706 0.744018058691
0.145612343298 0.0 0.22641509434 0.203919738684 0.160270880361
0.896817743491 1.0 0.962264150943 0.902006532898 0.946726862302
0.654773384764 1.0 0.660377358491 0.450303313112 0.599548532731
0.442301510768 0.0 0.622641509434 0.615958936071 0.574717832957
0.693989071038 0.0 0.830188679245 0.782081194587 0.814898419865
0.704918032787 1.0 0.698113207547 0.481101259916 0.700677200903
0.66280938605 0.0 0.811320754717 0.82874475035 0.804063205418
0.214400514304 0.0 0.339622641509 0.292113859076 0.270880361174
0.531983285117 0.0 0.716981132075 0.694353709753 0.716930022573
0.294117647059 0.0 0.452830188679 0.436770881941 0.408126410835
0.167791706847 0.0 0.264150943396 0.239850676622 0.190970654628
0.24043715847 0.0 0.377358490566 0.343910405973 0.325507900677
0.432658309225 0.0 0.603773584906 0.601493233784 0.555756207675
0.228222436516 0.0 0.358490566038 0.35230984601 0.30835214447
0.154612664738 1.0 0.169811320755 0.0443303779748 0.0519187358916
0.639665702347 1.0 0.622641509434 0.433971068595 0.572911963883
0.674702667952 1.0 0.679245283019 0.468968735418 0.603611738149
0.848923175828 1.0 0.830188679245 0.688287447503 0.78374717833
0.836387013822 0.0 0.905660377358 0.862809146057 0.893453724605
0.264866602379 0.0 0.415094339623 0.392907139524 0.362076749436
0.55512696882 1.0 0.471698113208 0.322445170322 0.442889390519
0.722918675667 1.0 0.792452830189 0.627158189454 0.784198645598
0.112182577949 1.0 0.132075471698 0.0592627158189 0.0893905191874
0.490838958534 0.0 0.679245283019 0.717218852077 0.699322799097
0.927033108325 0.0 0.943396226415 0.831077928138 0.871783295711
0.645451623272 1.0 0.603773584906 0.38777414839 0.581941309255
0.574091931855 0.0 0.754716981132 0.779281381241 0.723250564334
0.477981356477 0.0 0.660377358491 0.680354643024 0.608126410835
0.368691738991 0.0 0.547169811321 0.547830144657 0.523702031603
0.98424943748 0.0 0.924528301887 0.781147923472 0.835665914221
0.300225008036 1.0 0.264150943396 0.149790013999 0.178329571106
0.648023143684 1.0 0.566037735849 0.383574428371 0.530022573363
0.158469945355 0.0 0.245283018868 0.245916938871 0.205869074492
0.570556091289 1.0 0.490566037736 0.328044797014 0.465914221219
0.877531340405 0.0 0.943396226415 0.87400839944 0.951241534989
0.794921247187 1.0 0.849056603774 0.69482034531 0.865011286682
0.379620700739 0.0 0.490566037736 0.414839010733 0.422573363431
0.277402764384 1.0 0.245283018868 0.119925338311 0.181038374718
0.336547733848 0.0 0.509433962264 0.508632757816 0.454627539503
0.656702025072 1.0 0.641509433962 0.463835744284 0.615349887133
0.556412729026 1.0 0.528301886792 0.358376108259 0.460045146727
0.307296689167 0.0 0.471698113208 0.422305179655 0.399097065463
0.522340083574 1.0 0.433962264151 0.285114325712 0.357110609481
0.793956927033 1.0 0.77358490566 0.67522165189 0.791873589165
0.456444873031 1.0 0.396226415094 0.267848810079 0.366591422122
0.129218900675 1.0 0.150943396226 0.0746616892207 0.0952595936795
0.479588556734 1.0 0.415094339623 0.266915538964 0.368848758465
0.165541626487 1.0 0.188679245283 0.115258982734 0.165688487585
0.567984570878 1.0 0.509433962264 0.372375174988 0.505191873589
0.821922211508 0.0 0.905660377358 0.904339710686 0.939954853273
0.355834136933 1.0 0.396226415094 0.27764815679 0.317832957111
0.787849566056 0.0 0.849056603774 0.816612225852 0.806320541761
0.183863709418 0.0 0.283018867925 0.257116192254 0.190519187359
0.555448408872 1.0 0.547169811321 0.401306579561 0.517832957111
0.324654451945 0.0 0.490566037736 0.531031264582 0.516478555305
0.150755384121 0.0 0.207547169811 0.136724218385 0.145823927765
0.192221150755 0.0 0.22641509434 0.177788147457 0.188261851016
0.347476695596 1.0 0.320754716981 0.212319178721 0.294808126411
0.626486660238 0.0 0.698113207547 0.559962669155 0.663656884876
0.224043715847 0.0 0.283018867925 0.258049463369 0.238826185102
0.736740597878 1.0 0.735849056604 0.580961269249 0.770203160271
0.49212471874 0.0 0.509433962264 0.422305179655 0.493453724605
0.682095789135 0.0 0.77358490566 0.696686887541 0.784650112867
0.638379942141 1.0 0.584905660377 0.446103593094 0.57381489842
0.486338797814 0.0 0.622641509434 0.587494167056 0.559367945824
0.366441658631 1.0 0.339622641509 0.162389174055 0.25237020316
0.230793956927 0.0 0.207547169811 0.136257582828 0.120993227991
0.599485695918 0.0 0.566037735849 0.492767148857 0.511963882619
0.891674702668 0.0 0.943396226415 0.852076528231 0.945372460497
0.866923818708 1.0 0.867924528302 0.709752683154 0.85237020316
0.80681452909 0.0 0.849056603774 0.747550163322 0.771557562077
0.737383477981 1.0 0.754716981132 0.596826878208 0.756659142212
0.269045323047 0.0 0.396226415094 0.335510965936 0.352144469526
0.130826100932 0.0 0.169811320755 0.0732617825478 0.0794582392777
0.178720668595 1.0 0.22641509434 0.149323378441 0.139954853273
0.883960141434 0.0 0.867924528302 0.77368175455 0.822573363431
0.506910961106 1.0 0.490566037736 0.340177321512 0.448758465011
0.813886210222 0.0 0.905660377358 0.881474568362 0.898871331828
0.437158469945 0.0 0.490566037736 0.382641157256 0.386455981941
0.414014786242 0.0 0.452830188679 0.353243117126 0.404514672686
0.238829958213 0.0 0.264150943396 0.194120391974 0.223476297968
0.798135647702 1.0 0.88679245283 0.888007466169 0.919638826185
0.664416586307 0.0 0.754716981132 0.636490900607 0.689841986456
0.649630343941 1.0 0.679245283019 0.609426038264 0.697516930023
0.95724847316 0.0 0.962264150943 0.869808679421 0.906094808126
0.669881067181 1.0 0.716981132075 0.595893607093 0.717381489842
0.580199292832 0.0 0.698113207547 0.585160989267 0.662753950339
0.646094503375 1.0 0.679245283019 0.474101726552 0.637020316027
0.720990035358 0.0 0.792452830189 0.720018665422 0.756659142212
0.0990035358406 0.0 0.132075471698 0.0466635557629 0.0415349887133
0.789456766313 0.0 0.830188679245 0.761549230051 0.775620767494
0.576020572163 0.0 0.698113207547 0.632757816146 0.707449209932
0.141112182578 0.0 0.169811320755 0.12785814279 0.15079006772
0.800707168113 0.0 0.830188679245 0.742883807746 0.858690744921
0.659273545484 0.0 0.735849056604 0.642090527298 0.650112866817
0.756348441016 0.0 0.811320754717 0.703219785348 0.769300225734
0.613950498232 0.0 0.660377358491 0.534297713486 0.649661399549
0.219543555127 0.0 0.320754716981 0.328978068129 0.305191873589
0.864352298296 0.0 0.867924528302 0.786280914606 0.825282167043
0.879781420765 0.0 0.905660377358 0.801679888007 0.874492099323
0.466088074574 1.0 0.452830188679 0.30517965469 0.411738148984
0.157184185149 0.0 0.207547169811 0.183854409706 0.169751693002
0.520732883317 0.0 0.566037735849 0.477368175455 0.470880361174
0.841208614593 0.0 0.867924528302 0.810079328045 0.884424379233
0.187399549984 1.0 0.207547169811 0.130191320579 0.177426636569
0.0928961748634 0.0 0.132075471698 0.0639290713952 0.0564334085779
0.615557698489 0.0 0.716981132075 0.629024731685 0.67855530474
0.319832851173 0.0 0.301886792453 0.217452169855 0.255981941309
0.52362584378 0.0 0.566037735849 0.499300046664 0.538600451467
0.735454837673 0.0 0.735849056604 0.578628091461 0.63927765237
0.585342333655 1.0 0.566037735849 0.451703219785 0.539051918736
0.24268723883 1.0 0.283018867925 0.201119925338 0.209029345372
0.47412407586 0.0 0.584905660377 0.575361642557 0.5539503386
0.48087431694 0.0 0.584905660377 0.539897340177 0.526862302483
0.348441015751 1.0 0.377358490566 0.268782081195 0.347178329571
0.639987142398 0.0 0.679245283019 0.565562295847 0.671331828442
0.828029572485 0.0 0.867924528302 0.756416238917 0.818961625282
0.402764384442 0.0 0.358490566038 0.288847410173 0.335440180587
0.216007714561 0.0 0.320754716981 0.262715818945 0.264559819413
0.117325618772 0.0 0.150943396226 0.0751283247783 0.0839729119639
0.713275474124 0.0 0.792452830189 0.726084927671 0.715124153499
0.73031179685 0.0 0.754716981132 0.691087260849 0.748984198646
0.712632594021 1.0 0.735849056604 0.653289780681 0.764334085779
0.119575699132 0.0 0.169811320755 0.104993000467 0.0997742663657
0.393764063002 0.0 0.509433962264 0.398506766216 0.481264108352
0.31018964963 0.0 0.452830188679 0.433971068595 0.435665914221
0.76631308261 1.0 0.811320754717 0.654689687354 0.731376975169
0.326583092253 0.0 0.339622641509 0.255716285581 0.257336343115
0.852137576342 0.0 0.905660377358 0.811479234718 0.93453724605
0.550305368049 0.0 0.660377358491 0.640223985068 0.617607223476
0.448408871745 0.0 0.433962264151 0.339710685954 0.413544018059
0.758277081324 0.0 0.77358490566 0.663555762949 0.714221218962
0.232401157184 0.0 0.320754716981 0.225384974335 0.302483069977
0.608164577306 0.0 0.679245283019 0.568362109193 0.668623024831
0.565091610415 1.0 0.603773584906 0.530564629025 0.576523702032
0.549019607843 1.0 0.622641509434 0.607092860476 0.610835214447
0.0980392156863 1.0 0.132075471698 0.0387307512832 0.0455981941309
0.889746062359 0.0 0.924528301887 0.800746616892 0.888939051919
0.429443908711 1.0 0.452830188679 0.315445636958 0.417155756208
0.309225329476 1.0 0.396226415094 0.284647690154 0.397742663657
0.385406621665 0.0 0.509433962264 0.420905272982 0.464108352144
0.83156541305 0.0 0.88679245283 0.827344843677 0.85914221219
0.259723561556 0.0 0.377358490566 0.319645356976 0.309706546275
0.323047251688 0.0 0.301886792453 0.199720018665 0.230248306998
0.841530054645 0.0 0.867924528302 0.80914605693 0.840632054176
0.581163612986 0.0 0.547169811321 0.441437237517 0.475846501129
0.816457730633 0.0 0.792452830189 0.648623425105 0.683521444695
0.588556734169 1.0 0.641509433962 0.569295380308 0.552595936795
0.233044037287 0.0 0.245283018868 0.189454036398 0.185553047404
