0.853220696938 0.0 0.945945945946 0.970064148254 1.0
0.85586061246 0.0 0.891891891892 0.851746258019 0.860093271153
0.328405491024 0.0 0.297297297297 0.256593014968 0.143904063957
0.166842661035 0.5 0.216216216216 0.16108339273 0.0719520319787
0.617740232313 0.5 0.702702702703 0.609408410549 0.492338441039
0.617212249208 1.0 0.648648648649 0.518888096935 0.410393071286
0.532734952482 0.5 0.567567567568 0.348538845331 0.346435709527
0.610348468849 0.5 0.540540540541 0.310762651461 0.227181878748
0.854804646251 0.0 0.810810810811 0.665716322167 0.709526982012
0.645723336853 0.0 0.675675675676 0.548111190306 0.550299800133
0.491024287223 0.0 0.513513513514 0.550962223806 0.44037308461
0.625659978881 0.0 0.72972972973 0.786172487527 0.63491005996
0.286166842661 0.0 0.351351351351 0.287954383464 0.315123251166
0.725448785639 0.0 0.675675675676 0.593727726301 0.630246502332
0.646251319958 0.0 0.648648648649 0.630078403421 0.513657561626
0.248680042239 0.0 0.324324324324 0.344262295082 0.183877415057
0.205385427666 0.0 0.243243243243 0.181753385602 0.0859427048634
0.390179514256 0.5 0.378378378378 0.27726300784 0.157894736842
0.636747624076 0.0 0.810810810811 0.841054882395 0.777481678881
0.66050686378 0.0 0.621621621622 0.55880256593 0.594936708861
0.626187961985 0.0 0.540540540541 0.526728439059 0.510326449034
0.180042238648 0.0 0.216216216216 0.222380612972 0.133244503664
0.183210137276 0.0 0.216216216216 0.191019244476 0.112591605596
0.155227032735 0.0 0.189189189189 0.16108339273 0.0719520319787
0.620380147835 0.0 0.648648648649 0.575908766928 0.592271818787
0.284054910243 0.0 0.378378378378 0.346400570207 0.301798800799
0.419218585005 0.0 0.540540540541 0.445473984319 0.413057961359
0.463569165787 0.0 0.432432432432 0.243050605845 0.260493004664
0.320485744456 0.0 0.405405405405 0.386315039202 0.322451698867
0.34530095037 0.0 0.432432432432 0.447612259444 0.383744170553
1.0 0.5 1.0 0.893799002138 0.776815456362
0.754487856389 0.5 0.864864864865 0.797576621525 0.677548301133
0.257655755016 0.0 0.324324324324 0.254454739843 0.293137908061
0.257655755016 0.0 0.324324324324 0.254454739843 0.293137908061
0.693769799366 0.0 0.702702702703 0.52387740556 0.510992671552
0.64994720169 0.0 0.648648648649 0.509622238061 0.497001998668
0.444561774023 0.0 0.540540540541 0.419101924448 0.466355762825
0.731784582893 0.0 0.702702702703 0.620099786172 0.620253164557
0.344772967265 0.0 0.432432432432 0.333570919458 0.232511658894
0.309926082365 0.0 0.405405405405 0.333570919458 0.232511658894
0.456705385428 0.0 0.486486486486 0.290805416964 0.351099267155
0.602428722281 0.0 0.567567567568 0.340698503207 0.419720186542
0.451425554382 0.5 0.459459459459 0.266571632217 0.20652898068
0.451425554382 0.5 0.459459459459 0.266571632217 0.20652898068
0.966737064414 0.0 0.891891891892 0.666429080542 0.739506995336
0.671594508976 0.0 0.702702702703 0.570919458304 0.586942038641
0.86747624076 0.0 0.945945945946 1.0 0.990672884744
0.659978880676 0.0 0.783783783784 0.772630078403 0.751499000666
0.530623020063 0.5 0.702702702703 0.738417676408 0.660226515656
0.490496304118 0.5 0.675675675676 0.708481824661 0.602931379081
0.545934530095 0.0 0.513513513514 0.293656450463 0.34510326449
0.681626187962 0.0 0.648648648649 0.422665716322 0.524983344437
0.639915522703 0.0 0.72972972973 0.744832501782 0.732844770153
0.757127771911 0.0 0.864864864865 0.904490377762 0.898734177215
0.323125659979 0.0 0.432432432432 0.407697790449 0.364423717522
0.502111932418 0.0 0.621621621622 0.527441197434 0.650233177881
0.616156282999 0.5 0.702702702703 0.601568068425 0.491005996003
0.891235480465 0.5 0.837837837838 0.726300784034 0.647568287808
0.416050686378 0.0 0.540540540541 0.476835352815 0.433710859427
0.455121436114 0.5 0.621621621622 0.538845331433 0.471019320453
0.760823653643 0.0 0.756756756757 0.704918032787 0.756828780813
0.73600844773 0.0 0.72972972973 0.643620812545 0.695536309127
0.556494192186 0.0 0.648648648649 0.496792587313 0.646235842771
0.5 0.0 0.567567567568 0.47612259444 0.56762158561
0.663146779303 0.0 0.756756756757 0.755523877406 0.678214523651
0.764519535375 0.0 0.837837837838 0.7982893799 0.749500333111
0.723864836325 0.0 0.702702702703 0.691375623664 0.678880746169
0.447201689546 0.0 0.540540540541 0.48039914469 0.520319786809
0.576557550158 0.0 0.702702702703 0.754098360656 0.679546968688
0.865364308342 0.0 0.891891891892 0.762651461155 0.910059960027
0.466209081309 0.5 0.594594594595 0.449037776194 0.394403730846
0.658922914467 0.5 0.783783783784 0.708481824661 0.660226515656
0.155227032735 0.0 0.189189189189 0.16108339273 0.0719520319787
0.155227032735 0.0 0.189189189189 0.16108339273 0.0719520319787
0.592925026399 0.5 0.567567567568 0.444761225944 0.473684210526
0.857972544879 0.5 0.810810810811 0.588738417676 0.698867421719
0.475184794087 0.5 0.459459459459 0.243050605845 0.260493004664
0.278247096093 0.5 0.351351351351 0.171062009979 0.134576948701
0.735480464625 0.0 0.783783783784 0.526015680684 0.676215856096
0.759239704329 0.0 0.702702702703 0.474697077691 0.47235176549
