0.572420175845 0.0 0.710526315789 0.665964912281 0.743559017376
0.362388724036 0.0 0.510638297872 0.465821389195 0.519311064718
0.554811715481 0.0 0.707317073171 0.722804718218 0.771498771499
0.690883850069 0.0 0.842105263158 0.766315789474 0.815458358298
0.492827394725 0.0 0.605263157895 0.489122807018 0.57639304973
0.498887240356 0.0 0.659574468085 0.636163175303 0.674321503132
0.566765578635 0.0 0.723404255319 0.676957001103 0.716075156576
0.419246861925 0.0 0.585365853659 0.53997378768 0.566953316953
0.76862563628 0.0 0.947368421053 0.859649122807 0.871779508688
0.543267006016 0.0 0.684210526316 0.591578947368 0.639304973038
0.640578635015 0.0 0.787234042553 0.757993384785 0.796450939457
0.759370661731 0.0 0.868421052632 0.738245614035 0.812462552427
0.496066635817 0.0 0.605263157895 0.560701754386 0.633912522469
0.44840351689 0.0 0.631578947368 0.647719298246 0.645895745956
0.383160237389 0.0 0.531914893617 0.509371554576 0.541753653445
0.477744807122 0.0 0.63829787234 0.546306504961 0.565240083507
0.34384272997 0.0 0.489361702128 0.451488423374 0.484342379958
0.669881305638 0.0 0.808510638298 0.78776185226 0.82254697286
0.727440999537 0.0 0.815789473684 0.748771929825 0.832834032355
0.681628875521 0.0 0.763157894737 0.613333333333 0.703415218694
0.387866108787 0.0 0.536585365854 0.478374836173 0.500614250614
0.398426654327 0.0 0.526315789474 0.420350877193 0.463151587777
0.387611275964 0.0 0.468085106383 0.336824696803 0.426931106472
0.582137899121 0.0 0.710526315789 0.630175438596 0.670461354104
0.351882845188 0.0 0.487804878049 0.402359108781 0.434889434889
0.515039333642 0.0 0.657894736842 0.618947368421 0.644098262433
0.325941422594 0.0 0.439024390244 0.360419397117 0.415233415233
0.426359832636 0.0 0.585365853659 0.536697247706 0.545454545455
0.816765578635 0.0 0.829787234043 0.745314222712 0.896137787056
0.552521980565 0.0 0.684210526316 0.634385964912 0.666267225884
0.415548357242 0.0 0.578947368421 0.524210526316 0.523666866387
0.530310041647 0.0 0.684210526316 0.576140350877 0.584781306171
0.398889403054 0.0 0.552631578947 0.515087719298 0.523067705213
0.634428505322 0.0 0.815789473684 0.823859649123 0.803475134811
0.454376854599 0.0 0.617021276596 0.615766262404 0.613778705637
0.55159648311 0.0 0.657894736842 0.543157894737 0.597363690833
0.394979079498 0.0 0.536585365854 0.455439056356 0.472972972973
0.55690376569 0.0 0.707317073171 0.726081258191 0.734029484029
0.457658491439 0.0 0.578947368421 0.456842105263 0.493708807669
0.407112970711 0.0 0.560975609756 0.491480996068 0.4957002457
0.642295233688 0.0 0.763157894737 0.689122807018 0.725584182145
0.521517815826 0.0 0.657894736842 0.530526315789 0.551228280407
0.455807496529 0.0 0.605263157895 0.550877192982 0.5584182145
0.592781119852 0.0 0.736842105263 0.681403508772 0.693828639904
0.519204072189 0.0 0.657894736842 0.574736842105 0.591971240264
0.369736233225 0.0 0.473684210526 0.351578947368 0.403235470342
0.539102267469 0.0 0.657894736842 0.535438596491 0.571599760336
0.337238493724 0.0 0.463414634146 0.413499344692 0.441646191646
0.495141138362 0.0 0.631578947368 0.562105263158 0.579988016777
0.667782426778 0.0 0.80487804878 0.802096985583 0.818796068796
0.423415085609 0.0 0.552631578947 0.538245614035 0.562013181546
0.574271170754 0.0 0.736842105263 0.705964912281 0.696225284602
0.492364645997 0.0 0.631578947368 0.56350877193 0.576992210905
0.732993984267 0.0 0.842105263158 0.71298245614 0.756141402037
0.386395187413 0.0 0.473684210526 0.352280701754 0.415817855003
0.327893175074 0.0 0.468085106383 0.429437706725 0.439979123173
0.740860712633 0.0 0.815789473684 0.708070175439 0.783103654883
0.495141138362 0.0 0.631578947368 0.543859649123 0.557219892151
0.422026839426 0.0 0.526315789474 0.464561403509 0.509886159377
0.435146443515 0.0 0.536585365854 0.42005242464 0.468058968059
0.435146443515 0.0 0.536585365854 0.42005242464 0.468058968059
0.560851457658 0.0 0.657894736842 0.625263157895 0.677651288197
0.571031929662 0.0 0.684210526316 0.601403508772 0.63690832834
0.54789449329 0.0 0.710526315789 0.724210526316 0.710005991612
0.482646922721 0.0 0.605263157895 0.496140350877 0.52127022169
0.609902822767 0.0 0.736842105263 0.649824561404 0.670461354104
0.379916317992 0.0 0.487804878049 0.414154652687 0.453316953317
0.379916317992 0.0 0.487804878049 0.414154652687 0.453316953317
0.560851457658 0.0 0.605263157895 0.536140350877 0.638106650689
0.455807496529 0.0 0.605263157895 0.509473684211 0.506291192331
0.565016196205 0.0 0.736842105263 0.710877192982 0.684841222289
0.382426778243 0.0 0.512195121951 0.519003931848 0.535012285012
0.672106824926 0.0 0.744680851064 0.613561190739 0.686325678497
0.760756676558 0.0 0.787234042553 0.726571113561 0.844989561587
0.348449791763 0.0 0.447368421053 0.335438596491 0.38106650689
0.41045812124 0.0 0.5 0.456140350877 0.511084481726
0.68870292887 0.0 0.80487804878 0.784403669725 0.812653562654
0.391948172143 0.0 0.5 0.433684210526 0.468544038346
0.691023738872 0.0 0.723404255319 0.590407938258 0.700417536534
0.599722350764 0.0 0.763157894737 0.702456140351 0.681246255243
0.606663581675 0.0 0.710526315789 0.594385964912 0.63271420012
0.39055992596 0.0 0.526315789474 0.451228070175 0.456560814859
0.478019435447 0.0 0.631578947368 0.56350877193 0.550629119233
0.356066945607 0.0 0.487804878049 0.407601572739 0.416461916462
0.831231454006 0.0 0.872340425532 0.85170893054 0.950939457203
0.5 0.0 0.574468085106 0.481256890849 0.546972860125
0.43405830634 0.0 0.552631578947 0.524912280702 0.546434991013
0.534309623431 0.0 0.658536585366 0.649410222805 0.664619164619
0.465525219806 0.0 0.578947368421 0.507368421053 0.533253445177
0.421757322176 0.0 0.512195121951 0.35124508519 0.399877149877
0.579361406756 0.0 0.631578947368 0.560701754386 0.647094068304
0.492364645997 0.0 0.657894736842 0.505263157895 0.478130617136
0.563627950023 0.0 0.684210526316 0.592280701754 0.609946075494
0.490976399815 0.0 0.631578947368 0.557192982456 0.553624925105
0.41045812124 0.0 0.5 0.391578947368 0.438585979629
0.51180009255 0.0 0.631578947368 0.569824561404 0.586578789694
0.521980564553 0.0 0.684210526316 0.668771929825 0.642899940084
0.804184100418 0.0 0.926829268293 0.923984272608 0.937346437346
0.403347280335 0.0 0.536585365854 0.477064220183 0.47972972973
0.403347280335 0.0 0.536585365854 0.477064220183 0.47972972973
0.579361406756 0.0 0.684210526316 0.583157894737 0.614140203715
0.278931750742 0.0 0.404255319149 0.38368246968 0.394050104384
0.527070800555 0.0 0.657894736842 0.601403508772 0.605751947274
0.68718186025 0.0 0.763157894737 0.652631578947 0.71120431396
0.631652012957 0.0 0.710526315789 0.654736842105 0.710005991612
0.598664688427 0.0 0.744680851064 0.695700110254 0.683716075157
0.303783382789 0.0 0.446808510638 0.43605292172 0.426931106472
0.535983263598 0.0 0.682926829268 0.70249017038 0.689189189189
0.586765386395 0.0 0.710526315789 0.598596491228 0.608148591971
0.409069875058 0.0 0.526315789474 0.444912280702 0.460155781905
0.499305876909 0.0 0.631578947368 0.574736842105 0.574595566207
0.546735905045 0.0 0.574468085106 0.472987872106 0.576722338205
0.586765386395 0.0 0.736842105263 0.715087719298 0.696225284602
0.595557612217 0.0 0.763157894737 0.717192982456 0.680647094068
0.538639518741 0.0 0.657894736842 0.571228070175 0.582384661474
0.385469689958 0.0 0.473684210526 0.393684210526 0.435590173757
0.481258676539 0.0 0.605263157895 0.458245614035 0.464349910126
0.436834798704 0.0 0.552631578947 0.470175438596 0.48412222888
0.422026839426 0.0 0.552631578947 0.541052631579 0.539844218095
0.48634891254 0.0 0.631578947368 0.657543859649 0.641701617735
0.851464435146 0.0 0.975609756098 0.917431192661 0.922604422604
0.414622859787 0.0 0.552631578947 0.531929824561 0.523067705213
0.561776955113 0.0 0.684210526316 0.587368421053 0.593768723787
0.566404442388 0.0 0.710526315789 0.691228070175 0.675853804673
0.676928783383 0.0 0.744680851064 0.690738699008 0.751043841336
0.438427299703 0.0 0.595744680851 0.537486218302 0.507828810021
0.518741323461 0.0 0.657894736842 0.619649122807 0.608148591971
0.420175844516 0.0 0.5 0.449824561404 0.497303774715
0.798326359833 0.0 0.90243902439 0.874836173001 0.898034398034
0.531235539102 0.0 0.657894736842 0.574035087719 0.574595566207
0.411846367422 0.0 0.473684210526 0.417543859649 0.482923906531
0.41416011106 0.0 0.526315789474 0.51298245614 0.527261833433
0.626099028228 0.0 0.710526315789 0.569122807018 0.611144397843
0.418768545994 0.0 0.574468085106 0.586549062845 0.556889352818
0.481258676539 0.0 0.578947368421 0.450526315789 0.47872977831
0.439611291069 0.0 0.578947368421 0.52350877193 0.509886159377
0.562702452568 0.0 0.710526315789 0.565614035088 0.543439185141
0.745178041543 0.0 0.808510638298 0.732635060639 0.794885177453
0.566867191115 0.0 0.710526315789 0.653333333333 0.635110844817
0.66358167515 0.0 0.789473684211 0.700350877193 0.699820251648
0.428042572883 0.0 0.526315789474 0.454035087719 0.481126423008
0.406756131421 0.0 0.526315789474 0.47298245614 0.47872977831
0.447940768163 0.0 0.552631578947 0.457543859649 0.478130617136
0.626099028228 0.0 0.736842105263 0.564912280702 0.579388855602
0.630263766775 0.0 0.789473684211 0.798596491228 0.764529658478
0.554525222552 0.0 0.68085106383 0.619625137817 0.617954070981
0.590467376215 0.0 0.736842105263 0.693333333333 0.671060515279
0.552521980565 0.0 0.657894736842 0.588070175439 0.606351108448
0.5497454882 0.0 0.631578947368 0.587368421053 0.629119233074
0.392873669597 0.0 0.552631578947 0.530526315789 0.494307968844
0.962166172107 0.0 0.936170212766 0.824696802646 0.973903966597
0.510874595095 0.0 0.631578947368 0.549473684211 0.551827441582
0.541878759833 0.0 0.578947368421 0.511578947368 0.597363690833
0.528459046738 0.0 0.631578947368 0.529122807018 0.54883163571
0.586765386395 0.0 0.710526315789 0.682807017544 0.681845416417
0.484960666358 0.0 0.631578947368 0.622456140351 0.597962852007
0.794076816289 0.0 0.921052631579 0.820350877193 0.815458358298
0.599259602036 0.0 0.684210526316 0.614736842105 0.651288196525
0.603424340583 0.0 0.736842105263 0.666666666667 0.654284002397
0.501156871819 0.0 0.657894736842 0.666666666667 0.630916716597
0.282640949555 0.0 0.382978723404 0.362734288864 0.383089770355
0.39426191578 0.0 0.5 0.47649122807 0.491312162972
0.5396884273 0.0 0.702127659574 0.722160970232 0.68006263048
0.638912133891 0.0 0.707317073171 0.596330275229 0.648034398034
0.611275964392 0.0 0.765957446809 0.759095920617 0.724425887265
0.580749652938 0.0 0.710526315789 0.616140350877 0.606351108448
0.729228486647 0.0 0.765957446809 0.657662624035 0.740605427975
0.600890207715 0.0 0.617021276596 0.566152149945 0.669624217119
0.524294308191 0.0 0.684210526316 0.637192982456 0.596165368484
0.483109671448 0.0 0.605263157895 0.549473684211 0.545236668664
0.720697329377 0.0 0.765957446809 0.710033076075 0.78235908142
0.800836820084 0.0 0.853658536585 0.780471821756 0.845208845209
0.467838963443 0.0 0.605263157895 0.607719298246 0.587777112043
0.54604349838 0.0 0.657894736842 0.561403508772 0.566806470941
0.631652012957 0.0 0.789473684211 0.802105263158 0.761533852606
0.676075890791 0.0 0.736842105263 0.525614035088 0.5817855003
0.422594142259 0.0 0.512195121951 0.542595019659 0.56941031941
0.525219805646 0.0 0.631578947368 0.599298245614 0.60934691432
0.431379821958 0.0 0.531914893617 0.426681367144 0.442066805846
0.623322535863 0.0 0.763157894737 0.692631578947 0.668663870581
0.412771864877 0.0 0.526315789474 0.522807017544 0.524865188736
0.500231374364 0.0 0.657894736842 0.625263157895 0.582983822648
0.854970326409 0.0 0.914893617021 0.875964718853 0.931106471816
0.554372975474 0.0 0.710526315789 0.658947368421 0.617735170761
0.66913465988 0.0 0.736842105263 0.619649122807 0.666866387058
0.758445164276 0.0 0.868421052632 0.775438596491 0.780107849011
0.676075890791 0.0 0.763157894737 0.677894736842 0.705212702217
0.800816023739 0.0 0.914893617021 0.916207276736 0.915970772443
0.457658491439 0.0 0.631578947368 0.599298245614 0.53924505692
0.606663581675 0.0 0.684210526316 0.56 0.596165368484
0.770476631189 0.0 0.815789473684 0.753684210526 0.822049131216
0.567329939843 0.0 0.657894736842 0.59298245614 0.615937687238
0.590930124942 0.0 0.710526315789 0.574736842105 0.568603954464
0.255934718101 0.0 0.382978723404 0.368798235943 0.35490605428
0.791300323924 0.0 0.842105263158 0.749473684211 0.811863391252
0.508560851458 0.0 0.605263157895 0.564912280702 0.581186339125
0.526608051828 0.0 0.631578947368 0.561403508772 0.569203115638
0.510460251046 0.0 0.609756097561 0.570773263434 0.584152334152
0.213278931751 0.0 0.276595744681 0.256890848953 0.305845511482
0.777448071217 0.0 0.765957446809 0.615214994487 0.739039665971
