0.430446194226 0.0 0.37037037037 0.319377990431 0.299578059072
0.417979002625 0.166666666667 0.407407407407 0.455741626794 0.388185654008
0.430446194226 0.0 0.37037037037 0.319377990431 0.299578059072
0.424540682415 0.0 0.37037037037 0.291866028708 0.284106891702
0.54593175853 0.333333333333 0.481481481481 0.523923444976 0.489451476793
0.476377952756 0.0 0.407407407407 0.47009569378 0.428973277075
0.501312335958 0.0 0.37037037037 0.27033492823 0.101265822785
0.377952755906 0.0 0.296296296296 0.230861244019 0.172995780591
0.417979002625 0.166666666667 0.407407407407 0.455741626794 0.388185654008
0.860892388451 0.5 0.814814814815 1.0 0.845288326301
0.761154855643 0.666666666667 0.666666666667 0.357655502392 0.243319268636
0.576771653543 0.333333333333 0.555555555556 0.406698564593 0.436005625879
0.394356955381 0.333333333333 0.333333333333 0.236842105263 0.220815752461
0.62467191601 0.5 0.592592592593 0.578947368421 0.461322081575
0.576771653543 0.333333333333 0.555555555556 0.406698564593 0.436005625879
0.599081364829 0.5 0.518518518519 0.482057416268 0.310829817159
0.667322834646 0.166666666667 0.555555555556 0.534688995215 0.488045007032
0.596456692913 0.166666666667 0.481481481481 0.454545454545 0.334739803094
0.794619422572 0.333333333333 0.777777777778 0.613636363636 0.701828410689
0.476377952756 0.0 0.407407407407 0.306220095694 0.298171589311
0.621391076115 0.0 0.518518518519 0.430622009569 0.430379746835
0.496719160105 0.0 0.407407407407 0.336124401914 0.203938115331
0.490157480315 0.333333333333 0.444444444444 0.3995215311 0.289732770745
0.662729658793 0.833333333333 0.592592592593 0.501196172249 0.441631504923
0.656167979003 0.666666666667 0.592592592593 0.52033492823 0.433192686357
0.564960629921 0.833333333333 0.518518518519 0.354066985646 0.341772151899
0.61811023622 0.0 0.592592592593 0.564593301435 0.544303797468
0.57217847769 0.666666666667 0.481481481481 0.501196172249 0.355836849508
0.961942257218 0.5 0.962962962963 0.882775119617 0.870604781997
0.773622047244 0.833333333333 0.666666666667 0.538277511962 0.592123769339
0.392388451444 0.166666666667 0.333333333333 0.276315789474 0.237693389592
0.532152230971 1.0 0.444444444444 0.291866028708 0.317862165963
0.510498687664 0.5 0.444444444444 0.19976076555 0.199718706048
0.47375328084 0.666666666667 0.37037037037 0.181818181818 0.126582278481
0.849081364829 0.5 0.851851851852 0.820574162679 0.776371308017
0.820209973753 0.0 0.740740740741 0.588516746411 0.700421940928
0.786089238845 0.166666666667 0.703703703704 0.478468899522 0.50070323488
0.573490813648 0.166666666667 0.555555555556 0.653110047847 0.696202531646
0.761154855643 0.666666666667 0.666666666667 0.357655502392 0.243319268636
0.670603674541 0.5 0.592592592593 0.556220095694 0.46835443038
0.551837270341 0.0 0.518518518519 0.407894736842 0.39099859353
0.30249343832 0.0 0.222222222222 0.171052631579 0.118143459916
0.463910761155 0.166666666667 0.407407407407 0.406698564593 0.381153305204
0.957349081365 0.5 0.888888888889 0.897129186603 0.800281293952
0.62532808399 0.5 0.592592592593 0.47966507177 0.478199718706
0.981627296588 0.666666666667 1.0 0.912679425837 0.863572433193
0.820866141732 0.833333333333 0.851851851852 0.611244019139 0.68776371308
0.860892388451 0.5 0.814814814815 1.0 0.845288326301
0.502624671916 0.833333333333 0.444444444444 0.264354066986 0.284106891702
0.529527559055 0.0 0.481481481481 0.346889952153 0.398030942335
0.37467191601 0.333333333333 0.296296296296 0.184210526316 0.119549929677
0.516404199475 0.333333333333 0.444444444444 0.252392344498 0.212376933896
0.731627296588 1.0 0.703703703704 0.473684210526 0.427566807314
0.696850393701 0.333333333333 0.62962962963 0.595693779904 0.582278481013
0.67125984252 0.5 0.555555555556 0.460526315789 0.365682137834
0.67125984252 0.5 0.555555555556 0.460526315789 0.365682137834
0.516404199475 0.0 0.444444444444 0.388755980861 0.305203938115
0.541994750656 0.166666666667 0.481481481481 0.491626794258 0.431786216596
0.614829396325 0.5 0.555555555556 0.504784688995 0.537271448664
0.796587926509 0.0 0.777777777778 0.808612440191 0.800281293952
0.576771653543 0.333333333333 0.555555555556 0.406698564593 0.436005625879
0.666666666667 0.666666666667 0.62962962963 0.36004784689 0.426160337553
0.476377952756 0.333333333333 0.37037037037 0.322966507177 0.20253164557
0.377952755906 0.0 0.296296296296 0.230861244019 0.172995780591
0.889107611549 0.333333333333 0.962962962963 0.848086124402 1.0
0.961942257218 0.5 0.962962962963 0.882775119617 0.870604781997
0.30249343832 0.0 0.222222222222 0.171052631579 0.118143459916
0.502624671916 0.833333333333 0.444444444444 0.264354066986 0.284106891702
0.820209973753 0.0 0.740740740741 0.588516746411 0.700421940928
0.605643044619 0.5 0.555555555556 0.534688995215 0.379746835443
0.992125984252 0.833333333333 0.925925925926 0.773923444976 0.85935302391
0.536089238845 0.0 0.444444444444 0.3995215311 0.313642756681
0.588582677165 0.0 0.444444444444 0.312200956938 0.226441631505
0.419947506562 0.666666666667 0.333333333333 0.226076555024 0.196905766526
0.30249343832 0.0 0.222222222222 0.171052631579 0.118143459916
0.502624671916 0.833333333333 0.444444444444 0.264354066986 0.284106891702
0.430446194226 0.0 0.37037037037 0.319377990431 0.299578059072
0.849081364829 0.5 0.851851851852 0.820574162679 0.776371308017
0.803149606299 0.333333333333 0.777777777778 0.821770334928 0.801687763713
0.849081364829 0.5 0.851851851852 0.820574162679 0.776371308017
0.456692913386 0.0 0.37037037037 0.336124401914 0.203938115331
0.624015748031 0.0 0.555555555556 0.503588516746 0.43741209564
0.562335958005 0.333333333333 0.481481481481 0.411483253589 0.305203938115
0.444225721785 0.166666666667 0.37037037037 0.430622009569 0.300984528833
0.64501312336 0.5 0.592592592593 0.626794258373 0.513361462729
0.471128608924 0.5 0.444444444444 0.446172248804 0.419127988748
0.503280839895 0.0 0.481481481481 0.395933014354 0.362869198312
0.61811023622 0.0 0.592592592593 0.564593301435 0.544303797468
0.642388451444 0.166666666667 0.666666666667 0.6004784689 0.569620253165
0.435039370079 0.0 0.333333333333 0.25956937799 0.182841068917
0.594488188976 0.333333333333 0.518518518519 0.400717703349 0.393811533052
0.515748031496 0.0 0.444444444444 0.429425837321 0.403656821378
0.485564304462 0.666666666667 0.444444444444 0.295454545455 0.210970464135
1.0 0.666666666667 0.925925925926 0.91985645933 0.990154711674
0.538057742782 0.333333333333 0.444444444444 0.417464114833 0.315049226442
0.560367454068 0.166666666667 0.518518518519 0.373205741627 0.443037974684
0.599737532808 0.5 0.518518518519 0.612440191388 0.533052039381
0.847112860892 0.5 0.814814814815 0.8504784689 0.796061884669
0.574803149606 0.333333333333 0.481481481481 0.282296650718 0.182841068917
0.5 0.333333333333 0.481481481481 0.36004784689 0.382559774965
