0.205882352941 0.0 0.125 0.0933962264151 0.0117302052786
0.830188679245 0.25 0.875 1.0 0.83284457478
0.993340732519 0.25 1.0 0.928301886792 0.959921798631
1.0 0.5 0.96875 0.87358490566 0.785923753666
0.710876803552 1.0 0.6875 0.529245283019 0.656891495601
0.8512763596 0.25 0.90625 0.98679245283 1.0
0.700887902331 1.0 0.75 0.812264150943 0.852394916911
0.974472807991 0.0 1.0 0.858490566038 0.646138807429
0.248057713651 0.25 0.1875 0.115094339623 0.0557184750733
0.324084350721 0.5 0.28125 0.292452830189 0.219941348974
0.405105438402 0.75 0.40625 0.443396226415 0.397849462366
0.837957824639 0.75 0.75 0.511320754717 0.505376344086
0.932297447281 0.25 1.0 0.948113207547 0.915933528837
0.929522752497 0.25 0.96875 0.883962264151 0.819159335288
0.911209766926 0.0 0.9375 0.833018867925 0.759530791789
0.680355160932 0.75 0.65625 0.566037735849 0.615835777126
0.509433962264 0.0 0.5625 0.529245283019 0.469208211144
0.96115427303 0.5 0.9375 0.677358490566 0.648093841642
0.26692563818 0.0 0.25 0.18679245283 0.153470185728
0.884017758047 0.5 0.90625 0.72358490566 0.72238514174
0.693673695893 0.0 0.78125 0.675471698113 0.663734115347
0.283573806881 0.0 0.28125 0.250943396226 0.208211143695
0.662597114317 0.0 0.71875 0.65 0.524926686217
0.750277469478 0.0 0.84375 0.707547169811 0.735092864125
0.816315205327 0.0 0.875 0.685849056604 0.701857282502
0.637624861265 0.75 0.625 0.534905660377 0.5522971652
0.788568257492 0.5 0.84375 0.851886792453 0.797653958944
0.42730299667 0.5 0.375 0.177358490566 0.187683284457
0.690344062153 0.0 0.75 0.556603773585 0.521994134897
0.741398446171 0.0 0.8125 0.76320754717 0.757575757576
0.84295227525 0.25 0.875 0.715094339623 0.871945259042
0.899001109878 0.25 0.90625 0.741509433962 0.71945259042
0.809655937847 0.75 0.875 0.893396226415 0.819159335288
0.829078801332 0.75 0.8125 0.655660377358 0.702834799609
0.530521642619 0.0 0.59375 0.5 0.548387096774
0.216981132075 0.0 0.15625 0.145283018868 0.0830889540567
0.298002219756 0.25 0.25 0.156603773585 0.126099706745
0.314650388457 0.25 0.25 0.115094339623 0.0557184750733
0.864594894562 0.5 0.875 0.904716981132 0.899315738025
0.386237513873 0.0 0.3125 0.130188679245 0.0351906158358
0.255826859046 0.0 0.21875 0.157547169811 0.0664711632454
0.601553829079 0.0 0.6875 0.539622641509 0.384164222874
0.374028856826 0.5 0.34375 0.419811320755 0.368523949169
0.889567147614 0.0 0.90625 0.790566037736 0.627565982405
0.398446170921 0.0 0.34375 0.195283018868 0.169110459433
0.552719200888 0.5 0.46875 0.348113207547 0.377321603128
0.720865704772 0.75 0.71875 0.581132075472 0.683284457478
0.233629300777 0.0 0.1875 0.18679245283 0.153470185728
0.411764705882 0.0 0.4375 0.337735849057 0.307917888563
0.340732519423 0.5 0.3125 0.259433962264 0.211143695015
0.364039955605 0.0 0.375 0.287735849057 0.231671554252
0.311320754717 0.0 0.3125 0.320754716981 0.279569892473
0.795227524972 0.5 0.84375 0.922641509434 0.833822091887
0.804661487236 0.75 0.78125 0.603773584906 0.641251221896
0.438401775805 0.0 0.46875 0.397169811321 0.340175953079
0.839067702553 0.0 0.90625 0.925471698113 0.794721407625
0.626526082131 0.75 0.59375 0.396226415094 0.484848484848
0.562153163152 0.0 0.625 0.514150943396 0.44183773216
0.936736958935 0.25 0.9375 0.807547169811 0.772238514174
0.877358490566 0.5 0.90625 0.753773584906 0.738025415445
0.351831298557 0.0 0.25 0.0933962264151 0.0117302052786
0.381243063263 0.0 0.40625 0.390566037736 0.367546432063
0.410654827969 0.75 0.40625 0.433962264151 0.437927663734
0.834628190899 0.75 0.84375 0.651886792453 0.727272727273
0.22807991121 0.0 0.15625 0.0933962264151 0.0117302052786
0.279134295228 0.25 0.21875 0.115094339623 0.0557184750733
0.4628190899 0.0 0.5 0.501886792453 0.33724340176
0.331298557159 0.0 0.34375 0.320754716981 0.296187683284
0.941176470588 0.25 0.96875 0.87641509434 0.828934506354
0.865149833518 0.25 0.9375 0.822641509434 0.908113391984
0.492785793563 0.0 0.53125 0.357547169811 0.30889540567
0.514428412875 0.75 0.5 0.303773584906 0.336265884653
0.559933407325 0.75 0.5625 0.433018867925 0.372434017595
0.501109877913 0.0 0.4375 0.232075471698 0.182795698925
0.567147613762 0.0 0.46875 0.384905660377 0.364613880743
0.726970033296 0.5 0.71875 0.63679245283 0.701857282502
0.803551609323 0.0 0.84375 0.699056603774 0.69110459433
0.541065482797 0.75 0.53125 0.266037735849 0.233626588465
0.488346281909 0.5 0.4375 0.304716981132 0.349951124145
0.448390677026 0.25 0.375 0.105660377358 0.0674486803519
0.205882352941 0.0 0.125 0.0933962264151 0.0117302052786
0.912319644839 0.25 0.90625 0.616981132075 0.745845552297
0.30910099889 0.0 0.25 0.16320754717 0.099706744868
0.601553829079 0.0 0.65625 0.61320754717 0.504398826979
0.709211986681 0.25 0.71875 0.516037735849 0.446725317693
0.770810210877 0.25 0.78125 0.678301886792 0.728250244379
0.713096559378 0.0 0.71875 0.551886792453 0.593352883675
0.580466148724 0.25 0.53125 0.337735849057 0.329423264907
0.617647058824 0.0 0.5625 0.453773584906 0.495601173021
0.629300776915 0.0 0.65625 0.564150943396 0.424242424242
0.854605993341 0.5 0.90625 0.901886792453 0.782991202346
0.392341842397 0.25 0.3125 0.148113207547 0.142717497556
0.73473917869 0.5 0.71875 0.519811320755 0.58064516129
0.677580466149 0.5 0.6875 0.659433962264 0.679374389052
0.438401775805 0.0 0.375 0.219811320755 0.240469208211
0.669256381798 0.25 0.6875 0.58679245283 0.592375366569
0.65538290788 0.25 0.6875 0.522641509434 0.480938416422
0.717536071032 0.25 0.71875 0.620754716981 0.636363636364
0.715316315205 0.25 0.75 0.772641509434 0.680351906158
0.447280799112 0.0 0.375 0.216981132075 0.11045943304
