0.367493472585 0.0 0.310344827586 0.181651376147 0.168998923574
0.368146214099 0.0 0.275862068966 0.139449541284 0.10764262648
0.866187989556 0.75 0.827586206897 0.552293577982 0.741657696448
0.852480417755 0.75 0.793103448276 0.567889908257 0.741657696448
0.563315926893 0.5 0.448275862069 0.151376146789 0.158234660926
0.582898172324 0.25 0.48275862069 0.191743119266 0.235737351991
0.675587467363 0.5 0.689655172414 0.528440366972 0.48869752422
0.675587467363 0.5 0.689655172414 0.528440366972 0.48869752422
0.52088772846 0.0 0.48275862069 0.318348623853 0.174381054898
0.343994778068 0.0 0.275862068966 0.181651376147 0.168998923574
0.856396866841 0.25 0.689655172414 0.281651376147 0.379978471475
0.954308093995 0.75 0.793103448276 0.370642201835 0.525296017223
0.63772845953 0.5 0.586206896552 0.392660550459 0.423035522067
0.89817232376 0.75 0.827586206897 0.569724770642 0.712594187298
0.635770234987 0.0 0.586206896552 0.360550458716 0.222820236814
0.603785900783 0.25 0.586206896552 0.445871559633 0.413347685684
0.860313315927 0.75 0.827586206897 0.511926605505 0.510226049516
0.857702349869 1.0 0.793103448276 0.460550458716 0.564047362756
0.422323759791 0.0 0.310344827586 0.163302752294 0.186221743811
0.546997389034 0.25 0.551724137931 0.447706422018 0.397201291712
0.674281984334 0.5 0.586206896552 0.493577981651 0.522066738428
0.73955613577 0.5 0.689655172414 0.623853211009 0.660925726588
0.403394255875 0.25 0.344827586207 0.262385321101 0.260495156082
0.281331592689 0.0 0.206896551724 0.14128440367 0.0914962325081
0.941253263708 0.5 0.827586206897 0.469724770642 0.698600645856
0.81135770235 0.75 0.758620689655 0.484403669725 0.724434876211
0.450391644909 0.25 0.344827586207 0.262385321101 0.192680301399
0.472584856397 0.0 0.344827586207 0.122935779817 0.108719052745
0.768276762402 0.0 0.724137931034 0.635779816514 0.449946178687
0.813968668407 0.25 0.758620689655 0.674311926606 0.516684607104
0.600522193211 0.5 0.551724137931 0.33119266055 0.45963401507
0.631201044386 0.5 0.586206896552 0.379816513761 0.554359526372
0.803524804178 0.5 0.793103448276 0.517431192661 0.640473627557
0.818537859008 0.25 0.758620689655 0.411926605505 0.496232508073
0.670365535248 0.5 0.620689655172 0.379816513761 0.554359526372
0.954308093995 0.75 0.793103448276 0.370642201835 0.525296017223
0.524804177546 0.5 0.551724137931 0.522018348624 0.622174381055
0.687336814621 0.25 0.655172413793 0.623853211009 0.660925726588
0.806135770235 0.25 0.758620689655 0.588073394495 0.607104413348
0.639686684073 0.5 0.51724137931 0.193577981651 0.206673842842
0.350522193211 0.25 0.310344827586 0.270642201835 0.314316469322
0.261749347258 0.0 0.172413793103 0.13119266055 0.0904198062433
0.845300261097 0.25 0.724137931034 0.452293577982 0.337997847147
0.714751958225 0.0 0.620689655172 0.410091743119 0.289558665231
0.30091383812 0.0 0.241379310345 0.181651376147 0.168998923574
0.30091383812 0.0 0.241379310345 0.181651376147 0.168998923574
0.357049608355 0.25 0.310344827586 0.230275229358 0.236813778256
0.522193211488 0.5 0.413793103448 0.151376146789 0.158234660926
0.563315926893 0.5 0.448275862069 0.211926605505 0.254036598493
0.803524804178 0.5 0.793103448276 0.517431192661 0.640473627557
0.906005221932 0.25 0.896551724138 0.752293577982 0.825618945102
0.930156657963 0.25 0.862068965517 0.630275229358 0.70398277718
0.788511749347 0.0 0.689655172414 0.452293577982 0.337997847147
0.723237597911 0.0 0.620689655172 0.452293577982 0.337997847147
0.396866840731 0.25 0.310344827586 0.230275229358 0.263724434876
0.426892950392 0.25 0.379310344828 0.278899082569 0.331539289559
0.672323759791 0.75 0.551724137931 0.27247706422 0.399354144241
0.546997389034 0.0 0.51724137931 0.318348623853 0.174381054898
0.638381201044 0.25 0.551724137931 0.310091743119 0.144241119483
0.644908616188 0.0 0.620689655172 0.503669724771 0.385360602799
0.481070496084 0.25 0.413793103448 0.302752293578 0.410118406889
0.458877284595 0.5 0.413793103448 0.34128440367 0.390742734123
0.52088772846 0.0 0.48275862069 0.318348623853 0.174381054898
0.52088772846 0.0 0.48275862069 0.318348623853 0.174381054898
0.903394255875 0.75 0.862068965517 0.501834862385 0.557588805167
0.879895561358 0.5 0.862068965517 0.552293577982 0.587728740581
0.832245430809 0.25 0.827586206897 0.633027522936 0.608180839612
0.752610966057 0.25 0.793103448276 0.785321100917 0.80947255113
0.485639686684 0.5 0.413793103448 0.26880733945 0.330462863294
0.668407310705 0.5 0.586206896552 0.351376146789 0.504843918192
0.541775456919 0.25 0.448275862069 0.191743119266 0.235737351991
0.72911227154 0.5 0.586206896552 0.223853211009 0.331539289559
0.3727154047 0.0 0.310344827586 0.244036697248 0.241119483315
0.476501305483 0.25 0.379310344828 0.191743119266 0.235737351991
0.274804177546 0.0 0.206896551724 0.181651376147 0.168998923574
0.274804177546 0.0 0.206896551724 0.181651376147 0.168998923574
1.0 0.5 1.0 1.0 1.0
0.973237597911 0.25 1.0 0.878899082569 0.815931108719
0.780026109661 0.5 0.758620689655 0.560550458716 0.584499461787
0.747389033943 0.25 0.724137931034 0.528440366972 0.587728740581
