0.688343558282 0.25 0.724137931034 0.714090287278 0.673780487805
0.603680981595 0.5 0.586206896552 0.492476060192 0.457317073171
0.646012269939 0.25 0.551724137931 0.484268125855 0.489329268293
0.425153374233 0.0 0.344827586207 0.432284541724 0.300304878049
0.569325153374 0.25 0.551724137931 0.530779753762 0.420731707317
0.743558282209 0.5 0.758620689655 0.781121751026 0.728658536585
0.514110429448 0.0 0.51724137931 0.574555403557 0.463414634146
0.722699386503 0.25 0.689655172414 0.59097127223 0.571646341463
0.584049079755 0.25 0.586206896552 0.574555403557 0.501524390244
0.728220858896 0.75 0.793103448276 0.852257181943 0.844512195122
0.596932515337 0.5 0.586206896552 0.571819425445 0.50762195122
0.648466257669 0.5 0.689655172414 0.679890560876 0.495426829268
0.573006134969 0.25 0.586206896552 0.71682626539 0.629573170732
0.462576687117 0.0 0.413793103448 0.437756497948 0.362804878049
0.431901840491 0.75 0.413793103448 0.482900136799 0.547256097561
0.523312883436 0.25 0.448275862069 0.46511627907 0.442073170732
0.513496932515 0.5 0.448275862069 0.393980848153 0.338414634146
0.434355828221 0.5 0.379310344828 0.376196990424 0.36737804878
0.539877300613 0.25 0.448275862069 0.387140902873 0.365853658537
0.547239263804 0.25 0.51724137931 0.476060191518 0.440548780488
0.498773006135 0.0 0.48275862069 0.448700410397 0.30487804878
0.509202453988 0.5 0.48275862069 0.50341997264 0.466463414634
0.438036809816 0.25 0.379310344828 0.343365253078 0.373475609756
0.388957055215 0.25 0.379310344828 0.552667578659 0.615853658537
0.554601226994 0.5 0.51724137931 0.467852257182 0.413109756098
0.446012269939 0.25 0.413793103448 0.424076607387 0.338414634146
0.679141104294 0.0 0.655172413793 0.711354309166 0.571646341463
0.536196319018 0.25 0.48275862069 0.551299589603 0.582317073171
0.543558282209 0.5 0.448275862069 0.410396716826 0.298780487805
0.70245398773 0.25 0.620689655172 0.627906976744 0.474085365854
0.736196319018 1.0 0.758620689655 0.789329685363 0.739329268293
0.623926380368 0.0 0.551724137931 0.574555403557 0.4375
0.531288343558 0.5 0.48275862069 0.414500683995 0.341463414634
0.603067484663 0.5 0.551724137931 0.630642954856 0.487804878049
0.511042944785 0.25 0.448275862069 0.570451436389 0.458841463415
0.530061349693 0.25 0.551724137931 0.697674418605 0.663109756098
0.765644171779 0.5 0.793103448276 1.0 0.861280487805
0.472392638037 1.0 0.448275862069 0.259917920657 0.28506097561
0.654601226994 0.5 0.620689655172 0.69220246238 0.705792682927
0.545398773006 0.5 0.51724137931 0.705882352941 0.623475609756
0.742331288344 0.25 0.689655172414 0.611491108071 0.664634146341
0.552147239264 0.5 0.51724137931 0.544459644323 0.448170731707
1.0 0.5 1.0 0.920656634747 1.0
0.472392638037 0.75 0.448275862069 0.512995896033 0.544207317073
0.549693251534 0.25 0.48275862069 0.50341997264 0.341463414634
0.549693251534 0.25 0.48275862069 0.50341997264 0.341463414634
0.429447852761 0.25 0.344827586207 0.290013679891 0.1875
0.453987730061 0.25 0.379310344828 0.290013679891 0.1875
0.349693251534 0.25 0.275862068966 0.195622435021 0.128048780488
0.398773006135 0.0 0.310344827586 0.18878248974 0.0762195121951
0.541717791411 0.75 0.448275862069 0.373461012312 0.370426829268
0.394478527607 0.25 0.275862068966 0.135430916553 0.0182926829268
0.460736196319 0.25 0.413793103448 0.430916552668 0.28506097561
0.626380368098 0.25 0.551724137931 0.50341997264 0.559451219512
0.624539877301 0.5 0.551724137931 0.582763337893 0.46493902439
0.398773006135 0.0 0.310344827586 0.18878248974 0.0762195121951
0.452760736196 0.5 0.413793103448 0.391244870041 0.368902439024
0.514110429448 0.0 0.51724137931 0.574555403557 0.463414634146
0.529447852761 0.25 0.51724137931 0.508891928865 0.414634146341
0.460122699387 0.25 0.448275862069 0.50341997264 0.466463414634
0.541717791411 0.5 0.448275862069 0.49658002736 0.381097560976
0.401226993865 0.25 0.344827586207 0.372093023256 0.376524390244
0.458282208589 0.0 0.413793103448 0.415868673051 0.329268292683
0.360122699387 0.0 0.310344827586 0.337893296854 0.228658536585
0.584049079755 0.25 0.586206896552 0.574555403557 0.501524390244
0.574846625767 0.25 0.51724137931 0.385772913817 0.251524390244
0.703067484663 0.75 0.620689655172 0.615595075239 0.609756097561
0.376687116564 0.5 0.344827586207 0.484268125855 0.452743902439
0.634969325153 0.75 0.586206896552 0.506155950752 0.542682926829
0.679141104294 0.5 0.620689655172 0.574555403557 0.550304878049
0.482208588957 0.25 0.413793103448 0.436388508892 0.271341463415
0.630674846626 0.0 0.551724137931 0.429548563611 0.350609756098
0.431288343558 0.5 0.344827586207 0.3707250342 0.22256097561
0.41963190184 0.25 0.344827586207 0.395348837209 0.361280487805
0.472392638037 0.75 0.448275862069 0.512995896033 0.544207317073
0.513496932515 0.5 0.448275862069 0.393980848153 0.338414634146
0.711656441718 0.75 0.724137931034 0.668946648427 0.628048780488
0.601840490798 0.0 0.551724137931 0.564979480164 0.419207317073
0.633742331288 0.75 0.620689655172 0.823529411765 0.736280487805
0.753374233129 0.5 0.758620689655 0.924760601915 0.75
0.40736196319 0.75 0.344827586207 0.424076607387 0.342987804878
0.276687116564 0.0 0.206896551724 0.210670314637 0.129573170732
0.427607361963 0.25 0.310344827586 0.316005471956 0.161585365854
0.79509202454 0.25 0.689655172414 0.785225718194 0.778963414634
0.635582822086 0.5 0.586206896552 0.588235294118 0.439024390244
0.751533742331 0.5 0.724137931034 0.606019151847 0.576219512195
0.398773006135 0.0 0.310344827586 0.18878248974 0.0762195121951
0.376687116564 0.5 0.344827586207 0.484268125855 0.452743902439
0.258282208589 0.0 0.206896551724 0.270861833105 0.239329268293
0.458895705521 0.5 0.448275862069 0.429548563611 0.384146341463
0.550920245399 0.25 0.51724137931 0.414500683995 0.435975609756
0.480981595092 0.25 0.413793103448 0.347469220246 0.466463414634
0.701226993865 0.5 0.689655172414 0.701778385773 0.689024390244
0.760122699387 0.75 0.724137931034 0.701778385773 0.689024390244
0.499386503067 0.5 0.413793103448 0.406292749658 0.362804878049
0.676073619632 0.5 0.551724137931 0.437756497948 0.399390243902
0.468711656442 0.25 0.413793103448 0.493844049248 0.400914634146
0.694478527607 0.5 0.655172413793 0.648426812585 0.548780487805
0.517791411043 0.5 0.448275862069 0.493844049248 0.400914634146
0.728220858896 0.75 0.793103448276 0.852257181943 0.844512195122
