0.693426042984 0.0 0.645161290323 0.64888337469 0.74913693901
0.680783817952 0.0 0.612903225806 0.491315136476 0.60414269275
0.726927939317 0.0 0.709677419355 0.614143920596 0.649021864212
0.772439949431 0.0 0.741935483871 0.81017369727 0.843498273878
0.670670037927 0.0 0.612903225806 0.658808933002 0.726121979287
0.665613147914 0.0 0.612903225806 0.509925558313 0.578826237054
0.676991150442 0.0 0.612903225806 0.602977667494 0.670886075949
0.585335018963 0.0 0.548387096774 0.677419354839 0.70080552359
0.738305941846 0.0 0.645161290323 0.581885856079 0.665132336018
0.624525916561 0.0 0.612903225806 0.559553349876 0.558112773303
0.850189633375 0.0 0.806451612903 1.0 1.0
0.749683944374 0.0 0.677419354839 0.632754342432 0.681242807825
0.809734513274 0.0 0.806451612903 0.935483870968 0.896432681243
0.86409608091 0.0 0.838709677419 0.796526054591 0.785960874568
0.667509481669 0.0 0.612903225806 0.683622828784 0.708860759494
0.650442477876 0.0 0.58064516129 0.497518610422 0.548906789413
0.522123893805 0.0 0.451612903226 0.501240694789 0.552359033372
0.604298356511 0.0 0.548387096774 0.683622828784 0.708860759494
0.712389380531 0.0 0.645161290323 0.638957816377 0.67663981588
0.801517067004 0.0 0.741935483871 0.677419354839 0.704257767549
0.625790139064 0.0 0.548387096774 0.497518610422 0.550057537399
0.541087231353 0.0 0.483870967742 0.501240694789 0.532796317606
0.496839443742 0.0 0.41935483871 0.501240694789 0.552359033372
0.598609355247 0.0 0.548387096774 0.586848635236 0.605293440736
0.896965865992 0.0 0.838709677419 0.868486352357 0.878020713464
0.657395701643 0.0 0.612903225806 0.683622828784 0.689298043728
0.728824273072 0.0 0.612903225806 0.512406947891 0.599539700806
0.797092288243 0.0 0.709677419355 0.699751861042 0.746835443038
0.532237673831 0.0 0.451612903226 0.501240694789 0.552359033372
0.511378002528 0.0 0.483870967742 0.519851116625 0.515535097814
0.52402022756 0.0 0.483870967742 0.52729528536 0.535097813579
0.547408343869 0.0 0.483870967742 0.501240694789 0.532796317606
0.679519595449 0.0 0.612903225806 0.633995037221 0.660529344074
0.570796460177 0.0 0.483870967742 0.478908188586 0.533947065593
0.568900126422 0.0 0.516129032258 0.585607940447 0.597238204833
0.613147914033 0.0 0.516129032258 0.468982630273 0.53164556962
0.675726927939 0.0 0.612903225806 0.661290322581 0.677790563867
0.577117572693 0.0 0.483870967742 0.387096774194 0.449942462601
0.575221238938 0.0 0.516129032258 0.549627791563 0.568469505178
0.575221238938 0.0 0.516129032258 0.549627791563 0.568469505178
0.625158027813 0.0 0.548387096774 0.563275434243 0.598388952819
0.608723135272 0.0 0.516129032258 0.478908188586 0.533947065593
0.756637168142 0.0 0.709677419355 0.834987593052 0.822784810127
0.770543615676 0.0 0.774193548387 0.858560794045 0.792865362486
0.651074589128 0.0 0.548387096774 0.468982630273 0.53164556962
0.785082174463 0.0 0.709677419355 0.693548387097 0.714614499425
0.742730720607 0.0 0.677419354839 0.77047146402 0.776754890679
1.0 0.0 1.0 0.978908188586 0.906789413119
0.776864728192 0.0 0.741935483871 0.718362282878 0.695051783659
0.563211125158 0.0 0.483870967742 0.409429280397 0.448791714614
0.646649810367 0.0 0.516129032258 0.547146401985 0.629459148446
0.62389380531 0.0 0.516129032258 0.475186104218 0.538550057537
0.467762326169 0.0 0.387096774194 0.409429280397 0.448791714614
0.621365360303 0.0 0.58064516129 0.612903225806 0.599539700806
0.579646017699 0.0 0.516129032258 0.504962779156 0.520138089758
0.752212389381 0.0 0.645161290323 0.588089330025 0.640966628308
0.534766118837 0.0 0.451612903226 0.409429280397 0.448791714614
0.534766118837 0.0 0.451612903226 0.409429280397 0.448791714614
0.705436156764 0.0 0.58064516129 0.604218362283 0.673187571922
0.696586599241 0.0 0.645161290323 0.713399503722 0.701956271577
0.597977243995 0.0 0.516129032258 0.493796526055 0.525891829689
0.595448798989 0.0 0.548387096774 0.586848635236 0.576524741082
0.505689001264 0.0 0.41935483871 0.409429280397 0.448791714614
0.600505689001 0.0 0.516129032258 0.493796526055 0.525891829689
0.720606826802 0.0 0.612903225806 0.473945409429 0.530494821634
0.966498103666 0.0 0.935483870968 0.930521091811 0.882623705409
0.442477876106 0.0 0.354838709677 0.409429280397 0.448791714614
0.92414664981 0.0 0.838709677419 0.862282878412 0.871116225547
0.788874841972 0.0 0.741935483871 0.807692307692 0.780207134638
0.893805309735 0.0 0.870967741935 0.884615384615 0.827387802071
0.477876106195 0.0 0.387096774194 0.409429280397 0.448791714614
0.477876106195 0.0 0.387096774194 0.409429280397 0.448791714614
0.489886219975 0.0 0.41935483871 0.435483870968 0.451093210587
0.644753476612 0.0 0.58064516129 0.585607940447 0.585730724971
0.535398230088 0.0 0.483870967742 0.435483870968 0.431530494822
0.480404551201 0.0 0.387096774194 0.409429280397 0.448791714614
0.488621997472 0.0 0.451612903226 0.519851116625 0.495972382048
0.488621997472 0.0 0.451612903226 0.519851116625 0.495972382048
0.575221238938 0.0 0.483870967742 0.493796526055 0.525891829689
0.694058154235 0.0 0.612903225806 0.624069478908 0.63751438435
0.737041719343 0.0 0.677419354839 0.651364764268 0.640966628308
0.492414664981 0.0 0.41935483871 0.435483870968 0.451093210587
0.669405815424 0.0 0.58064516129 0.560794044665 0.584579976985
0.780657395702 0.0 0.645161290323 0.512406947891 0.585730724971
0.654867256637 0.0 0.58064516129 0.560794044665 0.569620253165
0.866624525917 0.0 0.774193548387 0.792803970223 0.805523590334
0.579013906448 0.0 0.516129032258 0.524813895782 0.523590333717
0.682048040455 0.0 0.612903225806 0.573200992556 0.575373993096
0.725663716814 0.0 0.612903225806 0.5682382134 0.614499424626
0.626422250316 0.0 0.516129032258 0.512406947891 0.559263521289
0.594184576485 0.0 0.548387096774 0.548387096774 0.528193325662
0.885587863464 0.0 0.806451612903 0.673697270471 0.677790563867
0.716814159292 0.0 0.58064516129 0.52729528536 0.597238204833
0.526548672566 0.0 0.483870967742 0.519851116625 0.495972382048
0.547408343869 0.0 0.483870967742 0.517369727047 0.513233601841
0.800884955752 0.0 0.741935483871 0.712158808933 0.691599539701
0.637800252845 0.0 0.548387096774 0.502481389578 0.524741081703
0.594184576485 0.0 0.548387096774 0.52729528536 0.504027617952
0.639696586599 0.0 0.58064516129 0.679900744417 0.660529344074
0.648546144121 0.0 0.58064516129 0.617866004963 0.611047180667
