0.637533875339 0.0 0.657142857143 0.526315789474 0.64263322884
0.758045977011 0.0 0.780487804878 0.638930163447 0.73200702165
0.361494252874 0.0 0.439024390244 0.29940564636 0.325921591574
0.737931034483 0.0 0.80487804878 0.721396731055 0.740198946752
0.870689655172 0.0 0.90243902439 0.822436849926 0.874780573435
0.772988505747 0.0 0.707317073171 0.557949479941 0.697483908719
0.515517241379 0.0 0.585365853659 0.499257057949 0.500292568754
0.59891598916 0.0 0.628571428571 0.496524329692 0.53605015674
0.540229885057 0.0 0.634146341463 0.572808320951 0.547688706846
0.623306233062 0.0 0.685714285714 0.698113207547 0.702194357367
0.660569105691 0.0 0.657142857143 0.589870903674 0.658307210031
0.362643678161 0.0 0.341463414634 0.072808320951 0.158572264482
0.691379310345 0.0 0.731707317073 0.648588410104 0.664131070802
0.451149425287 0.0 0.487804878049 0.346210995542 0.364540667057
0.689024390244 0.0 0.714285714286 0.641509433962 0.670846394984
0.345402298851 0.0 0.390243902439 0.267459138187 0.27677004096
0.729310344828 0.0 0.780487804878 0.701337295691 0.703335283792
0.454022988506 0.0 0.536585365854 0.429420505201 0.397308367466
0.909195402299 0.0 0.926829268293 0.826894502229 0.858981860737
0.69783197832 0.0 0.714285714286 0.664349553128 0.69670846395
0.544037940379 0.0 0.485714285714 0.315789473684 0.421630094044
0.740514905149 0.0 0.742857142857 0.700099304866 0.742163009404
0.741192411924 0.0 0.742857142857 0.674280039722 0.716300940439
0.566666666667 0.0 0.658536585366 0.61441307578 0.565827969573
0.565718157182 0.0 0.571428571429 0.501489572989 0.537617554859
0.754981549815 0.0 0.757575757576 0.626310772164 0.663249211356
0.754981549815 0.0 0.757575757576 0.626310772164 0.663249211356
0.693089430894 0.0 0.657142857143 0.603773584906 0.677115987461
0.581978319783 0.0 0.6 0.508440913605 0.525078369906
0.554597701149 0.0 0.609756097561 0.493313521545 0.47279110591
0.314367816092 0.0 0.341463414634 0.197622585438 0.203627852545
0.689024390244 0.0 0.714285714286 0.700099304866 0.705329153605
0.722222222222 0.0 0.771428571429 0.801390268123 0.777429467085
0.849425287356 0.0 0.878048780488 0.809806835067 0.806319485079
0.727642276423 0.0 0.742857142857 0.7090367428 0.717084639498
0.446551724138 0.0 0.512195121951 0.434621099554 0.388531304857
0.628726287263 0.0 0.657142857143 0.618669314796 0.609717868339
0.415517241379 0.0 0.463414634146 0.368499257058 0.338209479228
0.667344173442 0.0 0.657142857143 0.615690168818 0.6434169279
0.680216802168 0.0 0.657142857143 0.538232373386 0.577586206897
0.595528455285 0.0 0.6 0.493545183714 0.504702194357
0.659214092141 0.0 0.657142857143 0.57994041708 0.597178683386
0.609078590786 0.0 0.628571428571 0.556107249255 0.551724137931
0.586043360434 0.0 0.6 0.506454816286 0.504702194357
0.799425287356 0.0 0.829268292683 0.797176820208 0.778818022235
0.61091954023 0.0 0.707317073171 0.661961367013 0.576945582212
0.579268292683 0.0 0.571428571429 0.461767626614 0.479623824451
0.552298850575 0.0 0.487804878049 0.243684992571 0.317144528964
0.41091954023 0.0 0.390243902439 0.270430906389 0.297249853716
0.378735632184 0.0 0.414634146341 0.280089153046 0.249853715623
0.627586206897 0.0 0.682926829268 0.630014858841 0.579286132241
0.662601626016 0.0 0.685714285714 0.642502482622 0.623040752351
0.297126436782 0.0 0.292682926829 0.144873699851 0.151550614394
0.64701897019 0.0 0.657142857143 0.660377358491 0.649686520376
0.634823848238 0.0 0.628571428571 0.556107249255 0.561128526646
0.477586206897 0.0 0.560975609756 0.550520059435 0.4640140433
0.341379310345 0.0 0.365853658537 0.212481426449 0.18080748976
0.528455284553 0.0 0.485714285714 0.303872889772 0.337774294671
0.826436781609 0.0 0.853658536585 0.781575037147 0.737273259216
0.620596205962 0.0 0.628571428571 0.544190665343 0.51802507837
0.586043360434 0.0 0.628571428571 0.568023833168 0.506269592476
0.580623306233 0.0 0.571428571429 0.448857994042 0.438087774295
0.638211382114 0.0 0.6 0.56504468719 0.583072100313
0.773431734317 0.1 0.787878787879 0.674928503337 0.739747634069
0.294827586207 0.0 0.292682926829 0.141901931649 0.123464014043
0.573848238482 0.0 0.542857142857 0.445878848064 0.453761755486
0.714170040486 0.0 0.741935483871 0.684311838306 0.633389261745
0.714170040486 0.0 0.741935483871 0.684311838306 0.633389261745
0.753846153846 0.0 0.774193548387 0.710298363811 0.66610738255
0.753846153846 0.0 0.774193548387 0.710298363811 0.66610738255
0.691056910569 0.0 0.628571428571 0.538232373386 0.576018808777
0.279885057471 0.0 0.268292682927 0.12852897474 0.114686951434
0.808265582656 0.0 0.828571428571 0.883813306852 0.836990595611
0.722899728997 0.0 0.714285714286 0.698113207547 0.67868338558
0.716802168022 0.0 0.685714285714 0.61271102284 0.612852664577
0.293103448276 0.0 0.243902439024 0.0638930163447 0.0807489760094
0.695799457995 0.0 0.714285714286 0.731876861966 0.680250783699
0.60433604336 0.0 0.542857142857 0.464746772592 0.492946708464
0.605691056911 0.0 0.6 0.535253227408 0.506269592476
0.419540229885 0.0 0.341463414634 0.154531946508 0.190754827384
0.666666666667 0.0 0.628571428571 0.534260178749 0.529780564263
0.733062330623 0.0 0.685714285714 0.620655412115 0.62460815047
0.867208672087 0.0 0.885714285714 1.0 0.937304075235
0.69647696477 0.0 0.628571428571 0.592850049652 0.615987460815
0.663279132791 0.0 0.628571428571 0.554121151936 0.543887147335
0.610433604336 0.0 0.571428571429 0.494538232373 0.485893416928
0.568428184282 0.0 0.542857142857 0.504468718967 0.48197492163
0.299425287356 0.0 0.317073170732 0.192421991085 0.12638970158
0.560975609756 0.0 0.6 0.582919563059 0.495297805643
0.835057471264 0.125 0.853658536585 0.777860326895 0.833235810415
0.641598915989 0.0 0.6 0.572989076465 0.561912225705
0.610433604336 0.0 0.571428571429 0.45084409136 0.436520376176
0.287356321839 0.0 0.243902439024 0.0965824665676 0.0866003510825
0.573848238482 0.0 0.571428571429 0.528301886792 0.477272727273
0.772357723577 0.0 0.771428571429 0.772591857001 0.718652037618
0.638888888889 0.0 0.571428571429 0.517378351539 0.528213166144
0.521002710027 0.0 0.542857142857 0.457795431976 0.376175548589
0.255172413793 0.0 0.19512195122 0.0 0.0
0.742547425474 0.0 0.742857142857 0.77358490566 0.713166144201
0.629310344828 0.0 0.585365853659 0.520059435364 0.502633118783
