0.316266425011 0.0 0.375 0.292767732962 0.318673883627
0.436338921613 0.666666666667 0.475 0.473574408901 0.443166441137
0.917988219302 0.0 0.9 1.0 0.894451962111
0.893520616221 0.0 0.875 0.975660639777 0.904600811908
0.658359764386 0.666666666667 0.6 0.584144645341 0.681326116373
0.509741730856 0.0 0.525 0.472878998609 0.497970230041
0.817399184413 0.0 0.825 0.92628650904 0.811907983762
0.357951971001 0.0 0.35 0.328233657858 0.320027063599
0.474852741278 0.0 0.5 0.468011126565 0.4100135318
0.344811961939 0.0 0.425 0.401947148818 0.353179972936
0.599456275487 0.666666666667 0.6 0.458970792768 0.573071718539
0.460353420933 0.666666666667 0.575 0.605702364395 0.5
0.562301767105 0.0 0.625 0.598052851182 0.67050067659
0.62483008609 0.0 0.65 0.616133518776 0.643437077131
0.603987313095 0.0 0.725 0.803198887344 0.809201623816
0.423198912551 0.0 0.45 0.480528511822 0.490527740189
0.373357498867 0.0 0.4 0.407510431154 0.393775372124
0.431354780245 0.666666666667 0.475 0.460361613352 0.450608930988
0.307204349796 0.0 0.4 0.376912378303 0.330852503383
0.747621205256 0.0 0.725 0.783727399166 0.761163734777
0.564567285908 0.0 0.525 0.504172461752 0.545331529093
0.632532850023 0.0 0.55 0.517385257302 0.564276048714
0.889442682374 0.0 0.9 0.913073713491 0.913396481732
0.658359764386 0.666666666667 0.6 0.584144645341 0.681326116373
0.710919800634 0.0 0.7 0.681502086231 0.717185385656
0.653375623018 0.0 0.65 0.705146036161 0.679972936401
0.556864521976 0.0 0.5 0.440194714882 0.529769959405
0.51200724966 0.0 0.5 0.486787204451 0.401894451962
0.597643860444 0.666666666667 0.575 0.488178025035 0.564952638701
0.924784775714 0.666666666667 0.9 0.954798331015 0.851826792963
0.697779791572 1.0 0.725 0.720445062587 0.793640054127
0.58903488899 0.0 0.625 0.65090403338 0.599458728011
0.496148618034 0.666666666667 0.625 0.61752433936 0.61299052774
0.432260987766 0.0 0.45 0.415855354659 0.394451962111
0.669687358405 1.0 0.55 0.414464534075 0.565629228687
0.286361576801 0.0 0.325 0.301808066759 0.301082543978
0.367467149977 0.0 0.4 0.354659248957 0.360622462788
0.685545990032 0.0 0.625 0.602920723227 0.546684709066
0.652469415496 0.666666666667 0.625 0.525730180807 0.639377537212
0.652922519257 0.666666666667 0.6 0.561891515994 0.632611637348
0.812415043045 0.0 0.725 0.653685674548 0.666441136671
0.83914816493 0.0 0.775 0.800417246175 0.777401894452
0.836429542365 0.0 0.8 0.799721835883 0.815967523681
0.348436792025 0.0 0.35 0.276077885953 0.26048714479
0.429995468962 0.666666666667 0.4 0.318497913769 0.387686062246
0.581332125057 0.0 0.7 0.757997218359 0.755074424899
0.58903488899 0.0 0.625 0.65090403338 0.599458728011
0.652016311735 0.0 0.65 0.595271210014 0.581867388363
0.888989578614 0.0 0.875 0.831015299026 0.870771312585
0.828273674671 0.0 0.8 0.834492350487 0.799052774019
0.507476212053 0.0 0.525 0.517385257302 0.525710419486
0.521069324875 0.0 0.525 0.508344923505 0.503382949932
0.73221567739 0.0 0.75 0.753129346314 0.781461434371
0.667421839601 0.0 0.65 0.607788595271 0.59201623816
0.623017671047 0.0 0.575 0.569541029207 0.568335588633
0.540099682827 0.0 0.525 0.502086230876 0.614343707713
0.753964657907 0.0 0.775 0.831015299026 0.808525033829
0.923878568192 0.0 0.925 0.978442280946 0.855209742896
0.867240598097 0.0 0.85 0.90264255911 0.877537212449
0.727684639783 0.666666666667 0.65 0.650208623088 0.732746955345
0.515178975986 0.0 0.575 0.624478442281 0.566305818674
0.67240598097 0.0 0.625 0.694019471488 0.593369418133
0.77390122338 0.666666666667 0.625 0.51668984701 0.596075778078
0.50022655188 0.0 0.6 0.668289290682 0.573748308525
0.676483914816 0.0 0.775 0.796244784423 0.796346414073
0.613955595831 0.0 0.7 0.712795549374 0.629228687415
0.813321250566 0.0 0.7 0.659248956885 0.668470906631
0.789759855007 0.0 0.7 0.69471488178 0.703653585927
0.445854100589 0.0 0.525 0.440890125174 0.533152909337
0.487539646579 0.0 0.525 0.485396383866 0.491880920162
0.276393294064 0.0 0.325 0.301808066759 0.273342354533
0.462618939737 0.0 0.55 0.554242002782 0.502029769959
0.784322609878 0.0 0.7 0.687065368567 0.774695534506
0.735840507476 0.666666666667 0.65 0.634909596662 0.71447902571
0.466696873584 0.0 0.425 0.340055632823 0.446549391069
0.865428183054 0.0 0.8 0.760778859527 0.9100135318
0.510647938378 0.0 0.575 0.495132127955 0.53450608931
0.49388309923 0.0 0.525 0.589012517385 0.499323410014
0.722700498414 0.0 0.75 0.712100139082 0.820027063599
0.441776166742 0.666666666667 0.55 0.517385257302 0.550744248985
0.322609877662 0.0 0.375 0.378303198887 0.313937753721
0.570457634798 0.0 0.575 0.55354659249 0.651556156969
0.420480289986 0.666666666667 0.45 0.438803894298 0.458051420839
0.704576347984 0.666666666667 0.65 0.652294853964 0.772665764547
0.817399184413 0.0 0.825 0.92628650904 0.811907983762
0.708654281831 0.0 0.65 0.716968011127 0.651556156969
0.775713638423 0.0 0.7 0.745479833102 0.650202976996
0.469415496149 0.0 0.525 0.526425591099 0.497970230041
0.510194834617 0.0 0.475 0.40264255911 0.334235453315
0.425464431355 0.0 0.45 0.445062586926 0.401217861976
0.608518350702 0.0 0.65 0.656467315716 0.5899864682
0.549161758043 0.0 0.7 0.695410292072 0.732746955345
0.318531943815 0.0 0.35 0.308066759388 0.280108254398
0.83914816493 0.0 0.775 0.800417246175 0.777401894452
0.953783416402 0.0 0.875 0.799026425591 0.795669824087
0.833710919801 0.0 0.775 0.760778859527 0.780108254398
0.517444494789 0.0 0.575 0.552851182197 0.632611637348
0.732668781151 0.0 0.7 0.730180806676 0.70297699594
0.813321250566 0.333333333333 0.75 0.718358831711 0.709742895805
0.924784775714 0.666666666667 0.9 0.954798331015 0.851826792963
0.695061169008 0.666666666667 0.6 0.584840055633 0.596075778078
0.748527412778 0.0 0.725 0.696105702364 0.736129905277
0.775713638423 0.666666666667 0.75 0.714186369958 0.752368064953
1.0 0.0 1.0 0.961057023644 0.910690121786
0.498414136837 0.0 0.6 0.631432545202 0.648173207037
0.515632079746 0.0 0.6 0.616828929068 0.589309878214
0.415043044857 0.0 0.5 0.532684283727 0.569688768606
0.391028545537 0.0 0.45 0.481919332406 0.420838971583
0.290892614409 0.0 0.35 0.348400556328 0.357916102842
0.857725419121 0.333333333333 0.775 0.789290681502 0.741542625169
0.567285908473 0.0 0.525 0.430458970793 0.541948579161
0.498414136837 0.0 0.45 0.42280945758 0.472259810555
0.715903942003 0.0 0.65 0.572322670376 0.577131258457
0.765745355686 0.666666666667 0.775 0.657162726008 0.835588633288
0.888989578614 0.0 0.875 0.831015299026 0.870771312585
0.307657453557 0.0 0.35 0.361613351878 0.363328822733
0.429995468962 0.666666666667 0.4 0.318497913769 0.387686062246
0.52967829633 0.0 0.475 0.415159944367 0.457374830853
0.755323969189 0.0 0.825 0.886648122392 0.782814614344
0.537381060263 0.0 0.525 0.444367176634 0.507442489851
0.834617127322 0.0 0.875 0.743393602225 0.895128552097
0.748074309017 0.0 0.725 0.682197496523 0.734100135318
0.85138196647 0.0 0.75 0.80876216968 0.715155615697
0.888989578614 0.0 0.875 0.831015299026 0.870771312585
0.769370185773 0.0 0.675 0.641863699583 0.6150202977
0.376982328953 0.0 0.45 0.41933240612 0.414749661705
0.467149977345 0.0 0.525 0.54033379694 0.470230040595
0.483914816493 0.0 0.525 0.543810848401 0.493910690122
0.240144993203 0.666666666667 0.3 0.242698191933 0.230717185386
0.297236067059 0.666666666667 0.375 0.344228094576 0.320703653586
0.418667874943 0.0 0.575 0.648122392211 0.56901217862
0.669234254644 0.0 0.575 0.566759388039 0.612313937754
0.425464431355 0.0 0.5 0.506258692629 0.530446549391
0.894426823743 0.666666666667 0.925 0.852573018081 1.0
0.584050747621 0.333333333333 0.625 0.575104311544 0.633288227334
0.486633439058 0.333333333333 0.55 0.554937413074 0.616373477673
0.68463978251 0.0 0.75 0.858136300417 0.786874154263
0.514272768464 0.0 0.575 0.611961057024 0.600135317997
0.676483914816 0.0 0.775 0.796244784423 0.796346414073
0.821930222021 0.0 0.825 0.910987482615 0.832205683356
0.6189397372 0.0 0.65 0.589012517385 0.619756427605
0.576347983688 0.0 0.6 0.561891515994 0.57848443843
0.467603081106 0.0 0.525 0.486091794159 0.385656292287
0.342546443135 0.0 0.35 0.3421418637 0.307848443843
0.423652016312 0.0 0.525 0.5 0.53247631935
0.658812868147 0.0 0.675 0.633518776078 0.749661705007
0.597643860444 0.0 0.625 0.640472878999 0.523680649526
0.779338468509 0.666666666667 0.8 0.755215577191 0.771312584574
0.699139102855 0.0 0.6 0.558414464534 0.502706359946
0.50611690077 0.0 0.525 0.499304589708 0.492557510149
0.874037154508 0.0 0.875 0.801808066759 0.878213802436
0.883099229724 0.0 0.9 0.879694019471 0.857239512855
0.623470774807 0.0 0.675 0.727399165508 0.625169147497
0.647485274128 0.0 0.7 0.756606397775 0.666441136671
0.924784775714 0.666666666667 0.9 0.954798331015 0.851826792963
0.513819664703 0.0 0.625 0.567454798331 0.550067658999
0.604893520616 0.0 0.725 0.7719054242 0.81799729364
0.694154961486 0.0 0.775 0.853268428373 0.738159675237
0.542818305392 0.0 0.65 0.703059805285 0.711772665765
0.542818305392 0.0 0.65 0.703059805285 0.711772665765
0.705482555505 0.0 0.7 0.632823365786 0.767929634641
0.915722700498 0.0 0.875 0.786509040334 0.946549391069
0.736293611237 0.666666666667 0.75 0.7719054242 0.821380243572
0.623470774807 0.0 0.55 0.556328233658 0.518267929635
0.911191662891 0.0 0.825 0.806675938804 0.784167794317
0.687358405075 0.0 0.75 0.739916550765 0.641407307172
0.840960579973 0.666666666667 0.825 0.828233657858 0.857916102842
0.741277752605 0.666666666667 0.65 0.651599443672 0.565629228687
0.838695061169 0.0 0.825 0.819193324061 0.770635994587
0.623923878568 0.0 0.6 0.611265646732 0.620433017591
0.674218396013 0.0 0.65 0.63073713491 0.584573748309
0.307204349796 0.0 0.35 0.324756606398 0.307848443843
0.838695061169 0.0 0.825 0.819193324061 0.770635994587
0.301314000906 0.666666666667 0.35 0.335883171071 0.340324763194
0.798821930222 0.0 0.75 0.760778859527 0.726657645467
0.683733574989 1.0 0.525 0.467315716273 0.47699594046
0.52967829633 0.0 0.475 0.415159944367 0.457374830853
0.652016311735 0.0 0.65 0.595271210014 0.581867388363
0.786135024921 0.0 0.7 0.718358831711 0.652909336942
0.936112369733 0.0 0.85 0.915855354659 0.843707713126
0.944268237426 0.0 0.9 0.977051460362 0.868064952639
0.955595831445 0.0 0.875 0.853963838665 0.895128552097
0.382419574082 0.0 0.4 0.381780250348 0.378213802436
0.670593565927 0.0 0.75 0.798331015299 0.681326116373
0.690077027639 0.0 0.6 0.593184979138 0.638700947226
0.658359764386 0.666666666667 0.6 0.584144645341 0.681326116373
0.431354780245 0.666666666667 0.475 0.460361613352 0.450608930988
0.587675577707 0.0 0.6 0.65090403338 0.742219215156
0.582691436339 0.0 0.575 0.607788595271 0.584573748309
0.570457634798 0.0 0.55 0.442280945758 0.459404600812
0.593565926597 0.0 0.6 0.559805285118 0.623815967524
0.687358405075 0.0 0.725 0.662030598053 0.744248985115
0.265518803806 0.0 0.35 0.32545201669 0.290257104195
0.307204349796 0.0 0.4 0.376912378303 0.330852503383
0.60715903942 0.0 0.7 0.757301808067 0.742895805142
0.490258269144 0.666666666667 0.55 0.610570236439 0.528416779432
0.748527412778 0.0 0.75 0.755215577191 0.64749661705
0.641594925238 0.0 0.7 0.737134909597 0.619756427605
0.509741730856 0.0 0.525 0.472878998609 0.497970230041
0.486633439058 0.0 0.475 0.460361613352 0.517591339648
