0.920160827111 0.0 0.971428571429 0.896 0.963076923077
0.781734635267 0.0 0.914285714286 0.824 0.841846153846
0.948879954049 0.0 0.971428571429 0.850909090909 0.927384615385
0.996553704767 0.0 0.971428571429 0.814545454545 0.909538461538
0.894313612866 0.0 0.942857142857 0.847272727273 0.891076923077
0.82711085583 0.0 0.914285714286 0.848 0.868923076923
0.86904078116 0.0 1.0 1.0 0.955076923077
0.841470419299 0.0 0.942857142857 0.853090909091 0.856
0.670304422746 0.0 0.771428571429 0.662545454545 0.717538461538
0.93452039058 0.0 0.914285714286 0.784727272727 0.876307692308
0.909247558874 0.0 0.971428571429 0.798545454545 0.824615384615
0.708788052843 0.0 0.771428571429 0.662545454545 0.737846153846
0.693854106835 0.0 0.771428571429 0.696 0.755076923077
0.782309017806 0.0 0.8 0.587636363636 0.695384615385
0.908673176335 0.0 0.914285714286 0.771636363636 0.843076923077
0.680643308443 0.0 0.771428571429 0.648727272727 0.700307692308
0.995979322229 0.0 0.971428571429 0.785454545455 0.860923076923
0.792647903504 0.0 0.857142857143 0.784727272727 0.818461538462
0.869615163699 0.0 0.914285714286 0.789818181818 0.825846153846
0.697874784607 0.0 0.771428571429 0.597818181818 0.662769230769
0.804709936818 0.0 0.885714285714 0.827636363636 0.836923076923
0.997702469845 0.0 1.0 0.978909090909 1.0
0.913268236646 0.0 0.971428571429 0.781818181818 0.798153846154
0.745548535325 0.0 0.8 0.682909090909 0.741538461538
0.82251579552 0.0 0.857142857143 0.753454545455 0.804923076923
0.736358414704 0.0 0.828571428571 0.845818181818 0.849230769231
0.921309592188 0.0 0.914285714286 0.751272727273 0.819076923077
0.928776565192 0.0 0.971428571429 0.838545454545 0.852307692308
0.846065479609 0.0 0.857142857143 0.728 0.795076923077
0.718552556002 0.0 0.8 0.672727272727 0.710153846154
0.767375071798 0.0 0.8 0.629090909091 0.702153846154
0.769098219414 0.0 0.857142857143 0.763636363636 0.771692307692
0.763928776565 0.0 0.828571428571 0.8 0.821538461538
0.988512349225 0.0 0.885714285714 0.717818181818 0.851076923077
0.707064905227 0.0 0.742857142857 0.583272727273 0.667076923077
0.726593911545 0.0 0.771428571429 0.664727272727 0.725538461538
0.730040206778 0.0 0.771428571429 0.639272727273 0.705846153846
0.802986789202 0.0 0.828571428571 0.672 0.735384615385
0.660539919586 0.0 0.685714285714 0.606545454545 0.700923076923
1.0 0.0 0.942857142857 0.762181818182 0.848615384615
0.630097645032 0.0 0.685714285714 0.615272727273 0.688
0.705916140149 0.0 0.771428571429 0.623272727273 0.675076923077
0.954049396898 0.0 0.942857142857 0.771636363636 0.825230769231
0.858701895462 0.0 0.857142857143 0.708363636364 0.777230769231
0.762205628949 0.0 0.857142857143 0.896 0.874461538462
0.641585295807 0.0 0.742857142857 0.583272727273 0.620307692308
0.919586444572 0.0 0.914285714286 0.781818181818 0.833230769231
0.685238368754 0.0 0.742857142857 0.605090909091 0.667076923077
0.796094198736 0.0 0.828571428571 0.677818181818 0.731692307692
0.717403790925 0.0 0.8 0.728 0.745846153846
0.685812751292 0.0 0.714285714286 0.617454545455 0.699076923077
0.667432510052 0.0 0.714285714286 0.604363636364 0.675692307692
0.655944859276 0.0 0.714285714286 0.626909090909 0.687384615385
0.703044227455 0.0 0.771428571429 0.692363636364 0.728
0.694428489374 0.0 0.771428571429 0.704 0.732307692308
0.768523836875 0.0 0.8 0.700363636364 0.753846153846
0.71510626077 0.0 0.714285714286 0.634181818182 0.730461538462
0.743251005169 0.0 0.771428571429 0.677818181818 0.740307692308
0.81792073521 0.0 0.914285714286 0.791272727273 0.771692307692
0.912693854107 0.0 0.971428571429 0.853818181818 0.840615384615
0.801838024124 0.0 0.828571428571 0.666181818182 0.721846153846
0.849511774842 0.0 0.8 0.580363636364 0.701538461538
0.860999425617 0.0 0.914285714286 0.853818181818 0.851076923077
0.646180356117 0.0 0.742857142857 0.700363636364 0.716923076923
0.758184951177 0.0 0.828571428571 0.743272727273 0.757538461538
0.75244112579 0.0 0.828571428571 0.753454545455 0.761846153846
0.797817346353 0.0 0.885714285714 0.844363636364 0.822769230769
0.872487076393 0.0 0.942857142857 0.821090909091 0.805538461538
0.71970132108 0.0 0.771428571429 0.676363636364 0.719384615385
0.732912119472 0.0 0.857142857143 0.849454545455 0.807384615385
0.709362435382 0.0 0.771428571429 0.626181818182 0.669538461538
0.84089603676 0.0 0.914285714286 0.929454545455 0.899076923077
0.85985066054 0.0 0.857142857143 0.664727272727 0.730461538462
0.873061458932 0.0 0.942857142857 0.775272727273 0.764923076923
0.755313038484 0.0 0.771428571429 0.646545454545 0.715076923077
0.670304422746 0.0 0.8 0.711272727273 0.692307692308
0.410683515221 0.0 0.485714285714 0.290181818182 0.414769230769
0.819643882826 0.0 0.857142857143 0.752 0.776
0.706490522688 0.0 0.8 0.770181818182 0.763692307692
0.85066053992 0.0 0.857142857143 0.709090909091 0.759384615385
0.73348650201 0.0 0.857142857143 0.829818181818 0.785846153846
0.646754738656 0.0 0.685714285714 0.501090909091 0.584615384615
0.805284319357 0.0 0.8 0.619636363636 0.696615384615
0.786904078116 0.0 0.771428571429 0.665454545455 0.746461538462
0.742102240092 0.0 0.771428571429 0.641454545455 0.696615384615
0.762780011488 0.0 0.857142857143 0.76 0.742769230769
0.631246410109 0.0 0.628571428571 0.427636363636 0.555692307692
0.834003446295 0.0 0.828571428571 0.632 0.702153846154
0.658242389431 0.0 0.685714285714 0.569454545455 0.648615384615
0.821941412981 0.0 0.885714285714 0.834181818182 0.820923076923
0.889144170017 0.0 0.914285714286 0.778181818182 0.793846153846
0.674325100517 0.0 0.742857142857 0.649454545455 0.681230769231
0.731188971855 0.0 0.828571428571 0.736727272727 0.724307692308
0.778862722573 0.0 0.828571428571 0.651636363636 0.682461538462
0.812751292361 0.0 0.828571428571 0.766545454545 0.802461538462
0.599080987938 0.0 0.657142857143 0.536 0.603692307692
0.753589890867 0.0 0.771428571429 0.64 0.701538461538
0.660539919586 0.0 0.742857142857 0.654545454545 0.675692307692
0.647329121195 0.0 0.714285714286 0.588363636364 0.632615384615
0.679494543366 0.0 0.771428571429 0.709818181818 0.711384615385
0.802986789202 0.0 0.828571428571 0.662545454545 0.704615384615
0.758759333716 0.0 0.828571428571 0.752727272727 0.752615384615
0.829408385985 0.0 0.857142857143 0.836363636364 0.846769230769
0.693854106835 0.0 0.771428571429 0.733818181818 0.739692307692
0.815048822516 0.0 0.857142857143 0.776727272727 0.786461538462
0.819643882826 0.0 0.828571428571 0.715636363636 0.76
0.674899483056 0.0 0.742857142857 0.606545454545 0.641230769231
0.624353819644 0.0 0.714285714286 0.601454545455 0.626461538462
0.743825387708 0.0 0.828571428571 0.734545454545 0.726153846154
0.828834003446 0.0 0.857142857143 0.709090909091 0.736615384615
0.571510626077 0.0 0.657142857143 0.594181818182 0.630769230769
0.76163124641 0.0 0.857142857143 0.828363636364 0.794461538462
0.583572659391 0.0 0.657142857143 0.577454545455 0.624
0.730614589316 0.0 0.8 0.748363636364 0.751384615385
0.61688684664 0.0 0.714285714286 0.639272727273 0.652307692308
0.765077541643 0.0 0.885714285714 0.845090909091 0.787076923077
0.626651349799 0.0 0.714285714286 0.636363636364 0.655384615385
0.649052268811 0.0 0.685714285714 0.620363636364 0.678769230769
0.642159678346 0.0 0.742857142857 0.642181818182 0.647384615385
0.806433084434 0.0 0.857142857143 0.786181818182 0.785230769231
0.611143021252 0.0 0.714285714286 0.686545454545 0.687384615385
0.775416427341 0.0 0.828571428571 0.713454545455 0.725538461538
0.732912119472 0.0 0.8 0.72 0.726153846154
0.750143595635 0.0 0.742857142857 0.543272727273 0.630769230769
0.58414704193 0.0 0.657142857143 0.538181818182 0.587076923077
0.726593911545 0.0 0.771428571429 0.635636363636 0.671384615385
0.644457208501 0.0 0.742857142857 0.6 0.610461538462
0.83170591614 0.0 0.885714285714 0.765090909091 0.758769230769
0.641010913268 0.0 0.685714285714 0.533818181818 0.596923076923
0.775416427341 0.0 0.857142857143 0.829818181818 0.8
0.631820792648 0.0 0.685714285714 0.562181818182 0.614769230769
0.515221137277 0.0 0.6 0.489454545455 0.545230769231
0.71510626077 0.0 0.771428571429 0.666181818182 0.688
0.689833429064 0.0 0.771428571429 0.549818181818 0.572307692308
0.753589890867 0.0 0.828571428571 0.793454545455 0.776
0.639862148191 0.0 0.685714285714 0.587636363636 0.64
0.734060884549 0.0 0.828571428571 0.742545454545 0.719384615385
0.648477886272 0.0 0.742857142857 0.646545454545 0.649230769231
0.642734060885 0.0 0.714285714286 0.619636363636 0.644923076923
0.756461803561 0.0 0.857142857143 0.723636363636 0.693538461538
0.656519241815 0.0 0.742857142857 0.593454545455 0.608615384615
0.535324526134 0.0 0.628571428571 0.519272727273 0.557538461538
0.740953475014 0.0 0.8 0.635636363636 0.653538461538
0.69155657668 0.0 0.771428571429 0.626909090909 0.636307692308
0.944284893739 0.0 0.914285714286 0.800727272727 0.834461538462
0.575531303848 0.0 0.685714285714 0.593454545455 0.600615384615
0.791499138426 0.0 0.885714285714 0.794909090909 0.753230769231
0.638139000574 0.0 0.714285714286 0.540363636364 0.572923076923
0.671453187823 0.0 0.742857142857 0.64 0.656615384615
0.662837449742 0.0 0.771428571429 0.731636363636 0.706461538462
0.811028144744 0.0 0.828571428571 0.656 0.691692307692
0.742102240092 0.0 0.828571428571 0.770909090909 0.744615384615
0.702469844917 0.0 0.742857142857 0.683636363636 0.712615384615
0.797242963814 0.0 0.885714285714 0.780363636364 0.742769230769
0.603676048248 0.0 0.657142857143 0.546181818182 0.599384615385
0.78058587019 0.0 0.8 0.618909090909 0.662153846154
0.665134979897 0.0 0.685714285714 0.602909090909 0.664615384615
0.730614589316 0.0 0.828571428571 0.728 0.699692307692
0.541068351522 0.0 0.6 0.491636363636 0.556923076923
0.657093624354 0.0 0.714285714286 0.588363636364 0.623384615385
0.675473865594 0.0 0.771428571429 0.693090909091 0.678769230769
0.749569213096 0.0 0.771428571429 0.634181818182 0.676307692308
0.680068925905 0.0 0.742857142857 0.675636363636 0.689230769231
0.753589890867 0.0 0.8 0.658909090909 0.676923076923
0.487650775416 0.0 0.571428571429 0.374545454545 0.443692307692
0.730040206778 0.0 0.828571428571 0.709818181818 0.681846153846
0.701895462378 0.0 0.742857142857 0.637090909091 0.669538461538
0.643308443423 0.0 0.714285714286 0.674181818182 0.685538461538
0.682940838599 0.0 0.742857142857 0.642181818182 0.660923076923
0.603676048248 0.0 0.685714285714 0.611636363636 0.628923076923
0.684663986215 0.0 0.742857142857 0.672727272727 0.688
0.511200459506 0.0 0.6 0.460363636364 0.507692307692
0.508328546812 0.0 0.628571428571 0.573090909091 0.579076923077
0.724870763929 0.0 0.771428571429 0.661090909091 0.680615384615
0.606547960942 0.0 0.685714285714 0.553454545455 0.580307692308
0.657093624354 0.0 0.714285714286 0.680727272727 0.698461538462
0.65422171166 0.0 0.685714285714 0.571636363636 0.625846153846
0.616312464101 0.0 0.657142857143 0.573090909091 0.625230769231
0.541642734061 0.0 0.628571428571 0.541818181818 0.572923076923
0.678920160827 0.0 0.742857142857 0.612363636364 0.630769230769
0.744399770247 0.0 0.828571428571 0.704 0.683076923077
0.594485927628 0.0 0.714285714286 0.634181818182 0.617230769231
0.485353245261 0.0 0.571428571429 0.417454545455 0.474461538462
0.581849511775 0.0 0.685714285714 0.670545454545 0.661538461538
0.529580700747 0.0 0.6 0.550545454545 0.592615384615
0.582423894314 0.0 0.657142857143 0.538181818182 0.570461538462
0.465249856404 0.0 0.571428571429 0.411636363636 0.454769230769
0.646180356117 0.0 0.714285714286 0.628363636364 0.643076923077
0.502010338886 0.0 0.6 0.564363636364 0.585846153846
0.518093049971 0.0 0.628571428571 0.528727272727 0.542769230769
0.484204480184 0.0 0.542857142857 0.482909090909 0.549538461538
0.578403216542 0.0 0.657142857143 0.545454545455 0.572923076923
0.618035611717 0.0 0.685714285714 0.596363636364 0.619076923077
0.595634692705 0.0 0.657142857143 0.491636363636 0.537846153846
0.479609419874 0.0 0.571428571429 0.475636363636 0.516923076923
0.583572659391 0.0 0.628571428571 0.528727272727 0.584
0.581849511775 0.0 0.657142857143 0.608 0.627692307692
0.618035611717 0.0 0.742857142857 0.677818181818 0.641846153846
0.561746122918 0.0 0.714285714286 0.682909090909 0.630153846154
0.472716829408 0.0 0.571428571429 0.554181818182 0.575384615385
