0.0969741159315 0.0 0.125 0.0592864637985 0.0679012345679
0.99088589136 0.0 1.0 1.0 0.943930041152
1.0 0.0 0.9375 0.816894018888 0.91975308642
0.104994531535 0.0 0.145833333333 0.0828961175236 0.0668724279835
0.971199416697 0.0 0.958333333333 0.953305351522 1.0
0.982865475756 1.0 0.979166666667 0.858866736621 0.950102880658
0.124681006198 1.0 0.166666666667 0.0797481636936 0.0951646090535
0.966095515859 0.0 0.979166666667 0.921825813221 0.933127572016
0.934378417791 0.0 0.958333333333 0.97481636936 0.94341563786
0.12285818447 0.0 0.166666666667 0.133263378804 0.11316872428
0.153117025155 1.0 0.208333333333 0.0960125918153 0.0884773662551
0.535545023697 1.0 0.479166666667 0.333683105981 0.396604938272
0.83485235144 0.0 0.916666666667 0.811647429171 0.771604938272
0.169522420707 0.0 0.25 0.149527806925 0.166152263374
0.179365658039 1.0 0.208333333333 0.144281217209 0.183127572016
0.375865840321 0.0 0.520833333333 0.50629590766 0.51183127572
0.769595333576 1.0 0.729166666667 0.576600209864 0.704218106996
0.165876777251 0.0 0.229166666667 0.203567681007 0.180041152263
0.141450966096 0.0 0.208333333333 0.137460650577 0.140946502058
0.76594969012 0.0 0.854166666667 0.821615949633 0.813271604938
0.632883703974 0.0 0.791666666667 0.785939139559 0.759773662551
0.617936565804 0.0 0.75 0.667366211962 0.791152263374
0.123951877506 0.0 0.145833333333 0.0792235047219 0.0730452674897
0.78672985782 1.0 0.75 0.60703043022 0.775720164609
0.320816624134 0.0 0.479166666667 0.469569779643 0.47170781893
0.158950054685 1.0 0.1875 0.107555089192 0.114711934156
0.842508202698 0.0 0.895833333333 0.825288562434 0.840020576132
0.408676631425 0.0 0.583333333333 0.601783840504 0.588991769547
0.796208530806 0.0 0.875 0.863588667366 0.901234567901
0.133065986147 0.0 0.1875 0.153725078699 0.130658436214
0.920889537003 0.0 0.9375 0.869884575026 0.969650205761
0.430185927816 0.0 0.604166666667 0.55036726128 0.593621399177
0.204885162231 1.0 0.270833333333 0.198845750262 0.228909465021
0.262850893183 0.0 0.395833333333 0.40870933893 0.362139917695
0.732045205979 1.0 0.645833333333 0.488457502623 0.670781893004
0.395552314984 1.0 0.354166666667 0.249737670514 0.324074074074
0.559241706161 1.0 0.541666666667 0.374606505771 0.514403292181
0.958804228946 0.0 0.958333333333 0.899790136411 0.918724279835
0.881152023332 0.0 0.854166666667 0.695173137461 0.830761316872
0.892453518046 0.0 0.958333333333 0.875655823715 0.916666666667
0.67553773241 0.0 0.8125 0.828961175236 0.843106995885
0.279620853081 0.0 0.416666666667 0.360440713536 0.297839506173
0.966460080204 1.0 0.9375 0.859391395593 0.96450617284
0.284724753919 1.0 0.291666666667 0.220356768101 0.288580246914
0.900473933649 1.0 0.916666666667 0.805876180483 0.927469135802
0.252643091506 1.0 0.25 0.145855194124 0.174897119342
0.627050674444 1.0 0.666666666667 0.521511017838 0.54475308642
0.329930732774 1.0 0.3125 0.224554039874 0.311728395062
0.809332847248 1.0 0.8125 0.656873032529 0.765432098765
0.826467371491 1.0 0.875 0.792235047219 0.797325102881
0.814436748086 1.0 0.770833333333 0.600209863589 0.758744855967
0.574553408677 0.0 0.729166666667 0.688877229801 0.735082304527
0.792198323004 1.0 0.791666666667 0.624868835257 0.689300411523
0.484870579657 0.0 0.645833333333 0.655299055614 0.668209876543
0.669340138534 1.0 0.604166666667 0.44648478489 0.490740740741
0.5435654393 0.0 0.708333333333 0.657397691501 0.722222222222
0.448049580751 0.0 0.458333333333 0.375131164743 0.424382716049
0.902661319723 0.0 0.895833333333 0.852570828961 0.941872427984
0.504192489974 0.0 0.666666666667 0.676285414481 0.689300411523
0.59168793292 1.0 0.520833333333 0.385099685205 0.548353909465
0.309879693766 0.0 0.458333333333 0.433368310598 0.382716049383
0.358002187386 1.0 0.395833333333 0.276495278069 0.293209876543
0.210718191761 1.0 0.229166666667 0.181532004197 0.253086419753
0.624134159679 1.0 0.5625 0.389296956978 0.549897119342
0.952242070725 0.0 0.9375 0.845750262329 0.819958847737
0.19832300401 0.0 0.291666666667 0.225078698846 0.257716049383
0.896828290193 1.0 0.833333333333 0.694123819517 0.776234567901
0.253372220197 0.0 0.375 0.311647429171 0.358024691358
0.340138534451 0.0 0.5 0.496327387198 0.491255144033
0.8920889537 0.0 0.9375 0.867261280168 0.872942386831
0.176813707619 1.0 0.208333333333 0.0755508919203 0.0977366255144
0.243528982865 0.0 0.354166666667 0.330535152151 0.29475308642
0.685380969741 1.0 0.6875 0.500524658972 0.633230452675
0.444039372949 1.0 0.4375 0.310598111228 0.353909465021
0.191760845789 0.0 0.270833333333 0.225603357817 0.200102880658
0.434196135618 1.0 0.5 0.401364113326 0.491255144033
0.629967189209 0.0 0.770833333333 0.722455403987 0.713477366255
0.77506379876 0.0 0.854166666667 0.771773347324 0.782407407407
0.216186656945 0.0 0.3125 0.270724029381 0.249485596708
0.256288734962 0.0 0.291666666667 0.233473242392 0.26646090535
0.69959897922 0.0 0.833333333333 0.856768100735 0.800411522634
0.231862923806 0.0 0.333333333333 0.236096537251 0.248971193416
0.383886255924 0.0 0.541666666667 0.573976915005 0.520576131687
0.47138169887 1.0 0.416666666667 0.277019937041 0.337962962963
0.727305869486 0.0 0.8125 0.764428121721 0.804526748971
0.81662413416 1.0 0.708333333333 0.537250786988 0.665637860082
0.965001822822 0.0 0.958333333333 0.893494228751 0.940843621399
0.364564345607 1.0 0.333333333333 0.227701993704 0.29475308642
0.466642362377 1.0 0.375 0.227701993704 0.309156378601
0.403208166241 0.0 0.5625 0.534102833158 0.558127572016
0.526795479402 0.0 0.6875 0.703043022036 0.65329218107
0.394458621947 0.0 0.416666666667 0.323714585519 0.371399176955
0.860371855633 0.0 0.854166666667 0.733473242392 0.847222222222
0.212541013489 0.0 0.25 0.185204616999 0.20987654321
0.174626321546 1.0 0.208333333333 0.114375655824 0.149176954733
0.90703609187 0.0 0.916666666667 0.843126967471 0.953703703704
0.937659496901 0.0 0.9375 0.865162644281 0.789094650206
0.700328107911 1.0 0.625 0.488982161595 0.652777777778
0.289464090412 0.0 0.4375 0.388247639035 0.341563786008
0.219832300401 1.0 0.25 0.169464847849 0.219650205761
0.462632154575 0.0 0.625 0.675760755509 0.665637860082
0.23733138899 0.0 0.270833333333 0.239244491081 0.284465020576
0.188115202333 0.0 0.229166666667 0.163693599161 0.193930041152
0.70543200875 0.0 0.770833333333 0.682581322141 0.717592592593
0.722201968647 0.0 0.729166666667 0.633263378804 0.746913580247
0.147648559971 0.0 0.1875 0.126967471144 0.133230452675
0.497265767408 0.0 0.604166666667 0.538824763903 0.565329218107
0.655851257747 1.0 0.583333333333 0.459601259182 0.558127572016
0.289099526066 1.0 0.333333333333 0.267576075551 0.317901234568
0.460080204156 0.0 0.5 0.455403987408 0.498456790123
0.415603353992 0.0 0.479166666667 0.419727177335 0.447016460905
0.820269777616 0.0 0.791666666667 0.717733473242 0.856481481481
0.868392271236 0.0 0.833333333333 0.701469045121 0.834362139918
0.565803864382 0.0 0.625 0.558761804827 0.623971193416
0.851622311338 0.0 0.895833333333 0.879328436516 0.882201646091
0.922712358731 0.0 0.9375 0.868310598111 0.888374485597
0.324097703245 0.0 0.416666666667 0.328436516264 0.330761316872
0.604083120671 0.0 0.666666666667 0.620146904512 0.632201646091
0.710900473934 0.0 0.75 0.743441762854 0.798868312757
0.657309515129 0.0 0.708333333333 0.644281217209 0.729938271605
0.272329566168 0.0 0.354166666667 0.290661070304 0.325102880658
0.911046299672 0.0 0.875 0.715110178384 0.779320987654
0.296390812978 0.0 0.375 0.298006295908 0.348765432099
0.828654757565 0.0 0.8125 0.726652675761 0.857510288066
0.803135253372 0.0 0.875 0.846799580273 0.796810699588
0.714910681735 0.0 0.8125 0.800104931794 0.831790123457
0.659132336857 0.0 0.666666666667 0.570828961175 0.682613168724
0.843237331389 0.0 0.833333333333 0.751311647429 0.801440329218
0.369668246445 1.0 0.479166666667 0.406610703043 0.47633744856
0.453518045935 0.0 0.5 0.342077649528 0.481481481481
0.978490703609 0.0 0.9375 0.855718782791 0.894547325103
0.390812978491 0.0 0.541666666667 0.527806925498 0.5329218107
0.712723295662 1.0 0.833333333333 0.779118572928 0.81378600823
0.226759022968 0.0 0.270833333333 0.161070304302 0.224279835391
0.27633977397 0.0 0.333333333333 0.258656873033 0.288065843621
0.201239518775 1.0 0.270833333333 0.192025183631 0.157407407407
0.639081297849 0.0 0.625 0.539874081847 0.579218106996
0.760845789282 0.0 0.770833333333 0.789087093389 0.827674897119
0.168793292016 0.0 0.229166666667 0.177334732424 0.161008230453
0.250091141086 0.0 0.333333333333 0.318992654774 0.360596707819
0.519139628144 0.0 0.645833333333 0.582371458552 0.673868312757
0.874954429457 0.0 0.8125 0.698321091291 0.751028806584
0.684287276704 0.0 0.708333333333 0.589716684155 0.644547325103
0.490703609187 0.0 0.5625 0.471143756558 0.541152263374
0.305869485964 0.0 0.395833333333 0.348898216159 0.405349794239
0.849070360919 0.0 0.8125 0.709863588667 0.737654320988
0.417790740066 1.0 0.520833333333 0.414480587618 0.430041152263
0.75100255195 0.0 0.75 0.612801678909 0.619855967078
0.893911775428 0.0 0.9375 0.881427072403 0.965020576132
0.91870215093 0.0 0.875 0.804826862539 0.934156378601
0.192125410135 0.0 0.25 0.212486883526 0.191872427984
0.849434925264 0.0 0.875 0.817418677859 0.908436213992
0.31206707984 0.0 0.354166666667 0.251311647429 0.247942386831
0.271600437477 1.0 0.333333333333 0.228226652676 0.238683127572
0.136347065257 0.0 0.166666666667 0.121196222455 0.121399176955
0.548669340139 0.0 0.5625 0.458027282267 0.537037037037
0.649653663872 0.0 0.708333333333 0.586568730325 0.622427983539
0.888078745899 0.0 0.916666666667 0.832109129066 0.86316872428
0.234779438571 0.0 0.270833333333 0.154249737671 0.125514403292
0.198687568356 0.0 0.208333333333 0.106505771249 0.108024691358
0.239518775064 0.0 0.3125 0.239244491081 0.255658436214
0.624134159679 0.0 0.6875 0.565582371459 0.60853909465
0.847247539191 0.0 0.895833333333 0.833158447009 0.876028806584
0.548304775793 0.0 0.604166666667 0.478488982162 0.525205761317
0.655486693401 0.0 0.708333333333 0.592339979014 0.664609053498
0.336492890995 0.0 0.375 0.282266526758 0.300411522634
0.643820634342 1.0 0.729166666667 0.651101783841 0.708847736626
0.507109004739 1.0 0.541666666667 0.428121720881 0.455761316872
0.386438206343 0.0 0.479166666667 0.36149003148 0.420267489712
0.733868027707 0.0 0.770833333333 0.685729275971 0.76646090535
0.294203426905 0.0 0.395833333333 0.283315844701 0.307613168724
0.379511483777 1.0 0.4375 0.37722980063 0.41512345679
0.757200145826 0.0 0.791666666667 0.735047219307 0.712962962963
0.616113744076 0.0 0.6875 0.567156348374 0.6579218107
0.353627415239 0.0 0.416666666667 0.303777544596 0.365226337449
0.139992708713 0.0 0.1875 0.14165792235 0.135288065844
0.874225300766 0.0 0.854166666667 0.703043022036 0.892489711934
0.889901567627 0.0 0.895833333333 0.837880377754 0.930041152263
0.207801676996 0.0 0.25 0.11962224554 0.145576131687
0.580751002552 0.0 0.729166666667 0.759706190976 0.799897119342
0.524972657674 0.0 0.625 0.555613850997 0.597736625514
0.363106088225 1.0 0.4375 0.367261280168 0.385802469136
0.451695224207 0.0 0.520833333333 0.42444910808 0.470679012346
0.796937659497 0.0 0.791666666667 0.660545645331 0.730452674897
0.692307692308 0.0 0.729166666667 0.598111227702 0.651748971193
0.253736784542 0.0 0.291666666667 0.207240293809 0.233024691358
0.515129420343 0.0 0.583333333333 0.444386149003 0.483024691358
0.739701057237 1.0 0.729166666667 0.631164742917 0.695473251029
0.56762668611 0.0 0.645833333333 0.55351521511 0.599794238683
0.780532263945 0.0 0.833333333333 0.790661070304 0.866255144033
0.858184469559 0.0 0.895833333333 0.734522560336 0.921810699588
0.201604083121 1.0 0.25 0.195173137461 0.243827160494
0.123587313161 0.0 0.166666666667 0.104407135362 0.117283950617
0.663507109005 0.0 0.708333333333 0.6259181532 0.734053497942
0.209259934378 1.0 0.25 0.160545645331 0.203189300412
0.692307692308 1.0 0.75 0.665267576076 0.693930041152
0.445862194677 0.0 0.604166666667 0.596537250787 0.612654320988
0.405395552315 0.0 0.395833333333 0.280692549843 0.335390946502
0.300765585126 0.0 0.333333333333 0.271773347324 0.296296296296
0.628144367481 1.0 0.645833333333 0.511542497377 0.636316872428
