0.486307837583 0.0 0.425 0.207943925234 0.280856423174
0.176581680831 0.0 0.225 0.110981308411 0.0969773299748
0.155807365439 0.0 0.2 0.110981308411 0.0969773299748
0.176581680831 0.0 0.225 0.110981308411 0.0969773299748
0.636921624174 0.0 0.6 0.546144859813 0.563602015113
0.873937677054 0.0 0.825 0.72546728972 0.682619647355
0.267705382436 0.0 0.325 0.263434579439 0.365869017632
0.340415486308 0.0 0.45 0.333528037383 0.5
0.556657223796 0.0 0.65 0.409462616822 0.600755667506
0.628423040604 0.0 0.7 0.468457943925 0.676322418136
0.92492917847 0.0 0.975 0.882593457944 0.946473551637
0.771482530689 0.0 0.8 0.697429906542 0.773299748111
0.234655335222 0.0 0.3 0.202102803738 0.178211586902
0.21388101983 0.0 0.275 0.202102803738 0.178211586902
0.771954674221 0.0 0.675 0.591121495327 0.539672544081
0.600094428706 0.0 0.65 0.533294392523 0.47355163728
0.914069877243 0.0 0.775 0.556658878505 0.614609571788
0.377242681775 0.0 0.5 0.41296728972 0.386649874055
0.637393767705 0.0 0.8 0.835864485981 0.820528967254
0.656751652502 0.0 0.775 0.772780373832 0.732367758186
0.637393767705 0.0 0.8 0.835864485981 0.820528967254
0.506137865911 0.0 0.65 0.592289719626 0.634130982368
0.369216241737 0.0 0.5 0.485981308411 0.47040302267
0.229933899906 0.0 0.3 0.252336448598 0.224811083123
0.426817752597 0.0 0.575 0.457943925234 0.586272040302
0.386685552408 0.0 0.5 0.360981308411 0.520780856423
0.23984891407 0.0 0.3 0.228971962617 0.321788413098
0.374409820585 0.0 0.4 0.288551401869 0.420654911839
0.579320113314 0.0 0.575 0.42523364486 0.530226700252
0.548158640227 0.0 0.55 0.42523364486 0.530226700252
0.609537299339 0.0 0.725 0.698014018692 0.636020151134
0.887629839471 0.0 1.0 1.0 0.997481108312
0.905099150142 0.0 0.875 0.728387850467 0.938287153652
0.762511803588 0.0 0.75 0.574182242991 0.726070528967
0.674693106704 0.0 0.775 0.752336448598 0.697732997481
0.99716713881 0.0 0.975 0.916471962617 0.94080604534
0.334749763928 0.0 0.45 0.36214953271 0.451511335013
0.217658168083 0.0 0.275 0.178738317757 0.263853904282
0.663361661945 0.0 0.7 0.570677570093 0.697732997481
0.338526912181 0.0 0.4 0.302570093458 0.425062972292
0.511331444759 0.0 0.675 0.64953271028 0.58879093199
0.543909348442 0.0 0.7 0.59988317757 0.597607052897
0.616147308782 0.0 0.625 0.569509345794 0.592569269521
0.771010387158 0.0 0.75 0.661214953271 0.698992443325
0.535410764873 0.0 0.675 0.652453271028 0.724181360202
0.43059490085 0.0 0.525 0.396028037383 0.588161209068
0.887629839471 0.0 1.0 1.0 0.997481108312
0.887629839471 0.0 1.0 1.0 0.997481108312
0.474976392823 0.0 0.55 0.393107476636 0.598866498741
0.431067044381 0.0 0.525 0.368574766355 0.567380352645
0.673748819641 0.0 0.7 0.577102803738 0.669395465995
0.745042492918 0.0 0.725 0.479556074766 0.710327455919
1.0 0.0 0.975 0.846962616822 0.965994962217
0.636449480642 0.0 0.75 0.693341121495 0.808564231738
0.480169971671 0.0 0.575 0.370327102804 0.568639798489
0.480169971671 0.0 0.575 0.370327102804 0.568639798489
0.622757318225 0.0 0.6 0.388434579439 0.545340050378
0.339943342776 0.0 0.4 0.242406542056 0.334382871537
0.356940509915 0.0 0.475 0.41238317757 0.509445843829
0.562322946176 0.0 0.675 0.61214953271 0.753778337531
0.69074598678 0.0 0.75 0.636098130841 0.738664987406
0.860717658168 0.0 0.9 0.672897196262 0.811712846348
0.581680830973 0.0 0.675 0.433995327103 0.639168765743
0.642115203022 0.0 0.725 0.53738317757 0.680100755668
0.238432483475 0.0 0.3 0.178738317757 0.263853904282
0.547214353163 0.0 0.575 0.488317757009 0.607052896725
0.751180358829 0.0 0.775 0.526285046729 0.635390428212
0.633144475921 0.0 0.75 0.605140186916 0.593198992443
0.504721435316 0.0 0.6 0.427570093458 0.649874055416
0.835694050992 0.0 0.875 0.685747663551 0.955289672544
0.35835694051 0.0 0.475 0.391355140187 0.447103274559
0.257790368272 0.0 0.325 0.286799065421 0.268891687657
0.573654390935 0.0 0.7 0.553154205607 0.71725440806
0.808309726157 0.0 0.825 0.613901869159 0.845717884131
0.772898961284 0.0 0.9 0.777453271028 1.0
0.772898961284 0.0 0.9 0.777453271028 1.0
0.493389990557 0.0 0.525 0.439836448598 0.51322418136
0.451841359773 0.0 0.5 0.411799065421 0.469143576826
0.655807365439 0.0 0.65 0.468457943925 0.45717884131
0.677998111426 0.0 0.75 0.585864485981 0.592569269521
