0.659422640285 0.0 0.807692307692 0.771626297578 0.889679715302
0.629257216996 0.0 0.75 0.744933267425 0.882053889171
0.68428005284 0.0 0.820512820513 0.701492537313 0.80886945659
0.361336360688 0.0 0.480769230769 0.329214038557 0.447890188104
0.479078819332 0.0 0.634615384615 0.571922886802 0.64768683274
0.561466104444 0.0 0.730769230769 0.695007414731 0.755465175394
0.540786948177 0.0 0.675675675676 0.591804570528 0.681262073406
0.483685220729 0.0 0.621621621622 0.558707643814 0.64198325821
0.328576062277 0.0 0.480769230769 0.423133959466 0.492119979664
0.769380473565 0.0 0.807692307692 0.756796836382 0.933909506863
0.750567628933 0.0 0.826923076923 0.764705882353 0.90289781393
0.52796125055 0.0 0.666666666667 0.570408825438 0.645846346034
0.371067142394 0.0 0.519230769231 0.544735541275 0.610574478902
0.541680181641 0.0 0.692307692308 0.723677706377 0.786985256736
0.25364904314 0.0 0.384615384615 0.298566485418 0.380274529741
0.806681803438 0.0 0.846153846154 0.809194265942 0.976105744789
0.549789166396 0.0 0.673076923077 0.731092436975 0.812404677173
0.39701589361 0.0 0.557692307692 0.518536826495 0.562277580071
0.507705856451 0.0 0.692307692308 0.624918883842 0.643347907558
0.807979240999 0.0 0.865384615385 0.842313395947 0.986781901373
0.32773512476 0.0 0.459459459459 0.387706855792 0.457179652286
0.465780084333 0.0 0.596153846154 0.593672763223 0.66395526182
0.376199616123 0.0 0.513513513514 0.427107959023 0.49001931745
0.376199616123 0.0 0.513513513514 0.427107959023 0.49001931745
0.279750479846 0.0 0.405405405405 0.286840031521 0.358660656793
0.279750479846 0.0 0.405405405405 0.286840031521 0.358660656793
0.359404990403 0.0 0.486486486486 0.387706855792 0.457179652286
0.359404990403 0.0 0.486486486486 0.387706855792 0.457179652286
0.358872743285 0.0 0.487179487179 0.414016872161 0.479075577764
0.311420345489 0.0 0.432432432432 0.286840031521 0.358660656793
0.580278949076 0.0 0.653846153846 0.603064755314 0.721403152008
0.456373662018 0.0 0.615384615385 0.642609985171 0.674631418404
0.314304249108 0.0 0.403846153846 0.374196737519 0.471784443315
0.308141420694 0.0 0.461538461538 0.47305981216 0.503304524657
0.325981187155 0.0 0.403846153846 0.349480968858 0.452465683782
0.770353551735 0.0 0.846153846154 0.847256549679 0.951194712761
0.771002270516 0.0 0.788461538462 0.691547207118 0.853075749873
0.818683100876 0.0 0.826923076923 0.759268413248 0.929334011185
0.499189101524 0.0 0.653846153846 0.683143845774 0.706151499746
0.377229970808 0.0 0.461538461538 0.424616905586 0.517031011693
0.264028543626 0.0 0.403846153846 0.319822046466 0.355871886121
0.646123905287 0.0 0.730769230769 0.646070192783 0.735638027453
0.459692898273 0.0 0.567567567568 0.41292356186 0.479072762395
0.830360038923 0.0 0.903846153846 0.847750865052 0.948144382308
0.664288031139 0.0 0.711538461538 0.642115669797 0.767666497204
0.747972753811 0.0 0.846153846154 0.849233811172 0.92323335028
0.274083684723 0.0 0.403846153846 0.346020761246 0.386883579054
0.57216996432 0.0 0.711538461538 0.659911023233 0.690899847483
0.385987674343 0.0 0.538461538462 0.569451309936 0.5871886121
0.482245681382 0.0 0.594594594595 0.480693459417 0.538312942692
0.693804735647 0.0 0.788461538462 0.74888779041 0.823589222166
0.537428023033 0.0 0.702702702703 0.708431836091 0.712169993561
0.418747972754 0.0 0.576923076923 0.621354424123 0.631926792069
0.374635095686 0.0 0.461538461538 0.430054374691 0.510930350788
0.450022016733 0.0 0.564102564103 0.439325113563 0.491567770144
0.613687966267 0.0 0.692307692308 0.610479485912 0.697508896797
0.333333333333 0.0 0.410256410256 0.271470160116 0.36
0.605903340902 0.0 0.634615384615 0.548690064261 0.685307574987
0.686020110282 0.0 0.769230769231 0.755808205635 0.837315709202
0.521894258839 0.0 0.596153846154 0.505684626792 0.595831215048
0.513136555303 0.0 0.615384615385 0.6070192783 0.669039145907
0.515631880229 0.0 0.666666666667 0.585334198572 0.597751405372
0.736944534544 0.0 0.788461538462 0.740978744439 0.852567361464
0.493999351281 0.0 0.615384615385 0.560553633218 0.601931875953
0.591650671785 0.0 0.756756756757 0.776201733649 0.771410173857
0.496146435453 0.0 0.564102564103 0.465065502183 0.556923076923
0.564547206166 0.0 0.666666666667 0.596797671033 0.653538461538
0.345442750568 0.0 0.5 0.489866534849 0.493645144891
0.405105973025 0.0 0.487179487179 0.413391557496 0.488
0.320467077522 0.0 0.403846153846 0.326742461691 0.399593289273
0.696609423162 0.0 0.871794871795 0.821544451655 0.8026233604
0.415180019462 0.0 0.519230769231 0.52694018784 0.57905439756
0.701589361012 0.0 0.730769230769 0.616905585764 0.743772241993
0.433019785923 0.0 0.596153846154 0.627780523974 0.620233858668
0.425235160558 0.0 0.461538461538 0.363816114681 0.482460599898
0.479403178722 0.0 0.519230769231 0.432031636184 0.547025927809
0.417148362235 0.0 0.512820512821 0.508733624454 0.566153846154
0.381502890173 0.0 0.461538461538 0.406113537118 0.478769230769
0.642581888247 0.0 0.769230769231 0.737263464338 0.762461538462
0.657514450867 0.0 0.794871794872 0.792576419214 0.806153846154
0.739863769056 0.0 0.807692307692 0.76421156698 0.846466700559
0.686344469672 0.0 0.788461538462 0.758774097874 0.805287239451
0.421991566656 0.0 0.461538461538 0.376668314385 0.485002541942
0.536166072008 0.0 0.576923076923 0.529906080079 0.637010676157
0.394421018488 0.0 0.519230769231 0.444883835887 0.467717336045
0.409511228534 0.0 0.487179487179 0.403634003894 0.472829481574
0.458644177749 0.0 0.557692307692 0.530400395452 0.576512455516
0.654142581888 0.0 0.74358974359 0.766375545852 0.821538461538
0.821277975997 0.0 0.846153846154 0.737518536826 0.857142857143
0.46098265896 0.0 0.564102564103 0.558951965066 0.6
0.205319493999 0.0 0.307692307692 0.269401878398 0.311133706151
0.646411272567 0.0 0.794871794872 0.770927968851 0.76514678326
0.85728186831 0.0 0.884615384615 0.86752347998 0.982714794103
0.273434965942 0.0 0.365384615385 0.337123084528 0.387391967463
0.468699318845 0.0 0.576923076923 0.58082056352 0.614641586172
0.759117082534 0.0 0.783783783784 0.59732072498 0.714745653574
0.709049626987 0.0 0.75 0.699950568463 0.800203355363
0.31689912423 0.0 0.384615384615 0.269401878398 0.342653787494
0.537648612946 0.0 0.666666666667 0.578195976639 0.589631480325
0.48524878908 0.0 0.641025641026 0.637897469176 0.621486570893
0.728835549789 0.0 0.769230769231 0.718734552645 0.817488561261
0.383068439831 0.0 0.461538461538 0.389520514088 0.449923741739
0.432821497121 0.0 0.594594594595 0.590228526399 0.56600128783
0.364161849711 0.0 0.435897435897 0.394468704512 0.459692307692
0.638044914135 0.0 0.769230769231 0.715768981181 0.721424109931
0.638044914135 0.0 0.769230769231 0.715768981181 0.721424109931
0.743107362958 0.0 0.846153846154 0.84280771132 0.876461616675
0.302951670451 0.0 0.403846153846 0.420168067227 0.455516014235
0.427063339731 0.0 0.594594594595 0.611505122143 0.580167417901
0.633201232937 0.0 0.794871794872 0.771576898118 0.745783885072
0.28608498216 0.0 0.442307692308 0.402867029165 0.381799694967
0.268569575089 0.0 0.346153846154 0.265447355413 0.322826639553
0.581888246628 0.0 0.666666666667 0.618631732169 0.668307692308
0.28511190399 0.0 0.423076923077 0.446366782007 0.442297915608
0.596820809249 0.0 0.692307692308 0.57423580786 0.612307692308
0.388246628131 0.0 0.487179487179 0.457059679767 0.491076923077
0.458574181118 0.0 0.512820512821 0.440320232897 0.518769230769
0.436660268714 0.0 0.513513513514 0.394011032309 0.449452672247
0.458733205374 0.0 0.621621621622 0.611505122143 0.580167417901
0.251702886799 0.0 0.365384615385 0.285714285714 0.30350788002
0.485124760077 0.0 0.567567567568 0.43341213554 0.482292337411
0.651734104046 0.0 0.74358974359 0.713973799127 0.752615384615
0.560693641618 0.0 0.666666666667 0.620087336245 0.644307692308
0.674343172235 0.0 0.711538461538 0.703905091448 0.796644636502
0.781706130392 0.0 0.807692307692 0.724666337123 0.828164717844
0.532273759325 0.0 0.673076923077 0.636183885319 0.624809354347
0.341170825336 0.0 0.459459459459 0.309692671395 0.320669671603
0.392100192678 0.0 0.487179487179 0.467248908297 0.500923076923
0.429190751445 0.0 0.512820512821 0.434497816594 0.478769230769
0.764190723321 0.0 0.769230769231 0.626297577855 0.74885612608
0.65366088632 0.0 0.769230769231 0.703784570597 0.715692307692
0.297761920208 0.0 0.423076923077 0.39594661394 0.397051347229
0.756406097957 0.0 0.788461538462 0.706870983688 0.801220132181
0.906208718626 0.0 0.897435897436 0.793640493186 0.928794503435
0.444123314066 0.0 0.538461538462 0.512372634643 0.544
0.554431599229 0.0 0.589743589744 0.521106259098 0.611692307692
0.363723608445 0.0 0.486486486486 0.377462568952 0.3799098519
0.625722543353 0.0 0.717948717949 0.720524017467 0.752615384615
0.56021194605 0.0 0.666666666667 0.59461426492 0.612307692308
0.43330134357 0.0 0.594594594595 0.578408195429 0.540888602704
0.432408630559 0.0 0.589743589744 0.54639844257 0.512804497189
0.432408630559 0.0 0.589743589744 0.54639844257 0.512804497189
0.432408630559 0.0 0.589743589744 0.54639844257 0.512804497189
0.704832954914 0.0 0.75 0.700939199209 0.779359430605
0.528420038536 0.0 0.615384615385 0.529112081514 0.565538461538
0.634122607849 0.0 0.673076923077 0.56549678695 0.648703609558
0.783652286734 0.0 0.865384615385 0.857637172516 0.897813929842
0.693480376257 0.0 0.75 0.664359861592 0.729537366548
0.583333333333 0.0 0.692307692308 0.692139737991 0.704615384615
0.413033905768 0.0 0.512820512821 0.426995457495 0.447220487196
0.235809276679 0.0 0.288461538462 0.214038556599 0.280630401627
0.367052023121 0.0 0.487179487179 0.428675400291 0.427692307692
0.546065259117 0.0 0.567567567568 0.393223010244 0.490663232453
0.196561790464 0.0 0.25 0.172021749876 0.236908998475
0.625719769674 0.0 0.648648648649 0.494089834515 0.589182227946
0.298944337812 0.0 0.405405405405 0.23719464145 0.248551191243
0.151800194616 0.0 0.211538461538 0.143845773604 0.201321809863
0.499040307102 0.0 0.702702702703 0.757289204098 0.670959433355
0.268245215699 0.0 0.365384615385 0.383588729609 0.403660396543
0.327168648173 0.0 0.384615384615 0.321868916288 0.381011867583
0.532364597094 0.0 0.692307692308 0.680077871512 0.636477201749
0.548491728836 0.0 0.692307692308 0.713297083539 0.685815963396
0.622121310412 0.0 0.711538461538 0.766683143846 0.793085917641
0.408959537572 0.0 0.512820512821 0.486171761281 0.497846153846
0.444123314066 0.0 0.564102564103 0.529112081514 0.524307692308
0.657152124554 0.0 0.769230769231 0.786950074147 0.790035587189
0.831008757704 0.0 0.865384615385 0.81512605042 0.895780376207
0.188128446319 0.0 0.288461538462 0.221453287197 0.235892221657
0.790788193318 0.0 0.826923076923 0.759268413248 0.837824097611
0.530603258476 0.0 0.615384615385 0.477611940299 0.507183010618
0.434965942264 0.0 0.5 0.359367276322 0.407727503813
0.567658349328 0.0 0.702702702703 0.630417651694 0.608499678042
0.544693967415 0.0 0.564102564103 0.452952628164 0.545284197377
0.612716763006 0.0 0.666666666667 0.598253275109 0.656
0.582851637765 0.0 0.666666666667 0.655749636099 0.683076923077
0.538969616909 0.0 0.666666666667 0.576898118105 0.560274828232
0.798572818683 0.0 0.826923076923 0.760751359367 0.843416370107
0.838397181858 0.0 0.820512820513 0.672939649578 0.801374141162
0.560693641618 0.0 0.615384615385 0.534206695779 0.589538461538
0.576062277003 0.0 0.615384615385 0.467622343055 0.537874936451
0.472061657033 0.0 0.538461538462 0.438136826783 0.481230769231
0.445568400771 0.0 0.564102564103 0.570596797671 0.561230769231
0.590211132438 0.0 0.72972972973 0.698187549251 0.667739858339
0.466281310212 0.0 0.512820512821 0.484716157205 0.547076923077
0.480250481696 0.0 0.589743589744 0.563318777293 0.562461538462
0.555394990366 0.0 0.666666666667 0.633187772926 0.630153846154
0.591040462428 0.0 0.666666666667 0.669577874818 0.702153846154
0.512524084778 0.0 0.589743589744 0.508733624454 0.539692307692
0.714836223507 0.0 0.717948717949 0.614264919942 0.718769230769
0.559248554913 0.0 0.666666666667 0.603347889374 0.603076923077
0.534200385356 0.0 0.666666666667 0.686317321689 0.660923076923
0.560105680317 0.0 0.74358974359 0.756002595717 0.679575265459
0.452793834297 0.0 0.538461538462 0.481077147016 0.502153846154
0.243269542653 0.0 0.326923076923 0.312901631241 0.335536349771
0.792162043153 0.0 0.846153846154 0.805970149254 0.85821361649
0.482658959538 0.0 0.589743589744 0.532023289665 0.531076923077
0.396917148362 0.0 0.487179487179 0.465065502183 0.480615384615
0.438342967245 0.0 0.538461538462 0.494905385735 0.500307692308
0.166720726565 0.0 0.25 0.173504695996 0.195729537367
0.48795761079 0.0 0.564102564103 0.523289665211 0.552615384615
