0.651257647859 0.142857142857 0.774193548387 0.530747398297 0.776440240757
0.651257647859 0.142857142857 0.774193548387 0.530747398297 0.776440240757
0.745751189667 0.0 0.903225806452 0.83632923368 0.900257953568
0.745751189667 0.0 0.903225806452 0.83632923368 0.900257953568
0.681169272604 0.142857142857 0.774193548387 0.487228003784 0.739466895959
0.681169272604 0.142857142857 0.774193548387 0.487228003784 0.739466895959
0.681169272604 0.142857142857 0.774193548387 0.487228003784 0.739466895959
0.7423521414 0.0 0.870967741935 0.767265846736 0.829750644884
0.7423521414 0.0 0.870967741935 0.767265846736 0.829750644884
0.793413173653 0.0 0.825 0.722354813047 0.867924528302
0.679129843644 0.142857142857 0.774193548387 0.532639545885 0.756663800516
0.867065868263 0.0 0.875 0.751789976134 0.914465408805
0.502395209581 0.0 0.6 0.501193317422 0.57358490566
0.686826347305 0.0 0.7 0.477326968974 0.62641509434
0.553892215569 0.0 0.65 0.534606205251 0.594339622642
0.612574850299 0.0 0.675 0.54892601432 0.640251572327
0.715568862275 0.0 0.775 0.680190930788 0.754716981132
0.588023952096 0.0 0.65 0.527446300716 0.593710691824
0.662134602311 0.142857142857 0.709677419355 0.46357615894 0.686156491831
0.6288239293 0.142857142857 0.677419354839 0.438032166509 0.652622527945
0.6288239293 0.142857142857 0.677419354839 0.438032166509 0.652622527945
0.6288239293 0.142857142857 0.677419354839 0.438032166509 0.652622527945
0.6288239293 0.142857142857 0.677419354839 0.438032166509 0.652622527945
0.610778443114 0.0 0.65 0.520286396181 0.601257861635
0.723317471108 0.0 0.806451612903 0.743614001892 0.776440240757
0.772826880935 0.0 0.818181818182 0.762057877814 0.828451882845
0.718772826881 0.0 0.69696969697 0.543408360129 0.676150627615
0.895209580838 0.0 0.85 0.70246618934 0.85534591195
0.424550898204 0.0 0.5 0.361177406523 0.382389937107
0.641344046749 0.0 0.636363636364 0.427652733119 0.528870292887
0.663494221618 0.0 0.806451612903 0.689687795648 0.638005159071
0.663494221618 0.0 0.806451612903 0.689687795648 0.638005159071
0.538922155689 0.0 0.625 0.575974542562 0.576729559748
0.691616766467 0.0 0.75 0.699284009547 0.724528301887
0.644265887509 0.0 0.666666666667 0.603429796356 0.664435146444
0.458682634731 0.0 0.525 0.363564041368 0.379874213836
0.765011119348 0.0 0.870967741935 0.885044642857 0.860524091293
0.870708546384 0.0 0.848484848485 0.783494105038 0.886192468619
0.536526946108 0.0 0.5 0.286396181384 0.403144654088
0.752095808383 0.0 0.8 0.778838504375 0.810691823899
0.676047904192 0.0 0.575 0.403341288783 0.582389937107
0.588023952096 0.0 0.6 0.487669053302 0.552201257862
0.696859021183 0.0 0.727272727273 0.660235798499 0.705439330544
0.491616766467 0.0 0.575 0.55369928401 0.544025157233
0.704894083272 0.0 0.727272727273 0.559485530547 0.607531380753
0.446107784431 0.0 0.425 0.29753381066 0.388050314465
0.7 0.0 0.7 0.560859188544 0.630188679245
0.897604790419 0.0 0.9 0.854415274463 0.919496855346
0.726347305389 0.0 0.6 0.373110580748 0.566666666667
0.61377245509 0.0 0.6 0.459029435163 0.540251572327
0.615227736234 0.0 0.548387096774 0.333017975402 0.4660361135
0.615227736234 0.0 0.548387096774 0.333017975402 0.4660361135
0.562275449102 0.0 0.6 0.568814638027 0.595597484277
0.779401022644 0.0 0.787878787879 0.798499464094 0.854393305439
0.479041916168 0.0 0.475 0.303102625298 0.37106918239
0.740119760479 0.0 0.75 0.550517104216 0.604402515723
0.819161676647 0.0 0.75 0.707239459029 0.838993710692
0.683233532934 0.0 0.6 0.387430389817 0.532704402516
0.485628742515 0.0 0.45 0.227525855211 0.322641509434
0.810810810811 0.0 0.757575757576 0.712754555198 0.823430962343
0.780838323353 0.0 0.825 0.745425616547 0.75786163522
0.620160701242 0.0 0.666666666667 0.605573419078 0.614225941423
0.747305389222 0.0 0.775 0.728719172633 0.755974842767
0.558682634731 0.0 0.525 0.341288782816 0.429559748428
0.725149700599 0.0 0.725 0.622911694511 0.677358490566
0.492814371257 0.0 0.55 0.44630071599 0.443396226415
0.840759678598 0.0 0.818181818182 0.766345123258 0.838493723849
0.925149700599 0.0 0.9 0.85123309467 0.925786163522
0.803592814371 0.0 0.75 0.652346857597 0.753459119497
0.649101796407 0.0 0.725 0.691328560064 0.662264150943
0.616508400292 0.0 0.666666666667 0.608788853162 0.605020920502
0.688823959094 0.0 0.666666666667 0.570203644159 0.637656903766
0.835329341317 0.0 0.775 0.599045346062 0.70251572327
0.370658682635 0.0 0.325 0.151949085123 0.239622641509
0.459880239521 0.0 0.45 0.30708035004 0.358490566038
0.699780861943 0.0 0.727272727273 0.679528403001 0.690376569038
0.547904191617 0.0 0.525 0.353221957041 0.41320754717
0.734842951059 0.0 0.787878787879 0.787781350482 0.770711297071
0.630387143901 0.0 0.727272727273 0.743837084673 0.682845188285
0.632335329341 0.0 0.7 0.66984884646 0.637106918239
0.655688622754 0.0 0.575 0.447891805887 0.562893081761
0.592215568862 0.0 0.55 0.440731901352 0.516981132075
0.810179640719 0.0 0.75 0.631662688942 0.724528301887
0.417365269461 0.0 0.375 0.171042163882 0.245283018868
0.608383233533 0.0 0.55 0.435958631663 0.525786163522
0.408383233533 0.0 0.475 0.40015910899 0.364779874214
0.751643535427 0.0 0.787878787879 0.816720257235 0.810878661088
0.778443113772 0.0 0.7 0.572792362768 0.681132075472
0.62754491018 0.0 0.625 0.519490851233 0.549685534591
0.637724550898 0.166666666667 0.7 0.504375497216 0.635849056604
0.917964071856 0.0 0.9 0.822593476531 0.867295597484
0.795471146822 0.0 0.757575757576 0.645230439443 0.709623430962
0.395209580838 0.0 0.375 0.129673826571 0.174842767296
0.685902118335 0.0 0.727272727273 0.674169346195 0.657740585774
0.365868263473 0.0 0.4 0.317422434368 0.308176100629
0.600598802395 0.0 0.575 0.346062052506 0.396226415094
0.823353293413 0.0 0.85 0.750994431185 0.747798742138
0.710737764792 0.0 0.727272727273 0.691318327974 0.696234309623
0.42874251497 0.0 0.425 0.238663484487 0.263522012579
0.698319941563 0.0 0.757575757576 0.787781350482 0.748953974895
0.489820359281 0.0 0.5 0.383452665076 0.393081761006
0.430538922156 0.0 0.35 0.11614956245 0.216352201258
0.733382030679 0.0 0.757575757576 0.702036441586 0.696234309623
0.622155688623 0.0 0.6 0.416070007955 0.455974842767
0.438323353293 0.0 0.425 0.312649164678 0.343396226415
0.37005988024 0.0 0.375 0.214797136038 0.227044025157
0.544910179641 0.0 0.55 0.450278440732 0.462264150943
0.863473053892 0.0 0.8 0.657120127287 0.737106918239
0.710007304602 0.0 0.69696969697 0.667738478028 0.697071129707
0.376646706587 0.0 0.4 0.32537788385 0.317610062893
0.710007304602 0.0 0.757575757576 0.766345123258 0.733891213389
0.569758948137 0.0 0.606060606061 0.561629153269 0.538912133891
0.495209580838 0.0 0.4 0.20445505171 0.312578616352
0.401796407186 0.0 0.375 0.166268894193 0.205031446541
0.360479041916 0.0 0.35 0.221957040573 0.244025157233
0.647918188459 0.0 0.69696969697 0.677384780279 0.639330543933
0.854638422206 0.0 0.848484848485 0.85744908896 0.874476987448
0.510179640719 0.0 0.475 0.381066030231 0.42641509434
0.644311377246 0.0 0.65 0.477326968974 0.480503144654
0.676406135866 0.0 0.666666666667 0.558413719185 0.576569037657
0.721694667641 0.0 0.757575757576 0.806002143623 0.778242677824
0.786705624543 0.0 0.69696969697 0.62486602358 0.722175732218
0.682634730539 0.0 0.65 0.444709626094 0.48427672956
0.826880934989 0.0 0.818181818182 0.798499464094 0.812552301255
0.826946107784 0.0 0.775 0.616547334924 0.67358490566
0.517964071856 0.0 0.475 0.359586316627 0.407547169811
0.704894083272 0.0 0.666666666667 0.584137191854 0.626778242678
0.719760479042 0.0 0.65 0.427207637232 0.501257861635
0.761869978086 0.0 0.757575757576 0.697749196141 0.706276150628
0.397005988024 0.0 0.45 0.351630867144 0.30251572327
0.855368882396 0.0 0.818181818182 0.741693461951 0.782426778243
0.383832335329 0.0 0.4 0.280031821798 0.267295597484
0.791088385683 0.0 0.818181818182 0.768488745981 0.743933054393
0.82030679328 0.0 0.787878787879 0.713826366559 0.748117154812
0.657414170928 0.0 0.666666666667 0.592711682744 0.584937238494
0.823959094229 0.0 0.848484848485 0.941050375134 0.917991631799
0.736303871439 0.0 0.727272727273 0.700964630225 0.71129707113
0.381437125749 0.0 0.375 0.268098647574 0.274842767296
0.64251497006 0.0 0.525 0.3953858393 0.51320754717
0.665449233017 0.0 0.727272727273 0.721329046088 0.65690376569
0.846603360117 0.0 0.848484848485 0.848874598071 0.843514644351
0.473053892216 0.0 0.4 0.223548130469 0.291194968553
0.349101796407 0.0 0.3 0.0803500397772 0.123270440252
0.65628742515 0.0 0.575 0.39061256961 0.464779874214
0.813173652695 0.0 0.725 0.625298329356 0.705660377358
0.722425127831 0.0 0.69696969697 0.623794212219 0.6410041841
0.399401197605 0.0 0.425 0.330946698488 0.296226415094
0.32874251497 0.0 0.275 0.049323786794 0.0937106918239
0.58502994012 0.0 0.55 0.365155131265 0.390566037736
0.690284879474 0.0 0.69696969697 0.638799571275 0.621757322176
0.476047904192 0.0 0.4 0.189339697693 0.253459119497
0.775748721695 0.0 0.69696969697 0.653804930332 0.72050209205
0.680058436815 0.0 0.666666666667 0.637727759914 0.637656903766
0.64061358656 0.0 0.636363636364 0.617363344051 0.607531380753
0.736303871439 0.0 0.787878787879 0.807073954984 0.740585774059
0.880204528853 0.0 0.848484848485 0.953912111468 0.969037656904
0.364670658683 0.0 0.35 0.145584725537 0.143396226415
0.691015339664 0.0 0.69696969697 0.660235798499 0.636820083682
0.707815924032 0.0 0.69696969697 0.565916398714 0.5589958159
0.696812453669 0.0 0.677419354839 0.493303571429 0.494505494505
0.575449101796 0.0 0.5 0.413683373111 0.469811320755
0.588020452885 0.0 0.636363636364 0.587352625938 0.519665271967
0.355688622754 0.0 0.35 0.233890214797 0.220125786164
0.63550036523 0.0 0.636363636364 0.558413719185 0.538075313808
0.756756756757 0.0 0.757575757576 0.735262593783 0.714644351464
0.775748721695 0.0 0.757575757576 0.679528403001 0.676987447699
0.44371257485 0.0 0.425 0.271280827367 0.269182389937
0.805697589481 0.0 0.818181818182 0.800643086817 0.767364016736
0.855688622754 0.0 0.775 0.719968178202 0.779245283019
0.647187728269 0.0 0.606060606061 0.498392282958 0.517991631799
0.64061358656 0.0 0.69696969697 0.691318327974 0.612552301255
0.647918188459 0.0 0.636363636364 0.518756698821 0.507112970711
0.774251497006 0.166666666667 0.75 0.543357199682 0.710691823899
0.81738495252 0.0 0.757575757576 0.728831725616 0.764853556485
0.919760479042 0.0 0.925 0.896579156722 0.867295597484
0.722425127831 0.0 0.69696969697 0.587352625938 0.588284518828
0.714390065741 0.0 0.727272727273 0.743837084673 0.706276150628
0.386826347305 0.0 0.35 0.197295147176 0.208176100629
0.72680788897 0.0 0.727272727273 0.604501607717 0.577405857741
0.745737583395 0.0526315789474 0.741935483871 0.661830357143 0.69146238377
0.389221556886 0.0 0.35 0.177406523469 0.189937106918
0.653761869978 0.0 0.606060606061 0.48231511254 0.502928870293
0.668862275449 0.0 0.625 0.505171042164 0.518867924528
0.753150481838 0.157894736842 0.774193548387 0.636160714286 0.742180896027
0.626004382761 0.0 0.575757575758 0.484458735263 0.503765690377
0.747991234478 0.0 0.787878787879 0.846730975348 0.775732217573
0.672023374726 0.0 0.727272727273 0.75884244373 0.671129707113
0.744338933528 0.0 0.69696969697 0.600214362272 0.615062761506
0.466467065868 0.0 0.5 0.456642800318 0.389937106918
0.827279466271 0.0526315789474 0.838709677419 0.794642857143 0.800507185123
0.827279466271 0.0526315789474 0.838709677419 0.794642857143 0.800507185123
0.827279466271 0.0526315789474 0.838709677419 0.794642857143 0.800507185123
0.690284879474 0.0 0.666666666667 0.653804930332 0.641841004184
0.623082542001 0.0 0.545454545455 0.442658092176 0.483682008368
0.7246165084 0.0 0.666666666667 0.558413719185 0.579079497908
0.368862275449 0.0 0.325 0.195704057279 0.201886792453
0.497005988024 0.0 0.45 0.225934765314 0.234591194969
0.876945885841 0.0 0.838709677419 0.771205357143 0.770076077768
0.590942293645 0.0 0.575757575758 0.486602357985 0.461924686192
0.748721694668 0.0 0.69696969697 0.646302250804 0.657740585774
