0.515498938429 0.0 0.55 0.467153284672 0.457808564232
0.736305732484 0.0 0.825 0.687458526875 0.888539042821
0.967728237792 0.0 0.95 0.93098871931 1.0
0.384288747346 1.0 0.475 0.368944923689 0.437027707809
0.388959660297 0.0 0.4 0.394824153948 0.361460957179
0.732484076433 0.0 0.75 0.766423357664 0.67758186398
0.64161358811 0.0 0.625 0.536828135368 0.571788413098
0.352016985138 0.0 0.5 0.478433974784 0.505037783375
0.627600849257 0.0 0.65 0.606502986065 0.546599496222
0.747346072187 0.0 0.825 0.868613138686 0.724181360202
0.814861995754 1.0 0.9 0.945587259456 0.908060453401
0.736730360934 0.0 0.75 0.745189117452 0.80604534005
0.622505307856 1.0 0.55 0.516921035169 0.471662468514
0.76050955414 0.0 0.725 0.694094226941 0.691435768262
0.892144373673 0.0 0.95 0.943596549436 0.93765743073
0.658174097665 0.0 0.725 0.684804246848 0.71725440806
0.283651804671 0.0 0.375 0.398805573988 0.307304785894
0.778768577495 0.0 0.825 0.708692767087 0.684508816121
0.779617834395 0.0 0.75 0.763105507631 0.695214105793
0.673036093418 0.0 0.75 0.721300597213 0.725440806045
0.769002123142 0.0 0.75 0.706702057067 0.659319899244
0.724840764331 0.0 0.65 0.643662906437 0.649874055416
0.581316348195 0.0 0.725 0.738553417386 0.703400503778
0.646284501062 0.0 0.6 0.467153284672 0.594458438287
0.938428874735 0.0 0.9 0.869940278699 0.889168765743
0.411464968153 0.0 0.55 0.519575315196 0.51637279597
0.628025477707 0.0 0.625 0.589913735899 0.60516372796
0.886624203822 0.0 0.775 0.649635036496 0.710327455919
0.465392781316 0.0 0.525 0.469807564698 0.478589420655
0.396602972399 0.0 0.425 0.368281353683 0.421914357683
0.716772823779 0.0 0.75 0.757796947578 0.788413098237
0.994055201699 0.0 0.975 0.952222959522 0.885390428212
0.516772823779 0.0 0.575 0.534173855342 0.550377833753
0.690021231423 0.0 0.65 0.516921035169 0.610831234257
0.48110403397 1.0 0.5 0.467153284672 0.435138539043
0.703184713376 0.0 0.65 0.562707365627 0.537783375315
0.904458598726 0.0 0.85 0.834771068348 0.841309823678
1.0 0.0 1.0 1.0 0.98362720403
0.690021231423 0.0 0.65 0.516921035169 0.610831234257
0.775796178344 0.0 0.75 0.666887856669 0.724181360202
0.31932059448 0.0 0.45 0.36695421367 0.500629722922
0.884501061571 0.0 0.85 0.830126078301 0.816750629723
0.593630573248 0.0 0.725 0.79296615793 0.648614609572
0.848832271762 0.0 0.95 0.959522229595 0.906171284635
0.677707006369 0.0 0.65 0.604512276045 0.639798488665
0.420806794055 0.0 0.475 0.434638354346 0.42758186398
0.886199575372 0.0 0.825 0.750497677505 0.850125944584
0.814861995754 0.0 0.75 0.696084936961 0.768891687657
0.835668789809 0.0 0.775 0.715328467153 0.768891687657
0.397876857749 0.0 0.475 0.411413404114 0.49685138539
0.930785562633 0.0 0.95 0.887856668879 0.916876574307
0.668789808917 0.0 0.775 0.692767086928 0.731738035264
0.846709129512 0.0 0.85 0.731254147313 0.765743073048
0.618259023355 0.0 0.65 0.586595885866 0.587531486146
0.703184713376 0.0 0.65 0.562707365627 0.537783375315
0.862845010616 0.0 0.925 0.91904445919 0.816120906801
0.48110403397 0.0 0.575 0.497677504977 0.617128463476
0.782590233546 0.0 0.75 0.736562707366 0.678841309824
0.459447983015 0.0 0.525 0.489051094891 0.472292191436
0.835668789809 0.0 0.775 0.715328467153 0.768891687657
0.792356687898 0.0 0.825 0.698075646981 0.745591939547
0.397876857749 0.0 0.475 0.411413404114 0.49685138539
0.432271762208 0.0 0.5 0.42601194426 0.436397984887
0.56135881104 0.0 0.55 0.479761114798 0.495591939547
0.734182590234 0.0 0.7 0.680822826808 0.645465994962
0.59872611465 0.0 0.65 0.58195089582 0.668136020151
0.71847133758 0.0 0.725 0.708692767087 0.64483627204
0.703609341826 0.0 0.7 0.667551426676 0.60201511335
0.71847133758 0.0 0.7 0.607166556072 0.654911838791
0.381740976645 0.0 0.475 0.43795620438 0.508186397985
0.822080679406 0.0 0.825 0.77704047777 0.795340050378
0.813163481953 0.0 0.75 0.687458526875 0.730478589421
0.79872611465 0.0 0.775 0.692767086928 0.64798488665
0.730785562633 0.0 0.75 0.682813536828 0.687027707809
0.763481953291 0.0 0.8 0.768414067684 0.78274559194
0.855626326964 0.0 0.9 0.871267418713 0.93765743073
0.80127388535 0.0 0.725 0.668878566689 0.679471032746
0.668789808917 0.0 0.625 0.56602521566 0.574937027708
0.459447983015 0.0 0.525 0.489051094891 0.472292191436
0.736305732484 0.0 0.825 0.687458526875 0.888539042821
0.736305732484 0.0 0.825 0.687458526875 0.888539042821
0.891295116773 0.0 0.875 0.8500331785 0.855793450882
0.723991507431 0.0 0.775 0.723291307233 0.758186397985
0.590658174098 0.0 0.725 0.675514266755 0.727959697733
0.48110403397 0.0 0.575 0.497677504977 0.617128463476
0.427176220807 0.0 0.45 0.418712674187 0.400503778338
0.48110403397 0.0 0.575 0.497677504977 0.617128463476
0.637367303609 0.0 0.675 0.676177836762 0.636649874055
0.835668789809 0.0 0.775 0.715328467153 0.768891687657
0.703184713376 0.0 0.65 0.562707365627 0.537783375315
0.483651804671 0.0 0.525 0.392833443928 0.5
0.566029723992 0.0 0.65 0.629727936297 0.656171284635
0.660297239915 0.0 0.7 0.731254147313 0.689546599496
0.814861995754 0.0 0.8 0.749834107498 0.744962216625
0.416560509554 0.0 0.425 0.324485733245 0.399244332494
0.43906581741 0.0 0.45 0.352355673524 0.43765743073
0.622080679406 0.0 0.55 0.435301924353 0.484256926952
0.646284501062 0.0 0.6 0.467153284672 0.594458438287
0.630573248408 0.0 0.725 0.666224286662 0.660579345088
0.566454352442 0.0 0.65 0.624419376244 0.471662468514
