0.827565982405 0.0 0.914285714286 0.825547445255 0.883923029174
0.893255131965 0.0 0.971428571429 0.843065693431 0.890130353818
0.887976539589 0.0 0.914285714286 0.729197080292 0.83426443203
0.893841642229 0.0 1.0 1.0 1.0
0.777712609971 0.0 0.828571428571 0.717518248175 0.810676598386
0.729618768328 0.0 0.771428571429 0.635766423358 0.751707014277
0.696774193548 0.0 0.771428571429 0.662773722628 0.749844816884
0.648093841642 0.0 0.714285714286 0.591240875912 0.695841092489
0.82991202346 0.0 0.857142857143 0.678102189781 0.782743637492
0.598826979472 0.0 0.685714285714 0.598540145985 0.686530105525
0.704398826979 0.0 0.742857142857 0.675182481752 0.781502172564
0.768914956012 0.0 0.828571428571 0.688321167883 0.765363128492
0.827565982405 0.0 0.828571428571 0.602919708029 0.733085040348
0.923753665689 0.0 1.0 0.938686131387 0.950341402855
0.68211143695 0.0 0.714285714286 0.6 0.720670391061
0.81348973607 0.0 0.857142857143 0.810948905109 0.877715704531
0.834604105572 0.0 0.885714285714 0.85401459854 0.90626939789
0.81642228739 0.0 0.885714285714 0.81897810219 0.860955927995
0.801173020528 0.0 0.828571428571 0.707299270073 0.799503414029
0.588269794721 0.0 0.628571428571 0.473722627737 0.608938547486
0.632258064516 0.0 0.714285714286 0.630656934307 0.704531346989
0.739002932551 0.0 0.742857142857 0.53503649635 0.674736188703
0.956598240469 0.0 0.914285714286 0.732846715328 0.862197392924
0.631671554252 0.0 0.714285714286 0.580291970803 0.658597144631
0.661583577713 0.0 0.714285714286 0.644525547445 0.737430167598
0.751906158358 0.0 0.885714285714 0.833576642336 0.821229050279
0.7642228739 0.0 0.828571428571 0.687591240876 0.751707014277
0.596480938416 0.0 0.714285714286 0.626277372263 0.671632526381
0.771847507331 0.0 0.771428571429 0.577372262774 0.70887647424
0.642228739003 0.0 0.714285714286 0.565693430657 0.651148355059
1.0 0.0 0.914285714286 0.734306569343 0.892613283675
0.691495601173 0.0 0.8 0.654744525547 0.69025450031
0.861583577713 0.0 0.942857142857 0.812408759124 0.831160769708
0.710263929619 0.0 0.8 0.684671532847 0.728119180633
0.838709677419 0.0 0.885714285714 0.782481751825 0.835505896958
0.869794721408 0.0 0.971428571429 0.897080291971 0.884543761639
0.752492668622 0.0 0.8 0.687591240876 0.76225946617
0.719061583578 0.0 0.771428571429 0.606569343066 0.69025450031
0.831085043988 0.0 0.914285714286 0.798540145985 0.816883923029
0.497360703812 0.0 0.571428571429 0.425547445255 0.538175046555
0.815835777126 0.0 0.857142857143 0.73503649635 0.799503414029
0.881524926686 0.0 0.914285714286 0.732116788321 0.795779019243
0.826979472141 0.0 0.914285714286 0.84598540146 0.854127870888
0.66862170088 0.0 0.714285714286 0.57299270073 0.669770328988
0.634017595308 0.0 0.657142857143 0.570802919708 0.692116697703
0.775366568915 0.0 0.771428571429 0.622627737226 0.743637492241
0.81642228739 0.0 0.8 0.640875912409 0.765363128492
0.763636363636 0.0 0.771428571429 0.646715328467 0.755431409063
0.662170087977 0.0 0.742857142857 0.671532846715 0.725636250776
0.887976539589 0.0 0.885714285714 0.727737226277 0.818746120422
0.776539589443 0.0 0.828571428571 0.765693430657 0.818125387958
0.833431085044 0.0 0.857142857143 0.656934306569 0.738671632526
0.76715542522 0.0 0.8 0.724817518248 0.798882681564
0.723167155425 0.0 0.8 0.751094890511 0.788330229671
0.721407624633 0.0 0.771428571429 0.667883211679 0.738050900062
0.726686217009 0.0 0.771428571429 0.513868613139 0.605834885164
0.639296187683 0.0 0.742857142857 0.600729927007 0.641837368094
0.55366568915 0.0 0.628571428571 0.484671532847 0.575418994413
0.6357771261 0.0 0.714285714286 0.544525547445 0.613283674736
0.557184750733 0.0 0.628571428571 0.486131386861 0.576660459342
0.731964809384 0.0 0.828571428571 0.731386861314 0.748603351955
0.663343108504 0.0 0.685714285714 0.538686131387 0.652389819988
0.641642228739 0.0 0.657142857143 0.497080291971 0.624456859094
0.66275659824 0.0 0.742857142857 0.710948905109 0.75356921167
0.699120234604 0.0 0.8 0.68102189781 0.703910614525
0.652785923754 0.0 0.742857142857 0.665693430657 0.705772811918
0.732551319648 0.0 0.742857142857 0.564233576642 0.675977653631
0.515542521994 0.0 0.6 0.42700729927 0.517070142768
0.784750733138 0.0 0.857142857143 0.783211678832 0.807572936065
0.637536656891 0.0 0.714285714286 0.648905109489 0.703910614525
0.606451612903 0.0 0.685714285714 0.497810218978 0.571073867163
0.557184750733 0.0 0.6 0.472262773723 0.586592178771
0.658651026393 0.0 0.714285714286 0.571532846715 0.64990689013
0.612903225806 0.0 0.657142857143 0.511678832117 0.612662942272
0.695014662757 0.0 0.8 0.725547445255 0.737430167598
0.775366568915 0.0 0.857142857143 0.75401459854 0.772191185599
0.821114369501 0.0 0.828571428571 0.738686131387 0.818125387958
0.665102639296 0.0 0.685714285714 0.598540145985 0.702048417132
0.78651026393 0.0 0.8 0.724087591241 0.803227808814
0.852785923754 0.0 0.828571428571 0.710948905109 0.816263190565
0.809970674487 0.0 0.771428571429 0.578102189781 0.716325263811
0.731964809384 0.0 0.771428571429 0.650364963504 0.720670391061
0.735483870968 0.0 0.828571428571 0.718248175182 0.732464307883
0.768914956012 0.0 0.771428571429 0.673722627737 0.768466790813
0.618181818182 0.0 0.685714285714 0.589051094891 0.654872749845
0.699706744868 0.0 0.742857142857 0.639416058394 0.710117939168
0.570674486804 0.0 0.628571428571 0.448905109489 0.545003103662
0.640469208211 0.0 0.742857142857 0.556204379562 0.590316573557
0.676246334311 0.0 0.742857142857 0.666423357664 0.714463066418
0.629325513196 0.0 0.714285714286 0.584671532847 0.631905648665
0.729618768328 0.0 0.8 0.66204379562 0.699565487275
0.68504398827 0.0 0.714285714286 0.581751824818 0.669770328988
0.633431085044 0.0 0.714285714286 0.597080291971 0.644320297952
0.668035190616 0.0 0.714285714286 0.598540145985 0.671011793917
0.717302052786 0.0 0.8 0.657664233577 0.684667908132
0.634017595308 0.0 0.657142857143 0.489051094891 0.598386095593
0.584164222874 0.0 0.657142857143 0.540875912409 0.606455617629
0.639882697947 0.0 0.685714285714 0.597080291971 0.67287399131
0.66275659824 0.0 0.714285714286 0.567883211679 0.638112973309
0.66862170088 0.0 0.714285714286 0.598540145985 0.669149596524
