0.965823650034 1.0 0.941176470588 0.837619047619 0.928640776699
0.0980861244019 0.0 0.137254901961 0.0857142857143 0.076213592233
0.0888585099111 1.0 0.117647058824 0.042380952381 0.0334951456311
1.0 0.0 0.960784313725 0.82380952381 0.908737864078
0.988038277512 0.0 1.0 0.924761904762 0.954854368932
0.968899521531 0.0 1.0 1.0 0.931553398058
0.896445659604 0.0 0.921568627451 0.838095238095 1.0
0.943609022556 1.0 0.960784313725 0.844761904762 0.941262135922
0.155160628845 0.0 0.21568627451 0.155714285714 0.209223300971
0.865003417635 0.0 0.901960784314 0.882857142857 0.811165048544
0.91011619959 0.0 0.941176470588 0.89380952381 0.939805825243
0.137730690362 0.0 0.196078431373 0.105714285714 0.130097087379
0.888926862611 1.0 0.921568627451 0.785714285714 0.838834951456
0.406698564593 0.0 0.529411764706 0.439047619048 0.493689320388
0.192412850308 0.0 0.274509803922 0.23380952381 0.227184466019
0.200615174299 0.0 0.294117647059 0.222380952381 0.263106796117
0.224196855776 1.0 0.235294117647 0.129523809524 0.140776699029
0.881749829118 0.0 0.921568627451 0.857619047619 0.883009708738
0.844155844156 0.0 0.882352941176 0.810952380952 0.887378640777
0.213943950786 1.0 0.196078431373 0.0695238095238 0.0966019417476
0.63978127136 0.0 0.764705882353 0.7 0.765048543689
0.325017088175 1.0 0.313725490196 0.208095238095 0.283009708738
0.810663021189 0.0 0.862745098039 0.765238095238 0.877184466019
0.253930280246 0.0 0.254901960784 0.178571428571 0.235436893204
0.602529049897 0.0 0.745098039216 0.722380952381 0.778640776699
0.572795625427 0.0 0.705882352941 0.724761904762 0.725242718447
0.181818181818 1.0 0.21568627451 0.147142857143 0.190776699029
0.701982228298 0.0 0.823529411765 0.781904761905 0.820873786408
0.38961038961 1.0 0.43137254902 0.314285714286 0.381067961165
0.977101845523 0.0 0.960784313725 0.853333333333 0.859223300971
0.930622009569 1.0 0.843137254902 0.721428571429 0.816990291262
0.102870813397 0.0 0.137254901961 0.0661904761905 0.0752427184466
0.87047163363 1.0 0.901960784314 0.795714285714 0.954854368932
0.298359535202 1.0 0.294117647059 0.117619047619 0.183009708738
0.812030075188 0.0 0.823529411765 0.675714285714 0.859223300971
0.255297334245 1.0 0.333333333333 0.236666666667 0.311165048544
0.450786056049 1.0 0.372549019608 0.262857142857 0.320873786408
0.643540669856 0.0 0.78431372549 0.745714285714 0.793203883495
0.132604237867 0.0 0.156862745098 0.0990476190476 0.138834951456
0.637047163363 0.0 0.725490196078 0.629523809524 0.703883495146
0.169172932331 0.0 0.235294117647 0.188095238095 0.167475728155
0.126452494874 1.0 0.176470588235 0.0719047619048 0.115533980583
0.789131920711 1.0 0.803921568627 0.641904761905 0.788834951456
0.585782638414 1.0 0.607843137255 0.460952380952 0.616019417476
0.718386876282 0.0 0.725490196078 0.63 0.736893203883
0.526315789474 0.0 0.509803921569 0.428571428571 0.534466019417
0.537252221463 1.0 0.56862745098 0.490952380952 0.48640776699
0.684894053315 1.0 0.647058823529 0.504285714286 0.613106796117
0.567669172932 0.0 0.647058823529 0.545714285714 0.629611650485
0.242652084757 0.0 0.352941176471 0.308095238095 0.269902912621
0.117908407382 0.0 0.176470588235 0.141904761905 0.107281553398
0.290840738209 0.0 0.392156862745 0.357142857143 0.336893203883
0.466165413534 1.0 0.490196078431 0.380952380952 0.404368932039
0.490772385509 1.0 0.470588235294 0.323333333333 0.35145631068
0.795625427204 0.0 0.843137254902 0.828571428571 0.770388349515
0.317840054682 0.0 0.43137254902 0.366666666667 0.404854368932
0.9002050581 1.0 0.882352941176 0.69 0.802912621359
0.829460013671 0.0 0.882352941176 0.81619047619 0.812621359223
0.333902939166 0.0 0.411764705882 0.417142857143 0.414077669903
0.494873547505 1.0 0.411764705882 0.269523809524 0.327184466019
0.311688311688 0.0 0.470588235294 0.440476190476 0.431553398058
0.101845522898 0.0 0.137254901961 0.0766666666667 0.073786407767
0.475393028025 0.0 0.607843137255 0.543333333333 0.64854368932
0.51025290499 1.0 0.509803921569 0.356666666667 0.493203883495
0.733082706767 1.0 0.705882352941 0.567142857143 0.757281553398
0.172248803828 0.0 0.254901960784 0.211428571429 0.200970873786
0.713260423787 0.0 0.705882352941 0.580476190476 0.685436893204
0.740601503759 0.0 0.803921568627 0.714761904762 0.758252427184
0.217361585783 0.0 0.313725490196 0.270952380952 0.273300970874
0.305194805195 0.0 0.333333333333 0.259047619048 0.241262135922
0.914217361586 0.0 0.921568627451 0.833333333333 0.91067961165
0.502050580998 0.0 0.56862745098 0.493333333333 0.56359223301
0.653110047847 0.0 0.686274509804 0.613333333333 0.633009708738
0.504101161996 0.0 0.627450980392 0.537142857143 0.621844660194
0.354750512645 0.0 0.372549019608 0.27619047619 0.295631067961
0.792549555707 0.0 0.78431372549 0.652857142857 0.746601941748
0.277511961722 0.0 0.352941176471 0.298095238095 0.304854368932
0.168831168831 0.0 0.235294117647 0.210952380952 0.197087378641
0.228298017772 0.0 0.274509803922 0.196666666667 0.203398058252
0.118591934381 1.0 0.156862745098 0.0785714285714 0.11067961165
0.554682159945 0.0 0.666666666667 0.600476190476 0.707281553398
0.822282980178 0.0 0.862745098039 0.752857142857 0.826213592233
0.677375256323 0.0 0.745098039216 0.617142857143 0.641262135922
0.293233082707 0.0 0.411764705882 0.370476190476 0.354854368932
0.43028024607 0.0 0.588235294118 0.528095238095 0.615048543689
0.437115516063 1.0 0.392156862745 0.291904761905 0.375242718447
0.623034859877 1.0 0.647058823529 0.557619047619 0.64854368932
0.3995215311 0.0 0.549019607843 0.449047619048 0.544174757282
0.623376623377 0.0 0.647058823529 0.59 0.66067961165
0.352699931647 0.0 0.333333333333 0.239523809524 0.256310679612
0.551264524949 1.0 0.549019607843 0.389523809524 0.472815533981
0.548872180451 0.0 0.607843137255 0.52 0.599029126214
0.627819548872 1.0 0.627450980392 0.455714285714 0.566504854369
0.345181134655 0.0 0.372549019608 0.318095238095 0.396116504854
0.65003417635 1.0 0.666666666667 0.539047619048 0.605339805825
0.68967874231 1.0 0.686274509804 0.557619047619 0.706310679612
0.744360902256 0.0 0.745098039216 0.68619047619 0.782524271845
0.156869446343 0.0 0.196078431373 0.135714285714 0.182038834951
0.521189336979 1.0 0.607843137255 0.5 0.596601941748
0.343472317157 0.0 0.450980392157 0.372857142857 0.461650485437
