0.768172888016 0.0 0.794871794872 0.695369030391 0.743574417215
0.405206286837 0.0 0.461538461538 0.379160636758 0.429169157203
0.356090373281 0.0 0.461538461538 0.442112879884 0.454273759713
0.292730844794 0.0 0.384615384615 0.414616497829 0.343693962941
0.470530451866 0.0 0.641025641026 0.778581765557 0.528989838613
0.629174852652 0.0 0.794871794872 0.888567293777 0.689181111775
0.427308447937 0.5 0.384615384615 0.188133140376 0.230125523013
0.328094302554 0.5 0.435897435897 0.290882778582 0.351464435146
0.202848722986 1.0 0.230769230769 0.153400868307 0.139868499701
0.173870333988 1.0 0.205128205128 0.110709117221 0.098027495517
0.448428290766 1.0 0.384615384615 0.210564399421 0.225343693963
0.448428290766 1.0 0.384615384615 0.210564399421 0.225343693963
0.45137524558 0.5 0.487179487179 0.378437047757 0.454273759713
0.675343811395 0.5 0.615384615385 0.457308248915 0.5421398685
0.447937131631 0.0 0.564102564103 0.502170767004 0.554094441124
0.398821218075 0.0 0.512820512821 0.409551374819 0.46264196055
0.505893909627 1.0 0.435897435897 0.210564399421 0.267184698147
0.713163064833 1.0 0.589743589744 0.334298118669 0.401075911536
0.66257367387 1.0 0.538461538462 0.313314037627 0.361625821877
0.345284872299 1.0 0.410256410256 0.358900144718 0.322175732218
0.425343811395 1.0 0.358974358974 0.148335745297 0.170352659892
0.20137524558 1.0 0.230769230769 0.0694645441389 0.0824865511058
0.851669941061 0.0 0.923076923077 0.971056439942 0.789599521817
0.992632612967 0.0 0.974358974359 0.967438494935 0.838613269576
0.444499017682 0.0 0.615384615385 0.752532561505 0.558876270173
0.496561886051 0.0 0.666666666667 0.808972503618 0.565451285117
0.244106090373 0.5 0.307692307692 0.256874095514 0.234309623431
0.518664047151 0.5 0.487179487179 0.356729377713 0.361625821877
0.579567779961 1.0 0.512820512821 0.293777134588 0.361625821877
0.527996070727 1.0 0.512820512821 0.421128798842 0.368798565451
0.625736738703 0.5 0.641025641026 0.452966714906 0.533771667663
0.442043222004 0.5 0.589743589744 0.539073806078 0.533771667663
0.427799607073 0.0 0.512820512821 0.508683068017 0.330543933054
0.436640471513 0.0 0.512820512821 0.51519536903 0.36820083682
0.217092337917 1.0 0.282051282051 0.243849493488 0.167364016736
0.173870333988 1.0 0.205128205128 0.110709117221 0.098027495517
0.173870333988 1.0 0.205128205128 0.110709117221 0.098027495517
0.294695481336 0.5 0.358974358974 0.169319826339 0.202032277346
0.428781925344 0.0 0.564102564103 0.578147612156 0.473998804543
0.693025540275 0.0 0.769230769231 0.821997105644 0.649731022116
0.550098231827 0.5 0.641025641026 0.540520984081 0.569037656904
0.459233791749 0.5 0.487179487179 0.343704775687 0.3831440526
0.415029469548 1.0 0.384615384615 0.292329956585 0.21876867902
0.241650294695 1.0 0.307692307692 0.234442836469 0.170352659892
0.349214145383 1.0 0.435897435897 0.313314037627 0.346682606097
0.35068762279 1.0 0.435897435897 0.348769898698 0.313807531381
0.573182711198 0.5 0.717948717949 0.690303907381 0.709503885236
0.756876227898 0.5 0.769230769231 0.604196816208 0.709503885236
0.801080550098 0.0 0.871794871795 0.910998552822 0.770472205619
0.82416502947 0.0 0.897435897436 0.973227206946 0.825463239689
0.582514734774 0.0 0.717948717949 0.71490593343 0.66646742379
0.301571709234 0.0 0.358974358974 0.293777134588 0.257023311417
0.496561886051 0.0 0.666666666667 0.808972503618 0.565451285117
0.496561886051 0.0 0.666666666667 0.808972503618 0.565451285117
0.583497053045 0.5 0.692307692308 0.546309696093 0.661087866109
0.733791748527 0.5 0.74358974359 0.541968162084 0.654512851166
0.65373280943 0.0 0.794871794872 0.88494934877 0.764494919307
0.64931237721 0.0 0.717948717949 0.702604920405 0.600717274357
0.173870333988 1.0 0.205128205128 0.110709117221 0.098027495517
0.150785854617 1.0 0.179487179487 0.048480463097 0.0430364614465
0.626227897839 1.0 0.641025641026 0.494211287988 0.502092050209
0.626227897839 1.0 0.641025641026 0.494211287988 0.502092050209
0.335952848723 0.0 0.461538461538 0.583212735166 0.401075911536
0.491650294695 0.0 0.589743589744 0.646164978292 0.545726240287
0.85952848723 1.0 0.794871794872 0.65484804631 0.661087866109
0.558939096267 1.0 0.666666666667 0.553545586107 0.589958158996
0.312868369352 0.0 0.435897435897 0.520984081042 0.346084877466
0.668467583497 0.0 0.717948717949 0.757597684515 0.465032875075
0.335952848723 0.0 0.461538461538 0.583212735166 0.401075911536
0.334479371316 0.0 0.435897435897 0.533285094067 0.374775851763
0.286836935167 0.0 0.358974358974 0.355282199711 0.322773460849
0.471512770138 0.0 0.564102564103 0.574529667149 0.553496712493
0.229862475442 0.5 0.282051282051 0.201157742402 0.216975493126
0.540766208251 0.5 0.589743589744 0.603473227207 0.591751344889
0.389489194499 1.0 0.512820512821 0.478292329957 0.434548714883
0.949901768173 0.0 0.897435897436 0.853111432706 0.734608487747
0.959724950884 0.0 0.923076923077 0.83502170767 0.912133891213
1.0 0.0 1.0 1.0 1.0
0.545186640472 0.0 0.641025641026 0.562228654124 0.583980872684
0.750982318271 0.0 0.794871794872 0.757597684515 0.769874476987
