0.305844155844 0.333333333333 0.222222222222 0.173033707865 0.110677083333
0.29025974026 0.0 0.222222222222 0.160674157303 0.109375
0.462987012987 0.333333333333 0.37037037037 0.155056179775 0.0651041666667
1.0 0.666666666667 1.0 0.749438202247 0.833333333333
0.474025974026 0.333333333333 0.481481481481 0.347191011236 0.27734375
0.409090909091 0.333333333333 0.296296296296 0.155056179775 0.0651041666667
0.476623376623 0.0 0.444444444444 0.348314606742 0.2890625
0.504545454545 0.5 0.481481481481 0.42808988764 0.359375
0.698051948052 0.333333333333 0.62962962963 0.337078651685 0.39453125
0.601298701299 0.5 0.518518518519 0.443820224719 0.268229166667
0.424675324675 0.166666666667 0.37037037037 0.308988764045 0.296875
0.528571428571 0.0 0.444444444444 0.298876404494 0.260416666667
0.474675324675 0.5 0.444444444444 0.308988764045 0.313802083333
0.618181818182 0.666666666667 0.62962962963 0.451685393258 0.361979166667
0.922077922078 0.666666666667 0.888888888889 0.783146067416 0.8125
0.743506493506 0.666666666667 0.703703703704 0.561797752809 0.518229166667
0.651298701299 0.166666666667 0.555555555556 0.473033707865 0.33984375
0.731168831169 0.833333333333 0.703703703704 0.397752808989 0.494791666667
0.62987012987 0.333333333333 0.592592592593 0.405617977528 0.41015625
0.474025974026 0.333333333333 0.481481481481 0.347191011236 0.27734375
0.642207792208 0.166666666667 0.62962962963 0.565168539326 0.522135416667
0.914285714286 0.5 0.925925925926 1.0 1.0
0.725324675325 0.5 0.62962962963 0.383146067416 0.473958333333
0.693506493506 0.5 0.62962962963 0.534831460674 0.509114583333
0.605194805195 0.666666666667 0.555555555556 0.516853932584 0.513020833333
0.570779220779 0.333333333333 0.481481481481 0.337078651685 0.3125
0.549350649351 0.0 0.481481481481 0.43595505618 0.341145833333
0.490909090909 0.0 0.407407407407 0.392134831461 0.291666666667
0.409090909091 0.333333333333 0.296296296296 0.155056179775 0.0651041666667
0.452597402597 0.166666666667 0.407407407407 0.469662921348 0.4375
0.488961038961 0.166666666667 0.444444444444 0.242696629213 0.21875
0.409090909091 0.333333333333 0.296296296296 0.155056179775 0.0651041666667
0.661688311688 0.333333333333 0.62962962963 0.55393258427 0.548177083333
0.700649350649 0.5 0.62962962963 0.538202247191 0.510416666667
0.569480519481 0.0 0.518518518519 0.321348314607 0.299479166667
0.467532467532 0.333333333333 0.444444444444 0.419101123596 0.408854166667
0.452597402597 0.333333333333 0.407407407407 0.256179775281 0.205729166667
0.514935064935 0.5 0.481481481481 0.303370786517 0.286458333333
0.452597402597 0.166666666667 0.407407407407 0.469662921348 0.4375
0.564285714286 0.5 0.518518518519 0.459550561798 0.428385416667
0.624675324675 0.166666666667 0.62962962963 0.659550561798 0.541666666667
0.52987012987 0.333333333333 0.444444444444 0.308988764045 0.243489583333
0.620779220779 0.333333333333 0.518518518519 0.332584269663 0.37890625
0.363636363636 0.0 0.259259259259 0.210112359551 0.0442708333333
0.527272727273 0.333333333333 0.444444444444 0.337078651685 0.3125
0.616233766234 0.666666666667 0.555555555556 0.294382022472 0.33203125
0.335714285714 0.0 0.259259259259 0.111235955056 0.015625
0.702597402597 0.5 0.666666666667 0.649438202247 0.6015625
0.654545454545 0.333333333333 0.592592592593 0.388764044944 0.518229166667
0.547402597403 0.666666666667 0.444444444444 0.210112359551 0.0442708333333
0.514935064935 0.0 0.444444444444 0.298876404494 0.260416666667
0.51038961039 0.166666666667 0.481481481481 0.367415730337 0.30078125
0.378571428571 0.166666666667 0.333333333333 0.220224719101 0.19140625
0.935064935065 0.666666666667 0.888888888889 0.637078651685 0.606770833333
0.802597402597 0.333333333333 0.814814814815 0.725842696629 0.694010416667
0.385714285714 0.333333333333 0.37037037037 0.287640449438 0.259114583333
0.649350649351 0.166666666667 0.62962962963 0.573033707865 0.588541666667
0.653896103896 0.333333333333 0.555555555556 0.426966292135 0.38671875
0.521428571429 0.0 0.481481481481 0.366292134831 0.404947916667
0.374025974026 0.0 0.296296296296 0.216853932584 0.16015625
0.446103896104 0.333333333333 0.407407407407 0.243820224719 0.204427083333
0.363636363636 0.0 0.296296296296 0.173033707865 0.110677083333
0.519480519481 0.333333333333 0.444444444444 0.293258426966 0.263020833333
0.542857142857 0.0 0.481481481481 0.315730337079 0.30078125
0.670779220779 0.5 0.62962962963 0.561797752809 0.571614583333
0.657792207792 0.333333333333 0.592592592593 0.540449438202 0.42578125
0.788311688312 0.333333333333 0.777777777778 0.578651685393 0.532552083333
0.793506493506 0.333333333333 0.777777777778 0.725842696629 0.705729166667
0.383116883117 0.333333333333 0.259259259259 0.155056179775 0.0651041666667
0.618831168831 0.5 0.518518518519 0.28202247191 0.263020833333
0.527922077922 0.0 0.407407407407 0.340449438202 0.217447916667
0.472077922078 0.5 0.407407407407 0.302247191011 0.192708333333
0.396103896104 0.333333333333 0.333333333333 0.173033707865 0.110677083333
0.523376623377 0.333333333333 0.407407407407 0.210112359551 0.0442708333333
0.656493506494 0.0 0.592592592593 0.412359550562 0.337239583333
0.361688311688 0.0 0.296296296296 0.160674157303 0.109375
0.490909090909 0.0 0.407407407407 0.342696629213 0.197916666667
0.474025974026 0.0 0.37037037037 0.280898876404 0.102864583333
0.577922077922 0.333333333333 0.481481481481 0.304494382022 0.309895833333
0.577922077922 0.333333333333 0.481481481481 0.304494382022 0.309895833333
0.562987012987 1.0 0.481481481481 0.274157303371 0.28125
0.551948051948 0.333333333333 0.518518518519 0.491011235955 0.528645833333
0.29025974026 0.0 0.222222222222 0.160674157303 0.109375
0.398701298701 0.0 0.333333333333 0.277528089888 0.1953125
0.605194805195 0.5 0.592592592593 0.459550561798 0.428385416667
0.551948051948 0.5 0.518518518519 0.437078651685 0.401041666667
0.518181818182 0.0 0.444444444444 0.274157303371 0.263020833333
0.588961038961 0.0 0.518518518519 0.420224719101 0.364583333333
0.432467532468 0.0 0.333333333333 0.225842696629 0.123697916667
0.484415584416 0.333333333333 0.37037037037 0.225842696629 0.123697916667
0.427272727273 0.166666666667 0.333333333333 0.239325842697 0.221354166667
0.505844155844 0.333333333333 0.407407407407 0.216853932584 0.16015625
0.411688311688 0.0 0.37037037037 0.212359550562 0.0911458333333
0.391558441558 0.0 0.37037037037 0.326966292135 0.2890625
0.759090909091 1.0 0.740740740741 0.523595505618 0.520833333333
0.612337662338 0.333333333333 0.592592592593 0.488764044944 0.548177083333
0.834415584416 0.666666666667 0.740740740741 0.594382022472 0.518229166667
0.843506493506 0.666666666667 0.814814814815 0.638202247191 0.723958333333
0.475974025974 0.666666666667 0.444444444444 0.285393258427 0.26171875
0.440909090909 0.333333333333 0.37037037037 0.216853932584 0.16015625
