0.214326978625 0.0 0.129032258065 0.0949185043145 0.0131147540984
1.0 1.0 1.0 1.0 0.996721311475
0.900057770075 0.0 0.903225806452 0.857142857143 1.0
0.986712882727 0.666666666667 0.870967741935 0.704697986577 0.770491803279
0.95436164067 0.0 0.903225806452 0.748801534036 0.71693989071
0.456383593299 1.0 0.451612903226 0.361457334612 0.373770491803
0.258232235702 0.333333333333 0.193548387097 0.116970278044 0.0622950819672
0.978625072213 0.333333333333 0.903225806452 0.841802492809 0.867759562842
0.35413056037 0.666666666667 0.322580645161 0.31447746884 0.318032786885
0.810514153668 0.333333333333 0.870967741935 0.838926174497 0.91912568306
0.900057770075 0.666666666667 0.967741935484 0.952061361457 0.863387978142
0.890814558059 0.0 0.903225806452 0.914669223394 0.949726775956
0.711727325246 0.0 0.806451612903 0.790028763183 0.760655737705
0.933564413634 0.333333333333 0.935483870968 0.762224352828 0.796721311475
0.595609474292 0.0 0.645161290323 0.463087248322 0.479781420765
0.880993645292 0.0 0.935483870968 0.883029721956 0.866666666667
0.794916233391 0.333333333333 0.774193548387 0.565675934803 0.663387978142
0.730213749278 1.0 0.677419354839 0.657718120805 0.71912568306
0.792027729636 0.0 0.838709677419 0.862895493768 0.873224043716
0.968226458694 0.333333333333 0.967741935484 0.76414189837 0.803278688525
0.823801270942 0.666666666667 0.806451612903 0.626078619367 0.762841530055
0.755054881571 0.0 0.838709677419 0.698945349952 0.544262295082
0.283651068746 0.0 0.258064516129 0.20230105465 0.153005464481
0.343154246101 0.333333333333 0.258064516129 0.107382550336 0.0754098360656
0.225880993645 0.0 0.161290322581 0.147651006711 0.0928961748634
0.924321201618 0.666666666667 0.903225806452 0.767976989453 0.833879781421
0.51993067591 0.0 0.548387096774 0.476510067114 0.453551912568
0.714615829001 0.0 0.741935483871 0.519654841802 0.590163934426
0.92027729636 1.0 0.903225806452 0.762224352828 0.872131147541
0.699595609474 1.0 0.709677419355 0.533077660594 0.645901639344
0.502021952629 0.0 0.516129032258 0.341323106424 0.296174863388
0.688619295205 0.333333333333 0.677419354839 0.735378715244 0.742076502732
0.441941074523 0.666666666667 0.387096774194 0.266538830297 0.298360655738
0.7429231658 0.666666666667 0.645161290323 0.424736337488 0.40218579235
0.462160600809 0.0 0.483870967742 0.330776605944 0.266666666667
0.647602541883 0.666666666667 0.516129032258 0.329817833174 0.380327868852
0.392836510687 0.666666666667 0.322580645161 0.181208053691 0.153005464481
0.266320046216 0.0 0.225806451613 0.189837008629 0.171584699454
0.473714615829 1.0 0.483870967742 0.530201342282 0.560655737705
0.67995378394 0.666666666667 0.612903225806 0.322147651007 0.334426229508
0.569612940497 0.0 0.612903225806 0.488974113135 0.434972677596
0.243212016176 0.0 0.193548387097 0.189837008629 0.171584699454
0.609474292317 0.666666666667 0.58064516129 0.540747842761 0.661202185792
0.699595609474 0.333333333333 0.741935483871 0.569511025887 0.628415300546
0.637781629116 1.0 0.58064516129 0.424736337488 0.485245901639
0.908145580589 0.0 0.870967741935 0.646212847555 0.673224043716
0.848064702484 0.0 0.838709677419 0.720997123682 0.697267759563
0.816291161179 1.0 0.838709677419 0.610738255034 0.704918032787
0.321201617562 0.0 0.258064516129 0.132310642378 0.0393442622951
0.872328134027 0.333333333333 0.870967741935 0.613614573346 0.703825136612
0.832466782207 0.333333333333 0.806451612903 0.70757430489 0.809836065574
0.64009243212 0.0 0.677419354839 0.524448705657 0.385792349727
0.381860196418 0.0 0.387096774194 0.32598274209 0.312568306011
0.674754477181 0.0 0.709677419355 0.523489932886 0.601092896175
0.689774696707 0.0 0.774193548387 0.701821668265 0.753005464481
0.889659156557 0.0 0.903225806452 0.718120805369 0.708196721311
0.324090121317 0.0 0.322580645161 0.32598274209 0.312568306011
0.389370306181 0.666666666667 0.354838709677 0.33748801534 0.340983606557
0.411900635471 0.0 0.41935483871 0.255033557047 0.232786885246
0.439052570768 0.0 0.451612903226 0.408437200384 0.416393442623
0.540727902946 0.0 0.58064516129 0.514860977948 0.515846994536
0.759676487579 0.333333333333 0.774193548387 0.681687440077 0.851366120219
0.50259965338 1.0 0.548387096774 0.568552253116 0.613114754098
0.843443096476 0.0 0.870967741935 0.750719079578 0.71693989071
0.237435008666 0.0 0.161290322581 0.0949185043145 0.0131147540984
0.573656845754 0.333333333333 0.516129032258 0.515819750719 0.51912568306
0.344887348354 0.0 0.354838709677 0.32598274209 0.331147540984
0.782206816869 0.333333333333 0.774193548387 0.643336529243 0.575956284153
0.452339688042 0.666666666667 0.41935483871 0.356663470757 0.396721311475
0.690930098209 0.666666666667 0.709677419355 0.89837008629 0.769398907104
0.83997689197 0.0 0.774193548387 0.598274209012 0.619672131148
0.425187752744 0.0 0.354838709677 0.316395014382 0.284153005464
0.295205083767 0.0 0.290322580645 0.255033557047 0.232786885246
0.214326978625 0.0 0.129032258065 0.0949185043145 0.0131147540984
0.660311958406 0.333333333333 0.612903225806 0.496644295302 0.579234972678
0.709416522241 0.333333333333 0.677419354839 0.464046021093 0.511475409836
0.823801270942 0.333333333333 0.806451612903 0.57334611697 0.64262295082
0.629693818602 0.333333333333 0.516129032258 0.206136145733 0.132240437158
0.258232235702 0.333333333333 0.193548387097 0.116970278044 0.0622950819672
0.402657423455 0.0 0.354838709677 0.279002876318 0.24262295082
0.310803004044 0.333333333333 0.258064516129 0.170661553212 0.0885245901639
0.670710571924 0.333333333333 0.677419354839 0.519654841802 0.536612021858
0.793183131138 0.333333333333 0.806451612903 0.785234899329 0.845901639344
0.533217793183 0.333333333333 0.451612903226 0.298178331735 0.215300546448
0.748122472559 0.333333333333 0.677419354839 0.391179290508 0.366120218579
0.728480647025 1.0 0.677419354839 0.690316395014 0.689617486339
0.467359907568 0.0 0.387096774194 0.0949185043145 0.0131147540984
0.821490467938 0.333333333333 0.838709677419 0.718120805369 0.72131147541
0.3714615829 0.333333333333 0.290322580645 0.116970278044 0.0622950819672
0.292894280763 0.333333333333 0.225806451613 0.116970278044 0.0622950819672
0.50259965338 0.666666666667 0.516129032258 0.3815915628 0.358469945355
0.845176198729 0.666666666667 0.838709677419 0.586768935762 0.627322404372
0.739456961294 0.666666666667 0.677419354839 0.469798657718 0.580327868852
0.492778740612 0.666666666667 0.483870967742 0.409395973154 0.490710382514
0.49162333911 0.333333333333 0.451612903226 0.365292425695 0.430601092896
0.480647024841 0.333333333333 0.41935483871 0.479386385427 0.420765027322
0.724436741768 0.666666666667 0.645161290323 0.511025886865 0.598907103825
0.515886770653 0.0 0.451612903226 0.225311601151 0.203278688525
0.608318890815 0.0 0.58064516129 0.447746883988 0.378142076503
0.418833044483 0.333333333333 0.354838709677 0.116970278044 0.0622950819672
