0.507784431138 0.0 0.5 0.4521484375 0.376777251185
0.507784431138 0.0 0.5 0.4521484375 0.376777251185
0.523353293413 0.333333333333 0.466666666667 0.279296875 0.366113744076
0.34371257485 0.0 0.266666666667 0.1396484375 0.0995260663507
0.267664670659 0.0 0.2 0.1396484375 0.0995260663507
0.377245508982 0.0 0.3 0.1396484375 0.0995260663507
0.34371257485 0.333333333333 0.3 0.2685546875 0.285545023697
0.373652694611 0.0 0.333333333333 0.2353515625 0.167061611374
0.4 0.333333333333 0.4 0.4072265625 0.438388625592
0.4 0.333333333333 0.4 0.4072265625 0.438388625592
0.417365269461 0.333333333333 0.333333333333 0.220703125 0.085308056872
0.374850299401 0.0 0.266666666667 0.220703125 0.085308056872
0.382035928144 0.333333333333 0.366666666667 0.3642578125 0.35308056872
0.517365269461 1.0 0.5 0.5302734375 0.514218009479
0.538922155689 0.666666666667 0.5 0.2685546875 0.364928909953
0.734730538922 1.0 0.733333333333 0.6005859375 0.842417061611
0.505389221557 0.666666666667 0.5 0.4375 0.550947867299
0.697005988024 0.666666666667 0.666666666667 0.4560546875 0.422985781991
0.810778443114 0.666666666667 0.866666666667 0.7998046875 0.793838862559
0.786826347305 0.333333333333 0.833333333333 0.724609375 0.694312796209
0.708982035928 0.333333333333 0.7 0.6103515625 0.809241706161
0.78502994012 0.666666666667 0.8 0.7392578125 0.995260663507
0.529341317365 0.333333333333 0.466666666667 0.2685546875 0.364928909953
0.582634730539 0.666666666667 0.533333333333 0.322265625 0.451421800948
0.335928143713 0.0 0.333333333333 0.33203125 0.338862559242
0.335928143713 0.0 0.333333333333 0.33203125 0.338862559242
0.52874251497 0.0 0.466666666667 0.349609375 0.232227488152
0.465868263473 0.666666666667 0.366666666667 0.259765625 0.305687203791
0.734730538922 1.0 0.733333333333 0.6005859375 0.842417061611
0.652694610778 0.666666666667 0.666666666667 0.626953125 0.765402843602
0.581437125749 1.0 0.6 0.56640625 0.736966824645
0.667664670659 0.666666666667 0.766666666667 0.7294921875 0.809241706161
0.325748502994 0.333333333333 0.266666666667 0.2255859375 0.200236966825
0.373652694611 0.666666666667 0.366666666667 0.279296875 0.28672985782
0.52874251497 0.666666666667 0.566666666667 0.5927734375 0.659952606635
0.405389221557 0.333333333333 0.433333333333 0.4267578125 0.498815165877
1.0 0.333333333333 1.0 0.78125 0.848341232227
0.743113772455 0.0 0.733333333333 0.5380859375 0.556872037915
0.721556886228 0.0 0.733333333333 0.716796875 0.677725118483
0.67005988024 0.666666666667 0.6 0.56640625 0.664691943128
0.618562874251 0.666666666667 0.566666666667 0.4033203125 0.437203791469
0.626946107784 0.333333333333 0.533333333333 0.2802734375 0.324644549763
0.325748502994 0.333333333333 0.266666666667 0.0966796875 0.0142180094787
0.451497005988 0.333333333333 0.4 0.1845703125 0.152843601896
0.289820359281 0.0 0.2 0.0966796875 0.0142180094787
0.463473053892 0.666666666667 0.5 0.5126953125 0.599526066351
0.664670658683 0.666666666667 0.666666666667 0.4736328125 0.671800947867
0.756886227545 0.666666666667 0.733333333333 0.6103515625 0.809241706161
0.656886227545 0.333333333333 0.566666666667 0.375 0.484597156398
0.493413173653 0.333333333333 0.433333333333 0.2685546875 0.364928909953
0.397604790419 0.0 0.3 0.1416015625 0.0675355450237
0.441916167665 0.666666666667 0.4 0.2705078125 0.25355450237
0.439520958084 0.333333333333 0.466666666667 0.4609375 0.524881516588
0.768862275449 0.666666666667 0.833333333333 0.810546875 0.795023696682
0.539520958084 0.333333333333 0.5 0.3662109375 0.444312796209
0.523353293413 0.666666666667 0.5 0.3447265625 0.406398104265
0.658682634731 0.666666666667 0.666666666667 0.5361328125 0.703791469194
0.873652694611 0.666666666667 0.933333333333 0.744140625 0.894549763033
0.900598802395 0.333333333333 0.966666666667 1.0 1.0
0.725149700599 0.333333333333 0.8 0.7294921875 0.809241706161
0.52994011976 0.0 0.5 0.4091796875 0.291469194313
0.249700598802 0.0 0.166666666667 0.0966796875 0.0142180094787
0.305988023952 0.0 0.266666666667 0.2353515625 0.167061611374
0.394011976048 0.333333333333 0.4 0.41796875 0.439573459716
0.475449101796 0.333333333333 0.433333333333 0.2275390625 0.291469194313
0.441317365269 0.333333333333 0.366666666667 0.130859375 0.119668246445
0.541317365269 0.333333333333 0.5 0.322265625 0.451421800948
0.809580838323 0.333333333333 0.866666666667 0.6689453125 0.795023696682
0.722155688623 0.333333333333 0.6 0.341796875 0.377962085308
0.656886227545 0.333333333333 0.566666666667 0.375 0.484597156398
0.335928143713 0.0 0.333333333333 0.33203125 0.338862559242
0.335928143713 0.0 0.333333333333 0.33203125 0.338862559242
0.467065868263 0.0 0.366666666667 0.24609375 0.219194312796
0.650898203593 0.333333333333 0.566666666667 0.41796875 0.56990521327
0.577245508982 0.666666666667 0.566666666667 0.451171875 0.637440758294
0.637125748503 0.666666666667 0.666666666667 0.58984375 0.79028436019
0.673053892216 0.333333333333 0.666666666667 0.6103515625 0.809241706161
0.589221556886 0.666666666667 0.6 0.5361328125 0.703791469194
0.79880239521 0.0 0.866666666667 0.86328125 0.847156398104
0.610179640719 0.0 0.666666666667 0.64453125 0.616113744076
