0.496655518395 0.0 0.692307692308 0.548714479026 0.591890124264
0.757525083612 0.0 0.820512820513 0.749661705007 0.773054283846
0.298076923077 0.0 0.384615384615 0.403924221922 0.438848920863
0.609113712375 0.0 0.74358974359 0.664411366712 0.741007194245
0.341137123746 0.333333333333 0.384615384615 0.275372124493 0.298888162198
0.382107023411 0.0 0.538461538462 0.404600811908 0.445389143231
0.680183946488 0.666666666667 0.74358974359 0.698917456022 0.745585349902
0.682692307692 0.0 0.794871794872 0.778755074425 0.776324395029
0.826086956522 0.0 0.871794871795 0.819350473613 0.827992151733
0.821070234114 0.0 0.871794871795 0.828822733424 0.848266841073
0.622491638796 0.0 0.769230769231 0.788227334235 0.70568999346
0.477842809365 0.0 0.589743589744 0.646143437077 0.567691301504
0.569397993311 0.0 0.589743589744 0.581190798376 0.51013734467
0.586956521739 0.0 0.589743589744 0.527063599459 0.563113145847
0.294314381271 0.0 0.410256410256 0.451285520974 0.325703073905
0.41889632107 0.0 0.589743589744 0.468200270636 0.468279921517
0.591973244147 0.0 0.717948717949 0.73951285521 0.694571615435
0.808110367893 1.0 0.74358974359 0.653585926928 0.638979725311
0.426839464883 0.0 0.564102564103 0.516238159675 0.55853499019
0.653846153846 0.0 0.641025641026 0.60351826793 0.689339437541
0.449414715719 0.0 0.589743589744 0.462787550744 0.487246566383
0.591973244147 0.0 0.717948717949 0.73951285521 0.694571615435
0.36245819398 0.0 0.384615384615 0.325439783491 0.333551340746
0.777591973244 0.0 0.820512820513 0.751691474966 0.764551994768
0.599080267559 0.333333333333 0.74358974359 0.661028416779 0.792674950948
0.642976588629 0.333333333333 0.769230769231 0.707036535859 0.825376062786
0.511287625418 0.0 0.589743589744 0.527740189445 0.473512099411
0.5627090301 0.0 0.589743589744 0.495940460081 0.5604970569
0.41889632107 0.0 0.589743589744 0.468200270636 0.468279921517
0.403010033445 0.0 0.487179487179 0.339648173207 0.360366252453
0.543060200669 0.0 0.615384615385 0.579837618403 0.544146500981
0.589464882943 0.0 0.692307692308 0.679296346414 0.662524525834
0.457357859532 0.0 0.487179487179 0.427604871448 0.399607586658
0.486622073579 0.0 0.512820512821 0.443843031123 0.46370176586
0.588628762542 0.0 0.641025641026 0.598105548038 0.55853499019
0.607023411371 0.0 0.641025641026 0.630581867388 0.604316546763
0.494147157191 0.0 0.666666666667 0.575101488498 0.575539568345
0.396321070234 0.0 0.538461538462 0.506089309878 0.573577501635
0.624581939799 0.0 0.717948717949 0.690121786198 0.684761281884
0.557274247492 0.0 0.641025641026 0.594046008119 0.597776324395
0.43143812709 0.333333333333 0.435897435897 0.302435723951 0.421844342708
0.872073578595 0.0 0.948717948718 0.800405953992 0.831262262917
0.584030100334 0.0 0.641025641026 0.645466847091 0.541530412034
0.269230769231 0.0 0.333333333333 0.304465493911 0.282537606279
0.332775919732 0.0 0.410256410256 0.399864682003 0.379332897319
0.748745819398 0.0 0.871794871795 0.848443843031 0.868541530412
0.769648829431 0.666666666667 0.769230769231 0.666441136671 0.684107259647
0.708193979933 0.666666666667 0.641025641026 0.592692828146 0.549378678875
0.557692307692 0.0 0.589743589744 0.508119079838 0.483322432963
0.591973244147 0.0 0.717948717949 0.73951285521 0.694571615435
0.854515050167 0.666666666667 1.0 1.0 1.0
0.384615384615 1.0 0.435897435897 0.386332882273 0.396337475474
0.421404682274 0.0 0.461538461538 0.423545331529 0.427730542838
0.523411371237 0.0 0.666666666667 0.641407307172 0.654022236756
0.306856187291 0.333333333333 0.410256410256 0.351826792963 0.418574231524
0.226170568562 0.0 0.307692307692 0.259810554804 0.251798561151
0.57525083612 0.0 0.538461538462 0.520297699594 0.501635055592
0.616638795987 0.0 0.589743589744 0.564276048714 0.656638325703
0.710284280936 0.333333333333 0.820512820513 0.828822733424 0.878351863963
0.884615384615 0.0 0.846153846154 0.769282814614 0.846304774362
0.699414715719 0.0 0.74358974359 0.738836265223 0.727926749509
0.516722408027 0.0 0.615384615385 0.62652232747 0.58665794637
0.884615384615 0.0 0.846153846154 0.769282814614 0.846304774362
0.584030100334 0.0 0.641025641026 0.645466847091 0.541530412034
0.350334448161 0.0 0.461538461538 0.404600811908 0.418574231524
0.403428093645 0.0 0.564102564103 0.510825439783 0.508829300196
0.58779264214 0.0 0.615384615385 0.573071718539 0.516677567037
0.655518394649 0.666666666667 0.589743589744 0.529769959405 0.492478744277
0.658026755853 0.0 0.641025641026 0.62652232747 0.615434924787
0.361204013378 0.0 0.384615384615 0.267253044655 0.273381294964
0.798076923077 0.0 0.846153846154 0.81799729364 0.7580117724
0.491220735786 1.0 0.512820512821 0.435723951286 0.304774362328
0.757943143813 0.0 0.769230769231 0.757104194858 0.699149771092
0.445652173913 0.0 0.538461538462 0.435723951286 0.456507521256
0.584030100334 0.0 0.641025641026 0.645466847091 0.541530412034
0.777591973244 0.0 0.820512820513 0.751691474966 0.764551994768
0.801421404682 0.0 0.794871794872 0.763870094723 0.742315238718
0.504598662207 0.0 0.641025641026 0.564276048714 0.611510791367
0.731605351171 0.0 0.74358974359 0.625169147497 0.664486592544
0.664297658863 0.666666666667 0.641025641026 0.57848443843 0.491824722041
0.672240802676 0.0 0.717948717949 0.577131258457 0.691955526488
0.36245819398 0.0 0.384615384615 0.325439783491 0.333551340746
0.371237458194 0.0 0.512820512821 0.509472259811 0.504251144539
0.497909698997 0.0 0.641025641026 0.608930987821 0.61085676913
0.778010033445 0.666666666667 0.846153846154 0.763870094723 0.886854153041
1.0 0.0 0.974358974359 0.880243572395 0.956180510137
0.857859531773 0.0 0.871794871795 0.825439783491 0.737737083061
0.478678929766 0.0 0.615384615385 0.593369418133 0.548070634402
0.465301003344 0.0 0.589743589744 0.55548037889 0.517985611511
0.380434782609 0.0 0.461538461538 0.423545331529 0.380640941792
0.733695652174 0.0 0.794871794872 0.713125845737 0.699149771092
0.623745819398 0.0 0.769230769231 0.776048714479 0.755395683453
0.565217391304 0.0 0.666666666667 0.525710419486 0.570961412688
0.57483277592 0.0 0.589743589744 0.573071718539 0.528449967299
0.770484949833 0.0 0.74358974359 0.689445196211 0.831262262917
0.536789297659 0.0 0.512820512821 0.466170500677 0.557880967953
0.474080267559 0.0 0.641025641026 0.497293640054 0.60889470242
0.808528428094 0.0 0.820512820513 0.74898511502 0.848266841073
0.527173913043 0.0 0.589743589744 0.503382949932 0.467625899281
0.664297658863 0.666666666667 0.641025641026 0.57848443843 0.491824722041
