0.12449945395 0.0 0.163265306122 0.123529411765 0.107684529828
0.891882053149 1.0 0.857142857143 0.805347593583 0.798786653185
1.0 0.0 1.0 0.985026737968 1.0
0.133600291227 0.0 0.183673469388 0.0716577540107 0.0910010111223
0.975245722606 0.0 0.979591836735 1.0 0.97219413549
0.126319621405 1.0 0.163265306122 0.0882352941176 0.115267947422
0.953039679651 0.0 0.938775510204 0.881818181818 0.888776541962
0.946487076811 0.0 0.959183673469 0.957219251337 0.840748230536
0.916636330542 0.0 0.918367346939 0.946524064171 0.930738119312
0.931925737168 0.0 0.897959183673 0.857219251337 0.873104145602
0.967601019294 0.0 0.918367346939 0.882887700535 0.896865520728
0.836548962505 1.0 0.836734693878 0.791443850267 0.835692618807
0.261012013105 0.0 0.244897959184 0.138502673797 0.165824064712
0.788496541682 0.0 0.836734693878 0.722994652406 0.723963599596
0.923188933382 0.0 0.897959183673 0.913368983957 0.916076845298
0.87550054605 1.0 0.816326530612 0.770053475936 0.905460060667
0.876228613032 0.0 0.897959183673 0.835294117647 0.825581395349
0.19876228613 0.0 0.285714285714 0.246524064171 0.248736097068
0.68693119767 1.0 0.714285714286 0.58128342246 0.646612740142
0.235893702221 0.0 0.265306122449 0.214438502674 0.225985844287
0.590826356025 0.0 0.714285714286 0.73743315508 0.657229524772
0.444848926101 0.0 0.551020408163 0.557754010695 0.511627906977
0.433199854387 0.0 0.448979591837 0.371122994652 0.368048533873
0.16818347288 0.0 0.224489795918 0.188235294118 0.187563195147
0.88896978522 1.0 0.795918367347 0.7 0.702730030334
0.763742264288 1.0 0.775510204082 0.679679144385 0.670879676441
0.675646159447 1.0 0.612244897959 0.488235294118 0.56976744186
0.404805242082 0.0 0.530612244898 0.532085561497 0.536400404449
0.855842737532 0.0 0.795918367347 0.745989304813 0.814459049545
0.147069530397 0.0 0.204081632653 0.121390374332 0.117290192113
0.18856934838 1.0 0.204081632653 0.0930481283422 0.124368048534
0.641427011285 0.0 0.755102040816 0.744919786096 0.741152679474
0.899890789953 0.0 0.877551020408 0.805882352941 0.841253791709
0.209683290863 0.0 0.265306122449 0.178609625668 0.213852376138
0.286494357481 0.0 0.367346938776 0.3 0.318503538928
0.274845285766 1.0 0.30612244898 0.260427807487 0.299292214358
0.599927193302 0.0 0.734693877551 0.724064171123 0.753286147624
0.792136876593 1.0 0.734693877551 0.649732620321 0.689585439838
0.322533673098 0.0 0.428571428571 0.386631016043 0.388776541962
0.64652348016 0.0 0.775510204082 0.798930481283 0.812436804853
0.28613032399 1.0 0.285714285714 0.12513368984 0.193124368049
0.748088824172 0.0 0.816326530612 0.800534759358 0.75783619818
0.822351656352 0.0 0.877551020408 0.824598930481 0.925176946411
0.529668729523 1.0 0.489795918367 0.361497326203 0.477755308392
0.178012377139 0.0 0.244897959184 0.235828877005 0.155207280081
0.283218056061 0.0 0.408163265306 0.402139037433 0.305864509606
0.488532945031 1.0 0.387755102041 0.252941176471 0.28564206269
0.473971605388 0.0 0.612244897959 0.640106951872 0.545500505561
0.163815070987 1.0 0.183673469388 0.108021390374 0.150151668352
0.21550782672 0.0 0.30612244898 0.305347593583 0.226996966633
0.189297415362 0.0 0.265306122449 0.205347593583 0.190596562184
0.734983618493 1.0 0.69387755102 0.592513368984 0.687563195147
0.921368765926 0.0 0.897959183673 0.934759358289 0.845803842265
0.57590098289 0.0 0.673469387755 0.651336898396 0.634479271992
0.611212231525 1.0 0.591836734694 0.457219251337 0.563700707786
0.214051692756 1.0 0.224489795918 0.183422459893 0.233063700708
0.704040771751 0.0 0.795918367347 0.716577540107 0.813447927199
0.35020021842 0.0 0.469387755102 0.408021390374 0.414054600607
0.46814706953 0.0 0.530612244898 0.470053475936 0.50353892821
0.17837641063 0.0 0.224489795918 0.160962566845 0.178968655207
0.544594102657 0.0 0.65306122449 0.669518716578 0.624368048534
0.828540225701 0.0 0.816326530612 0.818181818182 0.770475227503
0.520203858755 0.0 0.510204081633 0.511229946524 0.523761375126
0.623225336731 0.0 0.673469387755 0.659893048128 0.682507583418
0.811066618129 0.0 0.836734693878 0.850267379679 0.798281092012
0.379686931198 1.0 0.408163265306 0.322994652406 0.351365015167
0.459046232253 0.0 0.591836734694 0.613903743316 0.624873609707
0.501274117219 0.0 0.632653061224 0.640106951872 0.58543983822
0.455041863851 0.0 0.571428571429 0.590374331551 0.498988877654
0.36366945759 1.0 0.34693877551 0.273796791444 0.274519716886
0.81470695304 0.0 0.857142857143 0.828877005348 0.778564206269
0.559519475792 1.0 0.571428571429 0.417647058824 0.460566228514
0.582817619221 0.0 0.69387755102 0.697326203209 0.694135490394
0.334546778304 0.0 0.448979591837 0.422459893048 0.439838220425
0.693847834001 0.0 0.755102040816 0.696256684492 0.783114256825
0.406989443029 0.0 0.510204081633 0.463101604278 0.447927199191
0.382235165635 0.0 0.489795918367 0.452406417112 0.443882709808
0.773207135056 1.0 0.734693877551 0.655614973262 0.676440849343
0.566436112122 0.0 0.551020408163 0.499465240642 0.471183013145
0.430287586458 0.0 0.510204081633 0.439572192513 0.514155712841
0.346559883509 1.0 0.367346938776 0.347058823529 0.408998988878
0.721150345832 0.0 0.775510204082 0.693048128342 0.791708796764
0.865671641791 0.0 0.836734693878 0.775935828877 0.778564206269
0.504186385147 1.0 0.469387755102 0.36256684492 0.432254802831
0.242810338551 0.0 0.326530612245 0.293048128342 0.275025278059
0.295959228249 1.0 0.326530612245 0.227807486631 0.259858442872
0.485984710593 1.0 0.510204081633 0.372727272727 0.394337714863
0.385511467055 0.0 0.387755102041 0.319786096257 0.333670374115
0.661448853295 0.0 0.571428571429 0.447058823529 0.519716885743
0.536585365854 0.0 0.632653061224 0.626203208556 0.579878665319
0.699672369858 1.0 0.673469387755 0.539572192513 0.667340748231
0.160174736076 0.0 0.204081632653 0.151336898396 0.158746208291
0.140516927557 0.0 0.183673469388 0.108021390374 0.140546006067
0.645067346196 1.0 0.65306122449 0.58449197861 0.666329625885
0.600655260284 1.0 0.551020408163 0.388235294118 0.484833164813
0.246450673462 0.0 0.34693877551 0.268449197861 0.262891809909
0.317801237714 1.0 0.326530612245 0.224598930481 0.264914054601
0.414634146341 0.0 0.428571428571 0.389304812834 0.428210313448
0.917364397525 0.0 0.836734693878 0.775401069519 0.860465116279
0.708773207135 0.0 0.69387755102 0.593048128342 0.613751263903
