0.734682713348 0.0 0.833333333333 0.6875 0.803424657534
0.81181619256 0.0 0.888888888889 0.912808641975 0.980821917808
0.676695842451 0.0 0.75 0.675154320988 0.781506849315
0.738512035011 0.0 0.75 0.632716049383 0.770547945205
0.839715536105 0.0 0.861111111111 0.755401234568 0.847945205479
0.614332603939 0.0 0.638888888889 0.529320987654 0.670547945205
0.736323851204 0.0 0.805555555556 0.748456790123 0.805479452055
0.775711159737 0.0 0.888888888889 0.854166666667 0.848630136986
0.457877461707 0.0 0.555555555556 0.463734567901 0.558904109589
0.931619256018 0.0 0.972222222222 0.975308641975 1.0
0.539387308534 0.0 0.638888888889 0.564814814815 0.631506849315
0.869256017505 0.0 0.861111111111 0.797839506173 0.892465753425
0.632932166302 0.0 0.694444444444 0.66512345679 0.742465753425
0.912472647702 0.0 0.944444444444 0.888888888889 0.927397260274
1.0 0.0 0.972222222222 0.890432098765 0.969863013699
0.76750547046 0.0 0.833333333333 0.800154320988 0.834931506849
0.861050328228 0.0 0.888888888889 0.864969135802 0.914383561644
0.694748358862 0.0 0.805555555556 0.810185185185 0.808904109589
0.612691466083 0.0 0.666666666667 0.670524691358 0.749315068493
0.569474835886 0.0 0.638888888889 0.50462962963 0.586301369863
0.668490153173 0.0 0.694444444444 0.588734567901 0.688356164384
0.636214442013 0.0 0.722222222222 0.682098765432 0.721232876712
0.707330415755 0.0 0.777777777778 0.783179012346 0.817123287671
0.676695842451 0.0 0.722222222222 0.614969135802 0.689726027397
0.751641137856 0.0 0.777777777778 0.622685185185 0.700684931507
0.722100656455 0.0 0.805555555556 0.83024691358 0.841780821918
0.800328227571 0.0 0.75 0.59799382716 0.742465753425
0.728118161926 0.0 0.805555555556 0.806327160494 0.822602739726
0.794310722101 0.0 0.861111111111 0.920524691358 0.92602739726
0.85010940919 0.0 0.888888888889 0.863425925926 0.889726027397
0.801969365427 0.0 0.861111111111 0.83487654321 0.852054794521
0.53829321663 0.0 0.666666666667 0.600308641975 0.613698630137
0.955142231947 0.0 1.0 0.961419753086 0.951369863014
0.878008752735 0.0 0.944444444444 0.941358024691 0.925342465753
0.805251641138 0.0 0.888888888889 0.891975308642 0.871232876712
0.837527352298 0.0 0.861111111111 0.894290123457 0.925342465753
0.794310722101 0.0 0.833333333333 0.855709876543 0.882191780822
0.765864332604 0.0 0.75 0.712962962963 0.806164383562
0.596280087527 0.0 0.666666666667 0.536265432099 0.58904109589
0.928336980306 0.0 0.972222222222 1.0 0.984246575342
0.64715536105 0.0 0.75 0.834104938272 0.822602739726
0.489059080963 0.0 0.638888888889 0.638117283951 0.623287671233
0.601203501094 0.0 0.666666666667 0.693672839506 0.735616438356
0.603938730853 0.0 0.666666666667 0.663580246914 0.709589041096
0.562363238512 0.0 0.638888888889 0.601080246914 0.645205479452
0.810722100656 0.0 0.888888888889 0.819444444444 0.800684931507
0.510940919037 0.0 0.583333333333 0.479166666667 0.543835616438
0.755470459519 0.0 0.805555555556 0.764660493827 0.784246575342
0.742341356674 0.0 0.805555555556 0.786265432099 0.793150684932
0.63238512035 0.0 0.666666666667 0.571759259259 0.642465753425
0.475382932166 0.0 0.583333333333 0.59799382716 0.622602739726
0.760940919037 0.0 0.805555555556 0.743827160494 0.767808219178
0.699124726477 0.0 0.75 0.668209876543 0.702739726027
0.597374179431 0.0 0.638888888889 0.552469135802 0.622602739726
0.740700218818 0.0 0.805555555556 0.837191358025 0.83698630137
0.697483588621 0.0 0.805555555556 0.800925925926 0.767808219178
0.43818380744 0.0 0.527777777778 0.50462962963 0.557534246575
0.784463894967 0.0 0.833333333333 0.763117283951 0.77397260274
0.671225382932 0.0 0.722222222222 0.686728395062 0.721232876712
0.770787746171 0.0 0.777777777778 0.64274691358 0.705479452055
0.63238512035 0.0 0.722222222222 0.692901234568 0.695890410959
0.649343544858 0.0 0.722222222222 0.641203703704 0.660273972603
0.74124726477 0.0 0.805555555556 0.841820987654 0.83698630137
0.456783369803 0.0 0.555555555556 0.552469135802 0.586301369863
0.715536105033 0.0 0.805555555556 0.833333333333 0.808219178082
0.82056892779 0.0 0.861111111111 0.827160493827 0.831506849315
0.486870897155 0.0 0.555555555556 0.610339506173 0.662328767123
0.566192560175 0.0 0.611111111111 0.611882716049 0.671232876712
0.528446389497 0.0 0.583333333333 0.545524691358 0.606849315068
0.615973741794 0.0 0.638888888889 0.52237654321 0.600684931507
0.618161925602 0.0 0.722222222222 0.65200617284 0.640410958904
0.527899343545 0.0 0.638888888889 0.699845679012 0.693835616438
0.734682713348 0.0 0.805555555556 0.930555555556 0.908904109589
0.633479212254 0.0 0.75 0.688271604938 0.658219178082
0.713347921225 0.0 0.777777777778 0.735339506173 0.737671232877
0.739059080963 0.0 0.861111111111 0.948302469136 0.87397260274
0.851750547046 0.0 0.805555555556 0.74537037037 0.829452054795
0.584792122538 0.0 0.638888888889 0.614969135802 0.658904109589
0.760393873085 0.0 0.833333333333 0.883487654321 0.857534246575
0.402625820569 0.0 0.472222222222 0.364197530864 0.443835616438
0.648796498906 0.0 0.666666666667 0.566358024691 0.636301369863
0.615973741794 0.0 0.638888888889 0.524691358025 0.597945205479
0.660831509847 0.0 0.694444444444 0.601080246914 0.65
0.487964989059 0.0 0.611111111111 0.637345679012 0.626712328767
0.777899343545 0.0 0.75 0.692901234568 0.771917808219
0.507111597374 0.0 0.583333333333 0.520833333333 0.559589041096
0.746717724289 0.0 0.805555555556 0.801697530864 0.793150684932
0.553610503282 0.0 0.583333333333 0.54012345679 0.613698630137
0.670131291028 0.0 0.666666666667 0.621141975309 0.7
0.489606126915 0.0 0.555555555556 0.523148148148 0.573287671233
0.601203501094 0.0 0.666666666667 0.672839506173 0.691780821918
0.589715536105 0.0 0.611111111111 0.572530864198 0.643150684932
0.711159737418 0.0 0.777777777778 0.737654320988 0.730136986301
0.727571115974 0.0 0.722222222222 0.673611111111 0.737671232877
0.544857768053 0.0 0.611111111111 0.591049382716 0.62397260274
0.67943107221 0.0 0.722222222222 0.703703703704 0.724657534247
0.651531728665 0.0 0.722222222222 0.652777777778 0.654794520548
0.582603938731 0.0 0.694444444444 0.702932098765 0.671917808219
0.416301969365 0.0 0.472222222222 0.433641975309 0.506164383562
0.535557986871 0.0 0.611111111111 0.584104938272 0.604794520548
