0.391270153362 0.0 0.520833333333 0.507804370447 0.497078870497
0.47463625639 0.0 0.625 0.689906347555 0.629503407984
0.811246559182 0.0 0.791666666667 0.719042663892 0.629016553067
0.89933149823 0.0 0.833333333333 0.771592091571 0.727848101266
0.338183248132 0.0 0.395833333333 0.360041623309 0.277994157741
0.6307510814 0.0 0.5625 0.491155046826 0.460077896787
0.611089264648 0.0 0.708333333333 0.732049947971 0.652385589094
0.611089264648 0.0 0.708333333333 0.732049947971 0.652385589094
0.648839952812 0.5 0.5 0.319979188345 0.357838364167
0.486433346441 0.5 0.375 0.235691987513 0.259980525803
0.31930790405 0.0 0.4375 0.490634755463 0.405063291139
0.31930790405 0.0 0.4375 0.490634755463 0.405063291139
0.404246952418 0.5 0.479166666667 0.39646201873 0.466407010711
0.448289421943 0.5 0.520833333333 0.44901144641 0.530185004869
0.186394022808 0.5 0.25 0.195109261186 0.129016553067
0.63546991742 0.0 0.5625 0.511966701353 0.507302823759
0.650019661817 0.0 0.645833333333 0.580124869927 0.625121713729
0.517499016909 0.0 0.583333333333 0.590010405827 0.599805258033
0.436099095556 0.5 0.5 0.457856399584 0.416260954236
0.642548171451 0.5 0.625 0.541623309053 0.474683544304
0.538733779001 0.0 0.6875 0.720083246618 0.689386562804
0.500589854503 0.0 0.666666666667 0.712799167534 0.649951314508
0.657491152182 0.5 0.583333333333 0.472944849116 0.516553067186
0.610302791978 0.5 0.5 0.382414151925 0.395813047712
0.351160047188 0.0 0.375 0.265348595213 0.264849074976
0.756193472277 0.0 0.6875 0.51144640999 0.583739045764
0.251278018089 0.5 0.25 0.12174817898 0.0866601752678
0.251278018089 0.5 0.25 0.12174817898 0.0866601752678
0.699567440031 0.0 0.666666666667 0.578043704475 0.609542356378
0.955957530476 0.0 0.9375 0.895421436004 0.798442064265
0.270546598506 0.0 0.354166666667 0.378772112383 0.352969814995
0.272906016516 0.0 0.354166666667 0.387617065557 0.35735150925
0.4691309477 0.5 0.5625 0.489073881374 0.462025316456
0.645694062131 0.5 0.645833333333 0.536420395421 0.447419668939
0.517499016909 0.5 0.4375 0.344953173777 0.32570593963
0.358631537554 0.5 0.416666666667 0.392299687825 0.317916260954
0.623279591034 0.5 0.625 0.55098855359 0.526777020448
0.442784113252 0.5 0.5625 0.465660770031 0.49123661149
0.655524970507 1.0 0.5625 0.436004162331 0.475170399221
0.454581203303 0.5 0.5 0.314776274714 0.332521908471
0.346441211168 0.5 0.458333333333 0.436004162331 0.393865628043
0.327565867086 0.5 0.4375 0.420395421436 0.382181110029
0.204876130554 0.5 0.270833333333 0.239854318418 0.173807205453
0.135273299253 0.5 0.166666666667 0.106139438085 0.0920155793574
0.251671254424 0.5 0.270833333333 0.201352757544 0.186465433301
0.649626425482 0.5 0.666666666667 0.622268470343 0.51752677702
0.466378293354 0.5 0.541666666667 0.4703433923 0.445959104187
0.487219819111 0.5 0.583333333333 0.514568158169 0.508276533593
0.174990169092 0.5 0.208333333333 0.132154006243 0.116845180136
0.294140778608 0.5 0.375 0.302289281998 0.312074001947
0.812033031852 0.0 0.875 0.91935483871 0.888510223953
0.812033031852 0.0 0.875 0.91935483871 0.888510223953
0.612268973653 0.5 0.6875 0.624349635796 0.646543330088
0.484467164766 0.5 0.604166666667 0.54110301769 0.570107108082
0.541486433346 0.0 0.520833333333 0.510405827263 0.452775073028
0.653165552497 0.5 0.604166666667 0.522892819979 0.397760467381
0.798269760126 0.0 0.770833333333 0.663891779396 0.710808179163
1.0 0.0 1.0 1.0 1.0
0.763664962643 0.0 0.625 0.4604578564 0.496105160662
0.466771529689 0.0 0.458333333333 0.312174817898 0.30282375852
0.777821470704 0.5 0.708333333333 0.616024973985 0.611976630964
0.742430200551 0.5 0.6875 0.540582726327 0.658714703019
0.442784113252 0.5 0.5625 0.527055150884 0.543816942551
0.333071175777 0.5 0.4375 0.349635796046 0.407984420643
0.31930790405 0.5 0.375 0.219042663892 0.263388510224
0.31930790405 0.5 0.375 0.219042663892 0.263388510224
0.37003539127 0.5 0.479166666667 0.426118626431 0.378286270691
0.484860401101 0.5 0.5625 0.489073881374 0.456669912366
0.262681871805 0.5 0.3125 0.295525494277 0.241966893866
0.327565867086 0.5 0.4375 0.420395421436 0.382181110029
0.3153755407 0.5 0.395833333333 0.26638917794 0.293573515093
0.294927251278 0.5 0.291666666667 0.137877211238 0.106621226874
0.58238301219 0.5 0.645833333333 0.61342351717 0.570107108082
0.430200550531 0.5 0.541666666667 0.522892819979 0.463485881207
0.406213134094 0.5 0.541666666667 0.505202913632 0.519474196689
0.714117184428 0.5 0.6875 0.520811654527 0.651898734177
0.742430200551 0.0 0.75 0.659729448491 0.726874391431
0.744789618561 0.0 0.75 0.680020811655 0.747809152872
0.924105387338 0.0 0.9375 0.993756503642 0.982960077897
0.631930790405 0.0 0.604166666667 0.595733610822 0.556962025316
