0.502111932418 0.0 0.621621621622 0.527441197434 0.650233177881
0.556494192186 0.0 0.648648648649 0.496792587313 0.646235842771
0.531983285117 0.0 0.716981132075 0.694353709753 0.716930022573
0.393764063002 0.0 0.509433962264 0.398506766216 0.481264108352
0.735480464625 0.0 0.783783783784 0.526015680684 0.676215856096
0.576020572163 0.0 0.698113207547 0.632757816146 0.707449209932
0.580199292832 0.0 0.698113207547 0.585160989267 0.662753950339
0.555338287055 0.0 0.659090909091 0.564102564103 0.651402404121
0.508017207665 0.0 0.568181818182 0.509401709402 0.635374928449
0.508017207665 0.0 0.568181818182 0.509401709402 0.635374928449
0.685177942902 0.0 0.75 0.607407407407 0.728105323412
0.685177942902 0.0 0.75 0.607407407407 0.728105323412
0.695592286501 0.0 0.741935483871 0.556297709924 0.695406360424
0.455159112825 0.0 0.641509433962 0.628558096127 0.627088036117
0.553773953852 0.0 0.659090909091 0.651282051282 0.72581568403
0.682095789135 0.0 0.77358490566 0.696686887541 0.784650112867
0.253421978882 0.0 0.363636363636 0.254700854701 0.323411562679
0.852137576342 0.0 0.905660377358 0.811479234718 0.93453724605
0.545483767277 0.0 0.735849056604 0.758749416706 0.744018058691
0.80015643332 0.0 0.863636363636 0.749287749288 0.861476817401
0.800938599922 0.0 0.840909090909 0.724216524217 0.859759587865
0.626486660238 0.0 0.698113207547 0.559962669155 0.663656884876
0.391083300743 0.0 0.522727272727 0.414245014245 0.456783056669
0.865364308342 0.0 0.891891891892 0.762651461155 0.910059960027
0.608164577306 0.0 0.679245283019 0.568362109193 0.668623024831
0.387978142077 0.0 0.566037735849 0.555762949137 0.548984198646
0.490838958534 0.0 0.679245283019 0.717218852077 0.699322799097
0.693989071038 0.0 0.830188679245 0.782081194587 0.814898419865
0.599173553719 0.0 0.645161290323 0.480916030534 0.603533568905
0.344935471255 0.0 0.477272727273 0.466096866097 0.502003434459
0.385406621665 0.0 0.509433962264 0.420905272982 0.464108352144
0.592975206612 0.0 0.645161290323 0.486641221374 0.600706713781
0.232401157184 0.0 0.320754716981 0.225384974335 0.302483069977
0.62258953168 0.0 0.677419354839 0.479961832061 0.589399293286
0.609698865858 0.0 0.727272727273 0.638176638177 0.684602175157
0.702667952427 0.0 0.849056603774 0.779748016799 0.79683972912
0.634337113805 0.0 0.727272727273 0.62735042735 0.697767601603
0.634337113805 0.0 0.727272727273 0.62735042735 0.697767601603
0.613950498232 0.0 0.660377358491 0.534297713486 0.649661399549
0.848259679312 0.0 0.886363636364 0.760113960114 0.882655981683
0.5 0.0 0.567567567568 0.47612259444 0.56762158561
0.615174032069 0.0 0.659090909091 0.57264957265 0.687464224385
0.687327823691 0.0 0.741935483871 0.585877862595 0.689045936396
0.559640203363 0.0 0.613636363636 0.466666666667 0.568402976531
0.353905496625 0.0 0.528301886792 0.52356509566 0.504288939052
0.368691738991 0.0 0.547169811321 0.547830144657 0.523702031603
0.567070786077 0.0 0.636363636364 0.547008547009 0.631940469376
0.279652844744 0.0 0.433962264151 0.377508166122 0.374717832957
0.632231404959 0.0 0.709677419355 0.553435114504 0.627561837456
0.324654451945 0.0 0.490566037736 0.531031264582 0.516478555305
0.615557698489 0.0 0.716981132075 0.629024731685 0.67855530474
0.364098552992 0.0 0.454545454545 0.390883190883 0.451058958214
0.330856472429 0.0 0.431818181818 0.344729344729 0.394390383515
0.330856472429 0.0 0.431818181818 0.344729344729 0.394390383515
0.716253443526 0.0 0.741935483871 0.608778625954 0.732155477032
0.577134986226 0.0 0.645161290323 0.5 0.580918727915
0.858244937319 0.0 0.943396226415 0.869808679421 0.932279909707
0.583333333333 0.0 0.612903225806 0.507633587786 0.624734982332
0.571763785686 0.0 0.636363636364 0.564102564103 0.645678305667
0.800707168113 0.0 0.830188679245 0.742883807746 0.858690744921
0.639987142398 0.0 0.679245283019 0.565562295847 0.671331828442
0.891674702668 0.0 0.943396226415 0.852076528231 0.945372460497
0.31018964963 0.0 0.452830188679 0.433971068595 0.435665914221
0.269045323047 0.0 0.396226415094 0.335510965936 0.352144469526
0.664416586307 0.0 0.754716981132 0.636490900607 0.689841986456
0.444561774023 0.0 0.540540540541 0.419101924448 0.466355762825
0.877531340405 0.0 0.943396226415 0.87400839944 0.951241534989
0.734848484848 0.0 0.774193548387 0.576335877863 0.679858657244
0.511536957372 0.0 0.613636363636 0.535042735043 0.575271894677
0.307296689167 0.0 0.471698113208 0.422305179655 0.399097065463
0.725895316804 0.0 0.806451612903 0.69465648855 0.753356890459
0.560031286664 0.0 0.681818181818 0.659259259259 0.676588437321
0.442301510768 0.0 0.622641509434 0.615958936071 0.574717832957
0.663668361361 0.0 0.704545454545 0.617094017094 0.714367487121
0.613636363636 0.0 0.677419354839 0.56393129771 0.63816254417
0.506910961106 0.0 0.698113207547 0.733084461036 0.678103837472
0.641184573003 0.0 0.709677419355 0.564885496183 0.631802120141
0.729338842975 0.0 0.774193548387 0.583015267176 0.673498233216
0.443488463043 0.0 0.568181818182 0.549287749288 0.559244419004
0.545561204537 0.0 0.636363636364 0.548717948718 0.59244419004
0.738669238187 0.0 0.867924528302 0.840877274848 0.8460496614
0.447201689546 0.0 0.540540540541 0.48039914469 0.520319786809
0.256509161041 0.0 0.396226415094 0.299113392441 0.292550790068
0.651515151515 0.0 0.677419354839 0.541030534351 0.646643109541
0.75826446281 0.0 0.774193548387 0.644083969466 0.759010600707
0.294117647059 0.0 0.452830188679 0.436770881941 0.408126410835
0.65564738292 0.0 0.709677419355 0.55820610687 0.633922261484
0.665977961433 0.0 0.741935483871 0.626908396947 0.680565371025
0.880328509973 0.0 0.909090909091 0.837606837607 0.937607326846
0.63085399449 0.0 0.677419354839 0.615458015267 0.697526501767
0.56863511928 0.0 0.659090909091 0.649572649573 0.687464224385
0.717630853994 0.0 0.774193548387 0.708969465649 0.780212014134
0.579201101928 0.0 0.645161290323 0.606870229008 0.668551236749
0.514665623778 0.0 0.636363636364 0.521367521368 0.527189467659
0.514665623778 0.0 0.636363636364 0.521367521368 0.527189467659
0.631951141112 0.0 0.792452830189 0.810545963602 0.7769751693
0.29487680876 0.0 0.409090909091 0.352136752137 0.364052661706
0.4736018772 0.0 0.613636363636 0.635327635328 0.621064682313
0.432658309225 0.0 0.603773584906 0.601493233784 0.555756207675
0.670798898072 0.0 0.709677419355 0.550572519084 0.636749116608
0.574091931855 0.0 0.754716981132 0.779281381241 0.723250564334
0.66280938605 0.0 0.811320754717 0.82874475035 0.804063205418
0.731404958678 0.0 0.774193548387 0.701335877863 0.781625441696
0.889746062359 0.0 0.924528301887 0.800746616892 0.888939051919
0.853220696938 0.0 0.945945945946 0.970064148254 1.0
0.738365271803 0.0 0.795454545455 0.703703703704 0.768746422438
0.589753617521 0.0 0.636363636364 0.610826210826 0.686319404694
0.66391184573 0.0 0.709677419355 0.562022900763 0.637455830389
0.754820936639 0.0 0.806451612903 0.721374045802 0.790812720848
0.756348441016 0.0 0.811320754717 0.703219785348 0.769300225734
0.643250688705 0.0 0.709677419355 0.641221374046 0.695406360424
0.81129476584 0.0 0.838709677419 0.774809160305 0.867844522968
0.669421487603 0.0 0.741935483871 0.631679389313 0.679151943463
0.63085399449 0.0 0.709677419355 0.611641221374 0.652296819788
0.264866602379 0.0 0.415094339623 0.392907139524 0.362076749436
0.746186937818 0.0 0.772727272727 0.659829059829 0.752718946766
0.821922211508 0.0 0.905660377358 0.904339710686 0.939954853273
0.693526170799 0.0 0.741935483871 0.580152671756 0.650883392226
0.336547733848 0.0 0.509433962264 0.508632757816 0.454627539503
0.379620700739 0.0 0.490566037736 0.414839010733 0.422573363431
0.24043715847 0.0 0.377358490566 0.343910405973 0.325507900677
0.741046831956 0.0 0.774193548387 0.666984732824 0.751236749117
0.717630853994 0.0 0.709677419355 0.580152671756 0.705300353357
0.748622589532 0.0 0.774193548387 0.582061068702 0.673498233216
0.705922865014 0.0 0.774193548387 0.665076335878 0.713780918728
0.921392256551 0.0 0.977272727273 0.933333333333 0.994275901546
0.736018771998 0.0 0.75 0.639316239316 0.741843159702
0.948569591771 0.0 0.962264150943 0.898273448437 1.0
0.661321861557 0.0 0.75 0.704273504274 0.729822552948
0.717630853994 0.0 0.741935483871 0.647900763359 0.737809187279
0.699724517906 0.0 0.774193548387 0.609732824427 0.649469964664
0.710055096419 0.0 0.741935483871 0.628816793893 0.710954063604
0.330856472429 0.0 0.409090909091 0.384615384615 0.42014882656
0.721763085399 0.0 0.774193548387 0.657442748092 0.718727915194
0.682506887052 0.0 0.709677419355 0.658396946565 0.744876325088
0.652892561983 0.0 0.677419354839 0.644083969466 0.732155477032
0.772727272727 0.0 0.806451612903 0.723282442748 0.802120141343
0.696280991736 0.0 0.741935483871 0.69179389313 0.758303886926
0.783746556474 0.0 0.838709677419 0.771946564885 0.828268551237
0.710055096419 0.0 0.774193548387 0.701335877863 0.748409893993
0.579585451701 0.0 0.659090909091 0.528774928775 0.560389238695
0.636747624076 0.0 0.810810810811 0.841054882395 0.777481678881
0.477981356477 0.0 0.660377358491 0.680354643024 0.608126410835
0.70041322314 0.0 0.741935483871 0.665076335878 0.732862190813
0.703168044077 0.0 0.709677419355 0.642175572519 0.744876325088
0.813886210222 0.0 0.905660377358 0.881474568362 0.898871331828
0.703168044077 0.0 0.709677419355 0.567748091603 0.669964664311
0.500977708252 0.0 0.590909090909 0.469515669516 0.488265598168
0.764462809917 0.0 0.806451612903 0.738549618321 0.804946996466
0.705922865014 0.0 0.741935483871 0.604007633588 0.676325088339
0.486338797814 0.0 0.622641509434 0.587494167056 0.559367945824
0.743801652893 0.0 0.806451612903 0.729007633588 0.774558303887
0.720990035358 0.0 0.792452830189 0.720018665422 0.756659142212
0.699035812672 0.0 0.774193548387 0.751908396947 0.78445229682
0.259723561556 0.0 0.377358490566 0.319645356976 0.309706546275
0.703856749311 0.0 0.741935483871 0.610687022901 0.679858657244
0.70867768595 0.0 0.741935483871 0.68034351145 0.75406360424
0.549863120845 0.0 0.636363636364 0.586324786325 0.606754436176
0.216007714561 0.0 0.320754716981 0.262715818945 0.264559819413
0.699724517906 0.0 0.741935483871 0.656488549618 0.720848056537
0.410800385728 0.0 0.584905660377 0.590293980401 0.522347629797
0.823230348064 0.0 0.818181818182 0.693447293447 0.804808242702
0.693526170799 0.0 0.741935483871 0.644083969466 0.701766784452
0.684573002755 0.0 0.774193548387 0.737595419847 0.75406360424
0.646694214876 0.0 0.709677419355 0.692748091603 0.735689045936
0.317168556903 0.0 0.431818181818 0.380056980057 0.370921579851
0.317950723504 0.0 0.386363636364 0.329344729345 0.366342301088
0.257655755016 0.0 0.324324324324 0.254454739843 0.293137908061
0.257655755016 0.0 0.324324324324 0.254454739843 0.293137908061
0.676308539945 0.0 0.709677419355 0.638358778626 0.710247349823
0.723140495868 0.0 0.741935483871 0.590648854962 0.67703180212
0.475557293704 0.0 0.545454545455 0.48433048433 0.518603319977
0.214400514304 0.0 0.339622641509 0.292113859076 0.270880361174
0.745179063361 0.0 0.838709677419 0.733778625954 0.744169611307
0.756887052342 0.0 0.838709677419 0.718511450382 0.739929328622
0.69696969697 0.0 0.741935483871 0.637404580153 0.695406360424
0.611378977821 0.0 0.77358490566 0.795613625758 0.736343115124
0.77479338843 0.0 0.838709677419 0.795801526718 0.834628975265
0.659978880676 0.0 0.783783783784 0.772630078403 0.751499000666
0.828029572485 0.0 0.867924528302 0.756416238917 0.818961625282
0.759641873278 0.0 0.774193548387 0.650763358779 0.73851590106
0.628470864294 0.0 0.727272727273 0.634757834758 0.638236977676
0.706611570248 0.0 0.774193548387 0.662213740458 0.696819787986
0.716253443526 0.0 0.741935483871 0.645992366412 0.722261484099
0.757127771911 0.0 0.864864864865 0.904490377762 0.898734177215
0.724517906336 0.0 0.741935483871 0.612595419847 0.696819787986
0.652892561983 0.0 0.709677419355 0.693702290076 0.73851590106
0.834022038567 0.0 0.806451612903 0.654580152672 0.783745583039
0.687327823691 0.0 0.774193548387 0.668893129771 0.683392226148
0.841208614593 0.0 0.867924528302 0.810079328045 0.884424379233
0.940855030537 0.0 0.981132075472 0.910872608493 0.971557562077
0.397731716856 0.0 0.477272727273 0.402849002849 0.424155695478
0.703168044077 0.0 0.741935483871 0.693702290076 0.755477031802
0.736914600551 0.0 0.806451612903 0.666984732824 0.697526501767
0.836387013822 0.0 0.905660377358 0.862809146057 0.893453724605
0.480641376613 0.0 0.568181818182 0.532193732194 0.544361763022
0.771349862259 0.0 0.806451612903 0.740458015267 0.804946996466
0.747245179063 0.0 0.774193548387 0.673664122137 0.74628975265
0.879781420765 0.0 0.905660377358 0.801679888007 0.874492099323
0.692837465565 0.0 0.709677419355 0.642175572519 0.723674911661
