0.527472527473 0.0 0.5 0.292045454545 0.150066401062
0.639423076923 0.0 0.576923076923 0.463636363636 0.239043824701
0.659340659341 0.25 0.653846153846 0.609090909091 0.649402390438
0.607142857143 0.0 0.615384615385 0.467045454545 0.483399734396
0.531593406593 0.5 0.5 0.351136363636 0.381142098274
0.870192307692 0.25 0.807692307692 0.630681818182 0.564409030544
0.521291208791 0.25 0.461538461538 0.295454545455 0.176626826029
0.750686813187 0.125 0.692307692308 0.698863636364 0.699867197875
0.583791208791 0.125 0.538461538462 0.510227272727 0.444887118194
0.430631868132 0.125 0.384615384615 0.418181818182 0.389110225764
0.588598901099 0.0 0.576923076923 0.581818181818 0.524568393094
0.668956043956 0.5 0.692307692308 0.669318181818 0.652058432935
0.642857142857 0.75 0.653846153846 0.543181818182 0.545816733068
0.566620879121 0.25 0.461538461538 0.336363636364 0.341301460823
0.8125 0.375 0.692307692308 0.626136363636 0.548472775564
0.503434065934 0.375 0.461538461538 0.356818181818 0.354581673307
0.686126373626 0.0 0.653846153846 0.534090909091 0.500664010624
0.642857142857 0.75 0.653846153846 0.543181818182 0.545816733068
0.661401098901 0.375 0.576923076923 0.444318181818 0.353253652058
0.565934065934 0.125 0.5 0.542045454545 0.523240371846
0.309752747253 0.0 0.230769230769 0.175 0.112881806109
0.686126373626 0.0 0.653846153846 0.534090909091 0.500664010624
0.738324175824 0.25 0.615384615385 0.564772727273 0.482071713147
0.357142857143 0.25 0.269230769231 0.175 0.112881806109
0.95467032967 0.125 0.961538461538 0.885227272727 0.802124833997
0.713598901099 0.25 0.692307692308 0.497727272727 0.447543160691
0.723901098901 0.125 0.692307692308 0.546590909091 0.308100929615
0.707417582418 0.125 0.692307692308 0.475 0.24833997344
0.690247252747 0.375 0.653846153846 0.470454545455 0.464807436919
0.683379120879 0.375 0.653846153846 0.470454545455 0.464807436919
0.441620879121 0.25 0.423076923077 0.444318181818 0.448871181939
0.544642857143 0.5 0.538461538462 0.459090909091 0.426294820717
0.548076923077 0.0 0.5 0.348863636364 0.42363877822
0.859203296703 0.375 0.884615384615 0.713636363636 0.713147410359
0.706043956044 0.5 0.653846153846 0.446590909091 0.424966799469
0.433379120879 0.25 0.307692307692 0.164772727273 0.0756972111554
0.869505494505 0.5 0.769230769231 0.671590909091 0.737051792829
0.54739010989 0.375 0.423076923077 0.239772727273 0.228419654714
0.780906593407 0.25 0.730769230769 0.6 0.646746347942
0.691620879121 0.25 0.615384615385 0.393181818182 0.470119521912
0.716346153846 0.375 0.653846153846 0.646590909091 0.547144754316
0.723214285714 0.375 0.615384615385 0.564772727273 0.450199203187
0.421703296703 0.125 0.384615384615 0.336363636364 0.322709163347
0.46978021978 0.5 0.423076923077 0.278409090909 0.262948207171
0.782967032967 0.625 0.769230769231 0.504545454545 0.478087649402
0.796703296703 0.375 0.692307692308 0.670454545455 0.6401062417
0.632554945055 0.25 0.5 0.223863636364 0.193891102258
0.601648351648 0.0 0.538461538462 0.370454545455 0.342629482072
0.690247252747 0.75 0.653846153846 0.423863636364 0.503320053121
0.690247252747 0.75 0.653846153846 0.423863636364 0.503320053121
1.0 0.125 0.923076923077 1.0 1.0
0.958791208791 0.125 0.884615384615 1.0 1.0
0.567994505495 0.5 0.461538461538 0.3 0.317397078353
0.43543956044 0.375 0.346153846154 0.202272727273 0.107569721116
0.543956043956 0.0 0.538461538462 0.367045454545 0.219123505976
0.323489010989 0.0 0.230769230769 0.1125 0.0159362549801
0.930631868132 0.5 1.0 0.738636363636 0.833997343958
0.67032967033 0.0 0.538461538462 0.407954545455 0.342629482072
0.861263736264 0.375 0.807692307692 0.597727272727 0.718459495352
0.859203296703 0.375 0.884615384615 0.713636363636 0.713147410359
0.368818681319 0.0 0.307692307692 0.259090909091 0.232403718459
0.614010989011 0.375 0.5 0.436363636364 0.454183266932
0.809065934066 0.375 0.769230769231 0.635227272727 0.667994687915
0.572802197802 0.0 0.538461538462 0.482954545455 0.557768924303
0.574862637363 0.375 0.5 0.430681818182 0.410358565737
0.371565934066 0.0 0.307692307692 0.1625 0.111553784861
0.469093406593 0.375 0.423076923077 0.285227272727 0.292164674635
0.537774725275 0.5 0.538461538462 0.45 0.460823373174
0.646291208791 0.25 0.5 0.326136363636 0.171314741036
0.906593406593 1.0 0.846153846154 0.682954545455 0.755644090305
0.583791208791 0.375 0.576923076923 0.505681818182 0.444887118194
0.741758241758 0.5 0.730769230769 0.582954545455 0.533864541833
0.606456043956 0.25 0.538461538462 0.394318181818 0.369189907039
0.949862637363 0.5 0.923076923077 0.768181818182 0.597609561753
0.949862637363 0.5 0.923076923077 0.768181818182 0.597609561753
0.638049450549 0.125 0.653846153846 0.555681818182 0.536520584329
0.640796703297 0.75 0.615384615385 0.409090909091 0.330677290837
0.460164835165 0.25 0.346153846154 0.2625 0.140770252324
0.660714285714 0.25 0.653846153846 0.522727272727 0.500664010624
0.8125 0.375 0.692307692308 0.626136363636 0.548472775564
0.57967032967 0.25 0.5 0.252272727273 0.201859229748
0.932005494505 0.125 0.923076923077 0.782954545455 0.749003984064
0.602335164835 0.0 0.5 0.379545454545 0.142098273572
0.495879120879 0.25 0.461538461538 0.259090909091 0.124833997344
0.553571428571 0.0 0.5 0.480681818182 0.406374501992
0.51510989011 0.25 0.423076923077 0.340909090909 0.318725099602
0.606456043956 0.25 0.538461538462 0.394318181818 0.369189907039
0.602335164835 0.0 0.5 0.379545454545 0.142098273572
0.711538461538 0.25 0.576923076923 0.430681818182 0.370517928287
0.59478021978 0.25 0.5 0.405681818182 0.229747675963
0.638049450549 0.125 0.653846153846 0.555681818182 0.536520584329
0.462912087912 0.125 0.461538461538 0.413636363636 0.374501992032
0.769230769231 0.25 0.730769230769 0.679545454545 0.60823373174
0.40728021978 0.125 0.384615384615 0.356818181818 0.354581673307
0.640796703297 0.75 0.615384615385 0.444318181818 0.448871181939
0.567307692308 0.75 0.538461538462 0.444318181818 0.448871181939
0.633928571429 0.375 0.538461538462 0.502272727273 0.369189907039
0.618818681319 0.5 0.576923076923 0.395454545455 0.314741035857
0.783653846154 0.375 0.769230769231 0.689772727273 0.653386454183
0.492445054945 0.375 0.461538461538 0.423863636364 0.378486055777
