0.202069716776 0.0 0.121212121212 0.0914972273567 0.0121212121212
0.989106753813 1.0 1.0 0.780961182994 0.829292929293
0.954248366013 0.0 0.969696969697 1.0 0.889898989899
1.0 0.0 0.969696969697 0.809611829945 0.875757575758
0.90522875817 0.25 0.939393939394 0.941774491682 1.0
0.948801742919 0.25 0.969696969697 0.86876155268 0.940404040404
0.37037037037 0.5 0.30303030303 0.124768946396 0.115151515152
0.778322440087 0.75 0.848484848485 0.81146025878 0.782828282828
0.424836601307 0.75 0.424242424242 0.4426987061 0.427272727273
0.539760348584 1.0 0.545454545455 0.373382624769 0.354545454545
0.919389978214 0.5 0.909090909091 0.85674676525 0.874747474747
0.243464052288 0.25 0.181818181818 0.112754158965 0.0575757575758
0.660130718954 0.0 0.727272727273 0.684842883549 0.640404040404
0.925925925926 0.0 0.939393939394 0.921441774492 0.847474747475
0.695533769063 0.0 0.757575757576 0.664510166359 0.621212121212
0.861111111111 0.0 0.878787878788 0.703327171904 0.742424242424
0.767973856209 0.5 0.727272727273 0.576709796673 0.678787878788
0.728213507625 0.75 0.757575757576 0.632162661738 0.573737373737
0.613289760349 0.0 0.69696969697 0.593345656192 0.608080808081
0.352396514161 0.25 0.272727272727 0.103512014787 0.069696969697
0.305555555556 0.0 0.30303030303 0.314232902033 0.288888888889
0.643246187364 0.75 0.666666666667 0.430683918669 0.39696969697
0.731481481481 0.0 0.787878787879 0.711645101664 0.7
0.875816993464 0.5 0.878787878788 0.789279112754 0.876767676768
0.485838779956 0.0 0.515151515152 0.462107208872 0.314141414141
0.594226579521 0.75 0.575757575758 0.320702402957 0.329292929293
0.261982570806 0.0 0.242424242424 0.182994454713 0.158585858586
0.434640522876 0.25 0.333333333333 0.19685767098 0.171717171717
0.527233115468 0.0 0.575757575758 0.498151571165 0.389898989899
0.229302832244 0.0 0.181818181818 0.182994454713 0.158585858586
0.673747276688 0.75 0.636363636364 0.539741219963 0.70303030303
0.459694989107 0.0 0.484848484848 0.350277264325 0.241414141414
0.633442265795 0.75 0.606060606061 0.376155268022 0.407070707071
0.425381263617 0.5 0.363636363636 0.227356746765 0.213131313131
0.212962962963 0.0 0.151515151515 0.142329020333 0.0858585858586
0.775054466231 0.75 0.787878787879 0.849353049908 0.886868686869
0.81917211329 0.25 0.848484848485 0.761552680222 0.806060606061
0.770152505447 0.0 0.818181818182 0.842883548983 0.785858585859
0.453159041394 0.5 0.393939393939 0.310536044362 0.267676767677
0.251089324619 0.0 0.212121212121 0.132162661738 0.0848484848485
0.847494553377 0.25 0.848484848485 0.830868761553 0.815151515152
0.325163398693 0.0 0.333333333333 0.314232902033 0.306060606061
0.308823529412 0.25 0.242424242424 0.112754158965 0.0575757575758
0.538126361656 0.5 0.484848484848 0.336414048059 0.375757575758
0.281590413943 0.0 0.212121212121 0.0914972273567 0.0121212121212
0.587145969499 0.0 0.636363636364 0.560998151571 0.590909090909
0.411764705882 0.0 0.333333333333 0.241219963031 0.20404040404
0.506535947712 0.0 0.545454545455 0.49168207024 0.449494949495
0.838235294118 0.25 0.818181818182 0.672828096118 0.664646464646
0.437908496732 0.0 0.454545454545 0.451940850277 0.460606060606
0.510893246187 0.0 0.484848484848 0.324399260628 0.280808080808
0.346949891068 0.0 0.363636363636 0.314232902033 0.306060606061
0.530501089325 0.0 0.606060606061 0.540665434381 0.5
0.417211328976 0.0 0.333333333333 0.127541589649 0.0363636363636
0.700980392157 0.25 0.69696969697 0.605360443623 0.646464646465
0.891067538126 0.0 0.878787878788 0.824399260628 0.773737373737
0.806644880174 0.0 0.818181818182 0.768946395564 0.757575757576
0.535403050109 0.75 0.515151515152 0.451940850277 0.493939393939
0.416122004357 0.0 0.424242424242 0.449168207024 0.443434343434
0.915032679739 0.25 0.969696969697 0.914972273567 0.850505050505
0.802287581699 0.0 0.848484848485 0.862292051756 0.829292929293
0.744553376906 0.5 0.787878787879 0.872458410351 0.864646464646
0.669389978214 0.75 0.69696969697 0.70887245841 0.731313131313
0.877995642702 0.25 0.878787878788 0.731977818854 0.870707070707
0.916122004357 0.0 0.909090909091 0.786506469501 0.780808080808
0.938453159041 0.25 0.909090909091 0.826247689464 0.791919191919
0.798474945534 0.25 0.818181818182 0.753234750462 0.725252525253
0.374183006536 0.0 0.393939393939 0.382624768946 0.379797979798
0.875816993464 0.5 0.818181818182 0.638632162662 0.764646464646
0.22385620915 0.0 0.151515151515 0.0914972273567 0.0121212121212
0.273965141612 0.25 0.212121212121 0.112754158965 0.0575757575758
0.626906318083 0.0 0.666666666667 0.564695009242 0.553535353535
0.769063180828 0.25 0.787878787879 0.895563770795 0.872727272727
0.832244008715 0.25 0.818181818182 0.629390018484 0.648484848485
0.472222222222 0.75 0.454545454545 0.395563770795 0.439393939394
0.576252723312 0.0 0.545454545455 0.387245841035 0.3
0.278322440087 0.0 0.272727272727 0.24584103512 0.215151515152
0.751633986928 0.5 0.727272727273 0.716266173752 0.775757575758
0.789215686275 0.25 0.787878787879 0.641404805915 0.60303030303
0.692810457516 0.25 0.69696969697 0.473197781885 0.527272727273
0.202069716776 0.0 0.121212121212 0.0914972273567 0.0121212121212
0.876906318083 0.25 0.909090909091 0.808687615527 0.709090909091
0.389978213508 0.0 0.333333333333 0.195933456562 0.124242424242
0.453703703704 0.0 0.363636363636 0.185767097967 0.0959595959596
0.867102396514 0.0 0.848484848485 0.858595194085 0.833333333333
0.243464052288 0.25 0.181818181818 0.112754158965 0.0575757575758
0.739651416122 0.0 0.69696969697 0.580406654344 0.509090909091
0.748366013072 0.0 0.757575757576 0.609981515712 0.562626262626
0.789215686275 0.0 0.757575757576 0.621996303142 0.616161616162
0.369281045752 0.25 0.30303030303 0.213493530499 0.170707070707
0.686819172113 0.25 0.727272727273 0.458410351201 0.485858585859
0.356209150327 0.25 0.333333333333 0.256007393715 0.228282828283
0.366557734205 0.25 0.30303030303 0.164510166359 0.0818181818182
0.4651416122 0.25 0.424242424242 0.367837338262 0.360606060606
0.362745098039 0.0 0.272727272727 0.178373382625 0.124242424242
0.553921568627 0.0 0.515151515152 0.422365988909 0.381818181818
0.782679738562 0.5 0.848484848485 0.744916820702 0.676767676768
0.651960784314 0.25 0.666666666667 0.516635859519 0.570707070707
0.639433551198 0.0 0.606060606061 0.278188539741 0.348484848485
0.377995642702 0.25 0.30303030303 0.161737523105 0.146464646465
