0.906091370558 0.0 0.964285714286 0.990897269181 0.978211009174
1.0 0.0 1.0 1.0 1.0
0.772208121827 0.0 0.821428571429 0.895968790637 0.854357798165
0.776015228426 0.0 0.821428571429 0.902470741222 0.850917431193
0.753172588832 0.0 0.821428571429 0.778933680104 0.720183486239
0.587563451777 0.0 0.607142857143 0.710013003901 0.698394495413
0.623730964467 0.0 0.607142857143 0.594278283485 0.639908256881
0.791243654822 0.0 0.785714285714 0.733420026008 0.739678899083
0.718274111675 0.0 0.714285714286 0.664499349805 0.68119266055
0.758883248731 0.0 0.75 0.780234070221 0.771788990826
0.72461928934 0.0 0.714285714286 0.686605981795 0.699541284404
0.605964467005 0.0 0.607142857143 0.586475942783 0.600917431193
0.866751269036 0.0 0.857142857143 0.743823146944 0.73623853211
0.585025380711 0.0 0.571428571429 0.525357607282 0.550458715596
0.77347715736 0.0 0.785714285714 0.849154746424 0.782110091743
0.617385786802 0.0 0.607142857143 0.69310793238 0.675458715596
0.884517766497 0.0 0.857142857143 0.815344603381 0.792431192661
0.660532994924 0.0 0.642857142857 0.525357607282 0.550458715596
0.793781725888 0.0 0.785714285714 0.778933680104 0.740825688073
0.631979695431 0.0 0.571428571429 0.474642392718 0.549311926606
0.638324873096 0.0 0.607142857143 0.585175552666 0.602064220183
0.64847715736 0.0 0.642857142857 0.646293888166 0.625
0.526015228426 0.0 0.535714285714 0.55266579974 0.533256880734
0.855964467005 0.0 0.785714285714 0.751625487646 0.774082568807
0.695431472081 0.0 0.714285714286 0.726918075423 0.662844036697
0.710025380711 0.0 0.714285714286 0.760728218466 0.702981651376
0.615482233503 0.0 0.607142857143 0.620286085826 0.603211009174
0.784263959391 0.0 0.75 0.660598179454 0.665137614679
0.67385786802 0.0 0.678571428571 0.629388816645 0.59747706422
0.714467005076 0.0 0.714285714286 0.736020806242 0.685779816514
0.597715736041 0.0 0.607142857143 0.556566970091 0.532110091743
0.625634517766 0.0 0.571428571429 0.501950585176 0.551605504587
0.656091370558 0.0 0.607142857143 0.525357607282 0.565366972477
0.587563451777 0.0 0.571428571429 0.525357607282 0.530963302752
0.557741116751 0.0 0.5 0.501950585176 0.551605504587
0.587563451777 0.0 0.571428571429 0.620286085826 0.603211009174
0.669416243655 0.0 0.678571428571 0.642392717815 0.59747706422
0.663705583756 0.0 0.607142857143 0.501950585176 0.551605504587
0.730329949239 0.0 0.714285714286 0.717815344603 0.68119266055
0.625 0.0 0.607142857143 0.620286085826 0.603211009174
0.668781725888 0.0 0.642857142857 0.525357607282 0.538990825688
0.60152284264 0.0 0.607142857143 0.51755526658 0.5
0.538705583756 0.0 0.535714285714 0.55266579974 0.533256880734
0.598350253807 0.0 0.571428571429 0.494148244473 0.512614678899
0.56154822335 0.0 0.571428571429 0.544863459038 0.51376146789
0.659898477157 0.0 0.642857142857 0.613784135241 0.596330275229
0.704949238579 0.0 0.678571428571 0.617685305592 0.608944954128
0.602157360406 0.0 0.571428571429 0.518855656697 0.532110091743
0.719543147208 0.0 0.714285714286 0.730819245774 0.675458715596
0.615482233503 0.0 0.607142857143 0.647594278283 0.608944954128
0.668781725888 0.0 0.678571428571 0.568270481144 0.52752293578
0.70114213198 0.0 0.678571428571 0.668400520156 0.636467889908
0.543147208122 0.0 0.5 0.525357607282 0.538990825688
0.634517766497 0.0 0.642857142857 0.647594278283 0.586009174312
0.824873096447 0.0 0.785714285714 0.668400520156 0.65252293578
0.606598984772 0.0 0.571428571429 0.51755526658 0.524082568807
0.530456852792 0.0 0.5 0.429128738622 0.447247706422
0.598984771574 0.0 0.607142857143 0.674902470741 0.602064220183
0.625634517766 0.0 0.571428571429 0.655396618986 0.647935779817
0.740482233503 0.0 0.678571428571 0.642392717815 0.647935779817
0.490482233503 0.0 0.5 0.544863459038 0.494266055046
0.498730964467 0.0 0.464285714286 0.429128738622 0.447247706422
0.582487309645 0.0 0.607142857143 0.595578673602 0.521788990826
0.873730964467 0.0 0.785714285714 0.629388816645 0.66628440367
0.714467005076 0.0 0.678571428571 0.676202860858 0.645642201835
0.677030456853 0.0 0.678571428571 0.647594278283 0.586009174312
0.631345177665 0.0 0.642857142857 0.537061118336 0.487385321101
0.668781725888 0.0 0.642857142857 0.60078023407 0.573394495413
0.583756345178 0.0 0.571428571429 0.542262678804 0.511467889908
0.469543147208 0.0 0.428571428571 0.429128738622 0.447247706422
0.469543147208 0.0 0.428571428571 0.429128738622 0.447247706422
0.697335025381 0.0 0.607142857143 0.556566970091 0.600917431193
0.564086294416 0.0 0.535714285714 0.544863459038 0.526376146789
0.532994923858 0.0 0.535714285714 0.544863459038 0.494266055046
0.574873096447 0.0 0.535714285714 0.556566970091 0.544724770642
0.619289340102 0.0 0.571428571429 0.542262678804 0.543577981651
0.543147208122 0.0 0.5 0.429128738622 0.447247706422
0.526015228426 0.0 0.535714285714 0.583875162549 0.514908256881
0.528553299492 0.0 0.464285714286 0.405721716515 0.448394495413
0.546954314721 0.0 0.5 0.453836150845 0.466743119266
0.597715736041 0.0 0.571428571429 0.456436931079 0.449541284404
0.494289340102 0.0 0.464285714286 0.456436931079 0.449541284404
0.652284263959 0.0 0.642857142857 0.533159947984 0.494266055046
0.509517766497 0.0 0.5 0.456436931079 0.43004587156
0.52538071066 0.0 0.5 0.479843953186 0.463302752294
0.649746192893 0.0 0.607142857143 0.51755526658 0.512614678899
0.670050761421 0.0 0.642857142857 0.602080624187 0.563073394495
0.570431472081 0.0 0.5 0.430429128739 0.467889908257
0.646573604061 0.0 0.607142857143 0.516254876463 0.506880733945
0.543147208122 0.0 0.535714285714 0.46033810143 0.428899082569
0.570431472081 0.0 0.5 0.405721716515 0.448394495413
0.570431472081 0.0 0.5 0.405721716515 0.448394495413
0.570431472081 0.0 0.5 0.405721716515 0.448394495413
0.482233502538 0.0 0.428571428571 0.429128738622 0.447247706422
0.482233502538 0.0 0.428571428571 0.429128738622 0.447247706422
0.498730964467 0.0 0.464285714286 0.456436931079 0.449541284404
0.506345177665 0.0 0.464285714286 0.429128738622 0.435779816514
0.557741116751 0.0 0.5 0.479843953186 0.490825688073
0.53616751269 0.0 0.535714285714 0.448634590377 0.410550458716
0.609137055838 0.0 0.535714285714 0.405721716515 0.448394495413
