0.359123146357 0.25 0.266666666667 0.163829787234 0.0853413654618
0.359123146357 0.25 0.266666666667 0.163829787234 0.0853413654618
0.555770470664 0.25 0.466666666667 0.31914893617 0.126506024096
0.49774339136 0.0 0.433333333333 0.365957446809 0.198795180723
0.626047711154 0.25 0.533333333333 0.31914893617 0.126506024096
0.671179883946 0.5 0.633333333333 0.564893617021 0.429718875502
0.775628626692 0.0 0.7 0.563829787234 0.38453815261
0.818826563507 0.25 0.7 0.505319148936 0.31124497992
0.845261121857 0.25 0.766666666667 0.652127659574 0.443775100402
0.774339136041 0.25 0.733333333333 0.675531914894 0.465863453815
0.518375241779 0.5 0.533333333333 0.605319148936 0.580321285141
0.634429400387 0.25 0.633333333333 0.755319148936 0.64859437751
0.863958736299 0.25 0.833333333333 0.868085106383 0.645582329317
0.844616376531 0.25 0.833333333333 0.827659574468 0.666666666667
0.742101869761 0.5 0.633333333333 0.329787234043 0.331325301205
0.567375886525 0.25 0.4 0.296808510638 0.150602409639
0.397807865893 0.5 0.333333333333 0.313829787234 0.293172690763
0.415215989684 0.5 0.333333333333 0.304255319149 0.24297188755
0.813023855577 0.5 0.866666666667 1.0 0.831325301205
1.0 0.75 1.0 0.989361702128 1.0
0.656350741457 0.25 0.666666666667 0.607446808511 0.515060240964
0.70857511283 0.5 0.666666666667 0.592553191489 0.4859437751
0.464216634429 0.5 0.366666666667 0.245744680851 0.169678714859
0.644745325596 0.5 0.566666666667 0.445744680851 0.34437751004
0.684074790458 0.5 0.6 0.498936170213 0.373493975904
0.63249516441 0.25 0.6 0.562765957447 0.419678714859
0.481624758221 0.25 0.333333333333 0.21914893617 0.129518072289
0.582849774339 0.25 0.433333333333 0.21914893617 0.129518072289
0.412637008382 0.25 0.333333333333 0.245744680851 0.169678714859
0.477111540941 0.5 0.366666666667 0.245744680851 0.169678714859
0.809155383623 1.0 0.8 0.724468085106 0.701807228916
0.800128949065 0.5 0.8 0.712765957447 0.700803212851
0.647324306899 0.0 0.566666666667 0.491489361702 0.317269076305
0.446808510638 0.0 0.333333333333 0.277659574468 0.20281124498
0.428110896196 0.5 0.4 0.454255319149 0.450803212851
0.444874274662 0.5 0.4 0.407446808511 0.378514056225
0.593165699549 0.75 0.6 0.739361702128 0.644578313253
0.554480980013 0.5 0.566666666667 0.605319148936 0.580321285141
0.608639587363 0.75 0.533333333333 0.444680851064 0.422690763052
0.599613152805 0.75 0.5 0.397872340426 0.350401606426
0.813023855577 0.5 0.866666666667 1.0 0.831325301205
0.813023855577 0.5 0.866666666667 1.0 0.831325301205
0.845261121857 0.25 0.866666666667 0.921276595745 0.769076305221
0.709219858156 0.5 0.733333333333 0.858510638298 0.784136546185
0.584784010316 0.25 0.466666666667 0.277659574468 0.20281124498
0.762733720181 0.5 0.6 0.314893617021 0.292168674699
0.618955512573 0.25 0.5 0.293617021277 0.230923694779
0.922630560928 0.75 0.833333333333 0.652127659574 0.517068273092
0.699548678272 0.75 0.633333333333 0.491489361702 0.54016064257
0.738233397808 0.75 0.666666666667 0.491489361702 0.54016064257
0.798839458414 0.5 0.666666666667 0.501063829787 0.433734939759
0.664087685364 0.5 0.566666666667 0.38829787234 0.404618473896
0.703417150226 0.5 0.566666666667 0.201063829787 0.129518072289
0.72920696325 0.0 0.633333333333 0.368085106383 0.171686746988
0.596389426177 0.75 0.566666666667 0.454255319149 0.450803212851
0.757575757576 0.25 0.733333333333 0.705319148936 0.654618473896
0.522243713733 0.0 0.433333333333 0.259574468085 0.20281124498
0.402321083172 0.25 0.333333333333 0.255319148936 0.219879518072
0.806576402321 0.5 0.733333333333 0.554255319149 0.598393574297
0.871050934881 0.25 0.8 0.562765957447 0.585341365462
0.825274016763 0.5 0.733333333333 0.573404255319 0.401606425703
0.625402965828 0.25 0.566666666667 0.46914893617 0.366465863454
0.606705351386 0.75 0.533333333333 0.473404255319 0.378514056225
0.703417150226 0.0 0.666666666667 0.578723404255 0.423694779116
0.929078014184 0.75 0.866666666667 0.657446808511 0.733935742972
0.667311411992 0.5 0.6 0.4 0.360441767068
0.520309477756 0.5 0.4 0.371276595745 0.213855421687
0.825918762089 1.0 0.766666666667 0.648936170213 0.581325301205
0.436492585429 0.25 0.433333333333 0.464893617021 0.422690763052
0.353320438427 0.25 0.3 0.351063829787 0.315261044177
0.541586073501 0.5 0.533333333333 0.546808510638 0.50702811245
0.586073500967 0.25 0.5 0.426595744681 0.322289156627
0.754996776273 0.75 0.633333333333 0.329787234043 0.331325301205
0.754996776273 0.75 0.633333333333 0.329787234043 0.331325301205
0.793681495809 1.0 0.766666666667 0.743617021277 0.629518072289
0.806576402321 0.75 0.766666666667 0.609574468085 0.565261044177
0.716312056738 0.5 0.6 0.259574468085 0.20281124498
0.69696969697 0.5 0.6 0.304255319149 0.265060240964
0.776273372018 0.25 0.766666666667 0.782978723404 0.604417670683
0.575757575758 0.25 0.533333333333 0.56914893617 0.489959839357
