0.756743256743 0.0 0.828571428571 0.687960687961 0.801418439716
0.601398601399 0.0 0.685714285714 0.511056511057 0.583333333333
0.657342657343 0.0 0.685714285714 0.432432432432 0.54609929078
0.711288711289 0.0 0.8 0.722358722359 0.757092198582
0.777186761229 0.0 0.793103448276 0.677419354839 0.778651685393
0.56043956044 0.0 0.628571428571 0.523341523342 0.564716312057
0.62987012987 0.0 0.685714285714 0.637182637183 0.673758865248
0.647754137116 0.0 0.655172413793 0.636476426799 0.721348314607
0.705082742317 0.0 0.724137931034 0.684863523573 0.755056179775
0.729314420804 0.0 0.827586206897 0.808933002481 0.794382022472
0.689701897019 0.0 0.653846153846 0.424916573971 0.538461538462
0.573426573427 0.0 0.6 0.447993447993 0.494680851064
0.692671394799 0.0 0.689655172414 0.544665012407 0.620224719101
0.594850948509 0.0 0.538461538462 0.339265850945 0.467132867133
0.727541371158 0.0 0.793103448276 0.741935483871 0.741573033708
0.585106382979 0.0 0.586206896552 0.537220843672 0.601123595506
0.707292707293 0.0 0.742857142857 0.628173628174 0.656914893617
0.713286713287 0.0 0.742857142857 0.647010647011 0.681737588652
0.835106382979 0.0 0.896551724138 0.911910669975 0.911235955056
0.58865248227 0.0 0.620689655172 0.593052109181 0.621348314607
0.640070921986 0.0 0.655172413793 0.56699751861 0.607865168539
0.782505910165 0.0 0.827586206897 0.801488833747 0.812359550562
0.615839243499 0.0 0.586206896552 0.452853598015 0.538202247191
0.811188811189 0.0 0.8 0.674856674857 0.741134751773
0.423576423576 0.0 0.485714285714 0.364455364455 0.357269503546
0.572695035461 0.0 0.586206896552 0.563275434243 0.603370786517
0.618203309693 0.0 0.586206896552 0.452853598015 0.538202247191
0.859929078014 0.0 0.965517241379 0.992555831266 0.940449438202
0.784278959811 0.0 0.793103448276 0.714640198511 0.758426966292
0.604495747266 0.0 0.703703703704 0.67066521265 0.623962040332
0.68031968032 0.0 0.628571428571 0.45864045864 0.562056737589
0.559440559441 0.0 0.657142857143 0.548730548731 0.502659574468
0.666075650118 0.0 0.689655172414 0.615384615385 0.641573033708
0.565011820331 0.0 0.586206896552 0.593052109181 0.621348314607
0.710704607046 0.142857142857 0.769230769231 0.616240266963 0.74965034965
0.597517730496 0.0 0.586206896552 0.56699751861 0.626966292135
0.58865248227 0.0 0.551724137931 0.452853598015 0.538202247191
0.744680851064 0.0 0.758620689655 0.646401985112 0.679775280899
0.735815602837 0.0 0.793103448276 0.7841191067 0.773033707865
0.680260047281 0.0 0.689655172414 0.590570719603 0.626966292135
0.702718676123 0.0 0.689655172414 0.585607940447 0.643820224719
0.580378250591 0.0 0.586206896552 0.501240694789 0.539325842697
0.700354609929 0.0 0.655172413793 0.593052109181 0.68202247191
0.825650118203 0.0 0.862068965517 0.611662531017 0.61797752809
0.550827423168 0.0 0.586206896552 0.493796526055 0.501123595506
0.550827423168 0.0 0.586206896552 0.493796526055 0.501123595506
0.644799054374 0.0 0.724137931034 0.647642679901 0.610112359551
0.517730496454 0.0 0.551724137931 0.493796526055 0.501123595506
0.66134751773 0.0 0.655172413793 0.502481389578 0.549438202247
0.663711583924 0.0 0.689655172414 0.633995037221 0.648314606742
0.612293144208 0.0 0.689655172414 0.725806451613 0.687640449438
0.667257683215 0.0 0.655172413793 0.475186104218 0.525842696629
0.594562647754 0.0 0.551724137931 0.476426799007 0.557303370787
0.630023640662 0.0 0.689655172414 0.67617866005 0.65393258427
0.826852976914 0.0 0.925925925926 0.697928026172 0.635824436536
0.686761229314 0.0 0.689655172414 0.683622828784 0.716853932584
0.61170212766 0.0 0.586206896552 0.478908188586 0.540449438202
0.700354609929 0.0 0.724137931034 0.683622828784 0.695505617978
0.523640661939 0.0 0.551724137931 0.493796526055 0.501123595506
0.634160756501 0.0 0.655172413793 0.678660049628 0.692134831461
0.384615384615 0.0 0.428571428571 0.27846027846 0.268617021277
0.490543735225 0.0 0.51724137931 0.493796526055 0.501123595506
0.482017982018 0.0 0.542857142857 0.426699426699 0.399822695035
0.690307328605 0.0 0.689655172414 0.611662531017 0.64606741573
0.748817966903 0.0 0.793103448276 0.787841191067 0.775280898876
0.523640661939 0.0 0.51724137931 0.501240694789 0.539325842697
0.488511488511 0.0 0.485714285714 0.373464373464 0.40780141844
0.562647754137 0.0 0.586206896552 0.493796526055 0.501123595506
0.494089834515 0.0 0.51724137931 0.493796526055 0.501123595506
0.763002364066 0.0 0.862068965517 0.858560794045 0.789887640449
0.709219858156 0.0 0.758620689655 0.68982630273 0.670786516854
0.553446553447 0.0 0.571428571429 0.472563472563 0.484929078014
0.56146572104 0.0 0.51724137931 0.452853598015 0.526966292135
0.65108401084 0.0 0.653846153846 0.430478309232 0.457342657343
0.618203309693 0.0 0.586206896552 0.478908188586 0.540449438202
0.614885114885 0.0 0.571428571429 0.40131040131 0.474290780142
0.529550827423 0.0 0.551724137931 0.493796526055 0.501123595506
0.541371158392 0.0 0.551724137931 0.501240694789 0.520224719101
0.713947990544 0.0 0.793103448276 0.805210918114 0.755056179775
0.715130023641 0.0 0.724137931034 0.708436724566 0.72808988764
0.640070921986 0.0 0.655172413793 0.678660049628 0.692134831461
0.594562647754 0.0 0.620689655172 0.641439205955 0.643820224719
0.555555555556 0.0 0.586206896552 0.585607940447 0.583146067416
0.605013550136 0.0 0.576923076923 0.542825361513 0.598601398601
0.610520094563 0.0 0.620689655172 0.593052109181 0.610112359551
0.649350649351 0.0 0.657142857143 0.502047502048 0.521276595745
0.776223776224 0.0 0.857142857143 0.743652743653 0.689716312057
0.521867612293 0.0 0.51724137931 0.471464019851 0.502247191011
0.509456264775 0.0 0.51724137931 0.425558312655 0.443820224719
0.653073286052 0.0 0.689655172414 0.633995037221 0.622471910112
0.667257683215 0.0 0.689655172414 0.641439205955 0.643820224719
0.550827423168 0.0 0.586206896552 0.589330024814 0.578651685393
0.60401891253 0.0 0.620689655172 0.501240694789 0.508988764045
0.623522458629 0.0 0.620689655172 0.498759305211 0.525842696629
0.671394799054 0.0 0.655172413793 0.560794044665 0.601123595506
0.595153664303 0.0 0.689655172414 0.617866004963 0.547191011236
0.88092345079 0.0 0.925925925926 0.717557251908 0.696322657177
0.702718676123 0.0 0.724137931034 0.641439205955 0.643820224719
0.554964539007 0.0 0.51724137931 0.478908188586 0.540449438202
0.676713947991 0.0 0.620689655172 0.501240694789 0.580898876404
0.798906439854 0.166666666667 0.925925925926 0.852780806979 0.915776986951
0.488179669031 0.0 0.48275862069 0.409429280397 0.438202247191
0.558510638298 0.0 0.586206896552 0.52729528536 0.522471910112
0.663120567376 0.0 0.655172413793 0.471464019851 0.502247191011
0.58451536643 0.0 0.586206896552 0.563275434243 0.584269662921
0.821678321678 0.0 0.885714285714 0.744471744472 0.703014184397
0.523640661939 0.0 0.51724137931 0.409429280397 0.438202247191
0.798463356974 0.0 0.793103448276 0.708436724566 0.73595505618
0.514184397163 0.0 0.51724137931 0.501240694789 0.520224719101
0.464539007092 0.0 0.448275862069 0.501240694789 0.539325842697
0.715130023641 0.0 0.689655172414 0.668734491315 0.715730337079
0.525413711584 0.0 0.551724137931 0.52729528536 0.522471910112
0.593971631206 0.0 0.586206896552 0.523573200993 0.552808988764
0.551418439716 0.0 0.551724137931 0.563275434243 0.584269662921
0.551418439716 0.0 0.551724137931 0.563275434243 0.584269662921
0.735815602837 0.0 0.689655172414 0.622828784119 0.689887640449
0.614657210402 0.0 0.586206896552 0.490074441687 0.539325842697
0.646572104019 0.0 0.689655172414 0.653846153846 0.631460674157
0.599290780142 0.0 0.620689655172 0.622828784119 0.621348314607
0.328671328671 0.0 0.342857142857 0.261261261261 0.266843971631
0.600472813239 0.0 0.551724137931 0.490074441687 0.558426966292
0.621749408983 0.0 0.655172413793 0.708436724566 0.694382022472
0.582151300236 0.0 0.586206896552 0.512406947891 0.526966292135
0.523640661939 0.0 0.551724137931 0.531017369727 0.521348314607
0.496453900709 0.0 0.51724137931 0.585607940447 0.583146067416
0.496453900709 0.0 0.51724137931 0.585607940447 0.583146067416
0.576241134752 0.0 0.620689655172 0.611662531017 0.585393258427
0.64598108747 0.0 0.655172413793 0.739454094293 0.748314606742
0.73976023976 0.0 0.742857142857 0.589680589681 0.604609929078
0.531914893617 0.0 0.551724137931 0.585607940447 0.583146067416
0.40959040959 0.0 0.457142857143 0.310401310401 0.280141843972
0.560874704492 0.0 0.551724137931 0.495037220844 0.521348314607
0.580969267139 0.0 0.551724137931 0.498759305211 0.544943820225
0.543144208038 0.0 0.586206896552 0.611662531017 0.585393258427
0.624704491726 0.0 0.655172413793 0.673697270471 0.659550561798
0.632387706856 0.0 0.620689655172 0.574441687345 0.602247191011
0.460992907801 0.0 0.448275862069 0.409429280397 0.438202247191
0.460992907801 0.0 0.448275862069 0.409429280397 0.438202247191
0.647754137116 0.0 0.620689655172 0.5682382134 0.611235955056
0.64243498818 0.0 0.655172413793 0.517369727047 0.520224719101
0.504495504496 0.0 0.571428571429 0.545454545455 0.493794326241
0.496453900709 0.0 0.48275862069 0.409429280397 0.438202247191
0.634160756501 0.0 0.655172413793 0.609181141439 0.602247191011
0.517730496454 0.0 0.51724137931 0.524813895782 0.539325842697
0.862137862138 0.0 0.914285714286 0.751023751024 0.712765957447
0.570330969267 0.0 0.551724137931 0.549627791563 0.58202247191
0.66548463357 0.0 0.655172413793 0.638957816377 0.662921348315
0.60756501182 0.0 0.655172413793 0.626550868486 0.592134831461
0.487588652482 0.0 0.51724137931 0.519851116625 0.503370786517
0.724586288416 0.0 0.758620689655 0.794044665012 0.773033707865
0.533096926714 0.0 0.51724137931 0.409429280397 0.438202247191
0.488179669031 0.0 0.48275862069 0.425558312655 0.443820224719
0.608747044917 0.0 0.620689655172 0.550868486352 0.551685393258
0.464539007092 0.0 0.448275862069 0.409429280397 0.438202247191
0.459040959041 0.0 0.428571428571 0.3276003276 0.370567375887
0.615853658537 0.0 0.576923076923 0.373748609566 0.425174825175
0.763593380615 0.0 0.793103448276 0.895781637717 0.878651685393
0.52304964539 0.0 0.551724137931 0.519851116625 0.503370786517
0.573286052009 0.0 0.586206896552 0.591811414392 0.591011235955
0.793735224586 0.0 0.862068965517 0.895781637717 0.839325842697
0.454491725768 0.0 0.48275862069 0.519851116625 0.503370786517
0.804200542005 0.0 0.807692307692 0.651835372636 0.66013986014
0.466312056738 0.0 0.48275862069 0.52729528536 0.522471910112
0.466312056738 0.0 0.48275862069 0.52729528536 0.522471910112
0.648936170213 0.0 0.655172413793 0.521091811414 0.525842696629
0.647163120567 0.0 0.655172413793 0.732009925558 0.734831460674
0.501773049645 0.0 0.51724137931 0.52729528536 0.522471910112
0.722222222222 0.0 0.758620689655 0.691066997519 0.66404494382
0.434065934066 0.0 0.4 0.264537264537 0.307624113475
0.695035460993 0.0 0.758620689655 0.713399503722 0.658426966292
0.653073286052 0.0 0.586206896552 0.524813895782 0.6
0.547872340426 0.0 0.551724137931 0.586848635236 0.591011235955
0.651300236407 0.0 0.620689655172 0.591811414392 0.630337078652
0.682624113475 0.0 0.689655172414 0.671215880893 0.67191011236
0.552600472813 0.0 0.586206896552 0.611662531017 0.585393258427
0.60401891253 0.0 0.586206896552 0.519851116625 0.544943820225
0.693262411348 0.0 0.758620689655 0.781637717122 0.723595505618
0.677304964539 0.0 0.724137931034 0.692307692308 0.651685393258
0.713356973995 0.0 0.724137931034 0.658808933002 0.65393258427
0.529550827423 0.0 0.551724137931 0.519851116625 0.503370786517
0.70390070922 0.0 0.724137931034 0.776674937965 0.761797752809
0.652482269504 0.0 0.689655172414 0.599255583127 0.567415730337
0.606382978723 0.0 0.586206896552 0.516129032258 0.541573033708
0.437352245863 0.0 0.413793103448 0.409429280397 0.438202247191
0.437352245863 0.0 0.413793103448 0.409429280397 0.438202247191
0.552009456265 0.0 0.551724137931 0.549627791563 0.555056179775
0.624113475177 0.0 0.586206896552 0.5682382134 0.611235955056
0.736997635934 0.0 0.758620689655 0.795285359801 0.778651685393
0.373626373626 0.0 0.4 0.395577395577 0.374113475177
0.505910165485 0.0 0.51724137931 0.425558312655 0.419101123596
0.448581560284 0.0 0.448275862069 0.435483870968 0.440449438202
0.645390070922 0.0 0.655172413793 0.615384615385 0.610112359551
0.622377622378 0.0 0.714285714286 0.665028665029 0.577127659574
0.63829787234 0.0 0.655172413793 0.578163771712 0.565168539326
0.487588652482 0.0 0.51724137931 0.428039702233 0.402247191011
0.58865248227 0.0 0.620689655172 0.660049627792 0.631460674157
0.540189125296 0.0 0.551724137931 0.517369727047 0.508988764045
0.690898345154 0.0 0.724137931034 0.832506203474 0.802247191011
0.563829787234 0.0 0.586206896552 0.575682382134 0.556179775281
0.529550827423 0.0 0.551724137931 0.622828784119 0.603370786517
