0.391594658288 0.0 0.431818181818 0.449431099874 0.405917159763
0.664179104478 0.0 0.613636363636 0.591656131479 0.526035502959
0.858208955224 0.0 0.772727272727 0.749051833123 0.701775147929
0.532600157109 0.0 0.522727272727 0.522756005057 0.491715976331
0.572270227808 0.0 0.590909090909 0.584702907712 0.60650887574
0.620974076984 0.0 0.613636363636 0.556890012642 0.515976331361
0.486645718775 0.0 0.590909090909 0.574589127686 0.579881656805
0.457973291438 0.0 0.568181818182 0.535398230088 0.439644970414
0.441869599372 0.5 0.522727272727 0.525916561315 0.497633136095
0.599764336214 0.0 0.522727272727 0.46017699115 0.433136094675
0.705420267086 1.0 0.636363636364 0.526548672566 0.48224852071
0.540455616654 1.0 0.613636363636 0.599241466498 0.579881656805
0.331107619796 0.0 0.409090909091 0.45195954488 0.39349112426
0.468578161822 0.0 0.454545454545 0.445638432364 0.416568047337
0.591516103692 0.0 0.545454545455 0.530341340076 0.495266272189
0.500785545954 0.0 0.477272727273 0.47597977244 0.483431952663
0.620188531029 0.0 0.681818181818 0.552465233881 0.610059171598
0.440298507463 0.0 0.477272727273 0.516434892541 0.514792899408
0.484289080911 0.0 0.568181818182 0.572692793932 0.48224852071
0.439905734485 1.0 0.522727272727 0.515170670038 0.534911242604
0.45483110762 1.0 0.477272727273 0.448798988622 0.4
0.45758051846 1.0 0.477272727273 0.42414664981 0.365088757396
0.759230164965 0.0 0.727272727273 0.77180783818 0.779289940828
0.485467399843 0.0 0.613636363636 0.651074589128 0.628402366864
0.655145326002 0.0 0.590909090909 0.566371681416 0.649704142012
0.386488609584 0.0 0.5 0.467130214918 0.460355029586
0.439905734485 1.0 0.522727272727 0.515170670038 0.534911242604
0.55655930872 0.0 0.613636363636 0.591024020228 0.57573964497
0.606048703849 0.0 0.681818181818 0.694058154235 0.691124260355
0.578161822467 0.0 0.636363636364 0.623261694058 0.633136094675
0.346818538885 0.0 0.386363636364 0.374209860936 0.400591715976
0.993322859387 0.0 0.886363636364 0.931731984829 0.907100591716
0.257266300079 0.0 0.318181818182 0.341972187105 0.318343195266
0.408483896308 1.0 0.5 0.386219974716 0.502958579882
0.878633150039 0.0 0.795454545455 0.812895069532 0.828402366864
0.535742340927 0.0 0.568181818182 0.593552465234 0.57573964497
0.604870384918 0.0 0.636363636364 0.672566371681 0.558579881657
0.452474469756 0.0 0.613636363636 0.676359039191 0.656804733728
0.671249018068 0.0 0.704545454545 0.730720606827 0.697633136095
0.138648860958 1.0 0.181818181818 0.124525916561 0.14674556213
0.517282010998 0.5 0.590909090909 0.568900126422 0.60650887574
0.278868813826 0.5 0.363636363636 0.282553729456 0.305325443787
0.459151610369 0.0 0.477272727273 0.468394437421 0.447928994083
0.25569520817 0.0 0.318181818182 0.320480404551 0.326627218935
0.446190102121 0.0 0.477272727273 0.454487989886 0.37100591716
0.410447761194 0.0 0.477272727273 0.493046776233 0.437278106509
0.397879025923 1.0 0.409090909091 0.330594184576 0.314792899408
0.61861743912 0.0 0.568181818182 0.604298356511 0.575147928994
0.606048703849 0.0 0.681818181818 0.694058154235 0.691124260355
0.52395915161 0.0 0.613636363636 0.598609355247 0.574556213018
0.576197957581 0.0 0.659090909091 0.565107458913 0.727810650888
0.65671641791 0.0 0.613636363636 0.591024020228 0.566863905325
0.688923802042 0.0 0.772727272727 0.829962073325 0.70650887574
0.544776119403 1.0 0.568181818182 0.573957016435 0.562721893491
0.477611940299 0.5 0.5 0.382427307206 0.44201183432
0.509426551453 1.0 0.613636363636 0.644753476612 0.658579881657
0.535742340927 0.0 0.659090909091 0.690897597977 0.698224852071
0.785545954438 0.0 0.727272727273 0.781921618205 0.669822485207
1.0 0.0 1.0 1.0 1.0
0.52395915161 0.0 0.613636363636 0.598609355247 0.574556213018
0.457973291438 0.5 0.545454545455 0.534134007585 0.585207100592
0.685781618225 0.0 0.727272727273 0.663716814159 0.686390532544
0.387666928515 0.0 0.409090909091 0.353350189633 0.336686390533
0.591516103692 0.0 0.681818181818 0.673198482933 0.656213017751
0.472898664572 0.0 0.477272727273 0.465233881163 0.457396449704
0.406127258445 0.0 0.431818181818 0.409608091024 0.410650887574
0.650039277298 0.0 0.704545454545 0.637168141593 0.573372781065
0.534564021995 0.0 0.545454545455 0.60809102402 0.512426035503
0.491358994501 0.0 0.454545454545 0.453223767383 0.416568047337
0.411626080126 0.0 0.409090909091 0.34386852086 0.333136094675
0.417124901807 0.0 0.5 0.519595448799 0.466272189349
0.732128829537 0.0 0.636363636364 0.637168141593 0.615976331361
0.693637077769 0.0 0.795454545455 0.837547408344 0.843195266272
0.62293794187 0.0 0.659090909091 0.714917825537 0.686982248521
0.703849175177 0.0 0.75 0.675094816688 0.701775147929
0.452867242734 0.0 0.454545454545 0.486093552465 0.415384615385
0.474469756481 0.0 0.545454545455 0.530973451327 0.550887573964
0.278476040848 0.0 0.340909090909 0.338179519595 0.325443786982
0.358994501178 0.0 0.454545454545 0.417193426043 0.436094674556
0.69206598586 0.0 0.727272727273 0.728824273072 0.762130177515
0.408483896308 1.0 0.5 0.386219974716 0.502958579882
0.500392772977 1.0 0.613636363636 0.639064475348 0.624852071006
0.602513747054 0.0 0.590909090909 0.532237673831 0.503550295858
0.699528672427 0.0 0.659090909091 0.621997471555 0.605325443787
0.524744697565 0.0 0.613636363636 0.658659924147 0.628402366864
0.816967792616 0.0 0.795454545455 0.76801517067 0.751479289941
0.628829536528 1.0 0.590909090909 0.585967130215 0.583431952663
0.466221523959 0.0 0.545454545455 0.495575221239 0.495857988166
0.879811468971 0.0 0.840909090909 0.859671302149 0.868639053254
0.588766692852 0.0 0.613636363636 0.590391908976 0.659171597633
0.616260801257 0.0 0.636363636364 0.651074589128 0.723668639053
0.500392772977 1.0 0.454545454545 0.400758533502 0.378106508876
0.554988216811 0.5 0.636363636364 0.572692793932 0.532544378698
0.499607227023 0.5 0.5 0.400758533502 0.433136094675
0.443833464258 0.0 0.5 0.528445006321 0.488165680473
0.479968578162 0.0 0.522727272727 0.527180783818 0.502366863905
0.852317360566 0.0 0.840909090909 0.766750948167 0.768639053254
0.770227808327 0.0 0.795454545455 0.806573957016 0.786982248521
0.629222309505 0.0 0.568181818182 0.556257901391 0.48224852071
0.425373134328 0.0 0.477272727273 0.506953223767 0.492899408284
0.484289080911 0.0 0.5 0.389380530973 0.353846153846
0.500392772977 1.0 0.454545454545 0.400758533502 0.378106508876
0.332285938727 0.0 0.409090909091 0.372313527181 0.336094674556
0.724666142969 0.0 0.727272727273 0.750316055626 0.671597633136
0.408483896308 1.0 0.5 0.386219974716 0.502958579882
0.804791830322 0.0 0.795454545455 0.740202275601 0.714201183432
0.419088766693 0.0 0.431818181818 0.393173198483 0.428402366864
0.362136684996 0.0 0.477272727273 0.487357774968 0.456213017751
0.55655930872 0.0 0.613636363636 0.591024020228 0.57573964497
0.26983503535 0.0 0.318181818182 0.331226295828 0.366272189349
0.390809112333 0.0 0.454545454545 0.440581542351 0.471597633136
0.438334642577 0.5 0.545454545455 0.548672566372 0.577514792899
0.380989787903 1.0 0.454545454545 0.408343868521 0.369230769231
0.731736056559 0.0 0.772727272727 0.855246523388 0.661538461538
0.55655930872 0.0 0.613636363636 0.591024020228 0.57573964497
0.339355852317 1.0 0.431818181818 0.370417193426 0.410059171598
0.357423409269 0.0 0.477272727273 0.527180783818 0.438461538462
0.31068342498 0.0 0.363636363636 0.370417193426 0.341420118343
0.423802042419 1.0 0.477272727273 0.434892541087 0.38875739645
0.732914375491 0.0 0.772727272727 0.762958280657 0.73550295858
0.355066771406 0.0 0.409090909091 0.442477876106 0.407692307692
0.322466614297 0.0 0.363636363636 0.365992414665 0.315384615385
0.447368421053 0.0 0.545454545455 0.489886219975 0.53550295858
0.27965435978 0.0 0.363636363636 0.333122629583 0.386982248521
0.390416339356 0.0 0.454545454545 0.486725663717 0.486390532544
0.724666142969 0.0 0.727272727273 0.750316055626 0.671597633136
0.550667714061 0.0 0.545454545455 0.506953223767 0.501775147929
0.522388059701 0.0 0.545454545455 0.577749683944 0.601775147929
0.257266300079 0.0 0.318181818182 0.341972187105 0.318343195266
0.310290652003 0.0 0.363636363636 0.347661188369 0.37100591716
0.472505891595 0.0 0.613636363636 0.605562579014 0.607100591716
0.431657501964 0.0 0.568181818182 0.588495575221 0.526627218935
0.294972505892 0.0 0.409090909091 0.42793931732 0.44201183432
0.613118617439 0.0 0.590909090909 0.578381795196 0.494674556213
0.688923802042 0.0 0.772727272727 0.829962073325 0.70650887574
0.668499607227 0.0 0.704545454545 0.745891276865 0.684023668639
0.386095836606 0.0 0.5 0.419089759798 0.439644970414
0.667714061273 0.0 0.681818181818 0.648546144121 0.608875739645
0.598193244305 0.0 0.613636363636 0.564475347661 0.563905325444
0.399842890809 0.5 0.477272727273 0.458912768647 0.495266272189
0.456794972506 0.0 0.5 0.469658659924 0.444378698225
0.525923016496 0.5 0.613636363636 0.624525916561 0.621301775148
0.285545954438 0.0 0.409090909091 0.394437420986 0.344970414201
0.558130400628 0.0 0.545454545455 0.498103666245 0.455621301775
0.565985860173 0.0 0.636363636364 0.663716814159 0.51775147929
0.380989787903 1.0 0.454545454545 0.408343868521 0.369230769231
0.818146111548 0.5 0.840909090909 0.842604298357 0.854437869822
0.431264728987 0.0 0.545454545455 0.638432364096 0.570414201183
0.324430479183 0.0 0.386363636364 0.418457648546 0.386982248521
0.412804399057 0.0 0.454545454545 0.453223767383 0.405325443787
0.761586802828 0.0 0.818181818182 0.835018963338 0.768047337278
0.536920659859 0.0 0.568181818182 0.573324905183 0.492899408284
0.69638648861 0.5 0.681818181818 0.661188369153 0.636094674556
0.705813040063 0.0 0.75 0.711757269279 0.689940828402
0.466221523959 0.0 0.545454545455 0.495575221239 0.495857988166
0.278083267871 0.0 0.363636363636 0.373577749684 0.301775147929
0.497643362137 0.0 0.477272727273 0.467130214918 0.44674556213
0.466614296936 0.0 0.5 0.519595448799 0.466272189349
0.356637863315 0.0 0.409090909091 0.408975979772 0.330177514793
0.632364493323 0.0 0.636363636364 0.640328697851 0.510059171598
0.519245875884 0.0 0.568181818182 0.573957016435 0.552662721893
0.724666142969 0.0 0.727272727273 0.750316055626 0.671597633136
0.693637077769 0.0 0.795454545455 0.837547408344 0.843195266272
0.466221523959 0.0 0.545454545455 0.495575221239 0.495857988166
0.580911233307 0.0 0.522727272727 0.532237673831 0.47100591716
0.692851531815 0.0 0.636363636364 0.672566371681 0.696449704142
0.604870384918 0.0 0.613636363636 0.613147914033 0.552662721893
0.560487038492 0.0 0.568181818182 0.546144121365 0.491715976331
0.561665357423 0.0 0.704545454545 0.6801517067 0.691124260355
0.75844461901 0.0 0.75 0.759797724399 0.755029585799
0.565985860173 0.0 0.636363636364 0.673830594185 0.622485207101
0.263157894737 1.0 0.295454545455 0.201011378003 0.165088757396
0.635899450118 0.0 0.681818181818 0.552465233881 0.603550295858
0.750196386489 0.0 0.727272727273 0.685840707965 0.705917159763
0.244697564808 1.0 0.295454545455 0.266750948167 0.247928994083
0.368421052632 0.0 0.409090909091 0.406447534766 0.368047337278
0.419088766693 0.0 0.522727272727 0.560682680152 0.52426035503
0.41673212883 0.0 0.522727272727 0.549936788875 0.518934911243
0.298507462687 0.0 0.363636363636 0.344500632111 0.297041420118
0.530636292223 0.0 0.522727272727 0.540455120101 0.561538461538
0.421052631579 0.0 0.522727272727 0.429203539823 0.469230769231
0.513747054203 0.0 0.5 0.472819216182 0.446153846154
0.693637077769 0.0 0.795454545455 0.837547408344 0.843195266272
0.38138256088 1.0 0.409090909091 0.345132743363 0.300591715976
0.565985860173 0.0 0.636363636364 0.673830594185 0.622485207101
0.657109190888 0.0 0.681818181818 0.660556257901 0.588165680473
0.257266300079 0.0 0.318181818182 0.273072060683 0.236094674556
0.456794972506 0.0 0.5 0.469658659924 0.444378698225
0.897093479969 0.0 0.886363636364 0.926042983565 0.916568047337
0.613511390416 0.0 0.613636363636 0.59987357775 0.642603550296
0.558130400628 0.0 0.636363636364 0.639696586599 0.625443786982
0.418695993716 0.0 0.522727272727 0.434892541087 0.469822485207
0.52395915161 0.0 0.613636363636 0.598609355247 0.574556213018
0.305970149254 0.0 0.409090909091 0.379266750948 0.333727810651
0.368813825609 0.0 0.545454545455 0.553097345133 0.521301775148
0.685781618225 0.0 0.727272727273 0.663716814159 0.686390532544
0.699921445405 0.0 0.636363636364 0.686472819216 0.618934911243
0.55655930872 0.0 0.613636363636 0.591024020228 0.57573964497
0.414375490966 0.0 0.477272727273 0.477876106195 0.477514792899
0.257266300079 0.0 0.318181818182 0.341972187105 0.318343195266
