1.0 0.0 1.0 0.977224576271 1.0
0.101395032324 0.0 0.137254901961 0.0736228813559 0.0630673674152
0.913916298061 1.0 0.921568627451 1.0 0.918299092212
0.110922082341 1.0 0.156862745098 0.0683262711864 0.055900621118
0.933991153454 0.0 0.921568627451 0.918961864407 0.859053989489
0.928547124872 0.0 0.901960784314 0.958156779661 0.879120879121
0.913235794488 0.0 0.901960784314 0.89936440678 0.832298136646
0.847907451514 1.0 0.862745098039 0.845868644068 0.83994266603
0.814562776455 1.0 0.823529411765 0.771186440678 0.745341614907
0.899285471249 1.0 0.882352941176 0.851694915254 0.814620162446
0.869683565839 0.0 0.843137254902 0.806673728814 0.818442427138
0.890098673018 1.0 0.882352941176 0.869173728814 0.815097945533
0.173188159238 0.0 0.196078431373 0.0985169491525 0.077878643096
0.884654644437 0.0 0.843137254902 0.798199152542 0.811275680841
0.767608029942 1.0 0.745098039216 0.645127118644 0.684663162924
0.504253147329 1.0 0.43137254902 0.35593220339 0.430960344004
0.718952024498 1.0 0.78431372549 0.802436440678 0.729574773053
0.50969717591 1.0 0.549019607843 0.40625 0.533683707597
0.79925144607 0.0 0.862745098039 0.860699152542 0.841376015289
0.642395372576 0.0 0.588235294118 0.498411016949 0.548017200191
0.141884994896 0.0 0.196078431373 0.147775423729 0.142857142857
0.450153113304 0.0 0.588235294118 0.57468220339 0.526039178213
0.800612453215 0.0 0.803921568627 0.79343220339 0.801242236025
0.527730520585 0.0 0.666666666667 0.665254237288 0.57525083612
0.328002722014 0.0 0.470588235294 0.423199152542 0.438604873387
0.732562095951 0.0 0.803921568627 0.85063559322 0.854276158624
0.588635590337 0.0 0.725490196078 0.736228813559 0.685618729097
0.173528411024 0.0 0.254901960784 0.174788135593 0.114190157668
0.307247363049 1.0 0.372549019608 0.264830508475 0.376015289059
0.646818645798 1.0 0.607843137255 0.510063559322 0.583850931677
0.620279006465 1.0 0.627450980392 0.488347457627 0.489249880554
0.764886015652 1.0 0.725490196078 0.601694915254 0.64452938366
0.460360666894 0.0 0.607843137255 0.617055084746 0.495938843765
0.681184076216 1.0 0.705882352941 0.630296610169 0.683229813665
0.404899625723 1.0 0.392156862745 0.263241525424 0.333970377449
0.782919360327 0.0 0.843137254902 0.838453389831 0.807931199236
0.254508336169 0.0 0.372549019608 0.311970338983 0.289536550406
0.477033004423 0.0 0.627450980392 0.579449152542 0.565695174391
0.474651241919 1.0 0.470588235294 0.398834745763 0.442904921166
0.155835318135 1.0 0.196078431373 0.144597457627 0.1696129957
0.614154474311 1.0 0.666666666667 0.710275423729 0.705207835643
0.613473970738 0.0 0.745098039216 0.719279661017 0.721452460583
0.517522966996 0.0 0.647058823529 0.627648305085 0.650740563784
0.568220483158 0.0 0.705882352941 0.689618644068 0.656951743908
0.19054100034 0.0 0.274509803922 0.219809322034 0.21165790731
0.203810820007 0.0 0.294117647059 0.207627118644 0.200191113235
0.138142225247 1.0 0.176470588235 0.119173728814 0.121356903966
0.241578768289 0.0 0.352941176471 0.379237288136 0.278069756331
0.694113644097 0.0 0.78431372549 0.800847457627 0.672718585762
0.204151071793 1.0 0.254901960784 0.203389830508 0.260869565217
0.312351139843 1.0 0.411764705882 0.414194915254 0.442904921166
0.346376318476 1.0 0.333333333333 0.253707627119 0.288103201147
0.71691051378 0.0 0.78431372549 0.902542372881 0.79646440516
0.208574345015 1.0 0.235294117647 0.176377118644 0.183468705208
0.586594079619 1.0 0.529411764706 0.39406779661 0.382704252269
0.34875808098 0.0 0.490196078431 0.505826271186 0.486383182035
0.213337870024 0.0 0.21568627451 0.121292372881 0.12756808409
0.281047975502 0.0 0.411764705882 0.419491525424 0.41519350215
0.727798570942 0.0 0.823529411765 0.85593220339 0.844720496894
0.631167063627 1.0 0.56862745098 0.467161016949 0.51696129957
0.132017693093 0.0 0.176470588235 0.135593220339 0.130434782609
0.39775433821 1.0 0.352941176471 0.21875 0.313903487817
0.888737665873 0.0 0.882352941176 0.809851694915 0.810797897754
0.316093909493 0.0 0.450980392157 0.486758474576 0.385093167702
0.533855052739 1.0 0.509803921569 0.400423728814 0.381748686097
0.214018373596 0.0 0.313725490196 0.257944915254 0.275203057812
0.402177611432 0.0 0.549019607843 0.634004237288 0.561395126613
0.2562095951 0.0 0.392156862745 0.357521186441 0.345914954611
0.843143926506 0.0 0.843137254902 0.823622881356 0.836598184424
0.479074515141 1.0 0.490196078431 0.36281779661 0.473005255614
0.168764886016 0.0 0.235294117647 0.176906779661 0.199235547062
0.147669275264 0.0 0.21568627451 0.146186440678 0.131390348782
0.776454576387 0.0 0.78431372549 0.791843220339 0.84663162924
0.344334807758 1.0 0.313725490196 0.198093220339 0.241280458672
0.514460700919 1.0 0.450980392157 0.328919491525 0.391782130913
0.72984008166 1.0 0.686274509804 0.485699152542 0.619684663163
0.788023137121 0.0 0.764705882353 0.726694915254 0.807931199236
0.364069411364 0.0 0.509803921569 0.551906779661 0.514094601051
0.416127934672 0.0 0.56862745098 0.501588983051 0.491638795987
0.235454236135 1.0 0.294117647059 0.217690677966 0.277114190158
0.627424293978 0.0 0.666666666667 0.577330508475 0.598662207358
0.384484518544 0.0 0.529411764706 0.486228813559 0.478260869565
0.254848587955 1.0 0.274509803922 0.177966101695 0.228858098423
0.824770330044 0.0 0.862745098039 0.774894067797 0.785953177258
0.538278325961 0.0 0.686274509804 0.707097457627 0.6607740086
0.143586253828 0.0 0.196078431373 0.141949152542 0.103201146679
0.79925144607 1.0 0.764705882353 0.681673728814 0.741997133301
0.673358285131 0.0 0.764705882353 0.778072033898 0.766841853798
0.227288193263 0.0 0.333333333333 0.328919491525 0.268036311515
0.286151752297 0.0 0.43137254902 0.401483050847 0.325848064978
0.441987070432 0.0 0.411764705882 0.26906779661 0.314381270903
0.759782238857 0.0 0.803921568627 0.818855932203 0.822742474916
0.153453555631 0.0 0.21568627451 0.165783898305 0.172479694219
0.756379720994 0.0 0.705882352941 0.657309322034 0.590539894888
0.130316434161 1.0 0.176470588235 0.108050847458 0.0893454371715
0.668594760122 1.0 0.647058823529 0.510063559322 0.543239369326
0.671316774413 0.0 0.764705882353 0.777012711864 0.651218346871
0.582170806397 0.0 0.666666666667 0.659427966102 0.666985188724
0.774413065669 0.0 0.78431372549 0.728813559322 0.716674629718
0.726437563797 0.0 0.764705882353 0.754237288136 0.789775441949
0.160258591358 0.0 0.21568627451 0.158898305085 0.157190635452
0.467846206193 0.0 0.549019607843 0.482521186441 0.553750597229
0.16468186458 1.0 0.235294117647 0.121292372881 0.150501672241
0.489282068731 0.0 0.588235294118 0.518538135593 0.611084567606
0.410343654304 0.0 0.411764705882 0.316207627119 0.298614429049
0.149030282409 0.0 0.176470588235 0.109110169492 0.136645962733
0.593739367132 0.0 0.725490196078 0.746822033898 0.70281892021
0.917999319496 0.0 0.882352941176 0.845338983051 0.858576206402
0.13780197346 0.0 0.176470588235 0.101694915254 0.110367892977
0.597482136781 0.0 0.647058823529 0.586334745763 0.688963210702
0.685947601225 0.0 0.764705882353 0.743644067797 0.736263736264
0.548485879551 1.0 0.627450980392 0.549258474576 0.558528428094
0.1840762164 0.0 0.235294117647 0.222987288136 0.209268991878
0.269139162981 0.0 0.392156862745 0.386122881356 0.367892976589
0.80571623001 0.0 0.862745098039 0.858580508475 0.783086478739
0.60224566179 0.0 0.666666666667 0.608580508475 0.57668418538
0.753997958489 0.0 0.78431372549 0.756355932203 0.753463927377
0.602926165362 0.0 0.686274509804 0.672139830508 0.67701863354
0.129635930589 1.0 0.176470588235 0.120233050847 0.158146201624
0.196325280708 0.0 0.235294117647 0.185911016949 0.224080267559
0.164341612793 0.0 0.176470588235 0.133474576271 0.163879598662
0.608370193944 0.0 0.56862745098 0.449152542373 0.412804586718
0.708744470908 0.0 0.78431372549 0.833156779661 0.757286192069
0.749574685267 0.0 0.764705882353 0.762711864407 0.829431438127
0.285471248724 0.0 0.313725490196 0.251588983051 0.250358337315
0.49676760803 0.0 0.470588235294 0.390360169492 0.399904443383
0.178972439605 0.0 0.235294117647 0.203919491525 0.207835642618
0.367471929228 0.0 0.43137254902 0.433262711864 0.485427615862
0.244300782579 0.0 0.352941176471 0.301906779661 0.330148112757
0.538278325961 0.0 0.627450980392 0.605402542373 0.616340181558
0.635930588636 0.0 0.725490196078 0.8125 0.777830864787
0.712487240558 0.0 0.764705882353 0.69968220339 0.723841376015
0.288533514801 0.0 0.313725490196 0.210275423729 0.257525083612
0.690711126233 0.0 0.725490196078 0.715572033898 0.620640229336
0.588635590337 0.0 0.627450980392 0.534427966102 0.641184902054
0.738686628105 0.0 0.725490196078 0.742055084746 0.774486383182
0.656345695815 0.0 0.666666666667 0.564088983051 0.50740563784
0.577067029602 0.0 0.56862745098 0.491525423729 0.544194935499
0.41816944539 0.0 0.529411764706 0.527012711864 0.540850453894
0.225246682545 0.0 0.274509803922 0.24311440678 0.241758241758
0.3358285131 0.0 0.392156862745 0.3125 0.344481605351
0.293977543382 0.0 0.411764705882 0.427436440678 0.428093645485
0.521265736645 0.0 0.529411764706 0.46875 0.523650262781
0.652602926165 0.0 0.647058823529 0.554025423729 0.559961777353
0.340932289895 0.0 0.43137254902 0.378707627119 0.420926899188
0.554950663491 0.0 0.686274509804 0.69438559322 0.633540372671
0.294317795168 1.0 0.372549019608 0.297669491525 0.320114667941
0.480775774073 0.0 0.588235294118 0.684322033898 0.607262302914
0.741408642395 1.0 0.764705882353 0.707627118644 0.760630673674
0.432800272201 0.0 0.529411764706 0.41843220339 0.478738652652
0.56243620279 0.0 0.607843137255 0.619173728814 0.648351648352
0.843824430078 0.0 0.823529411765 0.76906779661 0.769230769231
0.232732221844 1.0 0.274509803922 0.239936440678 0.238413760153
0.415107179313 0.0 0.372549019608 0.293961864407 0.332059245103
0.165362368152 0.0 0.21568627451 0.13718220339 0.0831342570473
0.747192922763 0.0 0.764705882353 0.688029661017 0.71094123268
0.167744130657 0.0 0.196078431373 0.117584745763 0.116579073101
0.389248043552 0.0 0.470588235294 0.441207627119 0.447682752031
0.275603946921 1.0 0.372549019608 0.346398305085 0.354992833254
0.824089826472 0.0 0.843137254902 0.826271186441 0.815097945533
0.145627764546 0.0 0.196078431373 0.153072033898 0.160535117057
0.279006464784 0.0 0.313725490196 0.189618644068 0.186335403727
0.418849948962 0.0 0.490196078431 0.436970338983 0.461538461538
0.322218441647 0.0 0.352941176471 0.280190677966 0.283325370282
0.612793467166 1.0 0.647058823529 0.58156779661 0.638795986622
0.208234093229 0.0 0.294117647059 0.30561440678 0.265647396082
0.400476352501 0.0 0.509803921569 0.480402542373 0.472527472527
0.264035386186 0.0 0.274509803922 0.232521186441 0.239847109412
0.330384484519 1.0 0.43137254902 0.342690677966 0.400860009556
0.394692072133 0.0 0.411764705882 0.327330508475 0.306736741519
0.734943858455 0.0 0.803921568627 0.838983050847 0.741519350215
0.458999659748 0.0 0.549019607843 0.463983050847 0.453416149068
0.373936713168 0.0 0.470588235294 0.473516949153 0.491638795987
0.318135420211 1.0 0.43137254902 0.44968220339 0.38939321548
0.559714188499 0.0 0.588235294118 0.511122881356 0.501194457716
0.216400136101 0.0 0.274509803922 0.234110169492 0.215480172002
0.679142565498 0.0 0.764705882353 0.761122881356 0.707118967989
0.188159237836 0.0 0.254901960784 0.218220338983 0.177257525084
0.30622660769 1.0 0.352941176471 0.286546610169 0.325848064978
0.56617897244 0.0 0.607843137255 0.541843220339 0.586239847109
0.425314732902 0.0 0.56862745098 0.592161016949 0.55900621118
0.263695134399 0.0 0.313725490196 0.198093220339 0.223124701386
0.355563116706 0.0 0.450980392157 0.36811440678 0.397993311037
0.290234773733 0.0 0.372549019608 0.321504237288 0.379837553751
0.326641714869 0.0 0.411764705882 0.375529661017 0.360248447205
0.250425314733 0.0 0.333333333333 0.328389830508 0.346870520784
0.663150731541 0.0 0.686274509804 0.590572033898 0.589106545628
0.508336168765 0.0 0.607843137255 0.568855932203 0.629718107979
0.488261313372 0.0 0.56862745098 0.561440677966 0.504061156235
0.235454236135 0.0 0.254901960784 0.18061440678 0.163401815576
0.692752636951 0.0 0.725490196078 0.701800847458 0.698041089345
0.378019734604 0.0 0.411764705882 0.334745762712 0.30530339226
0.695814903028 0.0 0.725490196078 0.669491525424 0.695652173913
0.341612793467 0.0 0.470588235294 0.495762711864 0.456282847587
0.703640694114 0.0 0.745098039216 0.716101694915 0.645484949833
0.569581490303 0.0 0.588235294118 0.455508474576 0.490205446727
0.303504593399 0.0 0.411764705882 0.400423728814 0.391304347826
0.704661449473 0.0 0.745098039216 0.705508474576 0.651696129957
0.394351820347 1.0 0.490196078431 0.455508474576 0.450549450549
0.385505273903 0.0 0.411764705882 0.358050847458 0.402293358815
