0.825226244344 0.0 0.705882352941 0.434881949733 0.495689655172
0.908936651584 0.0 0.794117647059 0.488956587966 0.554597701149
0.654411764706 0.0 0.852941176471 0.877380045697 0.877155172414
0.684389140271 0.0 0.882352941176 0.909367859863 0.920977011494
0.527714932127 0.0 0.676470588235 0.679360243717 0.688218390805
0.537330316742 0.0 0.676470588235 0.751713632902 0.691810344828
0.52092760181 0.0 0.529411764706 0.355674028941 0.369252873563
0.639705882353 0.0 0.705882352941 0.555217060168 0.646551724138
0.389705882353 0.0 0.5 0.41127189642 0.385775862069
0.352375565611 0.0 0.470588235294 0.41127189642 0.385775862069
0.985859728507 0.0 0.911764705882 0.651942117289 0.8125
0.871040723982 0.0 0.794117647059 0.524752475248 0.694683908046
0.712669683258 0.0 0.823529411765 0.808834729627 0.778017241379
0.629524886878 0.0 0.764705882353 0.664127951257 0.661637931034
0.584841628959 0.0 0.764705882353 0.824067022087 0.778017241379
0.734162895928 0.0 0.911764705882 0.945925361767 0.971264367816
0.160633484163 0.0 0.205882352941 0.119573495811 0.0567528735632
0.160633484163 0.0 0.205882352941 0.119573495811 0.0567528735632
0.476809954751 0.0 0.470588235294 0.346534653465 0.256465517241
0.68834841629 0.0 0.588235294118 0.456207159177 0.375
0.56165158371 0.0 0.764705882353 0.853008377761 0.79382183908
0.56165158371 0.0 0.764705882353 0.853008377761 0.79382183908
0.630656108597 0.0 0.764705882353 0.648134044174 0.834770114943
0.454751131222 0.0 0.588235294118 0.460776846915 0.575431034483
0.408936651584 0.0 0.5 0.370906321401 0.376436781609
0.39536199095 0.0 0.5 0.332825590251 0.323275862069
0.720588235294 0.0 0.617647058824 0.374714394516 0.427442528736
0.617081447964 0.0 0.470588235294 0.282559025133 0.269396551724
0.813914027149 0.0 0.970588235294 0.957349581112 0.948994252874
1.0 0.0 1.0 0.873571972582 0.987787356322
0.510746606335 0.0 0.647058823529 0.686214775324 0.625718390805
0.493212669683 0.0 0.588235294118 0.534653465347 0.535201149425
0.48020361991 0.0 0.617647058824 0.544554455446 0.482040229885
0.579751131222 0.0 0.588235294118 0.488194973343 0.512931034483
0.269230769231 0.0 0.352941176471 0.293221629855 0.162356321839
0.651018099548 0.0 0.558823529412 0.456207159177 0.375
0.638009049774 0.0 0.617647058824 0.412795125666 0.567528735632
0.638009049774 0.0 0.617647058824 0.412795125666 0.567528735632
0.251696832579 0.0 0.294117647059 0.141660319878 0.0718390804598
0.412895927602 0.0 0.558823529412 0.484386900228 0.413793103448
0.762443438914 0.0 0.941176470588 1.0 0.85632183908
0.694004524887 0.0 0.882352941176 0.918507235339 0.801005747126
0.430429864253 0.0 0.5 0.359482102056 0.47341954023
0.501696832579 0.0 0.617647058824 0.533130236101 0.579022988506
0.56278280543 0.0 0.558823529412 0.287128712871 0.323994252874
0.760746606335 0.0 0.676470588235 0.473724295506 0.520833333333
0.710972850679 0.0 0.911764705882 0.974866717441 0.987068965517
0.794117647059 0.0 0.911764705882 0.897943640518 1.0
0.527149321267 0.0 0.617647058824 0.497334348819 0.617816091954
0.60407239819 0.0 0.735294117647 0.582635186596 0.76867816092
0.391402714932 0.0 0.529411764706 0.59634424981 0.476293103448
0.510746606335 0.0 0.647058823529 0.686214775324 0.625718390805
0.713235294118 0.0 0.647058823529 0.376999238385 0.427442528736
0.608597285068 0.0 0.558823529412 0.316831683168 0.359195402299
0.746040723982 0.0 0.852941176471 0.642802741813 0.836925287356
0.717760180995 0.0 0.823529411765 0.684691546078 0.885057471264
0.4592760181 0.0 0.411764705882 0.194973343488 0.165948275862
0.4592760181 0.0 0.411764705882 0.194973343488 0.165948275862
0.656674208145 0.0 0.852941176471 0.918507235339 0.801005747126
0.706447963801 0.0 0.882352941176 0.955064737243 0.851293103448
0.197963800905 0.0 0.235294117647 0.119573495811 0.0567528735632
0.405542986425 0.0 0.352941176471 0.172886519421 0.150862068966
0.214366515837 0.0 0.264705882353 0.141660319878 0.0718390804598
0.231900452489 0.0 0.323529411765 0.293221629855 0.162356321839
0.453619909502 0.0 0.558823529412 0.432597105864 0.501436781609
0.304298642534 0.0 0.411764705882 0.310738766184 0.308189655172
0.496040723982 0.0 0.676470588235 0.602437166794 0.637212643678
0.496040723982 0.0 0.676470588235 0.602437166794 0.637212643678
0.309954751131 0.0 0.352941176471 0.241431835491 0.25
0.309954751131 0.0 0.352941176471 0.241431835491 0.25
0.54242081448 0.0 0.735294117647 0.755521706017 0.683908045977
0.723981900452 1.0 0.794117647059 0.743335872049 0.690373563218
0.309954751131 0.0 0.352941176471 0.241431835491 0.25
0.571266968326 0.0 0.529411764706 0.316831683168 0.359195402299
0.281108597285 0.0 0.352941176471 0.237623762376 0.280172413793
0.669683257919 0.0 0.705882352941 0.482102056359 0.625718390805
0.713235294118 0.0 0.617647058824 0.406702208682 0.471264367816
0.683257918552 0.0 0.588235294118 0.374714394516 0.427442528736
0.505090497738 0.0 0.705882352941 0.755521706017 0.683908045977
0.554864253394 0.0 0.735294117647 0.792079207921 0.734195402299
