0.45757918552 0.125 0.393939393939 0.426484018265 0.345588235294
0.557692307692 0.25 0.484848484848 0.433789954338 0.334033613445
0.31334841629 0.125 0.242424242424 0.159817351598 0.15231092437
0.398190045249 0.125 0.333333333333 0.221917808219 0.22268907563
0.469457013575 0.375 0.393939393939 0.259360730594 0.256302521008
0.748868778281 0.125 0.69696969697 0.64200913242 0.642857142857
0.765837104072 0.5 0.69696969697 0.627397260274 0.649159663866
0.553733031674 0.625 0.484848484848 0.507762557078 0.466386554622
0.29242081448 0.125 0.242424242424 0.219178082192 0.230042016807
0.26979638009 0.125 0.212121212121 0.151598173516 0.135504201681
0.590497737557 0.375 0.545454545455 0.348858447489 0.378151260504
0.320701357466 0.25 0.242424242424 0.130593607306 0.0882352941176
0.493778280543 0.125 0.393939393939 0.316894977169 0.224789915966
0.701923076923 0.75 0.636363636364 0.514155251142 0.554621848739
0.556561085973 0.5 0.484848484848 0.360730593607 0.329831932773
0.305995475113 0.0 0.272727272727 0.260273972603 0.223739495798
0.412895927602 0.25 0.30303030303 0.162557077626 0.181722689076
0.441176470588 0.25 0.363636363636 0.224657534247 0.240546218487
0.682126696833 0.375 0.575757575758 0.433789954338 0.477941176471
0.438914027149 0.25 0.363636363636 0.288584474886 0.189075630252
0.676470588235 1.0 0.636363636364 0.429223744292 0.468487394958
0.620475113122 0.375 0.636363636364 0.522374429224 0.540966386555
0.797511312217 0.625 0.787878787879 0.611872146119 0.627100840336
0.326923076923 0.125 0.272727272727 0.261187214612 0.254201680672
0.401583710407 0.25 0.363636363636 0.233789954338 0.209033613445
0.398190045249 0.25 0.333333333333 0.320547945205 0.346638655462
0.600678733032 0.125 0.484848484848 0.448401826484 0.422268907563
0.380090497738 0.375 0.30303030303 0.150684931507 0.154411764706
0.615950226244 0.5 0.515151515152 0.444748858447 0.348739495798
0.305995475113 0.0 0.272727272727 0.260273972603 0.223739495798
0.667986425339 0.25 0.575757575758 0.444748858447 0.389705882353
0.536764705882 0.5 0.515151515152 0.264840182648 0.272058823529
0.430995475113 0.625 0.363636363636 0.220091324201 0.158613445378
0.527149321267 0.375 0.424242424242 0.289497716895 0.205882352941
0.763574660633 0.625 0.787878787879 0.75799086758 0.759453781513
0.672511312217 0.5 0.636363636364 0.663926940639 0.663865546218
0.471153846154 0.125 0.393939393939 0.268493150685 0.297268907563
0.529411764706 0.375 0.424242424242 0.294063926941 0.25
0.644230769231 0.25 0.545454545455 0.493150684932 0.475840336134
0.682126696833 0.375 0.636363636364 0.611872146119 0.543067226891
0.7092760181 0.375 0.666666666667 0.630136986301 0.579831932773
0.351244343891 0.25 0.30303030303 0.202739726027 0.148109243697
0.332013574661 0.125 0.272727272727 0.17899543379 0.154411764706
0.378959276018 0.25 0.272727272727 0.198173515982 0.136554621849
0.358031674208 0.125 0.333333333333 0.354337899543 0.375
0.513574660633 0.375 0.454545454545 0.346118721461 0.372899159664
0.545248868778 0.5 0.484848484848 0.331506849315 0.332983193277
0.535067873303 0.375 0.424242424242 0.423744292237 0.301470588235
0.516402714932 0.375 0.424242424242 0.338812785388 0.209033613445
0.392533936652 0.0 0.333333333333 0.220091324201 0.148109243697
0.578054298643 0.75 0.454545454545 0.281278538813 0.322478991597
0.566742081448 0.625 0.454545454545 0.251141552511 0.323529411765
0.533371040724 0.625 0.393939393939 0.240182648402 0.142857142857
0.549208144796 0.625 0.424242424242 0.288584474886 0.224789915966
0.506221719457 0.25 0.454545454545 0.396347031963 0.44012605042
0.506221719457 0.25 0.454545454545 0.396347031963 0.44012605042
0.522624434389 0.75 0.454545454545 0.239269406393 0.296218487395
0.496040723982 0.625 0.393939393939 0.150684931507 0.154411764706
0.632352941176 0.0 0.606060606061 0.482191780822 0.483193277311
0.528280542986 0.125 0.515151515152 0.46301369863 0.558823529412
0.496040723982 0.25 0.424242424242 0.354337899543 0.381302521008
0.367647058824 0.25 0.272727272727 0.261187214612 0.188025210084
0.467194570136 0.0 0.363636363636 0.290410958904 0.153361344538
0.392533936652 0.0 0.333333333333 0.220091324201 0.148109243697
0.484728506787 0.0 0.333333333333 0.260273972603 0.176470588235
0.324095022624 0.125 0.272727272727 0.236529680365 0.203781512605
0.498868778281 0.375 0.424242424242 0.219178082192 0.230042016807
0.536199095023 0.5 0.454545454545 0.289497716895 0.304621848739
0.674773755656 0.5 0.575757575758 0.429223744292 0.327731092437
0.635180995475 0.75 0.545454545455 0.395433789954 0.307773109244
0.752828054299 0.5 0.727272727273 0.698630136986 0.766806722689
0.304298642534 0.125 0.242424242424 0.162557077626 0.0850840336134
0.493778280543 0.125 0.393939393939 0.316894977169 0.224789915966
0.358031674208 0.125 0.333333333333 0.354337899543 0.375
0.722285067873 0.25 0.69696969697 0.546118721461 0.605042016807
0.43721719457 0.125 0.363636363636 0.268493150685 0.297268907563
0.622737556561 0.25 0.606060606061 0.526940639269 0.446428571429
0.605769230769 0.5 0.575757575758 0.418264840183 0.455882352941
0.469457013575 0.25 0.424242424242 0.337899543379 0.397058823529
0.798076923077 0.375 0.757575757576 0.636529680365 0.628151260504
0.552036199095 0.25 0.454545454545 0.393607305936 0.258403361345
0.776583710407 0.375 0.757575757576 0.733333333333 0.678571428571
0.599547511312 0.375 0.515151515152 0.373515981735 0.325630252101
0.560520361991 0.5 0.545454545455 0.483105022831 0.546218487395
0.422511312217 0.125 0.424242424242 0.33698630137 0.383403361345
0.501696832579 0.25 0.424242424242 0.354337899543 0.370798319328
0.661199095023 0.125 0.575757575758 0.532420091324 0.526260504202
0.450791855204 0.125 0.393939393939 0.250228310502 0.304621848739
0.587669683258 0.5 0.515151515152 0.481278538813 0.560924369748
0.468891402715 0.25 0.393939393939 0.399086757991 0.299369747899
0.277714932127 0.25 0.181818181818 0.0904109589041 0.0126050420168
0.588235294118 0.0 0.515151515152 0.463926940639 0.399159663866
0.368212669683 0.25 0.30303030303 0.18904109589 0.171218487395
0.576357466063 0.625 0.515151515152 0.507762557078 0.466386554622
0.976244343891 0.5 1.0 1.0 1.0
0.620475113122 0.375 0.636363636364 0.522374429224 0.540966386555
0.552036199095 0.25 0.424242424242 0.297716894977 0.324579831933
0.41628959276 0.375 0.30303030303 0.268493150685 0.211134453782
0.510180995475 0.125 0.424242424242 0.416438356164 0.328781512605
0.594457013575 0.25 0.545454545455 0.371689497717 0.227941176471
0.453619909502 0.0 0.363636363636 0.340639269406 0.298319327731
0.535633484163 0.25 0.424242424242 0.361643835616 0.233193277311
0.538461538462 0.125 0.454545454545 0.429223744292 0.348739495798
0.481900452489 0.5 0.393939393939 0.387214611872 0.301470588235
0.320701357466 0.0 0.272727272727 0.198173515982 0.182773109244
0.492081447964 0.25 0.393939393939 0.35799086758 0.218487394958
0.320701357466 0.25 0.242424242424 0.130593607306 0.0882352941176
0.379524886878 0.25 0.333333333333 0.248401826484 0.241596638655
0.587104072398 0.5 0.575757575758 0.456621004566 0.463235294118
0.601809954751 0.5 0.515151515152 0.266666666667 0.268907563025
0.527714932127 0.375 0.454545454545 0.41095890411 0.486344537815
0.522058823529 0.5 0.454545454545 0.442922374429 0.483193277311
0.364819004525 0.375 0.272727272727 0.21095890411 0.177521008403
0.635180995475 0.75 0.545454545455 0.395433789954 0.307773109244
0.640837104072 0.5 0.545454545455 0.429223744292 0.327731092437
0.386877828054 0.125 0.363636363636 0.317808219178 0.399159663866
0.398190045249 0.25 0.333333333333 0.320547945205 0.346638655462
0.386312217195 0.0 0.30303030303 0.261187214612 0.188025210084
0.667986425339 0.25 0.636363636364 0.524200913242 0.539915966387
0.347285067873 0.125 0.30303030303 0.277625570776 0.323529411765
0.826357466063 0.625 0.787878787879 0.742465753425 0.734243697479
1.0 0.625 0.969696969697 0.90502283105 0.946428571429
0.589366515837 0.0 0.606060606061 0.566210045662 0.410714285714
0.701357466063 0.25 0.636363636364 0.487671232877 0.517857142857
0.346719457014 0.25 0.30303030303 0.316894977169 0.279411764706
0.320701357466 0.125 0.272727272727 0.336073059361 0.307773109244
0.601809954751 0.125 0.515151515152 0.37899543379 0.303571428571
0.511877828054 0.25 0.454545454545 0.350684931507 0.320378151261
0.510180995475 0.125 0.424242424242 0.416438356164 0.328781512605
0.337669683258 0.0 0.272727272727 0.215525114155 0.156512605042
0.483031674208 0.25 0.424242424242 0.329680365297 0.226890756303
0.343891402715 0.0 0.30303030303 0.229223744292 0.257352941176
0.571266968326 0.375 0.484848484848 0.391780821918 0.473739495798
0.543552036199 0.25 0.454545454545 0.313242009132 0.313025210084
0.703054298643 0.25 0.666666666667 0.573515981735 0.36974789916
0.309389140271 0.25 0.212121212121 0.0904109589041 0.0126050420168
0.623303167421 0.25 0.606060606061 0.566210045662 0.557773109244
0.43665158371 0.0 0.393939393939 0.248401826484 0.174369747899
0.60520361991 0.125 0.575757575758 0.521461187215 0.609243697479
0.571266968326 0.375 0.484848484848 0.391780821918 0.473739495798
0.356334841629 0.5 0.242424242424 0.130593607306 0.0882352941176
0.399886877828 0.0 0.333333333333 0.222831050228 0.21218487395
0.639140271493 0.375 0.636363636364 0.61095890411 0.52731092437
0.431561085973 0.25 0.424242424242 0.436529680365 0.413865546218
0.368212669683 0.25 0.30303030303 0.18904109589 0.171218487395
0.424773755656 0.25 0.363636363636 0.18904109589 0.171218487395
0.701923076923 0.5 0.636363636364 0.444748858447 0.389705882353
0.744909502262 0.25 0.727272727273 0.653881278539 0.571428571429
0.471153846154 0.125 0.393939393939 0.360730593607 0.409663865546
0.454185520362 0.125 0.393939393939 0.375342465753 0.446428571429
0.566176470588 0.375 0.515151515152 0.444748858447 0.464285714286
0.494343891403 0.125 0.484848484848 0.397260273973 0.447478991597
0.674773755656 0.5 0.575757575758 0.429223744292 0.327731092437
0.565045248869 0.375 0.484848484848 0.219178082192 0.254201680672
0.765837104072 0.5 0.69696969697 0.627397260274 0.649159663866
0.615950226244 0.5 0.515151515152 0.444748858447 0.348739495798
0.326357466063 0.125 0.242424242424 0.245662100457 0.155462184874
0.533371040724 0.0 0.484848484848 0.38904109589 0.339285714286
0.462104072398 0.0 0.424242424242 0.439269406393 0.415966386555
0.440045248869 0.25 0.393939393939 0.241095890411 0.306722689076
0.620475113122 0.375 0.636363636364 0.522374429224 0.540966386555
0.608031674208 0.625 0.575757575758 0.375342465753 0.421218487395
0.552036199095 0.25 0.454545454545 0.393607305936 0.258403361345
0.567873303167 0.625 0.454545454545 0.240182648402 0.164915966387
0.450791855204 0.0 0.363636363636 0.402739726027 0.367647058824
0.677036199095 0.5 0.636363636364 0.54703196347 0.481092436975
0.31165158371 0.0 0.30303030303 0.242922374429 0.223739495798
0.557692307692 0.25 0.484848484848 0.403652968037 0.417016806723
0.580882352941 0.125 0.484848484848 0.476712328767 0.411764705882
0.409502262443 0.0 0.363636363636 0.178082191781 0.121848739496
0.45814479638 0.375 0.454545454545 0.439269406393 0.454831932773
0.407239819005 0.25 0.393939393939 0.426484018265 0.447478991597
0.674773755656 0.5 0.575757575758 0.429223744292 0.327731092437
0.405542986425 0.375 0.363636363636 0.340639269406 0.299369747899
0.613122171946 0.25 0.636363636364 0.553424657534 0.457983193277
0.545248868778 0.25 0.545454545455 0.541552511416 0.493697478992
0.449095022624 0.375 0.363636363636 0.221917808219 0.21218487395
0.382918552036 0.375 0.30303030303 0.173515981735 0.13025210084
0.392533936652 0.0 0.333333333333 0.220091324201 0.148109243697
0.574095022624 0.25 0.454545454545 0.281278538813 0.195378151261
0.574660633484 0.25 0.575757575758 0.476712328767 0.468487394958
0.640837104072 0.5 0.545454545455 0.429223744292 0.327731092437
0.522624434389 0.375 0.424242424242 0.344292237443 0.340336134454
0.539592760181 0.375 0.424242424242 0.304109589041 0.264705882353
0.592194570136 0.5 0.575757575758 0.569863013699 0.536764705882
0.587669683258 0.0 0.545454545455 0.519634703196 0.448529411765
0.371606334842 0.25 0.333333333333 0.260273972603 0.241596638655
0.636877828054 0.75 0.575757575758 0.556164383562 0.487394957983
0.548076923077 0.5 0.454545454545 0.34703196347 0.351890756303
0.513574660633 0.375 0.454545454545 0.346118721461 0.372899159664
0.608031674208 0.625 0.575757575758 0.375342465753 0.421218487395
0.409502262443 0.125 0.363636363636 0.227397260274 0.228991596639
0.560520361991 0.0 0.484848484848 0.419178082192 0.215336134454
0.522058823529 0.25 0.424242424242 0.313242009132 0.348739495798
0.626131221719 0.625 0.515151515152 0.300456621005 0.196428571429
0.605769230769 0.25 0.515151515152 0.413698630137 0.265756302521
0.493778280543 0.125 0.424242424242 0.268493150685 0.297268907563
0.466063348416 0.0 0.363636363636 0.247488584475 0.25
0.664592760181 0.375 0.606060606061 0.471232876712 0.517857142857
0.712669683258 0.75 0.636363636364 0.346118721461 0.327731092437
