0.970112689858 0.5 1.0 1.0 1.0
1.0 0.0 1.0 0.776512455516 0.793315743184
0.694757471828 1.0 0.771428571429 0.491814946619 0.576077396658
0.181773640372 0.0 0.114285714286 0.070462633452 0.0105540897098
0.943655071044 0.25 1.0 0.832740213523 0.86983289358
0.895639392455 0.75 0.971428571429 0.770818505338 0.934036939314
0.545320921117 1.0 0.542857142857 0.301067615658 0.419525065963
0.291033806957 0.5 0.285714285714 0.182206405694 0.175021987687
0.915237628613 0.5 1.0 0.871886120996 0.96218117854
0.377266046056 0.75 0.4 0.306049822064 0.3781882146
0.219010289074 0.25 0.171428571429 0.0868327402135 0.0501319261214
0.860362567369 0.5 0.942857142857 0.802135231317 0.985927880387
0.878490935816 0.75 0.914285714286 0.713879003559 0.91380826737
0.713375796178 0.0 0.828571428571 0.66975088968 0.76253298153
0.897109260167 0.0 1.0 0.785053380783 0.854001759015
0.84566389025 0.0 0.914285714286 0.712455516014 0.850483729112
0.893679568839 0.5 0.942857142857 0.731672597865 0.934036939314
0.612934835865 0.0 0.714285714286 0.619928825623 0.620932277924
0.191572758452 0.0 0.142857142857 0.109608540925 0.0747581354442
0.948554630083 0.0 0.942857142857 0.684697508897 0.841688654354
0.797158255757 0.75 0.885714285714 0.693238434164 0.834652594547
0.268005879471 0.25 0.228571428571 0.0868327402135 0.0501319261214
0.752572268496 0.0 0.857142857143 0.698220640569 0.777484608619
0.815776580108 0.5 0.8 0.508896797153 0.65963060686
0.791768740813 0.75 0.857142857143 0.687544483986 0.867194371152
0.352768250857 0.0 0.4 0.251957295374 0.270888302551
0.206271435571 0.0 0.171428571429 0.140925266904 0.138082673703
0.493385595296 0.75 0.485714285714 0.244128113879 0.304309586631
0.764821166095 0.0 0.885714285714 0.652669039146 0.790677220756
0.661930426262 0.0 0.771428571429 0.588612099644 0.579595426561
0.46545810877 0.0 0.542857142857 0.476868327402 0.462620932278
0.670749632533 1.0 0.742857142857 0.537366548043 0.746701846966
0.702106810387 0.0 0.8 0.622775800712 0.730870712401
0.405683488486 0.0 0.457142857143 0.270462633452 0.250659630607
0.434100930916 0.0 0.485714285714 0.310320284698 0.332453825858
0.828025477707 0.25 0.914285714286 0.725978647687 0.884784520668
0.618814306712 1.0 0.657142857143 0.366548042705 0.518029903254
0.201371876531 0.0 0.142857142857 0.070462633452 0.0105540897098
0.627633512984 0.75 0.685714285714 0.594306049822 0.68073878628
0.506614404704 0.75 0.457142857143 0.175800711744 0.240985048373
0.837824595786 0.25 0.942857142857 0.755871886121 0.795074758135
0.523272905439 0.0 0.628571428571 0.526690391459 0.520668425682
0.502694757472 0.0 0.6 0.46975088968 0.472295514512
0.65066144047 0.0 0.742857142857 0.623487544484 0.60510114336
0.443410093092 0.75 0.428571428571 0.229893238434 0.248021108179
0.629103380696 1.0 0.628571428571 0.367971530249 0.525945470536
0.302302792749 0.25 0.257142857143 0.118149466192 0.11345646438
0.599216070554 0.0 0.685714285714 0.540925266904 0.518029903254
0.761391474767 0.5 0.828571428571 0.743060498221 0.844327176781
0.565899069084 0.75 0.6 0.31743772242 0.431838170624
0.495835374816 0.0 0.571428571429 0.424911032028 0.42656112577
0.599706026458 0.75 0.571428571429 0.326690391459 0.469656992084
0.897599216071 0.0 0.942857142857 0.74590747331 0.837291116974
0.373346398824 0.0 0.428571428571 0.300355871886 0.320140721196
0.389024987751 0.5 0.342857142857 0.167971530249 0.1890941073
0.334639882411 0.5 0.314285714286 0.172953736655 0.175901495163
0.235668789809 0.0 0.228571428571 0.140925266904 0.138082673703
0.22097011269 0.0 0.2 0.109608540925 0.0747581354442
0.181773640372 0.0 0.114285714286 0.070462633452 0.0105540897098
0.250367466928 0.0 0.257142857143 0.189323843416 0.187335092348
0.399314061734 0.75 0.4 0.232740213523 0.261213720317
0.566878980892 0.0 0.657142857143 0.52384341637 0.474054529464
0.341499265066 0.0 0.371428571429 0.241992882562 0.266490765172
0.539441450269 0.5 0.514285714286 0.364412811388 0.499560246262
0.238608525233 0.25 0.2 0.0868327402135 0.0501319261214
0.446839784419 0.0 0.514285714286 0.380782918149 0.408091468777
0.652131308182 1.0 0.714285714286 0.488256227758 0.604221635884
0.881920627144 0.5 0.885714285714 0.733807829181 0.910290237467
0.731014208721 0.5 0.8 0.560142348754 0.712401055409
0.269965703087 0.0 0.285714285714 0.189323843416 0.187335092348
0.723664870162 0.5 0.828571428571 0.745195729537 0.902374670185
0.393924546791 0.5 0.371428571429 0.237010676157 0.32981530343
0.735913767761 0.0 0.8 0.65409252669 0.831134564644
0.292503674669 0.0 0.314285714286 0.241992882562 0.266490765172
0.803037726605 0.25 0.885714285714 0.740213523132 0.926121372032
0.788339049486 0.5 0.857142857143 0.696797153025 0.820580474934
0.68642822146 0.75 0.742857142857 0.548754448399 0.770448548813
0.312101910828 0.0 0.342857142857 0.241992882562 0.266490765172
0.900538951494 0.5 1.0 0.703202846975 0.85927880387
0.219010289074 0.25 0.171428571429 0.0868327402135 0.0501319261214
0.806467417932 0.5 0.885714285714 0.71103202847 0.866314863676
0.715335619794 0.25 0.742857142857 0.42206405694 0.648197009675
0.376776090152 0.0 0.342857142857 0.070462633452 0.0105540897098
0.822635962763 0.0 0.771428571429 0.56512455516 0.692172383465
0.320431161195 0.5 0.314285714286 0.289679715302 0.338610378188
0.833904948555 0.0 0.885714285714 0.57153024911 0.737906772208
0.757471827536 0.25 0.828571428571 0.556583629893 0.809146877748
0.600685938266 0.0 0.657142857143 0.585053380783 0.650835532102
0.739343459089 0.0 0.685714285714 0.488256227758 0.631486367634
0.820186183244 0.25 0.885714285714 0.664768683274 0.855760773967
0.585007349339 0.25 0.657142857143 0.508185053381 0.465259454705
0.249877511024 0.0 0.171428571429 0.0982206405694 0.0439753737907
0.784419402254 0.5 0.742857142857 0.530960854093 0.683377308707
0.706026457619 0.5 0.771428571429 0.6 0.69744942832
0.430181283684 0.25 0.371428571429 0.0797153024911 0.0606860158311
0.781969622734 0.0 0.828571428571 0.614234875445 0.702726473175
0.333170014699 0.0 0.314285714286 0.185765124555 0.157431838171
0.866242038217 0.5 0.914285714286 0.635587188612 0.87598944591
0.423811856933 0.0 0.4 0.216370106762 0.284080914688
0.65311121999 0.0 0.714285714286 0.578647686833 0.727352682498
0.396864282215 0.0 0.4 0.221352313167 0.228671943712
0.799608035277 0.5 0.885714285714 0.746619217082 0.883905013193
0.243508084272 0.0 0.2 0.123131672598 0.089709762533
0.28760411563 0.0 0.257142857143 0.13665480427 0.0677220756376
0.722684958354 0.0 0.828571428571 0.646975088968 0.802110817942
0.61979421852 0.25 0.657142857143 0.456939501779 0.658751099384
0.720725134738 0.25 0.771428571429 0.632740213523 0.784520668426
0.336599706026 0.25 0.285714285714 0.164412811388 0.207563764292
0.41352278295 0.5 0.4 0.237010676157 0.32981530343
0.305242528172 0.0 0.257142857143 0.0982206405694 0.0316622691293
0.264576188143 0.0 0.2 0.129537366548 0.107299912049
0.347868691818 0.5 0.342857142857 0.278291814947 0.297273526825
0.547280744733 0.5 0.571428571429 0.390035587189 0.486367634125
0.452719255267 0.25 0.4 0.112455516014 0.100263852243
0.271435570799 0.0 0.228571428571 0.139501779359 0.15127528584
0.775110240078 0.0 0.828571428571 0.62846975089 0.759014951627
0.678588926997 0.5 0.685714285714 0.431316725979 0.544415127529
0.655071043606 0.25 0.714285714286 0.465480427046 0.586631486368
0.862812346889 0.25 0.942857142857 0.642704626335 0.752858399296
0.853503184713 0.0 0.914285714286 0.599288256228 0.74582233949
0.386085252327 0.0 0.4 0.296797153025 0.335092348285
0.63204311612 0.25 0.685714285714 0.483985765125 0.592788038698
0.773150416463 0.25 0.857142857143 0.556583629893 0.560246262093
0.766291033807 0.75 0.714285714286 0.516725978648 0.706244503078
0.570798628123 0.0 0.514285714286 0.232028469751 0.313984168865
0.555120039196 0.75 0.571428571429 0.347330960854 0.438874230431
0.632533072024 0.25 0.657142857143 0.420640569395 0.554089709763
0.391474767271 0.25 0.314285714286 0.107473309609 0.094107299912
0.872121509064 0.5 0.942857142857 0.713167259786 0.871591908531
0.746692797648 0.75 0.771428571429 0.515302491103 0.628847845207
0.62714355708 0.25 0.628571428571 0.4128113879 0.509234828496
0.906418422342 0.5 1.0 0.774377224199 0.932277924362
0.750122488976 0.0 0.828571428571 0.629181494662 0.676341248901
0.643802057815 0.0 0.714285714286 0.439857651246 0.430079155673
0.228809407153 0.25 0.2 0.125978647687 0.114335971856
0.59137677609 0.25 0.571428571429 0.350889679715 0.448548812665
0.90739833415 0.5 0.885714285714 0.607117437722 0.755496921724
0.409113179814 0.0 0.428571428571 0.26334519573 0.322779243624
0.425281724645 0.0 0.457142857143 0.190035587189 0.160070360598
0.649681528662 0.0 0.657142857143 0.44768683274 0.61125769569
0.674669279765 0.5 0.714285714286 0.492526690391 0.614775725594
0.744732974032 0.0 0.8 0.545195729537 0.583113456464
0.533072023518 0.0 0.514285714286 0.24128113879 0.232189973615
0.710926016659 0.25 0.828571428571 0.607117437722 0.781002638522
0.684958353748 0.0 0.714285714286 0.472597864769 0.528583992964
0.486036256737 0.0 0.485714285714 0.198576512456 0.247141600704
0.669769720725 0.25 0.742857142857 0.511743772242 0.618293755497
0.50122488976 0.0 0.457142857143 0.272597864769 0.364116094987
0.512493875551 0.0 0.542857142857 0.375088967972 0.494283201407
0.297893189613 0.0 0.285714285714 0.2 0.21635883905
0.550710436061 0.5 0.6 0.337366548043 0.371152154793
0.302792748653 0.0 0.285714285714 0.154448398577 0.138082673703
0.657030867222 0.25 0.714285714286 0.501067615658 0.669305189094
0.671729544341 0.0 0.628571428571 0.436298932384 0.595426561126
0.576188143067 0.25 0.571428571429 0.303914590747 0.352682497801
0.433121019108 0.25 0.371428571429 0.25409252669 0.285839929639
0.712885840274 0.0 0.742857142857 0.567971530249 0.664028144239
0.361097501225 0.25 0.371428571429 0.227046263345 0.242744063325
0.263596276335 0.0 0.2 0.108185053381 0.0879507475814
0.541891229789 0.0 0.571428571429 0.398576512456 0.433597185576
0.622733953944 0.25 0.685714285714 0.555160142349 0.669305189094
0.426751592357 0.25 0.4 0.14590747331 0.117854001759
0.594316511514 0.0 0.628571428571 0.417081850534 0.566402814424
0.295933365997 0.25 0.285714285714 0.195017793594 0.255057167986
0.649191572758 0.25 0.685714285714 0.407117437722 0.479331574318
0.393924546791 0.0 0.371428571429 0.158007117438 0.201407211961
0.350808427242 0.0 0.314285714286 0.0982206405694 0.0316622691293
0.317001469868 0.0 0.285714285714 0.154448398577 0.153034300792
0.529152376286 0.0 0.542857142857 0.312455516014 0.414248021108
0.292993630573 0.25 0.257142857143 0.203558718861 0.212840809147
0.439000489956 0.25 0.457142857143 0.284697508897 0.370272647318
0.291033806957 0.25 0.285714285714 0.249822064057 0.277924362357
0.468397844194 0.25 0.457142857143 0.324555160142 0.399296394019
0.638902498775 0.25 0.685714285714 0.45409252669 0.540897097625
0.387065164135 0.0 0.371428571429 0.188612099644 0.169744942832
0.853503184713 0.5 0.885714285714 0.639857651246 0.779243623571
0.663400293974 0.5 0.714285714286 0.611387900356 0.738786279683
0.700146986771 0.25 0.771428571429 0.527402135231 0.679859278804
0.280744732974 0.25 0.257142857143 0.184341637011 0.170624450308
0.444879960804 0.25 0.457142857143 0.177224199288 0.182937554969
0.341009309162 0.0 0.314285714286 0.165836298932 0.124890061566
0.360607545321 0.25 0.314285714286 0.182918149466 0.198768689534
0.663890249878 0.0 0.685714285714 0.425622775801 0.423043095866
0.531112199902 0.5 0.514285714286 0.286120996441 0.297273526825
0.642332190103 0.25 0.657142857143 0.392170818505 0.53562005277
0.482606565409 0.0 0.428571428571 0.236298932384 0.31926121372
0.376286134248 0.0 0.342857142857 0.211387900356 0.255057167986
0.557079862812 0.0 0.571428571429 0.355871886121 0.44327176781
0.49877511024 0.25 0.428571428571 0.107473309609 0.0817941952507
0.613424791769 0.25 0.571428571429 0.331672597865 0.386103781882
0.461538461538 0.25 0.485714285714 0.35231316726 0.396657871592
0.274865262126 0.0 0.257142857143 0.118861209964 0.0598065083553
0.471827535522 0.25 0.457142857143 0.316725978648 0.389621811785
0.299363057325 0.0 0.257142857143 0.109608540925 0.0747581354442
0.624203821656 0.5 0.6 0.403558718861 0.499560246262
0.685938265556 0.25 0.742857142857 0.499644128114 0.599824098505
0.309652131308 0.0 0.257142857143 0.137366548043 0.108179419525
0.455658990691 0.75 0.457142857143 0.319572953737 0.393139841689
0.34443900049 0.25 0.314285714286 0.125978647687 0.114335971856
0.560019598236 0.0 0.6 0.390747330961 0.466138962181
