0.729799612153 0.0 0.7 0.700440528634 0.799575821845
0.910795087266 0.0 0.833333333333 0.790748898678 0.911983032874
0.85520361991 0.0 0.8 0.621145374449 0.723223753977
0.839689722043 0.0 0.8 0.855726872247 0.933191940615
0.747252747253 0.0 0.666666666667 0.564977973568 0.680805938494
0.789269553975 0.0 0.766666666667 0.668502202643 0.715800636267
0.702003878474 0.0 0.633333333333 0.558370044053 0.652173913043
0.804783451842 0.0 0.833333333333 0.857929515419 0.840933191941
0.992243051067 0.0 0.9 0.890969162996 0.986214209968
1.0 0.0 1.0 1.0 1.0
0.857789269554 0.0 0.766666666667 0.562775330396 0.664899257688
0.702003878474 0.0 0.6 0.483480176211 0.603393425239
0.702003878474 0.0 0.6 0.483480176211 0.603393425239
0.641241111829 0.0 0.6 0.526431718062 0.586426299046
0.851325145443 0.0 0.833333333333 0.892070484581 0.914103923648
0.630898513251 0.0 0.6 0.519823788546 0.568398727466
0.672268907563 0.0 0.6 0.558370044053 0.644750795334
0.67614738203 0.0 0.633333333333 0.601321585903 0.657476139979
0.67614738203 0.0 0.633333333333 0.601321585903 0.657476139979
0.782805429864 0.0 0.733333333333 0.670704845815 0.726405090138
0.702003878474 0.0 0.666666666667 0.594713656388 0.639448568399
0.758888170653 0.0 0.733333333333 0.605726872247 0.637327677625
0.67614738203 0.0 0.566666666667 0.483480176211 0.603393425239
0.799612152553 0.0 0.733333333333 0.573788546256 0.641569459173
0.626373626374 0.0 0.566666666667 0.5 0.569459172853
0.65869424693 0.0 0.6 0.581497797357 0.646871686108
0.755656108597 0.0 0.733333333333 0.730176211454 0.751855779427
0.847446670976 0.0 0.8 0.643171806167 0.686108165429
0.751777634131 0.0 0.633333333333 0.483480176211 0.603393425239
0.665158371041 0.0 0.6 0.5 0.569459172853
0.665158371041 0.0 0.6 0.5 0.569459172853
0.935358758888 0.0 0.866666666667 0.732378854626 0.790031813362
0.71687136393 0.0 0.666666666667 0.571585903084 0.621420996819
0.725274725275 0.0 0.7 0.646475770925 0.668080593849
0.689075630252 0.0 0.6 0.516519823789 0.604453870626
0.663219133807 0.0 0.633333333333 0.606828193833 0.63520678685
0.637362637363 0.0 0.533333333333 0.401982378855 0.507953340403
0.637362637363 0.0 0.533333333333 0.401982378855 0.507953340403
0.69941822883 0.0 0.666666666667 0.606828193833 0.63520678685
0.659340659341 0.0 0.566666666667 0.483480176211 0.574761399788
0.790562378798 0.0 0.733333333333 0.562775330396 0.611876988335
0.79185520362 0.0 0.666666666667 0.526431718062 0.643690349947
0.698771816419 0.0 0.666666666667 0.57268722467 0.600212089077
0.747252747253 0.0 0.666666666667 0.59140969163 0.663838812301
0.598577892696 0.0 0.566666666667 0.519823788546 0.550371155885
0.598577892696 0.0 0.566666666667 0.519823788546 0.550371155885
0.579185520362 0.0 0.533333333333 0.444933920705 0.49098621421
0.67614738203 0.0 0.566666666667 0.401982378855 0.507953340403
0.740788623142 0.0 0.666666666667 0.581497797357 0.646871686108
0.827407886231 0.0 0.8 0.693832599119 0.707317073171
0.784098254686 0.0 0.733333333333 0.679515418502 0.717921527041
0.633484162896 0.0 0.6 0.606828193833 0.63520678685
0.729799612153 0.0 0.633333333333 0.503303964758 0.591728525981
0.607627666451 0.0 0.5 0.401982378855 0.507953340403
0.607627666451 0.0 0.5 0.401982378855 0.507953340403
0.623141564318 0.0 0.566666666667 0.48127753304 0.53446447508
0.697478991597 0.0 0.633333333333 0.56718061674 0.623541887593
0.682611506141 0.0 0.566666666667 0.483480176211 0.592788971368
0.842275371687 0.0 0.733333333333 0.727973568282 0.819724284199
0.727213962508 0.0 0.666666666667 0.606828193833 0.656415694592
0.770523594053 0.0 0.7 0.579295154185 0.636267232238
0.536522301228 0.0 0.5 0.438325991189 0.47295864263
0.568842921784 0.0 0.533333333333 0.519823788546 0.550371155885
0.549450549451 0.0 0.5 0.444933920705 0.49098621421
0.646412411118 0.0 0.533333333333 0.401982378855 0.507953340403
0.725274725275 0.0 0.7 0.703744493392 0.71474019088
0.656755009696 0.0 0.6 0.606828193833 0.653234358431
0.533936651584 0.0 0.466666666667 0.444933920705 0.50901378579
0.862314156432 0.0 0.733333333333 0.546255506608 0.656415694592
0.782805429864 0.0 0.766666666667 0.777533039648 0.774125132556
0.851971557854 0.0 0.8 0.740088105727 0.769883351007
0.607627666451 0.0 0.566666666667 0.519823788546 0.550371155885
0.588235294118 0.0 0.533333333333 0.444933920705 0.49098621421
0.572721396251 0.0 0.5 0.444933920705 0.50901378579
0.717517776341 0.0 0.666666666667 0.726872246696 0.759278897137
0.605042016807 0.0 0.533333333333 0.519823788546 0.580063626723
0.581771170006 0.0 0.466666666667 0.401982378855 0.507953340403
0.778280542986 0.0 0.666666666667 0.526431718062 0.618239660657
0.749191984486 0.0 0.733333333333 0.618942731278 0.615058324496
0.683257918552 0.0 0.633333333333 0.602422907489 0.63520678685
0.617970265029 0.0 0.5 0.401982378855 0.507953340403
0.695539754363 0.0 0.666666666667 0.702643171806 0.712619300106
0.632837750485 0.0 0.566666666667 0.5 0.551431601273
0.733678086619 0.0 0.666666666667 0.688325991189 0.733828207847
0.535875888817 0.0 0.5 0.468061674009 0.493107104984
0.655462184874 0.0 0.6 0.569383259912 0.607635206787
0.523594053006 0.0 0.466666666667 0.444933920705 0.49098621421
0.523594053006 0.0 0.466666666667 0.444933920705 0.49098621421
0.523594053006 0.0 0.466666666667 0.444933920705 0.49098621421
0.620555914674 0.0 0.5 0.401982378855 0.507953340403
0.620555914674 0.0 0.5 0.401982378855 0.507953340403
0.508080155139 0.0 0.433333333333 0.444933920705 0.50901378579
0.508080155139 0.0 0.433333333333 0.444933920705 0.50901378579
0.508080155139 0.0 0.433333333333 0.444933920705 0.50901378579
0.654815772463 0.0 0.6 0.520925110132 0.557794273595
0.579185520362 0.0 0.533333333333 0.519823788546 0.550371155885
0.704589528119 0.0 0.733333333333 0.662995594714 0.610816542948
0.671622495152 0.0 0.6 0.5 0.551431601273
0.76276664512 0.0 0.733333333333 0.568281938326 0.572640509014
0.594053005818 0.0 0.566666666667 0.536343612335 0.546129374337
0.570782159017 0.0 0.5 0.418502202643 0.474019088017
0.594053005818 0.0 0.566666666667 0.54295154185 0.55249204666
0.594053005818 0.0 0.566666666667 0.54295154185 0.55249204666
0.549450549451 0.0 0.5 0.438325991189 0.47295864263
0.574660633484 0.0 0.533333333333 0.468061674009 0.493107104984
0.617970265029 0.0 0.566666666667 0.525330396476 0.557794273595
0.733031674208 0.0 0.666666666667 0.558370044053 0.600212089077
0.603102779573 0.0 0.533333333333 0.5 0.551431601273
0.60698125404 0.0 0.566666666667 0.54295154185 0.564156945917
0.581771170006 0.0 0.533333333333 0.519823788546 0.550371155885
0.562378797673 0.0 0.5 0.444933920705 0.49098621421
0.568196509373 0.0 0.466666666667 0.425110132159 0.510074231177
0.695539754363 0.0 0.6 0.416299559471 0.489925768823
0.655462184874 0.0 0.6 0.552863436123 0.586426299046
0.546864899806 0.0 0.466666666667 0.444933920705 0.50901378579
0.546864899806 0.0 0.466666666667 0.444933920705 0.50901378579
0.592760180995 0.0 0.5 0.421806167401 0.496288441145
0.668390433096 0.0 0.666666666667 0.638766519824 0.616118769883
0.571428571429 0.0 0.5 0.444933920705 0.498409331919
0.694246929541 0.0 0.666666666667 0.562775330396 0.565217391304
0.692954104719 0.0 0.666666666667 0.506607929515 0.507953340403
0.605042016807 0.0 0.566666666667 0.552863436123 0.569459172853
0.682611506141 0.0 0.566666666667 0.435022026432 0.52704135737
0.725921137686 0.0 0.633333333333 0.509911894273 0.575821845175
0.632837750485 0.0 0.6 0.536343612335 0.546129374337
0.62443438914 0.0 0.5 0.422907488987 0.525980911983
0.49709114415 0.0 0.466666666667 0.461453744493 0.475079533404
0.49709114415 0.0 0.466666666667 0.461453744493 0.475079533404
0.64188752424 0.0 0.566666666667 0.5 0.551431601273
0.64188752424 0.0 0.566666666667 0.5 0.551431601273
0.64188752424 0.0 0.566666666667 0.5 0.551431601273
0.645765998707 0.0 0.6 0.54295154185 0.564156945917
0.529411764706 0.0 0.5 0.54295154185 0.55249204666
0.510019392372 0.0 0.466666666667 0.468061674009 0.493107104984
0.60698125404 0.0 0.5 0.425110132159 0.510074231177
0.578539107951 0.0 0.5 0.464757709251 0.521739130435
0.533290239173 0.0 0.5 0.461453744493 0.475079533404
0.645765998707 0.0 0.6 0.452643171806 0.474019088017
0.798319327731 0.0 0.666666666667 0.544052863436 0.643690349947
0.659987071752 0.0 0.6 0.552863436123 0.586426299046
0.678086619263 0.0 0.6 0.5 0.551431601273
0.91919844861 0.0 0.833333333333 0.814977973568 0.860021208908
0.781512605042 0.0 0.766666666667 0.75550660793 0.735949098621
0.565610859729 0.0 0.533333333333 0.54295154185 0.55249204666
0.546218487395 0.0 0.5 0.468061674009 0.493107104984
0.553329023917 0.0 0.5 0.459251101322 0.49098621421
0.698125404008 0.0 0.6 0.497797356828 0.567338282078
0.672268907563 0.0 0.633333333333 0.578193832599 0.58854718982
0.585649644473 0.0 0.533333333333 0.540748898678 0.568398727466
0.611506140918 0.0 0.533333333333 0.444933920705 0.498409331919
0.62443438914 0.0 0.566666666667 0.477973568282 0.510074231177
0.814479638009 0.0 0.733333333333 0.562775330396 0.608695652174
0.572721396251 0.0 0.5 0.363436123348 0.413573700954
0.535875888817 0.0 0.5 0.461453744493 0.475079533404
0.535875888817 0.0 0.5 0.461453744493 0.475079533404
0.676793794441 0.0 0.633333333333 0.61013215859 0.623541887593
0.672915319974 0.0 0.6 0.529735682819 0.573700954401
0.661926308985 0.0 0.566666666667 0.468061674009 0.535524920467
0.617970265029 0.0 0.566666666667 0.468061674009 0.493107104984
0.617970265029 0.0 0.5 0.435022026432 0.52704135737
0.685197155785 0.0 0.666666666667 0.665198237885 0.652173913043
0.550096961862 0.0 0.533333333333 0.424008810573 0.417815482503
0.688429217841 0.0 0.666666666667 0.587004405286 0.577942735949
0.568196509373 0.0 0.533333333333 0.54295154185 0.55249204666
0.816418875242 0.0 0.733333333333 0.569383259912 0.616118769883
0.592113768584 0.0 0.533333333333 0.525330396476 0.557794273595
0.62443438914 0.0 0.6 0.568281938326 0.564156945917
0.737556561086 0.0 0.666666666667 0.517621145374 0.555673382821
0.650290885585 0.0 0.566666666667 0.418502202643 0.474019088017
0.611506140918 0.0 0.5 0.425110132159 0.510074231177
0.78021978022 0.0 0.666666666667 0.596916299559 0.674443266172
0.627020038785 0.0 0.566666666667 0.488986784141 0.520678685048
0.678086619263 0.0 0.666666666667 0.546255506608 0.525980911983
0.645765998707 0.0 0.566666666667 0.520925110132 0.569459172853
0.659340659341 0.0 0.566666666667 0.428414096916 0.49098621421
0.773109243697 0.0 0.733333333333 0.704845814978 0.706256627784
0.62443438914 0.0 0.533333333333 0.495594713656 0.556733828208
0.737556561086 0.0 0.6 0.444933920705 0.548250265111
0.672268907563 0.0 0.566666666667 0.435022026432 0.50901378579
0.70523594053 0.0 0.6 0.472466960352 0.544008483563
0.540400775695 0.0 0.5 0.461453744493 0.475079533404
0.685197155785 0.0 0.6 0.5 0.551431601273
0.685197155785 0.0 0.6 0.5 0.551431601273
0.630898513251 0.0 0.566666666667 0.525330396476 0.557794273595
0.665804783452 0.0 0.566666666667 0.425110132159 0.492046659597
0.665804783452 0.0 0.566666666667 0.425110132159 0.492046659597
0.553329023917 0.0 0.5 0.468061674009 0.493107104984
0.553329023917 0.0 0.5 0.468061674009 0.493107104984
0.575307045895 0.0 0.5 0.438325991189 0.484623541888
0.562378797673 0.0 0.5 0.525330396476 0.557794273595
0.611506140918 0.0 0.566666666667 0.547356828194 0.559915164369
0.643180349063 0.0 0.566666666667 0.487885462555 0.531283138918
0.667097608274 0.0 0.6 0.525330396476 0.557794273595
0.662572721396 0.0 0.6 0.487885462555 0.516436903499
0.678086619263 0.0 0.6 0.487885462555 0.531283138918
0.630898513251 0.0 0.566666666667 0.546255506608 0.575821845175
0.617970265029 0.0 0.566666666667 0.552863436123 0.569459172853
0.637362637363 0.0 0.6 0.539647577093 0.539766702015
0.625727213963 0.0 0.566666666667 0.511013215859 0.533404029692
0.654169360052 0.0 0.633333333333 0.525330396476 0.506892895016
