0.324836601307 0.0 0.259259259259 0.184829059829 0.128787878788
0.342483660131 0.0 0.259259259259 0.105769230769 0.0151515151515
0.471895424837 0.25 0.37037037037 0.105769230769 0.0151515151515
0.762745098039 0.25 0.666666666667 0.257478632479 0.246212121212
0.562091503268 0.25 0.592592592593 0.623931623932 0.646464646465
0.447058823529 0.0 0.444444444444 0.395299145299 0.383838383838
0.607843137255 0.5 0.62962962963 0.589743589744 0.611111111111
0.557516339869 0.25 0.592592592593 0.623931623932 0.646464646465
0.42614379085 0.25 0.37037037037 0.184829059829 0.128787878788
0.472549019608 0.25 0.481481481481 0.497863247863 0.441919191919
0.390196078431 0.25 0.333333333333 0.24358974359 0.22095959596
0.466666666667 0.5 0.444444444444 0.352564102564 0.396464646465
0.727450980392 1.0 0.703703703704 0.684829059829 0.789141414141
0.677124183007 0.5 0.666666666667 0.649572649573 0.77398989899
0.543790849673 0.5 0.592592592593 0.46688034188 0.531565656566
0.396732026144 0.0 0.407407407407 0.363247863248 0.361111111111
0.769281045752 0.5 0.703703703704 0.600427350427 0.546717171717
0.612418300654 0.5 0.481481481481 0.173076923077 0.0719696969697
0.42614379085 0.0 0.37037037037 0.211538461538 0.198232323232
0.422222222222 0.0 0.37037037037 0.220085470085 0.133838383838
0.826797385621 0.25 0.888888888889 0.885683760684 0.949494949495
0.375163398693 0.0 0.333333333333 0.290598290598 0.311868686869
0.459477124183 0.25 0.407407407407 0.366452991453 0.300505050505
1.0 0.75 1.0 0.845085470085 0.931818181818
0.466013071895 0.25 0.444444444444 0.393162393162 0.369949494949
0.575163398693 0.25 0.592592592593 0.544871794872 0.532828282828
0.538562091503 0.5 0.555555555556 0.536324786325 0.582070707071
0.71045751634 0.75 0.740740740741 0.682692307692 0.664141414141
0.769281045752 0.25 0.703703703704 0.46047008547 0.310606060606
0.611764705882 0.75 0.518518518519 0.28311965812 0.305555555556
0.492156862745 0.25 0.518518518519 0.544871794872 0.532828282828
0.505882352941 0.25 0.555555555556 0.583333333333 0.67297979798
0.897385620915 0.75 0.851851851852 0.646367521368 0.912878787879
0.792810457516 0.75 0.777777777778 0.608974358974 0.800505050505
0.592156862745 0.25 0.481481481481 0.241452991453 0.256313131313
0.69477124183 0.75 0.592592592593 0.28311965812 0.305555555556
0.838562091503 1.0 0.740740740741 0.461538461538 0.616161616162
0.769281045752 0.75 0.777777777778 0.518162393162 0.433080808081
0.852287581699 0.75 0.740740740741 0.351495726496 0.382575757576
0.708496732026 0.5 0.62962962963 0.324786324786 0.234848484848
0.414379084967 0.25 0.407407407407 0.431623931624 0.510101010101
0.39477124183 0.25 0.37037037037 0.384615384615 0.419191919192
0.574509803922 0.25 0.518518518519 0.391025641026 0.388888888889
0.479738562092 0.5 0.407407407407 0.334401709402 0.277777777778
0.514379084967 0.0 0.407407407407 0.370726495726 0.301767676768
0.652941176471 0.5 0.666666666667 0.605769230769 0.570707070707
0.748366013072 0.5 0.740740740741 0.621794871795 0.665404040404
0.639869281046 0.75 0.592592592593 0.475427350427 0.47601010101
0.787581699346 0.25 0.925925925926 1.0 1.0
0.702614379085 0.25 0.777777777778 0.801282051282 0.746212121212
0.83660130719 0.5 0.777777777778 0.519230769231 0.671717171717
0.775163398693 0.25 0.740740740741 0.519230769231 0.671717171717
0.890849673203 0.5 0.888888888889 0.747863247863 0.897727272727
0.753594771242 0.25 0.740740740741 0.657051282051 0.819444444444
0.604575163399 0.75 0.592592592593 0.352564102564 0.396464646465
0.714379084967 0.75 0.666666666667 0.471153846154 0.594696969697
0.722222222222 0.25 0.666666666667 0.455128205128 0.337121212121
0.621568627451 0.75 0.592592592593 0.352564102564 0.396464646465
0.496732026144 0.25 0.444444444444 0.334401709402 0.277777777778
0.918954248366 1.0 0.888888888889 0.708333333333 0.569444444444
0.681699346405 0.75 0.592592592593 0.339743589744 0.416666666667
0.508496732026 0.25 0.407407407407 0.105769230769 0.0151515151515
0.701307189542 0.25 0.666666666667 0.467948717949 0.602272727273
0.56862745098 0.5 0.555555555556 0.431623931624 0.510101010101
0.632679738562 0.0 0.703703703704 0.731837606838 0.695707070707
0.684967320261 0.0 0.777777777778 0.811965811966 0.710858585859
0.827450980392 0.75 0.814814814815 0.67094017094 0.607323232323
0.682352941176 0.5 0.555555555556 0.173076923077 0.0719696969697
0.67385620915 0.0 0.592592592593 0.444444444444 0.362373737374
0.554901960784 0.25 0.481481481481 0.221153846154 0.218434343434
0.522875816993 0.25 0.481481481481 0.413461538462 0.391414141414
0.409803921569 0.5 0.333333333333 0.235042735043 0.195707070707
0.588235294118 0.75 0.518518518519 0.34188034188 0.397727272727
0.778431372549 0.5 0.814814814815 0.742521367521 0.65404040404
0.555555555556 0.25 0.518518518519 0.388888888889 0.488636363636
0.367973856209 0.0 0.333333333333 0.211538461538 0.198232323232
0.465359477124 0.25 0.444444444444 0.257478632479 0.17803030303
0.298692810458 0.0 0.222222222222 0.184829059829 0.128787878788
0.400653594771 0.0 0.333333333333 0.184829059829 0.128787878788
0.72091503268 0.5 0.666666666667 0.511752136752 0.568181818182
