0.750277469478 0.0 0.84375 0.707547169811 0.735092864125
0.530521642619 0.0 0.59375 0.5 0.548387096774
0.693673695893 0.0 0.78125 0.675471698113 0.663734115347
0.710900473934 0.0 0.678571428571 0.571081409478 0.678313253012
0.816315205327 0.0 0.875 0.685849056604 0.701857282502
0.741398446171 0.0 0.8125 0.76320754717 0.757575757576
0.863236289777 0.0 0.785714285714 0.663426488457 0.798795180723
0.670277589709 0.0 0.607142857143 0.526123936817 0.644578313253
0.670277589709 0.0 0.607142857143 0.526123936817 0.644578313253
0.660798916723 0.0 0.642857142857 0.573511543135 0.64578313253
0.724441435342 0.0 0.642857142857 0.533414337789 0.665060240964
0.713096559378 0.0 0.71875 0.551886792453 0.593352883675
0.860528097495 0.0 0.821428571429 0.861482381531 0.939759036145
0.755585646581 0.0 0.678571428571 0.549210206561 0.665060240964
0.840216655383 0.0 0.785714285714 0.608748481166 0.697590361446
0.752877454299 0.0 0.714285714286 0.663426488457 0.734939759036
0.820209973753 0.0 0.740740740741 0.588516746411 0.700421940928
0.820209973753 0.0 0.740740740741 0.588516746411 0.700421940928
0.803551609323 0.0 0.84375 0.699056603774 0.69110459433
0.735274204469 0.0 0.714285714286 0.6695018226 0.721686746988
0.674339878131 0.0 0.571428571429 0.443499392467 0.577108433735
0.752200406229 0.0 0.714285714286 0.628189550425 0.695180722892
0.559241706161 0.0 0.5 0.490886998785 0.578313253012
0.561949898443 0.0 0.535714285714 0.483596597813 0.53734939759
0.880839539607 0.0 0.892857142857 0.77035236938 0.785542168675
0.765741367637 0.0 0.714285714286 0.704738760632 0.78313253012
0.690344062153 0.0 0.75 0.556603773585 0.521994134897
0.599864590386 0.0 0.535714285714 0.481166464156 0.569879518072
0.878131347326 0.0 0.857142857143 0.773997569866 0.819277108434
0.566012186865 0.0 0.535714285714 0.483596597813 0.53734939759
0.599864590386 0.0 0.535714285714 0.490886998785 0.578313253012
0.602572782668 0.0 0.571428571429 0.483596597813 0.53734939759
0.719025050779 0.0 0.678571428571 0.628189550425 0.690361445783
0.708192281652 0.0 0.678571428571 0.656136087485 0.706024096386
0.708192281652 0.0 0.678571428571 0.692588092345 0.742168674699
0.534867975626 0.0 0.5 0.483596597813 0.53734939759
0.690589031821 0.0 0.642857142857 0.573511543135 0.638554216867
0.68788083954 0.0 0.571428571429 0.443499392467 0.577108433735
0.668923493568 0.0 0.642857142857 0.619684082625 0.66265060241
0.585646580907 0.0 0.571428571429 0.509113001215 0.539759036145
0.611374407583 0.0 0.535714285714 0.469015795869 0.559036144578
0.611374407583 0.0 0.535714285714 0.469015795869 0.559036144578
0.575490859851 0.0 0.535714285714 0.483596597813 0.53734939759
0.588354773189 0.0 0.571428571429 0.509113001215 0.539759036145
0.589031821259 0.0 0.535714285714 0.490886998785 0.557831325301
0.772511848341 0.0 0.75 0.778857837181 0.812048192771
0.638456330399 0.0 0.571428571429 0.461725394897 0.538554216867
0.830737982397 0.0 0.821428571429 0.741190765492 0.760240963855
0.60595802302 0.0 0.535714285714 0.512758201701 0.592771084337
0.559241706161 0.0 0.5 0.400972053463 0.469879518072
0.534190927556 0.0 0.5 0.516403402187 0.560240963855
0.534190927556 0.0 0.5 0.516403402187 0.560240963855
0.618821936357 0.0 0.571428571429 0.538274605103 0.595180722892
0.759647935003 0.0 0.75 0.782503037667 0.8
0.712254570074 0.0 0.642857142857 0.461725394897 0.538554216867
0.818551117129 0.0 0.785714285714 0.925880923451 0.966265060241
0.593094109682 0.0 0.535714285714 0.51397326853 0.578313253012
0.72173324306 0.0 0.642857142857 0.546780072904 0.632530120482
0.90182802979 0.0 0.892857142857 0.980558930741 0.996385542169
0.700744752877 0.0 0.678571428571 0.591737545565 0.620481927711
0.663507109005 0.0 0.607142857143 0.567436208991 0.628915662651
0.528097494922 0.0 0.464285714286 0.400972053463 0.469879518072
0.643195666892 0.0 0.571428571429 0.461725394897 0.538554216867
0.722410291131 0.0 0.678571428571 0.680437424058 0.728915662651
0.60663507109 0.0 0.535714285714 0.490886998785 0.566265060241
0.647257955315 0.0 0.607142857143 0.538274605103 0.581927710843
0.529527559055 0.0 0.481481481481 0.346889952153 0.398030942335
0.714962762356 0.0 0.642857142857 0.551640340219 0.626506024096
0.830737982397 0.0 0.75 0.538274605103 0.621686746988
0.381243063263 0.0 0.40625 0.390566037736 0.367546432063
0.67163168585 0.0 0.642857142857 0.509113001215 0.539759036145
0.589031821259 0.0 0.535714285714 0.579586877278 0.633734939759
0.691943127962 0.0 0.642857142857 0.59659781288 0.64578313253
0.846987136087 0.0 0.785714285714 0.736330498177 0.797590361446
1.0 0.0 1.0 1.0 1.0
0.72105619499 0.0 0.678571428571 0.622114216282 0.66265060241
0.903859174001 0.0 0.785714285714 0.699878493317 0.815662650602
0.710900473934 0.0 0.642857142857 0.546780072904 0.612048192771
0.612051455653 0.0 0.642857142857 0.704738760632 0.671084337349
0.920108327691 0.0 0.857142857143 0.885783718104 0.94578313253
0.91875423155 0.0 0.857142857143 0.772782503038 0.831325301205
0.823967501693 0.0 0.785714285714 0.742405832321 0.777108433735
0.629654705484 0.0 0.571428571429 0.579586877278 0.633734939759
0.411764705882 0.0 0.4375 0.337735849057 0.307917888563
0.756262694651 0.0 0.678571428571 0.571081409478 0.644578313253
0.664861205146 0.0 0.607142857143 0.527339003645 0.579518072289
0.814488828707 0.0 0.714285714286 0.636695018226 0.730120481928
0.509433962264 0.0 0.5625 0.529245283019 0.469208211144
0.766418415708 0.0 0.678571428571 0.585662211422 0.666265060241
0.710223425863 0.0 0.642857142857 0.588092345079 0.648192771084
0.654028436019 0.0 0.607142857143 0.616038882139 0.655421686747
0.627623561273 0.0 0.571428571429 0.584447144593 0.632530120482
0.740690589032 0.0 0.714285714286 0.647630619684 0.665060240964
0.742721733243 0.0 0.642857142857 0.563791008505 0.65421686747
0.633716993907 0.0 0.607142857143 0.686512758202 0.703614457831
0.562153163152 0.0 0.625 0.514150943396 0.44183773216
0.727826675694 0.0 0.678571428571 0.573511543135 0.613253012048
0.492785793563 0.0 0.53125 0.357547169811 0.30889540567
0.632362897766 0.0 0.642857142857 0.656136087485 0.634939759036
0.817197020988 0.0 0.75 0.597812879708 0.65421686747
