0.606547619048 0.5 0.607142857143 0.375294117647 0.415977961433
0.485714285714 0.0 0.428571428571 0.335294117647 0.271349862259
0.514285714286 0.0 0.5 0.432941176471 0.406336088154
0.61369047619 0.5 0.642857142857 0.597647058824 0.62258953168
0.579166666667 0.125 0.607142857143 0.658823529412 0.684573002755
0.314285714286 0.125 0.285714285714 0.323529411765 0.331955922865
0.581547619048 0.5 0.535714285714 0.317647058824 0.198347107438
0.627380952381 0.625 0.607142857143 0.52 0.382920110193
0.704761904762 0.25 0.785714285714 0.778823529412 0.721763085399
0.376785714286 0.25 0.321428571429 0.312941176471 0.230027548209
0.464285714286 0.25 0.464285714286 0.414117647059 0.429752066116
0.43630952381 0.125 0.428571428571 0.455294117647 0.426997245179
0.62380952381 0.625 0.607142857143 0.469411764706 0.438016528926
0.371428571429 0.125 0.357142857143 0.296470588235 0.235537190083
0.51369047619 0.375 0.464285714286 0.328235294118 0.353994490358
0.65 0.375 0.607142857143 0.592941176471 0.52479338843
0.698214285714 0.5 0.642857142857 0.497647058824 0.48347107438
0.455952380952 0.25 0.392857142857 0.255294117647 0.179063360882
0.432738095238 0.125 0.5 0.427058823529 0.479338842975
0.633928571429 0.0 0.571428571429 0.464705882353 0.370523415978
0.6625 0.125 0.642857142857 0.590588235294 0.487603305785
0.61369047619 0.5 0.642857142857 0.597647058824 0.62258953168
0.619642857143 0.25 0.535714285714 0.469411764706 0.398071625344
0.402380952381 0.0 0.357142857143 0.416470588235 0.367768595041
0.428571428571 0.5 0.392857142857 0.248235294118 0.192837465565
0.58630952381 0.5 0.571428571429 0.430588235294 0.424242424242
0.669047619048 0.875 0.642857142857 0.414117647059 0.45867768595
0.746428571429 0.75 0.75 0.562352941176 0.619834710744
0.715476190476 0.375 0.785714285714 0.701176470588 0.68044077135
0.67380952381 0.5 0.714285714286 0.649411764706 0.581267217631
0.391666666667 0.0 0.392857142857 0.248235294118 0.192837465565
0.770238095238 0.125 0.857142857143 0.901176470588 0.889807162534
0.863095238095 0.625 0.892857142857 0.798823529412 0.764462809917
0.807142857143 0.375 0.821428571429 0.763529411765 0.584022038567
0.579166666667 0.0 0.571428571429 0.542352941176 0.586776859504
0.357738095238 0.0 0.321428571429 0.261176470588 0.209366391185
0.564880952381 0.375 0.571428571429 0.597647058824 0.523415977961
0.607738095238 0.0 0.607142857143 0.490588235294 0.428374655647
0.5 0.25 0.464285714286 0.3 0.363636363636
0.268452380952 0.25 0.178571428571 0.116470588235 0.0165289256198
0.455952380952 0.0 0.428571428571 0.438823529412 0.367768595041
0.499404761905 0.75 0.464285714286 0.349411764706 0.418732782369
0.718452380952 0.125 0.785714285714 0.811764705882 0.862258953168
0.391071428571 0.125 0.392857142857 0.317647058824 0.30303030303
0.554166666667 0.625 0.607142857143 0.650588235294 0.706611570248
0.785714285714 0.625 0.857142857143 0.871764705882 0.816804407713
0.552380952381 0.375 0.571428571429 0.285882352941 0.263085399449
0.671428571429 0.875 0.642857142857 0.401176470588 0.431129476584
0.671428571429 0.875 0.642857142857 0.401176470588 0.431129476584
0.430952380952 0.0 0.428571428571 0.250588235294 0.150137741047
0.857142857143 0.375 0.928571428571 0.997647058824 0.977961432507
0.811904761905 0.375 0.857142857143 0.883529411765 0.792011019284
0.620238095238 0.625 0.607142857143 0.471764705882 0.420110192837
0.785714285714 0.625 0.857142857143 0.871764705882 0.816804407713
0.575595238095 0.5 0.571428571429 0.521176470588 0.611570247934
0.75119047619 0.75 0.75 0.710588235294 0.776859504132
0.641666666667 0.5 0.642857142857 0.495294117647 0.512396694215
0.497619047619 0.125 0.464285714286 0.42 0.376033057851
0.47619047619 0.0 0.392857142857 0.296470588235 0.239669421488
0.521428571429 0.0 0.428571428571 0.335294117647 0.238292011019
0.775 0.625 0.785714285714 0.744705882353 0.903581267218
0.470238095238 0.25 0.428571428571 0.322352941176 0.254820936639
0.620238095238 0.25 0.607142857143 0.457647058824 0.318181818182
0.815476190476 0.75 0.857142857143 0.767058823529 0.728650137741
0.591071428571 0.625 0.571428571429 0.472941176471 0.522038567493
0.690476190476 1.0 0.678571428571 0.607058823529 0.669421487603
0.671428571429 0.375 0.678571428571 0.616470588235 0.687327823691
0.821428571429 0.5 0.857142857143 0.842352941176 0.882920110193
0.507738095238 0.0 0.464285714286 0.450588235294 0.476584022039
0.656547619048 0.25 0.607142857143 0.543529411765 0.428374655647
0.621428571429 0.25 0.678571428571 0.664705882353 0.714876033058
0.495833333333 0.0 0.5 0.424705882353 0.380165289256
0.514285714286 0.0 0.5 0.432941176471 0.406336088154
0.497619047619 0.125 0.464285714286 0.42 0.376033057851
0.352976190476 0.0 0.321428571429 0.312941176471 0.230027548209
0.622023809524 0.375 0.642857142857 0.549411764706 0.629476584022
0.77619047619 0.75 0.75 0.618823529412 0.62258953168
0.55 0.375 0.535714285714 0.46 0.363636363636
0.467857142857 0.375 0.392857142857 0.391764705882 0.329201101928
0.5375 0.375 0.571428571429 0.512941176471 0.498622589532
0.7 0.625 0.678571428571 0.592941176471 0.676308539945
0.717857142857 0.5 0.714285714286 0.630588235294 0.714876033058
0.697023809524 0.0 0.75 0.743529411765 0.699724517906
0.679166666667 0.0 0.714285714286 0.690588235294 0.707988980716
0.5375 0.375 0.571428571429 0.512941176471 0.498622589532
0.801785714286 0.25 0.785714285714 0.745882352941 0.665289256198
0.544047619048 0.125 0.535714285714 0.323529411765 0.400826446281
0.497619047619 0.125 0.464285714286 0.42 0.376033057851
0.89880952381 0.25 0.892857142857 0.762352941176 0.734159779614
0.535714285714 0.25 0.571428571429 0.489411764706 0.415977961433
0.750595238095 0.25 0.75 0.775294117647 0.717630853994
1.0 0.875 1.0 0.843529411765 1.0
0.720833333333 0.25 0.821428571429 1.0 0.953168044077
0.597023809524 0.25 0.642857142857 0.663529411765 0.618457300275
0.746428571429 0.25 0.714285714286 0.598823529412 0.568870523416
0.775 0.625 0.785714285714 0.744705882353 0.903581267218
0.451785714286 0.375 0.428571428571 0.271764705882 0.219008264463
0.775595238095 0.5 0.821428571429 0.836470588235 0.932506887052
0.566666666667 0.0 0.535714285714 0.490588235294 0.400826446281
0.555357142857 0.0 0.535714285714 0.48 0.465564738292
