0.921280853903 0.0 0.928571428571 0.789838337182 0.849498327759
0.903268845897 0.0 0.892857142857 0.675519630485 0.726867335563
0.834556370914 0.0 0.821428571429 0.742494226328 0.800445930881
0.761841227485 0.0 0.678571428571 0.506928406467 0.634336677815
0.793195463642 0.0 0.821428571429 0.758660508083 0.771460423634
0.911941294196 0.0 0.928571428571 0.806004618938 0.819397993311
0.684456304203 0.0 0.678571428571 0.630484988453 0.678929765886
0.673782521681 0.0 0.607142857143 0.506928406467 0.615384615385
0.661107404937 0.0 0.607142857143 0.527713625866 0.622073578595
0.697798532355 0.0 0.607142857143 0.506928406467 0.634336677815
0.954636424283 0.0 0.892857142857 0.770207852194 0.847268673356
0.744496330887 0.0 0.678571428571 0.521939953811 0.615384615385
0.624416277518 0.0 0.607142857143 0.545034642032 0.597547380156
1.0 0.0 1.0 0.926096997691 0.933110367893
0.839893262175 0.0 0.785714285714 0.690531177829 0.76254180602
0.993328885924 0.0 1.0 1.0 1.0
0.739159439626 0.0 0.678571428571 0.5 0.585284280936
0.731154102735 0.0 0.678571428571 0.620092378753 0.697881828317
0.897264843229 0.0 0.892857142857 0.85103926097 0.86845039019
0.788525683789 0.0 0.714285714286 0.541570438799 0.635451505017
0.818545697131 0.0 0.821428571429 0.695150115473 0.707915273133
0.76050700467 0.0 0.785714285714 0.706697459584 0.70011148272
0.834556370914 0.0 0.785714285714 0.740184757506 0.801560758082
0.799866577718 0.0 0.678571428571 0.504618937644 0.639910813824
0.811207471648 0.0 0.785714285714 0.615473441109 0.652173913043
0.617745163442 0.0 0.571428571429 0.466512702079 0.535117056856
0.584389593062 0.0 0.571428571429 0.459584295612 0.497212931996
0.63775850567 0.0 0.607142857143 0.636258660508 0.686733556299
0.677785190127 0.0 0.642857142857 0.636258660508 0.686733556299
0.837224816544 0.0 0.785714285714 0.614318706697 0.667781493868
0.587058038692 0.0 0.571428571429 0.545034642032 0.578595317726
0.650433622415 0.0 0.571428571429 0.445727482679 0.536231884058
0.700466977985 0.0 0.678571428571 0.623556581986 0.653288740245
0.845230153436 0.0 0.857142857143 0.815242494226 0.800445930881
0.667111407605 0.0 0.642857142857 0.538106235566 0.571906354515
0.551034022682 0.0 0.5 0.466512702079 0.535117056856
0.780520346898 0.0 0.75 0.620092378753 0.651059085842
0.802535023349 0.0 0.785714285714 0.653579676674 0.66889632107
0.817211474316 0.0 0.785714285714 0.68129330254 0.710144927536
0.828552368245 0.0 0.785714285714 0.642032332564 0.68115942029
0.591060707138 0.0 0.535714285714 0.466512702079 0.535117056856
0.591060707138 0.0 0.535714285714 0.466512702079 0.535117056856
0.600400266845 0.0 0.5 0.421478060046 0.534002229654
0.705136757839 0.0 0.642857142857 0.643187066975 0.709030100334
0.813208805871 0.0 0.714285714286 0.551963048499 0.646599777035
0.640426951301 0.0 0.535714285714 0.421478060046 0.534002229654
0.640426951301 0.0 0.535714285714 0.421478060046 0.534002229654
0.664442961975 0.0 0.571428571429 0.456120092379 0.554069119287
0.695130086724 0.0 0.714285714286 0.672055427252 0.655518394649
0.695130086724 0.0 0.607142857143 0.445727482679 0.536231884058
0.595730486991 0.0 0.535714285714 0.466512702079 0.535117056856
0.881921280854 0.0 0.892857142857 0.983833718245 0.960981047938
0.949299533022 0.0 0.964285714286 0.814087759815 0.78149386845
0.63775850567 0.0 0.607142857143 0.550808314088 0.586399108138
0.671114076051 0.0 0.642857142857 0.560046189376 0.590858416945
0.792528352235 0.0 0.714285714286 0.538106235566 0.609810479376
0.671114076051 0.0 0.607142857143 0.519630484988 0.585284280936
0.560373582388 0.0 0.535714285714 0.545034642032 0.578595317726
0.660440293529 0.0 0.571428571429 0.443418013857 0.534002229654
0.724482988659 0.0 0.678571428571 0.566974595843 0.609810479376
0.720480320213 0.0 0.642857142857 0.521939953811 0.596432552954
0.593062041361 0.0 0.571428571429 0.490762124711 0.518394648829
0.589059372915 0.0 0.535714285714 0.438799076212 0.498327759197
0.687124749833 0.0 0.607142857143 0.43648960739 0.515050167224
0.673782521681 0.0 0.571428571429 0.421478060046 0.522853957637
0.611741160774 0.0 0.535714285714 0.442263279446 0.521739130435
0.629086057372 0.0 0.571428571429 0.438799076212 0.498327759197
0.717811874583 0.0 0.678571428571 0.545034642032 0.579710144928
0.586390927285 0.0 0.5 0.445727482679 0.536231884058
0.60173448966 0.0 0.535714285714 0.466512702079 0.535117056856
0.704469646431 0.0 0.714285714286 0.736720554273 0.721293199554
0.564376250834 0.0 0.5 0.466512702079 0.535117056856
0.735156771181 0.0 0.714285714286 0.562355658199 0.574136008919
0.607071380921 0.0 0.571428571429 0.550808314088 0.586399108138
0.759839893262 0.0 0.714285714286 0.566974595843 0.600891861761
0.74916611074 0.0 0.678571428571 0.438799076212 0.498327759197
0.721147431621 0.0 0.714285714286 0.528868360277 0.526198439242
0.769179452969 0.0 0.75 0.715935334873 0.721293199554
0.84389593062 0.0 0.75 0.592378752887 0.665551839465
0.800533689126 0.0 0.821428571429 0.786374133949 0.746934225195
0.845230153436 0.0 0.785714285714 0.675519630485 0.71237458194
0.693128752502 0.0 0.571428571429 0.466512702079 0.576365663322
0.59039359573 0.0 0.571428571429 0.451501154734 0.465997770346
0.566377585057 0.0 0.535714285714 0.490762124711 0.518394648829
0.675783855904 0.0 0.607142857143 0.464203233256 0.521739130435
0.759839893262 0.0 0.75 0.727482678984 0.720178372352
0.747831887925 0.0 0.678571428571 0.521939953811 0.574136008919
0.733155436958 0.0 0.607142857143 0.466512702079 0.576365663322
0.605070046698 0.0 0.571428571429 0.459584295612 0.486064659978
0.809873248833 0.0 0.785714285714 0.587759815242 0.589743589744
0.823215476985 0.0 0.75 0.481524249423 0.530657748049
0.593729152769 0.0 0.535714285714 0.459584295612 0.509476031215
0.591060707138 0.0 0.571428571429 0.569284064665 0.580824972129
0.709139426284 0.0 0.714285714286 0.672055427252 0.64994425864
0.691127418279 0.0 0.642857142857 0.572748267898 0.605351170569
0.635757171448 0.0 0.607142857143 0.535796766744 0.551839464883
0.580386924616 0.0 0.535714285714 0.550808314088 0.586399108138
0.764509673115 0.0 0.714285714286 0.620092378753 0.647714604236
0.633088725817 0.0 0.607142857143 0.536951501155 0.549609810479
0.706470980654 0.0 0.678571428571 0.622401847575 0.63099219621
