0.193229166667 0.0 0.114285714286 0.0786338363781 0.0103537532355
1.0 0.25 1.0 0.897537728356 0.95340811044
0.978125 1.0 0.914285714286 0.769658459095 0.86108714409
0.894791666667 0.5 0.914285714286 1.0 1.0
0.938020833333 0.75 0.942857142857 0.986497220016 0.955133735979
0.984375 0.0 0.942857142857 0.937251787133 0.862812769629
0.309375 0.5 0.285714285714 0.262112787927 0.249352890423
0.553645833333 1.0 0.514285714286 0.453534551231 0.522001725626
0.416666666667 0.75 0.4 0.365369340747 0.386540120794
0.980208333333 0.5 0.914285714286 0.868149324861 0.872303710095
0.248958333333 0.25 0.2 0.1850675139 0.132873166523
0.906770833333 0.25 0.971428571429 0.877680698967 0.924072476273
0.2640625 0.25 0.2 0.0969023034154 0.0491803278689
0.710416666667 0.0 0.771428571429 0.617156473392 0.600517687662
0.951041666667 0.0 1.0 0.730738681493 0.735116479724
0.808854166667 1.0 0.771428571429 0.714853057983 0.784296807593
0.6671875 0.0 0.714285714286 0.563939634631 0.622088006903
0.55625 0.0 0.628571428571 0.542494042891 0.546160483175
0.553125 0.0 0.6 0.432883240667 0.438308886972
0.328645833333 0.0 0.228571428571 0.106433677522 0.0871440897325
0.746354166667 0.75 0.714285714286 0.694201747419 0.738567730802
0.965625 0.5 0.914285714286 0.947577442415 0.955133735979
0.9015625 1.0 0.885714285714 0.818903891978 0.93011216566
0.547916666667 0.75 0.542857142857 0.501985702939 0.567730802416
0.860416666667 0.5 0.857142857143 0.862589356632 0.885245901639
0.891145833333 0.75 0.828571428571 0.683876092137 0.778257118205
0.783854166667 0.5 0.8 0.663224781573 0.710094909405
0.566666666667 0.0 0.571428571429 0.424940428912 0.458153580673
0.679166666667 0.5 0.657142857143 0.49642573471 0.508196721311
0.366145833333 0.0 0.342857142857 0.239872915012 0.213977566868
0.314583333333 0.25 0.257142857143 0.225575853852 0.210526315789
0.84375 0.0 0.885714285714 0.788721207307 0.672993960311
0.93125 1.0 0.942857142857 0.756949960286 0.817946505608
0.728125 0.25 0.742857142857 0.639396346307 0.690250215703
0.86875 1.0 0.857142857143 0.626687847498 0.621225194133
0.778125 0.0 0.828571428571 0.68149324861 0.740293356342
0.219270833333 0.0 0.171428571429 0.157267672756 0.135461604832
0.240104166667 0.0 0.2 0.132644956315 0.0586712683348
0.880208333333 0.25 0.914285714286 0.753772835584 0.818809318378
0.922916666667 0.25 0.942857142857 0.833200953137 0.856773080242
0.7234375 0.5 0.628571428571 0.505162827641 0.641069887834
0.763020833333 1.0 0.685714285714 0.586973788721 0.694564279551
0.866666666667 0.75 0.8 0.748212867355 0.870578084556
0.746875 0.75 0.742857142857 0.556791104051 0.693701466782
0.2765625 0.0 0.257142857143 0.216044479746 0.198446937015
0.606770833333 0.0 0.657142857143 0.527402700556 0.551337359793
0.6984375 0.75 0.714285714286 0.579030976966 0.658326143227
0.345833333333 0.5 0.314285714286 0.23669579031 0.246764452114
0.671875 0.0 0.742857142857 0.595710881652 0.560828300259
0.492708333333 0.0 0.514285714286 0.324066719619 0.314926660915
0.822395833333 0.75 0.914285714286 0.776012708499 0.909404659189
0.6109375 0.5 0.485714285714 0.393963463066 0.467644521139
0.355208333333 0.5 0.285714285714 0.158061953932 0.110440034513
0.364583333333 0.0 0.371428571429 0.231930103257 0.143226919758
0.633854166667 0.0 0.685714285714 0.450357426529 0.335634167386
0.490625 0.0 0.542857142857 0.491660047657 0.501294219154
0.6390625 0.5 0.6 0.409849086577 0.426229508197
0.772395833333 0.5 0.857142857143 0.8149324861 0.789473684211
0.203645833333 0.0 0.142857142857 0.122319301033 0.0733390854185
0.250520833333 0.0 0.228571428571 0.157267672756 0.135461604832
0.486458333333 0.5 0.428571428571 0.381254964257 0.402070750647
0.888020833333 0.25 0.828571428571 0.737887212073 0.810181190682
0.3625 0.0 0.285714285714 0.109610802224 0.0310612597066
0.419270833333 0.5 0.342857142857 0.138204924543 0.131147540984
0.955208333333 0.5 0.885714285714 0.822875297855 0.838654012079
0.811458333333 0.0 0.857142857143 0.73312152502 0.696289905091
0.248958333333 0.0 0.171428571429 0.120730738681 0.0862812769629
0.770833333333 0.0 0.8 0.732327243844 0.747195858499
0.8546875 0.75 0.857142857143 0.841143764893 0.917169974116
0.425 0.0 0.428571428571 0.289912629071 0.238999137187
0.594791666667 0.5 0.571428571429 0.403494837172 0.48921484038
0.797916666667 0.25 0.8 0.793486894361 0.786022433132
0.427083333333 0.75 0.371428571429 0.220810166799 0.169974115617
0.6328125 0.25 0.628571428571 0.46624305004 0.58067299396
0.3765625 0.0 0.285714285714 0.17077045274 0.125107851596
0.852083333333 0.75 0.857142857143 0.657664813344 0.626402070751
0.613020833333 0.5 0.571428571429 0.412231930103 0.505608283003
0.463541666667 0.75 0.457142857143 0.474185861795 0.504745470233
0.369270833333 0.0 0.314285714286 0.220015885624 0.260569456428
0.2140625 0.0 0.142857142857 0.0786338363781 0.0103537532355
0.446354166667 0.0 0.457142857143 0.382843526608 0.382226056946
0.501041666667 0.25 0.457142857143 0.312946783161 0.27955133736
0.791145833333 0.0 0.8 0.552819698173 0.597929249353
0.269270833333 0.0 0.2 0.0786338363781 0.0103537532355
0.578645833333 0.0 0.571428571429 0.484511517077 0.527178602243
0.459375 0.0 0.485714285714 0.402700555997 0.390854184642
0.871875 0.5 0.828571428571 0.787132644956 0.830888697153
0.811979166667 0.25 0.742857142857 0.598093725179 0.672131147541
0.835416666667 0.0 0.857142857143 0.692613185068 0.6505608283
0.432291666667 0.5 0.371428571429 0.20810166799 0.243313201035
0.286979166667 0.0 0.285714285714 0.211278792693 0.183779119931
0.71875 0.5 0.685714285714 0.519459888801 0.474547023296
0.40625 0.25 0.4 0.227958697379 0.226919758412
0.394791666667 0.0 0.4 0.307386814932 0.260569456428
0.428125 0.25 0.371428571429 0.190627482129 0.188955996549
0.567708333333 0.25 0.542857142857 0.343923749007 0.34857635893
0.823958333333 0.0 0.8 0.820492454329 0.754098360656
0.238020833333 0.0 0.171428571429 0.113582208102 0.0724762726488
0.534375 0.0 0.485714285714 0.34868943606 0.342536669543
0.644791666667 0.0 0.685714285714 0.632247815727 0.636755823986
