0.749174917492 0.6 0.740740740741 0.431034482759 0.52349726776
0.610561056106 0.0 0.555555555556 0.223230490018 0.204371584699
0.378877887789 0.0 0.333333333333 0.179673321234 0.171584699454
0.288448844884 0.0 0.222222222222 0.139745916515 0.0928961748634
0.768316831683 0.2 0.703703703704 0.347549909256 0.466666666667
0.735313531353 0.4 0.666666666667 0.357531760436 0.467759562842
0.825082508251 0.0 0.814814814815 0.566243194192 0.443715846995
0.422442244224 0.0 0.333333333333 0.0898366606171 0.0131147540984
0.79801980198 0.2 0.740740740741 0.467332123412 0.547540983607
0.885148514851 0.4 0.888888888889 0.681488203267 0.818579234973
0.385478547855 0.2 0.333333333333 0.249546279492 0.263387978142
0.369636963696 0.0 0.296296296296 0.139745916515 0.0928961748634
0.716171617162 0.2 0.666666666667 0.302177858439 0.265573770492
0.722772277228 0.2 0.740740740741 0.461887477314 0.515846994536
0.514191419142 0.0 0.407407407407 0.222323049002 0.182513661202
0.398679867987 0.2 0.296296296296 0.129764065336 0.0918032786885
0.894389438944 0.2 0.925925925926 0.751361161525 0.819672131148
0.924752475248 0.6 0.925925925926 0.671506352087 0.866666666667
0.484488448845 0.2 0.518518518519 0.42831215971 0.484153005464
0.547854785479 0.2 0.555555555556 0.378402903811 0.404371584699
0.882508250825 0.4 0.962962962963 1.0 1.0
0.726732673267 0.0 0.777777777778 0.552631578947 0.414207650273
0.908910891089 0.2 0.925925925926 0.788566243194 0.886338797814
0.833663366337 0.0 0.888888888889 0.765880217786 0.758469945355
0.398679867987 0.2 0.37037037037 0.259528130672 0.264480874317
0.365676567657 0.0 0.296296296296 0.129764065336 0.0918032786885
0.650165016502 0.2 0.703703703704 0.593466424682 0.524590163934
0.689768976898 0.2 0.740740740741 0.593466424682 0.524590163934
0.881188118812 0.2 0.925925925926 0.664246823956 0.604371584699
0.630363036304 0.2 0.592592592593 0.383847549909 0.194535519126
0.748514851485 0.0 0.703703703704 0.476406533575 0.285245901639
0.781518151815 0.0 0.703703703704 0.438294010889 0.382513661202
0.483168316832 0.0 0.407407407407 0.2722323049 0.262295081967
0.821782178218 0.6 0.703703703704 0.307622504537 0.387978142077
0.679207920792 0.4 0.703703703704 0.560798548094 0.626229508197
0.922772277228 0.2 0.888888888889 0.649727767695 0.68306010929
0.837623762376 0.4 0.814814814815 0.587114337568 0.71912568306
0.837623762376 0.4 0.814814814815 0.587114337568 0.71912568306
0.875247524752 0.2 0.851851851852 0.79945553539 0.8
0.710891089109 0.0 0.703703703704 0.637023593466 0.617486338798
0.673927392739 0.2 0.703703703704 0.543557168784 0.444808743169
0.634323432343 0.0 0.62962962963 0.423774954628 0.273224043716
1.0 1.0 1.0 0.644283121597 0.848087431694
1.0 1.0 1.0 0.644283121597 0.848087431694
0.829702970297 0.2 0.814814814815 0.501814882033 0.422950819672
0.743234323432 0.4 0.666666666667 0.386569872958 0.366120218579
0.582838283828 0.4 0.481481481481 0.343012704174 0.35737704918
0.543894389439 0.2 0.444444444444 0.171506352087 0.190163934426
0.753135313531 0.6 0.666666666667 0.275862068966 0.290710382514
0.983498349835 0.6 0.851851851852 0.400181488203 0.47868852459
0.922772277228 0.2 0.888888888889 0.649727767695 0.68306010929
0.788778877888 0.6 0.740740740741 0.429219600726 0.543169398907
0.554455445545 0.0 0.444444444444 0.121597096189 0.110382513661
0.554455445545 0.0 0.444444444444 0.121597096189 0.110382513661
0.464686468647 0.2 0.407407407407 0.218693284936 0.154098360656
0.652805280528 0.2 0.62962962963 0.352087114338 0.345355191257
0.66600660066 0.4 0.666666666667 0.529945553539 0.489617486339
0.659405940594 0.2 0.666666666667 0.508166969147 0.508196721311
0.706930693069 0.2 0.740740740741 0.627949183303 0.501639344262
0.753135313531 0.2 0.814814814815 0.715970961887 0.649180327869
0.819141914191 0.0 0.814814814815 0.505444646098 0.450273224044
0.825742574257 0.4 0.851851851852 0.56442831216 0.681967213115
0.557095709571 0.4 0.592592592593 0.466424682396 0.551912568306
0.960396039604 0.8 1.0 0.694192377495 0.927868852459
0.782178217822 0.0 0.740740740741 0.467332123412 0.547540983607
0.63498349835 0.2 0.592592592593 0.385662431942 0.370491803279
0.753135313531 0.2 0.814814814815 0.715970961887 0.649180327869
0.840264026403 0.4 0.888888888889 0.911070780399 0.937704918033
0.93795379538 0.6 0.925925925926 0.689655172414 0.612021857923
0.918151815182 1.0 0.925925925926 0.678765880218 0.751912568306
0.743894389439 0.2 0.777777777778 0.756805807623 0.789071038251
0.840264026403 0.4 0.888888888889 0.911070780399 0.937704918033
0.898349834983 0.4 0.888888888889 0.788566243194 0.886338797814
0.853465346535 0.4 0.851851851852 0.791288566243 0.766120218579
0.841584158416 0.4 0.814814814815 0.51724137931 0.718032786885
0.887788778878 0.6 0.888888888889 0.605263157895 0.865573770492
0.614521452145 0.0 0.592592592593 0.383847549909 0.194535519126
0.650165016502 0.0 0.666666666667 0.473684210526 0.353005464481
0.510231023102 0.0 0.407407407407 0.222323049002 0.182513661202
0.930693069307 0.4 0.814814814815 0.400181488203 0.47868852459
