0.795641931684 0.0 0.842105263158 0.644054269753 0.931195724783
0.818021201413 0.0 0.921052631579 0.789305666401 0.965263861055
0.780329799764 0.0 0.842105263158 0.665602553871 0.871743486974
0.694346289753 0.0 0.815789473684 0.672785315243 0.816967267869
0.694346289753 0.0 0.789473684211 0.674381484437 0.836339345357
0.769729093051 0.0 0.789473684211 0.571428571429 0.796927187709
0.660188457008 0.0 0.684210526316 0.391859537111 0.593854375418
0.772418990203 0.0 0.833333333333 0.613160518445 0.776186213071
0.620730270907 0.0 0.710526315789 0.560255387071 0.694054776219
0.560659599529 0.0 0.684210526316 0.518754988029 0.612558450234
0.752650176678 0.0 0.868421052632 0.814046288907 0.908483633935
0.628386336867 0.0 0.657894736842 0.426975259377 0.607214428858
0.868669022379 0.0 0.894736842105 0.659217877095 0.842351369405
0.733804475854 0.0 0.868421052632 0.721468475658 0.794255177021
0.44581861013 0.0 0.578947368421 0.43415802075 0.505678022712
0.754416961131 0.0 0.894736842105 0.782122905028 0.843019372077
0.804475853946 0.0 0.868421052632 0.691939345571 0.827655310621
0.713191990577 0.0 0.736842105263 0.612928970471 0.786239144957
0.660188457008 0.0 0.684210526316 0.535514764565 0.705410821643
0.774440518257 0.0 0.842105263158 0.750199521149 0.875751503006
0.691032403919 0.105263157895 0.833333333333 0.742771684945 0.898836168308
0.565371024735 0.0 0.552631578947 0.308858739026 0.514362057448
0.49234393404 0.0 0.526315789474 0.26576217079 0.423513694055
0.689045936396 0.0 0.842105263158 0.683160415004 0.719438877756
0.741460541814 0.0 0.763157894737 0.635275339186 0.802271209085
0.664310954064 0.0 0.736842105263 0.620909816441 0.730126920508
0.716725559482 0.0 0.736842105263 0.499600957702 0.660654642619
0.649587750294 0.0 0.684210526316 0.446129289705 0.588510354041
0.710836277974 0.0 0.736842105263 0.543495610535 0.693386773547
0.504122497055 0.0 0.578947368421 0.370311252993 0.470941883768
0.768551236749 0.0 0.815789473684 0.648044692737 0.776219104876
0.60011778563 0.0 0.736842105263 0.638467677574 0.676018704075
0.60777385159 0.0 0.684210526316 0.461292897047 0.558450233801
0.841578327444 0.0 0.868421052632 0.754189944134 0.90046760187
0.487632508834 0.0 0.605263157895 0.461292897047 0.516366065464
0.557714958775 0.0 0.605263157895 0.439744612929 0.563794255177
0.533568904594 0.0 0.605263157895 0.469273743017 0.567134268537
0.552414605418 0.0 0.657894736842 0.538707102953 0.601870407482
0.709069493522 0.0 0.710526315789 0.509177972865 0.676018704075
0.879858657244 0.0 0.894736842105 0.723064644852 0.87374749499
0.657832744405 0.0 0.710526315789 0.614525139665 0.726786907148
0.74710982659 0.0 0.78125 0.629511677282 0.759213759214
0.450530035336 0.0 0.552631578947 0.414205905826 0.474281897128
0.651354534747 0.0 0.789473684211 0.731843575419 0.755511022044
0.51531213192 0.0 0.631578947368 0.443735035914 0.488977955912
0.428739693757 0.0 0.473684210526 0.238627294493 0.35203740815
0.575382803298 0.0 0.605263157895 0.308060654429 0.436205744823
0.837455830389 0.0 0.868421052632 0.656823623304 0.782899131597
0.677856301531 0.0 0.736842105263 0.604948124501 0.702070808283
0.861994219653 0.0 0.9375 0.864118895966 0.944307944308
0.788574793875 0.0 0.894736842105 0.728651237031 0.776887107548
0.80800942285 0.0 0.868421052632 0.765363128492 0.858383433534
0.601295641932 0.0 0.684210526316 0.577813248204 0.64796259185
0.788997739261 0.105263157895 0.833333333333 0.635094715852 0.848701880036
0.788997739261 0.105263157895 0.833333333333 0.635094715852 0.848701880036
0.64605418139 0.0 0.763157894737 0.668794892259 0.702738810955
0.918138987044 0.0 0.921052631579 0.664804469274 0.812959251837
0.636631330978 0.0 0.736842105263 0.524341580208 0.575150300601
0.664899882214 0.0 0.710526315789 0.604948124501 0.707414829659
0.638987043581 0.0 0.631578947368 0.325618515563 0.480961923848
0.582449941107 0.0 0.710526315789 0.667198723065 0.685370741483
0.974676089517 0.0 1.0 0.861931364725 0.97995991984
0.829799764429 0.0 0.947368421053 0.83958499601 0.865063460254
0.839496459481 0.0 0.833333333333 0.656810982049 0.805340223945
0.839496459481 0.0 0.833333333333 0.656810982049 0.805340223945
0.657514450867 0.0 0.75 0.683651804671 0.733005733006
0.973624717408 0.0 1.0 0.885343968096 1.0
0.973624717408 0.0 1.0 0.885343968096 1.0
0.69436416185 0.0 0.84375 0.821656050955 0.812448812449
0.928468208092 0.0 0.96875 0.900212314225 1.0
0.708815028902 0.0 0.71875 0.582802547771 0.710073710074
0.936699321778 0.0 0.966666666667 0.858424725823 0.965085049239
0.936699321778 0.0 0.966666666667 0.858424725823 0.965085049239
0.685003767898 0.105263157895 0.8 0.717846460618 0.84333034915
0.749811605124 0.105263157895 0.8 0.577268195414 0.767233661594
0.749811605124 0.105263157895 0.8 0.577268195414 0.767233661594
0.705535924617 0.0 0.710526315789 0.457302474062 0.581162324649
0.486454652532 0.0 0.5 0.224261771748 0.337341349365
0.721820809249 0.0 0.8125 0.715498938429 0.751023751024
0.73338150289 0.0 0.8125 0.783439490446 0.829647829648
0.683745583039 0.0 0.736842105263 0.679169992019 0.75083500334
0.587161366313 0.0 0.605263157895 0.437350359138 0.543086172345
0.866616428033 0.105263157895 0.9 0.751744765703 0.945389435989
0.527090694935 0.0 0.605263157895 0.457302474062 0.501002004008
0.585983510012 0.0 0.631578947368 0.422186751796 0.49498997996
0.625 0.0 0.6875 0.576433121019 0.63144963145
0.748554913295 0.0 0.71875 0.488322717622 0.635544635545
0.740606936416 0.0 0.84375 0.794055201699 0.808353808354
0.648998822144 0.0 0.657894736842 0.52114924182 0.629258517034
0.440518256773 0.0 0.447368421053 0.263367916999 0.373413493654
0.690028901734 0.0 0.78125 0.723991507431 0.749385749386
0.868123587038 0.0 0.9 0.801595214357 0.88630259624
0.528857479388 0.0 0.552631578947 0.359936153232 0.452237808951
0.778179190751 0.0 0.84375 0.725053078556 0.773136773137
0.754335260116 0.0 0.84375 0.784501061571 0.808353808354
0.765606595995 0.166666666667 0.868421052632 0.738228252195 0.911155644623
0.613074204947 0.0 0.657894736842 0.399840383081 0.464261857047
0.75 0.0 0.75 0.656050955414 0.764946764947
0.847467608952 0.0 0.789473684211 0.505985634477 0.671342685371
0.928739693757 0.0 0.947368421053 0.853152434158 0.941883767535
0.478798586572 0.0 0.552631578947 0.379090183559 0.412157648631
0.796819787986 0.0 0.789473684211 0.564245810056 0.678022712091
0.843255463451 0.0526315789474 0.833333333333 0.674975074776 0.84333034915
0.520612485277 0.0 0.526315789474 0.343176376696 0.442885771543
0.339811542992 0.0 0.394736842105 0.241819632881 0.289913159653
0.783959537572 0.0 0.78125 0.597664543524 0.701064701065
0.778179190751 0.0 0.78125 0.682590233546 0.77886977887
0.895759717314 0.166666666667 0.921052631579 0.713487629689 0.953907815631
0.76661849711 0.0 0.8125 0.69957537155 0.752661752662
0.468197879859 0.0 0.526315789474 0.368715083799 0.409485637943
0.375147232038 0.0 0.394736842105 0.146847565842 0.22578490314
0.611307420495 0.0 0.605263157895 0.432561851556 0.537074148297
0.740606936416 0.0 0.8125 0.794055201699 0.820638820639
0.873554913295 0.0 0.9375 0.900212314225 0.93447993448
0.539458186101 0.0 0.657894736842 0.570630486832 0.550434201737
0.382214369847 0.0 0.394736842105 0.166001596169 0.24916499666
0.883670520231 0.0 0.96875 0.984076433121 0.994266994267
0.75289017341 0.0 0.78125 0.682590233546 0.748566748567
0.715317919075 0.0 0.75 0.607218683652 0.666666666667
0.464075382803 0.0 0.5 0.338387869114 0.396125584502
0.499411071849 0.0 0.552631578947 0.362330407023 0.401469605878
0.482332155477 0.0 0.447368421053 0.183559457302 0.310621242485
0.606213872832 0.0 0.625 0.451167728238 0.524160524161
0.570671378092 0.0 0.631578947368 0.495610534717 0.526386105544
0.690751445087 0.0 0.71875 0.57855626327 0.642096642097
0.807083647325 0.105263157895 0.8 0.554336989033 0.757385854969
0.559971098266 0.0 0.625 0.43949044586 0.464373464373
0.917859834213 0.0 0.9 0.785643070788 0.891674127126
0.619219653179 0.0 0.625 0.483014861996 0.565110565111
0.773843930636 0.0 0.8125 0.702760084926 0.751842751843
0.657514450867 0.0 0.71875 0.628450106157 0.654381654382
0.666164280332 0.105263157895 0.733333333333 0.645064805583 0.769919427037
0.666164280332 0.105263157895 0.733333333333 0.645064805583 0.769919427037
0.669797687861 0.0 0.6875 0.566878980892 0.635544635545
0.772398843931 0.0 0.84375 0.791932059448 0.806715806716
0.794797687861 0.0 0.8125 0.737791932059 0.805896805897
0.888005780347 0.0 0.84375 0.753715498938 0.883701883702
0.80035335689 0.166666666667 0.921052631579 0.79728651237 0.928523714095
0.753612716763 0.0 0.8125 0.786624203822 0.812448812449
0.705202312139 0.0 0.75 0.668789808917 0.708435708436
0.530035335689 0.0 0.552631578947 0.328810853951 0.390113560454
0.39988221437 0.0 0.473684210526 0.354349561053 0.364061456246
0.794075144509 0.0 0.8125 0.746284501062 0.809172809173
0.831647398844 0.0 0.84375 0.747346072187 0.815724815725
0.675578034682 0.0 0.65625 0.527600849257 0.626535626536
0.93816254417 0.0 0.921052631579 0.877094972067 0.97327989312
0.728323699422 0.0 0.78125 0.712314225053 0.73791973792
0.403415783274 0.0 0.5 0.38148443735 0.362725450902
0.757225433526 0.0 0.8125 0.783439490446 0.805896805897
0.843934040047 0.166666666667 0.947368421053 0.802075019952 0.941883767535
0.488810365135 0.0 0.578947368421 0.427773343974 0.413493653975
0.797687861272 0.0 0.875 0.823779193206 0.822276822277
0.547703180212 0.0 0.473684210526 0.248204309657 0.397461589846
0.802023121387 0.0 0.84375 0.752653927813 0.786240786241
0.794797687861 0.0 0.8125 0.66135881104 0.718263718264
0.700867052023 0.0 0.71875 0.596602972399 0.652743652744
0.607184923439 0.0 0.657894736842 0.632881085395 0.655978623914
0.670520231214 0.0 0.71875 0.588110403397 0.613431613432
0.708815028902 0.0 0.78125 0.757961783439 0.758394758395
0.425206124853 0.0 0.421052631579 0.243415802075 0.319973279893
0.82332155477 0.0 0.842105263158 0.588188347965 0.64128256513
0.721175584024 0.0 0.733333333333 0.600199401795 0.659803043868
0.686416184971 0.0 0.65625 0.507430997877 0.609336609337
0.67774566474 0.0 0.75 0.658174097665 0.657657657658
0.703757225434 0.0 0.71875 0.626326963907 0.683046683047
0.688434303698 0.125 0.766666666667 0.601900739176 0.720068906115
0.688434303698 0.125 0.766666666667 0.601900739176 0.720068906115
0.791907514451 0.0 0.8125 0.723991507431 0.773955773956
0.727601156069 0.0 0.75 0.653927813163 0.701883701884
0.871387283237 0.0 0.84375 0.762208067941 0.859950859951
0.745664739884 0.0 0.78125 0.651804670913 0.686322686323
0.794797687861 0.0 0.8125 0.784501061571 0.8361998362
0.666907514451 0.0 0.75 0.683651804671 0.669942669943
0.695809248555 0.0 0.6875 0.535031847134 0.612612612613
0.870664739884 0.0 0.875 0.7983014862 0.862407862408
0.789739884393 0.0 0.875 0.794055201699 0.777231777232
0.677023121387 0.0 0.78125 0.731422505308 0.695331695332
0.773121387283 0.0 0.78125 0.684713375796 0.744471744472
0.703034682081 0.0 0.6875 0.595541401274 0.678132678133
0.83097762073 0.166666666667 0.868421052632 0.652833200319 0.849031396126
0.834537572254 0.0 0.875 0.784501061571 0.810810810811
0.742774566474 0.0 0.71875 0.541401273885 0.63144963145
0.825867052023 0.0 0.78125 0.686836518047 0.796887796888
0.735549132948 0.0 0.8125 0.795116772824 0.782964782965
0.756502890173 0.0 0.8125 0.751592356688 0.760032760033
0.693641618497 0.0 0.78125 0.700636942675 0.677313677314
0.699421965318 0.0 0.75 0.675159235669 0.68877968878
0.742638398115 0.166666666667 0.842105263158 0.756584197925 0.887775551102
0.650289017341 0.0 0.6875 0.546709129512 0.573300573301
0.87210982659 0.0 0.90625 0.885350318471 0.914823914824
0.743497109827 0.0 0.78125 0.66135881104 0.687141687142
0.901734104046 0.0 0.90625 0.893842887473 0.952497952498
0.485865724382 0.0 0.526315789474 0.405426975259 0.428189712759
0.618963486455 0.0 0.578947368421 0.395051875499 0.497661990648
0.809971098266 0.0 0.875 0.88110403397 0.878787878788
0.655346820809 0.0 0.71875 0.631634819533 0.629811629812
0.421672555948 0.0 0.5 0.34477254589 0.327321309285
0.722543352601 0.0 0.75 0.684713375796 0.717444717445
0.640895953757 0.0 0.71875 0.63906581741 0.620802620803
0.807803468208 0.0 0.78125 0.647558386412 0.733005733006
