0.430480167015 0.0 0.5 0.484467944481 0.469781931464
0.73611691023 0.0 0.738095238095 0.732980832783 0.684735202492
0.873068893528 0.5 0.809523809524 0.752808988764 0.715887850467
0.303131524008 0.0 0.357142857143 0.318572372769 0.31277258567
0.249269311065 0.0 0.333333333333 0.315267680106 0.286604361371
0.6375782881 0.0 0.666666666667 0.614011896894 0.608722741433
0.602505219207 0.5 0.595238095238 0.585591539987 0.514018691589
0.903549060543 0.0 0.952380952381 0.897554527429 0.909657320872
0.567432150313 0.0 0.666666666667 0.677461996034 0.701557632399
0.709394572025 0.0 0.690476190476 0.711830799736 0.714641744548
0.715240083507 0.0 0.714285714286 0.799735624587 0.72523364486
0.529853862213 0.0 0.5 0.522802379379 0.44984423676
0.604175365344 0.0 0.619047619048 0.654990085922 0.595015576324
0.746137787056 0.0 0.690476190476 0.65697290152 0.593769470405
0.700626304802 0.5 0.666666666667 0.666886979511 0.615576323988
0.966597077244 0.0 1.0 0.99272967614 0.923987538941
0.859707724426 0.0 0.833333333333 0.773298083278 0.865420560748
0.584551148225 1.0 0.571428571429 0.559153998678 0.552024922118
0.901461377871 0.0 0.809523809524 0.767349636484 0.777570093458
0.569102296451 0.0 0.595238095238 0.526107072042 0.626168224299
0.47891440501 0.0 0.47619047619 0.451421017845 0.419314641745
0.939039665971 0.0 0.857142857143 0.816920026438 0.831152647975
0.834237995825 0.0 0.857142857143 0.852610707204 0.767601246106
0.753235908142 0.0 0.738095238095 0.818902842036 0.809345794393
0.35490605428 0.0 0.428571428571 0.369464639788 0.260436137072
0.873068893528 0.5 0.809523809524 0.752808988764 0.715887850467
0.602505219207 0.5 0.595238095238 0.585591539987 0.514018691589
0.834237995825 0.0 0.857142857143 0.852610707204 0.767601246106
0.411691022965 0.0 0.428571428571 0.392597488434 0.378193146417
0.81127348643 0.0 0.785714285714 0.750165234633 0.705295950156
0.729853862213 0.0 0.738095238095 0.717118307997 0.764485981308
0.718997912317 0.0 0.761904761905 0.744877726371 0.747040498442
0.56993736952 0.0 0.547619047619 0.43555849306 0.396261682243
0.269728601253 0.0 0.357142857143 0.281559814937 0.249221183801
0.590814196242 0.5 0.642857142857 0.623925974884 0.543925233645
0.38121085595 0.5 0.404761904762 0.385988103106 0.330841121495
0.393736951983 0.0 0.404761904762 0.34302709848 0.357009345794
0.718997912317 0.0 0.761904761905 0.744877726371 0.747040498442
0.469311064718 0.5 0.52380952381 0.460013218771 0.452336448598
0.744050104384 0.0 0.761904761905 0.758096497026 0.705919003115
0.746137787056 0.0 0.690476190476 0.65697290152 0.593769470405
0.527348643006 0.0 0.5 0.472571050892 0.346417445483
0.586221294363 0.0 0.666666666667 0.72504957039 0.700934579439
0.636325678497 0.5 0.690476190476 0.732980832783 0.750778816199
0.838413361169 0.0 0.857142857143 0.721744877726 0.770716510903
0.844676409186 0.0 0.785714285714 0.705882352941 0.733333333333
0.701878914405 0.0 0.714285714286 0.734963648381 0.68785046729
0.58496868476 0.75 0.547619047619 0.489755452743 0.520249221184
0.508141962422 0.0 0.595238095238 0.598149372108 0.572585669782
0.718997912317 0.0 0.761904761905 0.744877726371 0.747040498442
0.84133611691 0.0 0.833333333333 0.791804362194 0.769470404984
0.913152400835 0.0 0.880952380952 0.830138797092 0.898442367601
0.605427974948 0.0 0.666666666667 0.614011896894 0.60062305296
0.382881002088 0.0 0.452380952381 0.465961665565 0.486604361371
0.352400835073 0.0 0.47619047619 0.516853932584 0.50031152648
0.746137787056 0.0 0.690476190476 0.65697290152 0.593769470405
0.546972860125 0.0 0.571428571429 0.656311962987 0.576323987539
0.280167014614 0.0 0.309523809524 0.249834765367 0.280373831776
0.514405010438 0.0 0.547619047619 0.547918043622 0.489719626168
0.660960334029 0.5 0.595238095238 0.522141440846 0.523987538941
0.347807933194 0.0 0.404761904762 0.352941176471 0.264174454829
0.346137787056 0.0 0.404761904762 0.351619299405 0.203738317757
0.809603340292 0.5 0.761904761905 0.728354263054 0.668535825545
0.78496868476 0.5 0.738095238095 0.733641771315 0.719003115265
0.555323590814 0.0 0.690476190476 0.781229345671 0.717133956386
0.532776617954 0.0 0.714285714286 0.714474553866 0.642990654206
0.37745302714 0.0 0.404761904762 0.387309980172 0.373208722741
0.5248434238 0.0 0.547619047619 0.551222736286 0.555140186916
0.873068893528 0.5 0.809523809524 0.752808988764 0.715887850467
0.808768267223 0.0 0.761904761905 0.755452742895 0.669781931464
0.685594989562 0.0 0.619047619048 0.602775941837 0.527725856698
0.605427974948 0.0 0.666666666667 0.614011896894 0.60062305296
0.548643006263 0.0 0.619047619048 0.69332452082 0.657943925234
0.549895615866 0.0 0.619047619048 0.594183740912 0.584423676012
0.718997912317 0.0 0.761904761905 0.744877726371 0.747040498442
0.322338204593 0.0 0.380952380952 0.369464639788 0.258566978193
0.669311064718 0.0 0.642857142857 0.637144745539 0.497196261682
0.249269311065 0.0 0.333333333333 0.315267680106 0.286604361371
0.707306889353 0.0 0.785714285714 0.71050892267 0.758878504673
0.546137787056 0.0 0.666666666667 0.522802379379 0.552024922118
0.887682672234 0.0 0.857142857143 0.766027759418 0.927725856698
0.903549060543 0.0 0.952380952381 0.897554527429 0.909657320872
0.911064718163 0.0 0.928571428571 0.904163912756 0.915264797508
0.892275574113 0.0 0.904761904762 0.91473892928 0.919003115265
0.915240083507 0.25 0.928571428571 1.0 1.0
0.536951983299 0.0 0.595238095238 0.621943159286 0.609345794393
0.540292275574 0.0 0.547619047619 0.546596166557 0.555140186916
0.503131524008 0.5 0.52380952381 0.449438202247 0.431152647975
0.914405010438 0.0 0.904761904762 0.90019828156 0.93769470405
0.271816283925 0.5 0.357142857143 0.399867812293 0.354517133956
0.760751565762 0.0 0.666666666667 0.611368142763 0.61308411215
0.772442588727 0.0 0.666666666667 0.635822868473 0.652959501558
0.704801670146 0.5 0.642857142857 0.530733641771 0.575700934579
0.688935281837 0.5 0.642857142857 0.586913417052 0.546417445483
0.851774530271 0.0 0.833333333333 0.762723066755 0.896573208723
1.0 0.0 0.952380952381 0.920687376074 0.989408099688
0.913987473904 0.0 0.833333333333 0.828816920026 0.851713395639
0.491440501044 0.0 0.452380952381 0.475214805023 0.467289719626
0.761169102296 0.0 0.785714285714 0.789821546596 0.659190031153
0.761169102296 0.0 0.785714285714 0.789821546596 0.659190031153
