0.75027027027 0.0 0.810810810811 0.721048798252 0.83696369637
0.794054054054 0.0 0.837837837838 0.747997086672 0.863366336634
0.665405405405 0.0 0.783783783784 0.731245447924 0.788118811881
0.835135135135 0.0 0.837837837838 0.801893663511 0.929372937294
0.979459459459 0.0 0.918918918919 0.727603787327 0.902310231023
0.830810810811 0.0 0.837837837838 0.731973780044 0.863366336634
0.68 0.0 0.756756756757 0.730517115805 0.817821782178
1.0 0.0 0.972972972973 0.849963583394 0.97095709571
0.816756756757 0.0 0.891891891892 0.850691915513 0.897689768977
0.802162162162 0.0 0.891891891892 0.940276766205 0.957755775578
0.648108108108 0.0 0.72972972973 0.651857246905 0.743234323432
0.65027027027 0.0 0.72972972973 0.731245447924 0.809240924092
0.763243243243 0.0 0.810810810811 0.744355426074 0.832343234323
0.694594594595 0.0 0.756756756757 0.72396212673 0.810561056106
0.573513513514 0.0 0.648648648649 0.512017479971 0.636303630363
0.707567567568 0.0 0.810810810811 0.766933721777 0.80198019802
0.612972972973 0.0 0.675675675676 0.638018936635 0.739933993399
0.765405405405 0.0 0.783783783784 0.677348871085 0.792079207921
0.80972972973 0.0 0.810810810811 0.76329206118 0.869306930693
0.904324324324 0.0 0.891891891892 0.798980335033 0.898349834983
0.647567567568 0.0 0.72972972973 0.590677348871 0.669306930693
0.875675675676 0.0 0.918918918919 0.823015294975 0.868646864686
0.787567567568 0.0 0.837837837838 0.784413692644 0.840924092409
0.768648648649 0.0 0.891891891892 0.878368536052 0.854125412541
0.733513513514 0.0 0.756756756757 0.678805535324 0.783498349835
0.686486486486 0.0 0.756756756757 0.706482155863 0.76897689769
0.838918918919 0.0 0.837837837838 0.676620538966 0.786138613861
0.592432432432 0.0 0.675675675676 0.591405680991 0.668646864686
0.958918918919 0.0 1.0 1.0 1.0
0.701081081081 0.0 0.810810810811 0.861616897305 0.854785478548
0.796756756757 0.0 0.864864864865 0.833211944647 0.856105610561
0.583783783784 0.0 0.675675675676 0.587035688274 0.655445544554
0.736216216216 0.0 0.837837837838 0.808448652586 0.811881188119
0.789189189189 0.0 0.864864864865 0.838310269483 0.853465346535
0.628108108108 0.0 0.675675675676 0.589949016752 0.691749174917
0.714054054054 0.0 0.756756756757 0.741442097597 0.811881188119
0.745405405405 0.0 0.783783783784 0.812818645302 0.871287128713
0.935135135135 0.0 0.918918918919 0.793882010197 0.879207920792
0.627027027027 0.0 0.675675675676 0.646030589949 0.735313531353
0.833513513514 0.0 0.837837837838 0.790240349599 0.869306930693
0.772432432432 0.0 0.756756756757 0.653313911143 0.780198019802
0.532432432432 0.0 0.567567567568 0.495994173343 0.63300330033
0.735135135135 0.0 0.72972972973 0.653313911143 0.774917491749
0.75027027027 0.0 0.783783783784 0.791697013838 0.852145214521
0.835675675676 0.0 0.783783783784 0.67152221413 0.817821782178
0.578378378378 0.0 0.675675675676 0.625637290605 0.675247524752
0.656756756757 0.0 0.756756756757 0.738528769119 0.757095709571
0.649189189189 0.0 0.756756756757 0.742170429716 0.753135313531
0.565945945946 0.0 0.648648648649 0.554989075018 0.627062706271
0.623783783784 0.0 0.72972972973 0.69701383831 0.715511551155
0.705945945946 0.0 0.72972972973 0.611070648216 0.707590759076
0.672432432432 0.0 0.702702702703 0.604515659141 0.700330033003
0.581621621622 0.0 0.675675675676 0.639475600874 0.681848184818
0.601081081081 0.0 0.675675675676 0.65768390386 0.712211221122
0.772972972973 0.0 0.810810810811 0.751638747269 0.801320132013
0.548648648649 0.0 0.594594594595 0.48725418791 0.600660066007
0.610810810811 0.0 0.72972972973 0.743627093955 0.739933993399
0.837297297297 0.0 0.810810810811 0.746540422433 0.846204620462
0.76 0.0 0.783783783784 0.72396212673 0.790759075908
0.669189189189 0.0 0.783783783784 0.822286962855 0.801320132013
0.774594594595 0.0 0.756756756757 0.702112163146 0.807260726073
0.688108108108 0.0 0.783783783784 0.780043699927 0.778877887789
0.711351351351 0.0 0.756756756757 0.650400582666 0.712871287129
0.732972972973 0.0 0.810810810811 0.812818645302 0.815181518152
0.698918918919 0.0 0.756756756757 0.643845593591 0.69504950495
0.644864864865 0.0 0.72972972973 0.733430444283 0.752475247525
0.668648648649 0.0 0.702702702703 0.623452294246 0.703630363036
0.568648648649 0.0 0.621621621622 0.509832483613 0.60198019802
0.708648648649 0.0 0.783783783784 0.751638747269 0.76501650165
0.582702702703 0.0 0.621621621622 0.544064093227 0.640924092409
0.685945945946 0.0 0.783783783784 0.777858703569 0.768316831683
0.677297297297 0.0 0.702702702703 0.478514202476 0.583498349835
0.694594594595 0.0 0.756756756757 0.667880553532 0.706270627063
0.711891891892 0.0 0.756756756757 0.67079388201 0.722112211221
0.756756756757 0.0 0.756756756757 0.72323379461 0.801320132013
0.661081081081 0.0 0.702702702703 0.576110706482 0.651485148515
0.767567567568 0.0 0.783783783784 0.661325564457 0.73201320132
0.677297297297 0.0 0.72972972973 0.688273852877 0.73201320132
0.653513513514 0.0 0.675675675676 0.53896576839 0.637623762376
0.560540540541 0.0 0.621621621622 0.546977421704 0.620462046205
0.657297297297 0.0 0.702702702703 0.643845593591 0.70297029703
0.54972972973 0.0 0.648648648649 0.727603787327 0.736633663366
0.803243243243 0.0 0.756756756757 0.65841223598 0.778877887789
0.425405405405 0.0 0.540540540541 0.431172614712 0.489108910891
0.545945945946 0.0 0.648648648649 0.660597232338 0.677227722772
0.654054054054 0.0 0.72972972973 0.680990531682 0.704290429043
0.780540540541 0.0 0.756756756757 0.649672250546 0.752475247525
0.682702702703 0.0 0.702702702703 0.68390386016 0.753795379538
0.595675675676 0.0 0.648648648649 0.557902403496 0.628382838284
0.607027027027 0.0 0.72972972973 0.693372177713 0.675907590759
0.577837837838 0.0 0.648648648649 0.577567370721 0.630363036304
0.676216216216 0.0 0.675675675676 0.489439184268 0.607260726073
0.659459459459 0.0 0.702702702703 0.613255644574 0.672607260726
0.568108108108 0.0 0.648648648649 0.581937363438 0.623102310231
0.607567567568 0.0 0.648648648649 0.664967225055 0.722772277228
0.514594594595 0.0 0.594594594595 0.636562272396 0.674587458746
0.533513513514 0.0 0.594594594595 0.531682447196 0.600660066007
0.51027027027 0.0 0.567567567568 0.433357611071 0.522772277228
0.582702702703 0.0 0.621621621622 0.520757465404 0.602640264026
0.627027027027 0.0 0.648648648649 0.490167516387 0.586138613861
