0.116323417239 1.0 0.155555555556 0.0485096434833 0.0548614883216
0.95881006865 0.0 0.955555555556 0.876680303916 1.0
0.141113653699 0.0 0.177777777778 0.157218001169 0.127104834329
0.926392067124 0.0 0.977777777778 1.0 0.880499728408
0.955377574371 0.0 1.0 0.944476914085 0.922868006518
0.950038138825 1.0 0.888888888889 0.798947983635 0.835958718088
1.0 0.0 0.977777777778 0.914085330216 0.909288430201
0.150266971777 0.0 0.2 0.0964348334307 0.139598044541
0.191456903127 0.0 0.266666666667 0.172998246639 0.204236827811
0.148360030511 0.0 0.177777777778 0.122735242548 0.0972297664313
0.933638443936 0.0 0.977777777778 0.969023962595 0.946224877784
0.406559877956 1.0 0.355555555556 0.210987726476 0.241716458446
0.231502669718 0.0 0.266666666667 0.240210403273 0.216730038023
0.495041952708 1.0 0.533333333333 0.441262419638 0.546442151005
0.889778794813 0.0 0.933333333333 0.887200467563 0.964149918523
0.666285278413 0.0 0.733333333333 0.611338398597 0.747963063552
0.87528604119 1.0 0.8 0.649327878434 0.731667571972
0.752860411899 1.0 0.777777777778 0.675628287551 0.689299293862
0.236842105263 1.0 0.288888888889 0.22618351841 0.275393807713
0.221586575133 0.0 0.311111111111 0.270017533606 0.253123302553
0.979786422578 0.0 0.977777777778 0.89772063121 0.893536121673
0.183829138063 1.0 0.222222222222 0.12974868498 0.175448126018
0.552250190694 0.0 0.711111111111 0.776154295733 0.684410646388
0.294431731503 0.0 0.422222222222 0.407948568089 0.342748506247
0.747139588101 0.0 0.755555555556 0.643483343074 0.636610537751
0.200228832952 1.0 0.244444444444 0.186440677966 0.233568712656
0.20709382151 0.0 0.288888888889 0.254237288136 0.244975556763
0.442028985507 0.0 0.488888888889 0.363530099357 0.413905486149
0.169717772693 0.0 0.244444444444 0.230859146698 0.18576860402
0.477116704805 0.0 0.644444444444 0.62828755114 0.621401412276
0.426010678871 0.0 0.6 0.561075394506 0.473655621945
0.717009916095 0.0 0.622222222222 0.503798947984 0.512764801738
0.270404271548 0.0 0.4 0.366452367037 0.35958718088
0.614035087719 1.0 0.555555555556 0.370543541788 0.389462248778
0.562929061785 0.0 0.733333333333 0.732904734074 0.701792504074
0.160945842868 0.0 0.222222222222 0.186440677966 0.172189027702
0.598398169336 0.0 0.777777777778 0.801285797779 0.764801738186
0.684210526316 0.0 0.822222222222 0.750438340152 0.765344921238
0.417238749047 0.0 0.577777777778 0.597311513735 0.531776208582
0.652173913043 0.0 0.8 0.758620689655 0.74144486692
0.504195270786 0.0 0.688888888889 0.708357685564 0.596414991852
0.346300533944 1.0 0.311111111111 0.189362945646 0.259641499185
0.926010678871 1.0 0.933333333333 0.835184102864 0.923411189571
0.691838291381 1.0 0.755555555556 0.605493863238 0.664312873438
0.90350877193 1.0 0.911111111111 0.822326125073 0.878326996198
0.581235697941 1.0 0.511111111111 0.386323787259 0.478001086366
0.805491990847 0.0 0.844444444444 0.859146697838 0.851711026616
0.832189168574 0.0 0.866666666667 0.847457627119 0.81423139598
0.632341723875 1.0 0.666666666667 0.588544710695 0.605649103748
0.243325705568 0.0 0.355555555556 0.285213325541 0.321564367192
0.858886346301 1.0 0.866666666667 0.812974868498 0.863661053775
0.565980167811 0.0 0.622222222222 0.583284628872 0.491037479631
0.648741418764 0.0 0.711111111111 0.706604324956 0.651276480174
0.29061784897 0.0 0.444444444444 0.415546464056 0.371537208039
0.323035850496 0.0 0.466666666667 0.477498538866 0.440521455731
0.918001525553 0.0 0.955555555556 0.902980713033 0.935904399783
0.546910755149 1.0 0.577777777778 0.471654003507 0.4546442151
0.268115942029 0.0 0.288888888889 0.261835184103 0.283541553504
0.369183829138 0.0 0.511111111111 0.469316189363 0.500271591526
0.780320366133 0.0 0.888888888889 0.894213909994 0.807170016295
0.146071700992 1.0 0.2 0.111630625365 0.134166214014
0.210907704043 0.0 0.266666666667 0.151957919345 0.099402498642
0.907322654462 0.0 0.955555555556 0.960257159556 0.838674633351
0.352784134249 0.0 0.488888888889 0.490356516657 0.445953286257
0.165522501907 0.0 0.2 0.184687317358 0.152091254753
0.623188405797 0.0 0.733333333333 0.781414377557 0.714828897338
0.854691075515 1.0 0.844444444444 0.747516072472 0.771319934818
0.147597254005 0.0 0.2 0.141437755698 0.13525258012
0.642257818459 0.0 0.688888888889 0.684979544126 0.720803910918
0.178108314264 0.0 0.222222222222 0.112799532437 0.122216186855
0.807780320366 0.0 0.933333333333 0.957919345412 0.920695274307
0.791380625477 0.0 0.822222222222 0.760958503799 0.788158609451
0.316170861937 0.0 0.377777777778 0.287551139684 0.310700706138
0.808543096873 1.0 0.822222222222 0.776154295733 0.824551873982
0.463768115942 1.0 0.422222222222 0.277615429573 0.379141770777
0.812738367658 0.0 0.911111111111 0.912916423144 0.91309071157
0.257437070938 0.0 0.377777777778 0.327878433665 0.275936990766
0.530892448513 0.0 0.666666666667 0.594973699591 0.645301466594
0.860793287567 0.0 0.933333333333 0.936294564582 0.899511135253
0.342868039664 1.0 0.333333333333 0.236119228521 0.260184682238
0.380244088482 0.0 0.555555555556 0.527177089421 0.49701249321
0.340579710145 0.0 0.444444444444 0.390414962011 0.431287343835
0.231884057971 0.0 0.333333333333 0.324371712449 0.312873438349
0.487414187643 0.0 0.6 0.528345996493 0.613253666486
0.382151029748 1.0 0.444444444444 0.382817066043 0.412275936991
0.37643020595 1.0 0.4 0.341320864991 0.341118957089
0.932494279176 1.0 0.955555555556 0.883109292811 0.806626833243
0.522120518688 1.0 0.466666666667 0.316189362946 0.398696360674
0.422196796339 1.0 0.377777777778 0.267095265926 0.319934818034
0.65179252479 1.0 0.688888888889 0.62536528346 0.653449212385
0.610221205187 0.0 0.755555555556 0.715955581531 0.687669744704
0.316933638444 1.0 0.444444444444 0.424313267095 0.429114611624
0.706331045004 0.0 0.844444444444 0.813559322034 0.766974470397
0.594202898551 0.0 0.666666666667 0.563997662186 0.571428571429
0.3882532418 0.0 0.533333333333 0.503798947984 0.486148832156
0.881769641495 1.0 0.888888888889 0.742840444185 0.780010863661
0.561784897025 1.0 0.644444444444 0.571595558153 0.582292232482
0.311212814645 1.0 0.4 0.35008766803 0.352525801195
0.843249427918 0.0 0.888888888889 0.872004675628 0.869092884302
0.863463005339 0.0 0.822222222222 0.79251899474 0.81423139598
