0.344672336168 0.0 0.459459459459 0.320710973725 0.290085679315
0.265132566283 0.0 0.378378378378 0.29057187017 0.21970624235
0.631815907954 0.0 0.783783783784 0.805255023184 0.787025703794
0.633816908454 0.0 0.594594594595 0.622874806801 0.485924112607
0.724862431216 0.0 0.72972972973 0.589644513138 0.480416156671
0.724862431216 0.0 0.72972972973 0.589644513138 0.480416156671
0.583791895948 0.0 0.702702702703 0.808346213292 0.678702570379
0.56028014007 0.0 0.72972972973 0.774343122102 0.654222766218
0.919459729865 0.0 0.972972972973 1.0 1.0
0.939969984992 0.0 0.972972972973 0.970633693972 0.986536107711
0.542271135568 0.0 0.486486486486 0.293663060278 0.306609547124
0.542271135568 0.0 0.486486486486 0.293663060278 0.306609547124
0.270135067534 0.0 0.351351351351 0.292890262751 0.189106487148
0.547773886943 0.0 0.675675675676 0.623647604328 0.563035495716
0.834917458729 0.0 0.783783783784 0.622102009274 0.741738066095
0.936968484242 0.0 0.945945945946 0.864760432767 0.924112607099
0.55627813907 0.0 0.621621621622 0.465224111283 0.541615667075
0.55627813907 0.0 0.621621621622 0.465224111283 0.541615667075
0.812406203102 0.0 0.837837837838 0.857032457496 0.712974296206
0.625812906453 0.0 0.756756756757 0.874034003091 0.66217870257
0.501750875438 0.0 0.513513513514 0.258114374034 0.298041615667
0.625312656328 0.0 0.594594594595 0.325347758887 0.334761321909
0.31715857929 0.0 0.432432432432 0.506182380216 0.356793145655
0.47723861931 0.0 0.567567567568 0.639876352396 0.561199510404
0.431715857929 0.0 0.594594594595 0.653013910355 0.510403916769
0.648824412206 0.0 0.621621621622 0.539412673879 0.511627906977
0.241620810405 0.0 0.297297297297 0.173879443586 0.14993880049
0.520260130065 0.0 0.459459459459 0.293663060278 0.306609547124
0.793396698349 0.0 0.756756756757 0.657650695518 0.62423500612
0.336168084042 0.0 0.378378378378 0.237248840804 0.175030599755
0.529764882441 0.0 0.621621621622 0.530139103555 0.473684210526
0.55627813907 0.0 0.675675675676 0.646831530139 0.545899632803
0.428214107054 0.0 0.513513513514 0.390262751159 0.405140758874
0.344672336168 0.0 0.432432432432 0.236476043277 0.255201958384
0.31815907954 0.0 0.405405405405 0.204018547141 0.217870257038
0.362181090545 0.0 0.432432432432 0.241112828439 0.260709914321
0.587793896948 0.0 0.72972972973 0.683925811437 0.709302325581
0.5987993997 0.0 0.72972972973 0.683925811437 0.709302325581
0.711855927964 0.0 0.72972972973 0.558732612056 0.492656058752
0.710355177589 0.0 0.72972972973 0.593508500773 0.552631578947
0.475237618809 0.0 0.486486486486 0.496136012365 0.43023255814
0.16208104052 0.0 0.216216216216 0.143740340031 0.0795593635251
0.544772386193 0.0 0.594594594595 0.683925811437 0.507955936353
0.824912456228 0.0 0.891891891892 0.829211746522 0.768665850673
0.268634317159 0.0 0.351351351351 0.389489953632 0.284577723378
0.268634317159 0.0 0.351351351351 0.389489953632 0.284577723378
0.519259629815 0.0 0.621621621622 0.62828438949 0.457160342717
0.785392696348 0.0 0.783783783784 0.64142194745 0.578335373317
0.451225612806 0.0 0.594594594595 0.566460587326 0.495104039168
0.650325162581 0.0 0.675675675676 0.656105100464 0.581395348837
0.579789894947 0.0 0.594594594595 0.354714064915 0.464504283966
0.409204602301 0.0 0.459459459459 0.496136012365 0.416768665851
0.790395197599 0.0 0.810810810811 0.695517774343 0.758873929009
0.790395197599 0.0 0.810810810811 0.695517774343 0.758873929009
0.313156578289 0.0 0.405405405405 0.300618238022 0.35006119951
0.313156578289 0.0 0.405405405405 0.300618238022 0.35006119951
1.0 0.0 1.0 0.935857805255 0.985924112607
0.615807903952 0.0 0.72972972973 0.66228748068 0.679314565483
0.739869934967 0.0 0.783783783784 0.818392581144 0.709914320685
0.845922961481 0.0 0.918918918919 0.965224111283 0.852509179927
0.474737368684 0.0 0.567567567568 0.418083462133 0.514075887393
0.651325662831 0.0 0.675675675676 0.741112828439 0.584455324357
0.675837918959 0.0 0.621621621622 0.427357032457 0.511627906977
0.870935467734 0.0 0.810810810811 0.635239567233 0.747246022032
0.366683341671 0.0 0.432432432432 0.285935085008 0.327417380661
0.830415207604 0.0 0.783783783784 0.589644513138 0.704406364749
0.367683841921 0.0 0.432432432432 0.42658423493 0.327417380661
0.464732366183 0.0 0.621621621622 0.653013910355 0.510403916769
0.710855427714 0.0 0.621621621622 0.4057187017 0.326805385557
0.738869434717 0.0 0.756756756757 0.595054095827 0.512851897185
0.458729364682 0.0 0.621621621622 0.66228748068 0.604039167687
0.48224112056 0.0 0.621621621622 0.530139103555 0.559363525092
0.448724362181 0.0 0.540540540541 0.408809891808 0.500611995104
0.485242621311 0.0 0.621621621622 0.543276661515 0.564871481028
0.873436718359 0.0 0.918918918919 0.956723338485 0.887392900857
0.973986993497 0.0 0.972972972973 0.950540958269 0.840269277846
0.625312656328 0.0 0.540540540541 0.351622874807 0.316401468788
0.541770885443 0.0 0.594594594595 0.461360123648 0.385556915545
0.834917458729 0.0 0.783783783784 0.622102009274 0.741738066095
0.865932966483 0.0 0.783783783784 0.62828438949 0.720318237454
