0.603754940711 0.0 0.763157894737 0.680744452398 0.840819022457
0.679347826087 0.0 0.815789473684 0.733715103794 0.913474240423
0.579545454545 0.0 0.736842105263 0.739441660702 0.87714663144
0.612154150198 0.0 0.763157894737 0.739441660702 0.87714663144
0.539745916515 0.0 0.68085106383 0.579754601227 0.721676151061
0.610671936759 0.0 0.710526315789 0.549749463135 0.716644649934
0.676383399209 0.0 0.710526315789 0.572655690766 0.780052840159
0.676383399209 0.0 0.710526315789 0.572655690766 0.780052840159
0.676383399209 0.0 0.710526315789 0.572655690766 0.780052840159
0.573669005365 0.0 0.7 0.637632978723 0.752240717029
0.584754990926 0.0 0.744680851064 0.679447852761 0.756854630109
0.479743083004 0.0 0.631578947368 0.612025769506 0.694848084544
0.676588021779 0.0 0.808510638298 0.736707566462 0.837040869115
0.737154150198 0.0 0.815789473684 0.759484609878 0.908850726552
0.810163339383 0.0 0.851063829787 0.70654396728 0.890325918262
0.363598844408 0.0 0.475 0.321808510638 0.429577464789
0.459528130672 0.0 0.617021276596 0.569018404908 0.629073978272
0.73720508167 0.0 0.787234042553 0.604805725971 0.765131919296
0.447549909256 0.0 0.595744680851 0.532719836401 0.591308846353
0.567332123412 0.0 0.723404255319 0.627300613497 0.676668391102
0.498142798184 0.0 0.575 0.501329787234 0.627400768246
0.447379281882 0.0 0.6 0.543882978723 0.592829705506
0.470849802372 0.0 0.578947368421 0.486041517538 0.575297225892
0.370614940157 0.0 0.525 0.460771276596 0.498719590269
0.331760435572 0.0 0.446808510638 0.327709611452 0.398344542162
0.663043478261 0.0 0.815789473684 0.780959198282 0.812417437252
0.439950474618 0.0 0.55 0.527925531915 0.599871959027
0.533223276929 0.0 0.65 0.608377659574 0.673495518566
0.738636363636 0.0 0.763157894737 0.675733715104 0.832232496697
0.614156079855 0.0 0.765957446809 0.626789366053 0.653905845835
0.291470054446 0.0 0.425531914894 0.372699386503 0.417485773409
0.301996370236 0.0 0.404255319149 0.309304703476 0.378685980341
0.60108892922 0.0 0.702127659574 0.660531697342 0.730470770823
0.523411978221 0.0 0.659574468085 0.588957055215 0.619762027936
0.806818181818 0.0 0.789473684211 0.659269863994 0.843461030383
0.419314898886 0.0 0.55 0.516622340426 0.55185659411
0.496079240611 0.0 0.6 0.545212765957 0.606914212548
0.496079240611 0.0 0.6 0.545212765957 0.606914212548
0.512174989682 0.0 0.625 0.54920212766 0.601792573624
0.642831215971 0.0 0.659574468085 0.521983640082 0.668908432488
0.516798418972 0.0 0.605263157895 0.446671438797 0.52179656539
0.757411067194 0.0 0.842105263158 0.804581245526 0.883091149273
0.422141560799 0.0 0.510638297872 0.441206543967 0.512674599069
0.6450680974 0.0 0.7 0.521276595745 0.625480153649
0.6450680974 0.0 0.7 0.521276595745 0.625480153649
0.490118577075 0.0 0.578947368421 0.569792412312 0.640026420079
0.560794044665 0.0 0.648648648649 0.589875275128 0.660792951542
0.424901185771 0.0 0.552631578947 0.455977093772 0.48678996037
0.77766798419 0.0 0.842105263158 0.777380100215 0.86856010568
0.508684863524 0.0 0.594594594595 0.501834189288 0.570169918188
0.584399504746 0.0 0.725 0.689494680851 0.702944942382
0.557312252964 0.0 0.657894736842 0.544022906228 0.597093791281
0.64476284585 0.0 0.789473684211 0.760200429492 0.768824306473
0.574193548387 0.0 0.756756756757 0.696991929567 0.667715544368
0.682878411911 0.0 0.810810810811 0.831988261189 0.857142857143
0.416501976285 0.0 0.578947368421 0.636363636364 0.625495376486
0.681306715064 0.0 0.829787234043 0.750511247444 0.750646663218
0.376043557169 0.0 0.510638297872 0.435582822086 0.449560269012
0.557985967809 0.0 0.675 0.670212765957 0.70166453265
0.449030127941 0.0 0.6 0.585106382979 0.581946222791
0.533596837945 0.0 0.605263157895 0.434502505369 0.50858652576
0.535483870968 0.0 0.648648648649 0.534849596478 0.567023285085
0.783102766798 0.0 0.894736842105 0.853256979241 0.886393659181
0.622368964094 0.0 0.725 0.617021276596 0.658770806658
0.639927404719 0.0 0.787234042553 0.743865030675 0.740300051733
0.474937965261 0.0 0.594594594595 0.564930300807 0.588420390183
0.471464019851 0.0 0.594594594595 0.52677916361 0.546255506608
0.492307692308 0.0 0.621621621622 0.498165810712 0.509754562618
0.383821708626 0.0 0.525 0.453457446809 0.452624839949
0.521091811414 0.0 0.594594594595 0.464416727806 0.531151667716
0.513151364764 0.0 0.621621621622 0.533382245048 0.565135305223
0.496541501976 0.0 0.631578947368 0.671438797423 0.676354029062
0.36709486166 0.0 0.526315789474 0.544738725841 0.524438573316
0.300866694181 0.0 0.4 0.389627659574 0.428297055058
0.368058076225 0.0 0.489361702128 0.434049079755 0.449560269012
0.847296739579 0.0 0.875 0.76795212766 0.876440460948
0.560794044665 0.0 0.648648648649 0.589875275128 0.638137193203
0.721234119782 0.0 0.723404255319 0.561349693252 0.695292291774
0.768784029038 0.0 0.893617021277 0.872699386503 0.881013967926
0.807259528131 0.0 0.829787234043 0.680981595092 0.78996378686
0.447379281882 0.0 0.525 0.473404255319 0.526888604353
0.294263309946 0.0 0.4 0.329122340426 0.353393085787
0.294263309946 0.0 0.4 0.329122340426 0.353393085787
0.20256916996 0.0 0.263157894737 0.162491052255 0.231175693527
0.636813867107 0.0 0.775 0.829122340426 0.818181818182
0.7841191067 0.0 0.918918918919 0.881144534116 0.872876022656
0.466004962779 0.0 0.567567567568 0.421129860602 0.445563247325
0.617866004963 0.0 0.702702702703 0.595744680851 0.635619886721
0.467493796526 0.0 0.567567567568 0.519442406456 0.543738200126
0.378458498024 0.0 0.447368421053 0.298496778812 0.351387054161
0.378458498024 0.0 0.447368421053 0.298496778812 0.351387054161
0.691470054446 0.0 0.851063829787 0.782719836401 0.744956026901
0.451612903226 0.0 0.594594594595 0.537050623624 0.515418502203
0.577171215881 0.0 0.675675675676 0.61482024945 0.636878539962
0.700181488203 0.0 0.744680851064 0.640081799591 0.715985514744
0.560874948411 0.0 0.625 0.565159574468 0.62099871959
0.464516129032 0.0 0.567567567568 0.540719002201 0.557583385777
0.467493796526 0.0 0.594594594595 0.523844460748 0.516047828823
0.430272952854 0.0 0.540540540541 0.449009537784 0.457520453115
0.535483870968 0.0 0.594594594595 0.448275862069 0.507866582756
