0.329108910891 0.0 0.395348837209 0.33122229259 0.313702623907
0.45702970297 0.0 0.511627906977 0.544015199493 0.430903790087
0.428910891089 0.333333333333 0.418604651163 0.35275490817 0.401749271137
0.884356435644 0.0 0.93023255814 0.951234958835 0.863556851312
0.708514851485 0.0 0.697674418605 0.652311589614 0.695043731778
0.611089108911 0.0 0.604651162791 0.560481317289 0.577259475219
0.539405940594 0.0 0.581395348837 0.604179860671 0.518367346939
0.347326732673 0.0 0.488372093023 0.481317289424 0.379008746356
0.588118811881 0.0 0.674418604651 0.694110196327 0.694460641399
0.658217821782 0.0 0.674418604651 0.64281190627 0.626822157434
0.403168316832 0.0 0.581395348837 0.617479417353 0.550437317784
0.610297029703 0.0 0.720930232558 0.782140595313 0.690379008746
0.571089108911 0.0 0.581395348837 0.574414186194 0.48221574344
0.289108910891 0.0 0.372093023256 0.298290056998 0.33527696793
0.32198019802 0.0 0.441860465116 0.423052564915 0.401166180758
0.710495049505 0.0 0.720930232558 0.706143128562 0.675801749271
0.708514851485 0.0 0.697674418605 0.652311589614 0.695043731778
0.433663366337 0.0 0.558139534884 0.511716276124 0.527113702624
0.56396039604 0.0 0.604651162791 0.602279924003 0.516618075802
0.589306930693 0.0 0.604651162791 0.547815072831 0.605247813411
0.791287128713 0.0 0.790697674419 0.706776440785 0.780174927114
0.771881188119 0.0 0.813953488372 0.84420519316 0.853644314869
0.719603960396 0.333333333333 0.651162790698 0.55414819506 0.574344023324
0.516435643564 0.333333333333 0.511627906977 0.411652944902 0.457725947522
0.654257425743 0.0 0.674418604651 0.755541481951 0.591836734694
0.616633663366 0.0 0.558139534884 0.533248891704 0.548688046647
0.433663366337 0.0 0.558139534884 0.511716276124 0.527113702624
0.677623762376 0.0 0.627906976744 0.568081063965 0.619825072886
0.417425742574 0.0 0.511627906977 0.527549081697 0.45889212828
0.773465346535 0.0 0.790697674419 0.804939835339 0.619825072886
0.538217821782 0.0 0.581395348837 0.583280557315 0.507288629738
0.512079207921 0.0 0.627906976744 0.584547181761 0.516618075802
0.359207920792 0.0 0.441860465116 0.422419252692 0.439067055394
0.355643564356 0.0 0.395348837209 0.363521215959 0.351603498542
0.714059405941 0.0 0.744186046512 0.754274857505 0.63556851312
0.532673267327 0.0 0.697674418605 0.721342621913 0.702040816327
0.30495049505 0.0 0.418604651163 0.343255224826 0.325947521866
0.239603960396 0.0 0.302325581395 0.260291323623 0.234402332362
0.706534653465 0.0 0.720930232558 0.63204559848 0.612244897959
0.782178217822 0.0 0.837209302326 0.78784040532 0.825655976676
0.314455445545 0.0 0.348837209302 0.321089297023 0.303206997085
0.302574257426 0.666666666667 0.395348837209 0.314756174794 0.287463556851
0.74495049505 0.0 0.744186046512 0.708043065231 0.704373177843
0.584158415842 0.0 0.488372093023 0.454084863838 0.373760932945
0.505346534653 0.0 0.488372093023 0.467384420519 0.516034985423
0.404752475248 0.0 0.511627906977 0.5497150095 0.548688046647
0.347326732673 0.0 0.488372093023 0.481317289424 0.379008746356
0.46099009901 0.0 0.511627906977 0.551614946168 0.465306122449
0.390495049505 0.0 0.511627906977 0.469917669411 0.471720116618
0.523168316832 0.0 0.581395348837 0.537048765041 0.565014577259
0.646732673267 0.0 0.651162790698 0.62127929069 0.629737609329
0.556831683168 0.0 0.558139534884 0.5801139962 0.520699708455
0.844752475248 0.0 0.837209302326 0.787207093097 0.702040816327
0.743762376238 0.0 0.697674418605 0.61684610513 0.566180758017
0.380198019802 0.0 0.395348837209 0.353388220393 0.345772594752
0.449504950495 0.0 0.511627906977 0.530715642812 0.481049562682
0.992079207921 0.0 0.953488372093 0.944268524383 0.88804664723
0.348514851485 0.0 0.488372093023 0.514882837239 0.395918367347
0.633663366337 0.0 0.581395348837 0.537048765041 0.474052478134
0.510891089109 0.0 0.511627906977 0.453451551615 0.479883381924
0.433267326733 0.0 0.604651162791 0.67321089297 0.568513119534
0.396831683168 0.0 0.558139534884 0.62127929069 0.480466472303
0.559603960396 0.0 0.627906976744 0.65357821406 0.604664723032
0.524752475248 0.0 0.604651162791 0.623179227359 0.563848396501
0.513267326733 0.0 0.488372093023 0.443318556048 0.416326530612
0.393663366337 0.0 0.558139534884 0.602279924003 0.451895043732
0.66495049505 0.0 0.697674418605 0.747308423053 0.706705539359
0.64198019802 0.0 0.674418604651 0.713109563015 0.649562682216
0.386930693069 0.666666666667 0.488372093023 0.437618746042 0.517201166181
0.465346534653 0.0 0.46511627907 0.37872070931 0.368513119534
0.557623762376 0.0 0.581395348837 0.571880937302 0.583090379009
0.646732673267 0.0 0.651162790698 0.62127929069 0.629737609329
0.489504950495 0.0 0.604651162791 0.563014566181 0.545189504373
0.350495049505 0.0 0.372093023256 0.297023432552 0.285714285714
0.659801980198 0.0 0.627906976744 0.5801139962 0.528279883382
0.26099009901 0.666666666667 0.348837209302 0.383787207093 0.298542274052
0.329108910891 0.0 0.395348837209 0.33122229259 0.313702623907
0.584158415842 0.0 0.488372093023 0.454084863838 0.373760932945
0.44 0.0 0.488372093023 0.537048765041 0.379591836735
0.620198019802 0.0 0.674418604651 0.611779607346 0.620991253644
0.294653465347 0.0 0.372093023256 0.348955034832 0.350437317784
0.708910891089 0.0 0.697674418605 0.742875237492 0.696209912536
0.489504950495 0.0 0.604651162791 0.563014566181 0.545189504373
0.746138613861 0.0 0.720930232558 0.654844838505 0.651895043732
0.831287128713 0.0 0.860465116279 0.801773274224 0.860641399417
0.570693069307 0.0 0.744186046512 0.699810006333 0.696209912536
0.666930693069 0.0 0.651162790698 0.578214059531 0.563265306122
0.633663366337 0.0 0.697674418605 0.700443318556 0.618075801749
0.611089108911 0.0 0.604651162791 0.560481317289 0.577259475219
0.489108910891 0.0 0.581395348837 0.504749841672 0.483965014577
0.677227722772 0.0 0.604651162791 0.574414186194 0.486297376093
0.651881188119 0.0 0.627906976744 0.634578847372 0.542857142857
0.587326732673 0.0 0.558139534884 0.518682710576 0.502623906706
0.485940594059 0.333333333333 0.46511627907 0.412286257125 0.438483965015
0.404752475248 0.0 0.511627906977 0.5497150095 0.548688046647
0.86495049505 0.0 0.860465116279 0.862571247625 0.928862973761
0.6 0.0 0.558139534884 0.571247625079 0.496793002915
0.508910891089 0.0 0.511627906977 0.530715642812 0.437900874636
0.679207920792 0.0 0.651162790698 0.538315389487 0.585422740525
0.576237623762 0.0 0.558139534884 0.533248891704 0.537609329446
0.737821782178 0.0 0.720930232558 0.687777074098 0.768513119534
0.437227722772 0.0 0.46511627907 0.50221659278 0.394752186589
0.683564356436 1.0 0.674418604651 0.597213426219 0.643148688047
0.489504950495 0.0 0.604651162791 0.563014566181 0.545189504373
0.79603960396 0.0 0.813953488372 0.804939835339 0.758017492711
0.513267326733 0.0 0.627906976744 0.661811272958 0.613411078717
0.664158415842 0.0 0.674418604651 0.690310322989 0.572594752187
0.518415841584 0.0 0.488372093023 0.409753008233 0.448979591837
0.589306930693 0.0 0.581395348837 0.469917669411 0.533527696793
0.356831683168 0.0 0.418604651163 0.338188727042 0.360932944606
0.743366336634 0.333333333333 0.744186046512 0.66877770741 0.626239067055
0.41702970297 0.666666666667 0.488372093023 0.515516149462 0.406413994169
0.654653465347 0.0 0.627906976744 0.600379987334 0.551603498542
0.453861386139 0.0 0.53488372093 0.578847371754 0.526530612245
0.458613861386 0.0 0.604651162791 0.579480683977 0.562099125364
0.666930693069 0.0 0.627906976744 0.589613679544 0.523032069971
0.615841584158 0.0 0.558139534884 0.526282457251 0.554518950437
0.760396039604 0.0 0.720930232558 0.682077264091 0.765597667638
0.555247524752 0.0 0.558139534884 0.520582647245 0.572594752187
0.592079207921 0.0 0.604651162791 0.642178594047 0.67055393586
0.542574257426 0.0 0.511627906977 0.516782773908 0.525364431487
0.612277227723 0.0 0.720930232558 0.632678910703 0.618075801749
0.502178217822 0.333333333333 0.53488372093 0.518682710576 0.493294460641
0.767128712871 0.0 0.767441860465 0.750474984167 0.712536443149
0.593267326733 0.0 0.581395348837 0.590246991767 0.402332361516
0.46297029703 0.0 0.558139534884 0.609879670678 0.549854227405
0.349306930693 0.0 0.488372093023 0.443951868271 0.386005830904
0.417821782178 0.0 0.53488372093 0.465484483851 0.462973760933
0.685544554455 0.0 0.651162790698 0.601013299557 0.613411078717
0.289108910891 0.0 0.372093023256 0.307789740342 0.271137026239
0.660198019802 0.0 0.651162790698 0.667511082964 0.674052478134
0.406732673267 0.0 0.418604651163 0.363521215959 0.296209912536
0.531485148515 0.0 0.558139534884 0.557948068398 0.545772594752
0.742574257426 0.0 0.767441860465 0.81380620646 0.640233236152
0.357227722772 0.0 0.488372093023 0.446485117163 0.419825072886
0.378217821782 0.0 0.511627906977 0.473084230526 0.455393586006
0.349702970297 0.0 0.441860465116 0.441418619379 0.461224489796
0.721188118812 0.0 0.697674418605 0.691576947435 0.702623906706
0.473663366337 0.0 0.46511627907 0.389487017099 0.397084548105
0.534653465347 0.0 0.627906976744 0.642178594047 0.555102040816
0.437623762376 0.666666666667 0.511627906977 0.453451551615 0.532361516035
0.344554455446 0.666666666667 0.441860465116 0.393286890437 0.463556851312
0.373861386139 0.0 0.511627906977 0.502849905003 0.453644314869
0.318811881188 0.0 0.395348837209 0.37238758708 0.302040816327
0.494257425743 0.0 0.511627906977 0.388853704877 0.334110787172
0.383366336634 0.0 0.395348837209 0.326155794807 0.255393586006
0.561584158416 0.0 0.674418604651 0.706143128562 0.728279883382
0.626930693069 0.0 0.720930232558 0.767574414186 0.814577259475
0.527128712871 1.0 0.604651162791 0.530715642812 0.558017492711
0.302574257426 0.0 0.372093023256 0.328689043699 0.255976676385
0.54495049505 0.666666666667 0.488372093023 0.381253958201 0.425655976676
0.788910891089 0.0 0.837209302326 0.820772640912 0.795335276968
0.34297029703 1.0 0.395348837209 0.315389487017 0.319533527697
0.743366336634 0.0 0.744186046512 0.614312856238 0.641982507289
0.732277227723 0.0 0.744186046512 0.72070930969 0.680466472303
0.514059405941 0.0 0.627906976744 0.655478150728 0.609912536443
0.414653465347 0.0 0.441860465116 0.417986067131 0.342274052478
0.641188118812 0.0 0.627906976744 0.623812539582 0.504956268222
0.862574257426 1.0 0.767441860465 0.685877137429 0.701457725948
0.869702970297 0.0 0.860465116279 0.860037998733 0.836151603499
0.508118811881 0.0 0.488372093023 0.421152628246 0.457142857143
0.394851485149 0.0 0.395348837209 0.327422419253 0.393002915452
0.350495049505 0.0 0.372093023256 0.297023432552 0.285714285714
0.785346534653 0.0 0.790697674419 0.827739075364 0.833236151603
0.580594059406 0.0 0.720930232558 0.689677010766 0.643148688047
0.52396039604 0.0 0.674418604651 0.65801139962 0.580174927114
0.597227722772 0.0 0.604651162791 0.623179227359 0.501457725948
0.721188118812 0.0 0.744186046512 0.69474350855 0.587172011662
0.790099009901 0.0 0.767441860465 0.738442051932 0.644314868805
0.502178217822 0.0 0.581395348837 0.544015199493 0.589504373178
0.510495049505 0.0 0.488372093023 0.416086130462 0.426239067055
0.505346534653 0.0 0.488372093023 0.467384420519 0.516034985423
0.785346534653 0.0 0.790697674419 0.827739075364 0.833236151603
0.553663366337 0.0 0.558139534884 0.556048131729 0.516618075802
0.723168316832 0.0 0.674418604651 0.648511716276 0.618658892128
0.505346534653 0.0 0.488372093023 0.467384420519 0.516034985423
0.590891089109 0.0 0.604651162791 0.44585180494 0.487463556851
0.862574257426 1.0 0.767441860465 0.685877137429 0.701457725948
0.61702970297 0.0 0.674418604651 0.7403419886 0.602915451895
0.519603960396 0.0 0.488372093023 0.516149461685 0.420408163265
0.712871287129 0.0 0.674418604651 0.674477517416 0.59416909621
0.541386138614 0.0 0.53488372093 0.52818239392 0.513119533528
0.445544554455 0.0 0.511627906977 0.544648511716 0.526530612245
0.55603960396 0.0 0.674418604651 0.665611146295 0.631486880466
0.663762376238 0.333333333333 0.697674418605 0.713109563015 0.739358600583
1.0 0.333333333333 1.0 1.0 1.0
0.818613861386 0.0 0.860465116279 0.808739708676 0.793002915452
0.837623762376 0.0 0.860465116279 0.858138062065 0.798833819242
0.873663366337 0.0 0.860465116279 0.935402153262 0.862390670554
0.882772277228 0.0 0.883720930233 0.817606079797 0.931778425656
0.526336633663 0.0 0.558139534884 0.529449018366 0.504373177843
0.497425742574 0.333333333333 0.627906976744 0.602279924003 0.542274052478
0.537821782178 0.0 0.558139534884 0.48258391387 0.495043731778
0.598811881188 0.0 0.720930232558 0.734642178594 0.706705539359
0.758415841584 0.333333333333 0.767441860465 0.706143128562 0.727696793003
0.781782178218 0.333333333333 0.790697674419 0.765041165294 0.702040816327
0.551287128713 0.0 0.674418604651 0.713742875237 0.612244897959
0.474455445545 0.0 0.511627906977 0.47181760608 0.492711370262
0.790495049505 0.0 0.837209302326 0.796706776441 0.799416909621
0.411881188119 0.0 0.441860465116 0.471184293857 0.433236151603
