0.635426889107 0.0 0.7 0.605793450882 0.77106993425
0.683022571148 0.0 0.75 0.60201511335 0.720860729229
0.625613346418 0.0 0.675 0.592569269521 0.735803945009
0.570166830226 0.0 0.65 0.500629722922 0.615660490137
0.957801766438 0.0 0.95 0.831863979849 0.97011356844
0.714916584887 0.0 0.775 0.699622166247 0.805140466228
0.815996074583 0.0 0.825 0.680730478589 0.821279139271
0.792934249264 0.0 0.9 0.848236775819 0.893006575015
0.554955839058 0.0 0.625 0.515113350126 0.632994620442
0.663886162905 0.0 0.75 0.655541561713 0.739390316796
0.479882237488 0.0 0.55 0.478589420655 0.604303646145
0.419528949951 0.0 0.5 0.429471032746 0.553496712493
0.650637880275 0.0 0.75 0.69395465995 0.759713090257
0.704612365064 0.0 0.75 0.632871536524 0.744172145846
0.502944062807 0.0 0.6 0.522670025189 0.610878661088
0.712463199215 0.0 0.825 0.840680100756 0.879856545129
0.719823356232 0.0 0.775 0.635390428212 0.728033472803
0.642296368989 0.0 0.725 0.700251889169 0.773460848775
0.458783120707 0.0 0.575 0.482367758186 0.547519426181
0.538763493621 0.0 0.65 0.561712846348 0.619246861925
0.736015701668 0.0 0.75 0.553526448363 0.677824267782
0.767909715407 0.0 0.85 0.754408060453 0.805140466228
0.574092247301 0.0 0.625 0.448362720403 0.558876270173
0.525024533857 0.0 0.575 0.506926952141 0.625821876868
0.880274779195 0.0 0.875 0.667506297229 0.786610878661
0.551521099117 0.0 0.625 0.568639798489 0.658099222953
0.791952894995 0.0 0.8 0.695843828715 0.813508667065
0.675171736997 0.0 0.725 0.566120906801 0.658696951584
0.527968596663 0.0 0.625 0.614609571788 0.682008368201
0.46908734053 0.0 0.575 0.472921914358 0.540346682606
0.962708537782 0.0 0.875 0.762594458438 0.946802151823
0.569676153091 0.0 0.65 0.531486146096 0.607292289301
1.0 0.0 0.925 0.775818639798 0.941422594142
0.709028459274 0.0 0.8 0.709068010076 0.752540346683
0.779685966634 0.0 0.85 0.803526448363 0.856545128512
0.644259077527 0.0 0.7 0.596977329975 0.684997011357
0.542688910697 0.0 0.625 0.568639798489 0.644949193066
0.69430814524 0.0 0.775 0.661838790932 0.716676628811
0.496565260059 0.0 0.55 0.369017632242 0.480573819486
0.642296368989 0.0 0.7 0.585012594458 0.670053795577
0.692345436703 0.0 0.725 0.638539042821 0.740585774059
0.745338567223 0.0 0.75 0.651763224181 0.772863120143
0.655544651619 0.0 0.75 0.68765743073 0.732217573222
0.690382728165 0.0 0.775 0.696473551637 0.745367603108
0.562315996075 0.0 0.65 0.580604534005 0.645546921698
0.531403336605 0.0 0.575 0.45717884131 0.570830842797
0.540726202159 0.0 0.625 0.610831234257 0.682008368201
0.801766437684 0.0 0.8 0.598866498741 0.715481171548
0.693817468106 0.0 0.725 0.556675062972 0.655708308428
0.690382728165 0.0 0.75 0.673173803526 0.744172145846
0.755642787046 0.0 0.8 0.778967254408 0.854751942618
0.414131501472 0.0 0.525 0.446473551637 0.50747160789
0.565260058881 0.0 0.625 0.539042821159 0.628212791393
0.750736015702 0.0 0.775 0.654282115869 0.750747160789
0.576054955839 0.0 0.675 0.566750629723 0.615062761506
0.854759568204 0.0 0.9 0.760705289673 0.820083682008
0.583415112856 0.0 0.65 0.536523929471 0.615660490137
0.821884200196 0.0 0.925 0.883501259446 0.889420203228
0.57948969578 0.0 0.625 0.515113350126 0.615062761506
0.746319921492 0.0 0.775 0.732997481108 0.824267782427
0.489695780177 0.0 0.575 0.471662468514 0.545128511656
0.527968596663 0.0 0.6 0.514483627204 0.594739988045
0.777232580962 0.0 0.8 0.726700251889 0.818290496115
0.670264965653 0.0 0.7 0.591309823678 0.692169754931
0.707065750736 0.0 0.75 0.752518891688 0.834429169157
0.758586849853 0.0 0.75 0.617128463476 0.742378959952
0.668792934249 0.0 0.725 0.633501259446 0.70651524208
0.622669283611 0.0 0.675 0.624685138539 0.708308427974
0.715407262022 0.0 0.725 0.590050377834 0.70173341303
0.5883218842 0.0 0.65 0.583123425693 0.66168559474
0.585377821394 0.0 0.65 0.580604534005 0.656306037059
0.744847890088 0.0 0.8 0.757556675063 0.818290496115
0.763493621197 0.0 0.75 0.58564231738 0.71129707113
0.712463199215 0.0 0.75 0.633501259446 0.715481171548
0.612365063788 0.0 0.675 0.595717884131 0.665869695158
0.903827281649 0.0 0.925 0.870906801008 0.937836222355
0.603532875368 0.0 0.675 0.625944584383 0.687387925882
0.453385672228 0.0 0.575 0.523299748111 0.55708308428
0.617762512267 0.0 0.675 0.525188916877 0.598326359833
0.642787046124 0.0 0.75 0.76637279597 0.785415421399
0.796368989205 0.0 0.75 0.593198992443 0.742378959952
0.631501472031 0.0 0.7 0.611460957179 0.670651524208
0.865063788027 0.0 0.825 0.654911838791 0.787208607292
0.686457311089 0.0 0.725 0.599496221662 0.679617453676
0.595682041217 0.0 0.675 0.619017632242 0.67184698147
0.683022571148 0.0 0.725 0.593828715365 0.670651524208
0.49558390579 0.0 0.5 0.331234256927 0.473998804543
0.604023552502 0.0 0.625 0.467884130982 0.577405857741
0.643277723258 0.0 0.725 0.700881612091 0.743574417215
0.60598626104 0.0 0.675 0.579345088161 0.640167364017
0.472031403337 0.0 0.525 0.417506297229 0.514644351464
0.682041216879 0.0 0.7 0.616498740554 0.716676628811
0.438665358194 0.0 0.5 0.396725440806 0.490137477585
0.676153091266 0.0 0.725 0.603904282116 0.673640167364
0.686457311089 0.0 0.675 0.491813602015 0.619844590556
0.519627085378 0.0 0.575 0.48677581864 0.573221757322
0.750736015702 0.0 0.775 0.687027707809 0.769276748356
0.64573110893 0.0 0.725 0.70717884131 0.748953974895
0.64573110893 0.0 0.725 0.636649874055 0.678421996414
0.49558390579 0.0 0.575 0.430100755668 0.494321578004
0.780667320903 0.0 0.8 0.654911838791 0.735206216378
0.597644749755 0.0 0.65 0.570528967254 0.645546921698
0.552502453386 0.0 0.625 0.541561712846 0.603108188882
0.795387634936 0.0 0.8 0.675062972292 0.767483562463
0.660451422964 0.0 0.7 0.606423173804 0.684399282726
0.48233562316 0.0 0.575 0.440176322418 0.491930663479
0.714425907753 0.0 0.75 0.587531486146 0.661087866109
0.582433758587 0.0 0.625 0.519521410579 0.606096832038
0.439646712463 0.0 0.575 0.57241813602 0.587567244471
0.656526005888 0.0 0.725 0.708438287154 0.757322175732
0.739450441609 0.0 0.8 0.676322418136 0.720263000598
0.651128557409 0.0 0.7 0.642317380353 0.71129707113
0.616781157998 0.0 0.675 0.608312342569 0.673042438733
0.550049067713 0.0 0.625 0.552267002519 0.610280932457
0.751226692836 0.0 0.825 0.755667506297 0.784219964136
0.577526987242 0.0 0.65 0.599496221662 0.655708308428
0.722767419038 0.0 0.725 0.569269521411 0.673640167364
0.626594700687 0.0 0.675 0.580604534005 0.653317393903
0.642296368989 0.0 0.7 0.587531486146 0.648535564854
0.908243375859 0.0 0.85 0.647355163728 0.783622235505
0.749754661433 0.0 0.825 0.729219143577 0.755528989839
0.735034347399 0.0 0.8 0.707808564232 0.746563060371
0.57948969578 0.0 0.65 0.566120906801 0.622833233712
0.651619234544 0.0 0.725 0.685768261965 0.728631201435
0.755642787046 0.0 0.85 0.752518891688 0.758517632995
0.563297350343 0.0 0.625 0.528337531486 0.595935445308
0.665358194308 0.0 0.7 0.637909319899 0.716676628811
0.476938174681 0.0 0.55 0.502518891688 0.571428571429
0.629538763494 0.0 0.675 0.627833753149 0.701135684399
0.555446516192 0.0 0.6 0.471662468514 0.55708308428
0.728164867517 0.0 0.725 0.607682619647 0.714285714286
0.57507360157 0.0 0.675 0.628463476071 0.655110579797
0.401864573111 0.0 0.475 0.38476070529 0.464435146444
0.681550539745 0.0 0.75 0.729219143577 0.77106993425
0.536310107949 0.0 0.6 0.508186397985 0.576808129109
0.661923454367 0.0 0.7 0.617128463476 0.692169754931
0.48675171737 0.0 0.575 0.51637279597 0.567842199641
0.449460255152 0.0 0.525 0.464105793451 0.533771667663
0.675662414132 0.0 0.7 0.520151133501 0.606096832038
0.5441609421 0.0 0.625 0.533375314861 0.58218768679
0.746319921492 0.0 0.8 0.683879093199 0.728631201435
0.550539744848 0.0 0.625 0.508186397985 0.561864913329
0.642296368989 0.0 0.725 0.652392947103 0.683801554094
0.456820412169 0.0 0.575 0.525818639798 0.549910340705
0.484789008832 0.0 0.6 0.577455919395 0.600119545726
0.929833169774 0.0 1.0 1.0 1.0
0.538272816487 0.0 0.575 0.537783375315 0.630603705918
0.693326790972 0.0 0.7 0.622795969773 0.722056186491
0.520608439647 0.0 0.6 0.520151133501 0.572624028691
0.537291462218 0.0 0.575 0.489294710327 0.580394500897
0.630029440628 0.0 0.675 0.577455919395 0.64674237896
0.660451422964 0.0 0.725 0.630982367758 0.676031081889
0.679587831207 0.0 0.7 0.608312342569 0.694560669456
0.549067713445 0.0 0.6 0.466624685139 0.5421398685
0.640333660451 0.0 0.675 0.566120906801 0.643753735804
0.678606476938 0.0 0.75 0.673803526448 0.708308427974
0.512757605496 0.0 0.575 0.459697732997 0.528392109982
0.620706575074 0.0 0.675 0.569269521411 0.629408248655
0.670264965653 0.0 0.675 0.557934508816 0.659892408846
0.674681059863 0.0 0.7 0.58564231738 0.665869695158
0.380274779195 0.0 0.45 0.370277078086 0.450687387926
0.601079489696 0.0 0.625 0.511964735516 0.604303646145
0.567222767419 0.0 0.65 0.557934508816 0.596533173939
0.529440628067 0.0 0.6 0.478589420655 0.534967124925
0.549558390579 0.0 0.625 0.588161209068 0.63658099223
0.566732090285 0.0 0.65 0.571788413098 0.609683203825
0.669283611384 0.0 0.725 0.642317380353 0.692169754931
0.53091265947 0.0 0.6 0.468513853904 0.526001195457
0.473012757605 0.0 0.525 0.430100755668 0.513448894202
0.583415112856 0.0 0.675 0.60201511335 0.628810520024
0.65456329735 0.0 0.725 0.692695214106 0.729228930066
0.60157016683 0.0 0.65 0.630352644836 0.69635385535
0.649165848871 0.0 0.7 0.610201511335 0.66646742379
0.414131501472 0.0 0.5 0.385390428212 0.442319187089
0.649165848871 0.0 0.675 0.535264483627 0.616258218769
0.500490677134 0.0 0.575 0.4540302267 0.508667065152
0.417075564279 0.0 0.475 0.353274559194 0.436939629408
0.521589793916 0.0 0.6 0.540931989924 0.588164973102
0.51324828263 0.0 0.575 0.517632241814 0.582785415421
0.527968596663 0.0 0.55 0.404911838791 0.50747160789
0.568694798822 0.0 0.6 0.486146095718 0.573221757322
0.541707556428 0.0 0.6 0.561712846348 0.625821876868
0.572620215898 0.0 0.65 0.560453400504 0.600717274357
0.456820412169 0.0 0.525 0.449622166247 0.516437537358
0.491658488714 0.0 0.575 0.480478589421 0.526598924088
0.42492639843 0.0 0.5 0.47355163728 0.537955768081
0.510304219823 0.0 0.6 0.55919395466 0.595935445308
0.564769381747 0.0 0.65 0.596977329975 0.629408248655
0.538272816487 0.0 0.575 0.496221662469 0.580992229528
0.642296368989 0.0 0.7 0.574937027708 0.622833233712
0.595682041217 0.0 0.675 0.543450881612 0.576808129109
0.483807654563 0.0 0.575 0.563602015113 0.60191273162
0.578999018646 0.0 0.65 0.568639798489 0.612671846981
0.456329735034 0.0 0.575 0.469773299748 0.484757919904
0.512757605496 0.0 0.525 0.416876574307 0.529587567244
0.583415112856 0.0 0.65 0.640428211587 0.687985654513
0.551521099117 0.0 0.575 0.485516372796 0.579796772265
0.576054955839 0.0 0.6 0.478589420655 0.568439928273
0.503434739941 0.0 0.55 0.451511335013 0.528989838613
0.562806673209 0.0 0.625 0.477329974811 0.529587567244
