0.0994916485113 0.0 0.130434782609 0.0777777777778 0.0636515912898
0.107480029049 0.0 0.152173913043 0.066081871345 0.0558347292016
0.935366739288 1.0 1.0 0.978947368421 0.910106085985
1.0 0.0 0.978260869565 0.926900584795 0.967057509771
0.867828612927 0.0 0.891304347826 0.870760233918 1.0
0.845315904139 0.0 0.95652173913 1.0 0.882188721385
0.131808278867 1.0 0.173913043478 0.0959064327485 0.110552763819
0.935366739288 0.0 0.978260869565 0.946783625731 0.958682300391
0.145243282498 1.0 0.195652173913 0.127485380117 0.14405360134
0.165940450254 1.0 0.217391304348 0.118128654971 0.123394751535
0.221859114016 1.0 0.239130434783 0.133918128655 0.128978224456
0.154684095861 0.0 0.239130434783 0.192397660819 0.166387493021
0.13834422658 0.0 0.195652173913 0.147368421053 0.126186487996
0.92556281772 0.0 0.913043478261 0.814035087719 0.928531546622
0.895787944808 0.0 0.978260869565 0.973099415205 0.949748743719
0.907770515614 1.0 0.934782608696 0.9 0.903964265773
0.852578068264 1.0 0.826086956522 0.718713450292 0.833612506979
0.565359477124 1.0 0.565217391304 0.447368421053 0.575656058068
0.830428467683 0.0 0.913043478261 0.89649122807 0.920714684534
0.556281771968 0.0 0.760869565217 0.757894736842 0.805695142379
0.217501815541 0.0 0.326086956522 0.260233918129 0.266331658291
0.898329702251 1.0 0.95652173913 0.941520467836 0.985482970408
0.858387799564 1.0 0.891304347826 0.84269005848 0.946398659966
0.648148148148 0.0 0.804347826087 0.822807017544 0.887772194305
0.66920842411 0.0 0.826086956522 0.920467836257 0.924623115578
0.791575889615 0.0 0.934782608696 0.96081871345 0.947515354551
0.452432824982 1.0 0.413043478261 0.283625730994 0.294807370184
0.372185911402 1.0 0.347826086957 0.208187134503 0.256839754327
0.155047204067 0.0 0.217391304348 0.200584795322 0.207146845338
0.786492374728 1.0 0.782608695652 0.651461988304 0.799553322166
0.49709513435 0.0 0.673913043478 0.722807017544 0.724176437744
0.779593318809 0.0 0.891304347826 0.956725146199 0.916247906198
0.862381989833 1.0 0.804347826087 0.628070175439 0.702959240648
0.524691358025 0.0 0.695652173913 0.695906432749 0.673366834171
0.541394335512 0.0 0.717391304348 0.77134502924 0.725293132328
0.57443718228 0.0 0.782608695652 0.914035087719 0.867671691792
0.688816267248 1.0 0.695652173913 0.625730994152 0.771077610274
0.170660856935 0.0 0.260869565217 0.231578947368 0.185371300949
0.606753812636 1.0 0.54347826087 0.388304093567 0.407593523171
0.625998547567 1.0 0.652173913043 0.546198830409 0.628140703518
0.302106027596 0.0 0.45652173913 0.475438596491 0.492462311558
0.908496732026 1.0 0.95652173913 0.940350877193 0.964265773311
0.697167755991 1.0 0.673913043478 0.529239766082 0.702959240648
0.658315177923 1.0 0.717391304348 0.608187134503 0.668341708543
0.347131445171 1.0 0.434782608696 0.350292397661 0.455053042993
0.197167755991 0.0 0.282608695652 0.220467836257 0.202680067002
0.240377632534 0.0 0.369565217391 0.252046783626 0.317141261865
0.618373275236 1.0 0.586956521739 0.487134502924 0.567280848688
0.204429920116 0.0 0.304347826087 0.233918128655 0.287548855388
0.711328976035 0.0 0.847826086957 0.838596491228 0.79229480737
0.468772694263 1.0 0.478260869565 0.340350877193 0.472920156337
0.322803195352 0.0 0.478260869565 0.486549707602 0.479620323841
0.448438634713 0.0 0.630434782609 0.643274853801 0.551647124511
0.82207697894 1.0 0.869565217391 0.798830409357 0.823562255723
0.229484386347 0.0 0.347826086957 0.30350877193 0.337241764377
0.382716049383 0.0 0.54347826087 0.500584795322 0.479620323841
0.721859114016 1.0 0.760869565217 0.677192982456 0.78391959799
0.251633986928 1.0 0.282608695652 0.183625730994 0.199888330542
0.42265795207 0.0 0.608695652174 0.631578947368 0.58458961474
0.495642701525 1.0 0.45652173913 0.321052631579 0.369625907314
0.702614379085 0.0 0.869565217391 0.866666666667 0.883863763261
0.350399419027 0.0 0.521739130435 0.538011695906 0.479620323841
0.262164124909 0.0 0.391304347826 0.367251461988 0.371859296482
0.554103122731 0.0 0.739130434783 0.716374269006 0.70072585148
0.843137254902 0.0 0.847826086957 0.731578947368 0.959240647683
0.336238198983 0.0 0.5 0.521637426901 0.477945281965
0.72440087146 1.0 0.739130434783 0.646198830409 0.730876605248
0.295570079884 1.0 0.304347826087 0.180116959064 0.197096594082
0.392519970951 0.0 0.586956521739 0.621637426901 0.591848129537
0.506899055919 1.0 0.521739130435 0.384210526316 0.548297040759
0.467320261438 0.0 0.652173913043 0.680701754386 0.65661641541
0.281771968046 0.0 0.434782608696 0.449122807018 0.457286432161
0.393246187364 0.0 0.565217391304 0.53216374269 0.49860413177
0.274509803922 1.0 0.326086956522 0.302923976608 0.342825237298
0.555555555556 1.0 0.608695652174 0.487719298246 0.606923506421
0.271968046478 0.0 0.413043478261 0.383625730994 0.390284757119
0.423021060276 1.0 0.391304347826 0.302339181287 0.413735343384
0.472766884532 1.0 0.5 0.369005847953 0.414852037968
0.606027596224 1.0 0.630434782609 0.528070175439 0.659966499162
0.458968772694 0.0 0.478260869565 0.395906432749 0.436627582356
0.305374001452 1.0 0.369565217391 0.308187134503 0.381909547739
0.745824255628 0.0 0.847826086957 0.784210526316 0.754885538805
0.800653594771 0.0 0.891304347826 0.926315789474 0.931881630374
0.356209150327 0.0 0.478260869565 0.43918128655 0.505304299274
0.23602033406 1.0 0.260869565217 0.183040935673 0.240089335567
0.877269426289 0.0 0.913043478261 0.845029239766 0.84757118928
0.820987654321 0.0 0.891304347826 0.886549707602 0.815187046343
0.193536673929 0.0 0.260869565217 0.152631578947 0.168062534897
0.83660130719 0.0 0.869565217391 0.787719298246 0.809045226131
0.756354393609 1.0 0.782608695652 0.684210526316 0.773869346734
0.774872912128 0.0 0.804347826087 0.681871345029 0.750418760469
0.617647058824 0.0 0.739130434783 0.805263157895 0.825795644891
0.246913580247 0.0 0.326086956522 0.345614035088 0.362367392518
0.503631082062 0.0 0.521739130435 0.394152046784 0.399776661083
0.42556281772 0.0 0.5 0.409941520468 0.466219988833
0.549745824256 0.0 0.630434782609 0.550292397661 0.535455053043
0.487291212781 0.0 0.565217391304 0.461403508772 0.482970407594
0.210965867829 0.0 0.304347826087 0.297076023392 0.289782244556
0.67792302106 0.0 0.717391304348 0.711111111111 0.685650474595
0.812273057371 0.0 0.847826086957 0.871929824561 0.91401451703
0.511982570806 0.0 0.54347826087 0.452046783626 0.42378559464
0.929557007988 0.0 0.934782608696 0.914035087719 0.897264098269
0.817356572259 1.0 0.869565217391 0.846783625731 0.863204913456
0.884531590414 0.0 0.913043478261 0.881871345029 0.948632049135
0.432824981845 0.0 0.565217391304 0.55730994152 0.616415410385
0.52033405955 1.0 0.630434782609 0.602339181287 0.624232272473
0.187000726216 0.0 0.260869565217 0.245029239766 0.246789503071
0.293391430646 1.0 0.347826086957 0.216959064327 0.2797319933
0.856572258533 0.0 0.869565217391 0.794736842105 0.853713009492
0.662309368192 0.0 0.630434782609 0.567251461988 0.695142378559
0.782135076253 1.0 0.804347826087 0.705263157895 0.870463428252
0.709513435004 0.0 0.826086956522 0.778362573099 0.778894472362
0.164851125635 0.0 0.217391304348 0.160233918129 0.115019542155
0.175381263617 0.0 0.239130434783 0.162573099415 0.171970965941
0.338053740015 0.0 0.5 0.479532163743 0.442769402568
0.910312273057 0.0 0.913043478261 0.797076023392 0.908431044109
0.23892519971 1.0 0.282608695652 0.189473684211 0.22166387493
0.739288307916 1.0 0.826086956522 0.748538011696 0.77833612507
0.201525054466 0.0 0.260869565217 0.24269005848 0.237297599107
0.732026143791 0.0 0.826086956522 0.856140350877 0.820770519263
0.164488017429 1.0 0.217391304348 0.170175438596 0.194863204913
0.891793754539 0.0 0.913043478261 0.83216374269 0.911781127862
0.30755265069 0.0 0.413043478261 0.32865497076 0.358458961474
0.714960058097 0.0 0.760869565217 0.674269005848 0.635957565606
0.342047930283 0.0 0.5 0.45730994152 0.448911222781
0.172476397967 0.0 0.239130434783 0.213450292398 0.176996091569
0.198620188816 0.0 0.282608695652 0.29298245614 0.29648241206
0.595497458243 0.0 0.608695652174 0.490058479532 0.527079843663
0.587509077705 0.0 0.717391304348 0.72865497076 0.743160245673
0.177559912854 1.0 0.239130434783 0.19649122807 0.228364042434
0.846042120552 0.0 0.869565217391 0.82514619883 0.819095477387
0.789397240378 0.0 0.760869565217 0.692397660819 0.78671133445
0.26397966594 1.0 0.304347826087 0.269590643275 0.329983249581
0.383079157589 1.0 0.45652173913 0.42865497076 0.451144611949
0.625998547567 0.0 0.608695652174 0.514619883041 0.534338358459
0.63253449528 0.0 0.630434782609 0.519298245614 0.544946957007
0.438271604938 1.0 0.521739130435 0.413450292398 0.517029592406
0.288671023965 0.0 0.391304347826 0.310526315789 0.286990508096
0.229121278141 0.0 0.282608695652 0.171929824561 0.143495254048
0.552287581699 0.0 0.695652173913 0.668421052632 0.734785036293
0.363834422658 0.0 0.45652173913 0.435087719298 0.390843104411
0.235657225853 1.0 0.260869565217 0.173684210526 0.217197096594
0.68663761801 0.0 0.717391304348 0.646198830409 0.71747627024
0.404139433551 0.0 0.478260869565 0.40350877193 0.374651032942
0.797022512709 0.0 0.826086956522 0.741520467836 0.682300390843
0.728031953522 0.0 0.760869565217 0.76783625731 0.843104410944
0.572984749455 0.0 0.54347826087 0.467251461988 0.561697375768
0.535221496006 0.0 0.586956521739 0.497076023392 0.552763819095
0.184095860566 0.0 0.260869565217 0.205847953216 0.207146845338
0.22440087146 0.0 0.304347826087 0.286549707602 0.310441094361
0.885620915033 0.0 0.934782608696 0.931578947368 0.844221105528
0.602396514161 0.0 0.673913043478 0.598830409357 0.689558905639
0.421931735657 0.0 0.565217391304 0.509356725146 0.547180346175
0.803921568627 1.0 0.869565217391 0.87134502924 0.901172529313
0.674655047204 0.0 0.782608695652 0.809941520468 0.841429369068
0.444807552651 0.0 0.54347826087 0.467251461988 0.488553880514
0.412490922295 0.0 0.413043478261 0.326900584795 0.367392518146
0.39941902687 0.0 0.45652173913 0.432748538012 0.343941931882
0.377632534495 1.0 0.5 0.431578947368 0.414852037968
0.32788671024 0.0 0.434782608696 0.363157894737 0.42936906756
0.41975308642 0.0 0.45652173913 0.380701754386 0.430485762144
0.521060275962 0.0 0.630434782609 0.661403508772 0.729759910664
0.701525054466 0.0 0.695652173913 0.588304093567 0.603015075377
0.61220043573 1.0 0.673913043478 0.584795321637 0.615298715801
0.929557007988 0.0 0.934782608696 0.950877192982 0.959798994975
0.814814814815 1.0 0.869565217391 0.851461988304 0.91959798995
0.741466957153 0.0 0.782608695652 0.728070175439 0.763260748185
0.257806826434 0.0 0.326086956522 0.249707602339 0.274706867672
0.376543209877 0.0 0.5 0.495321637427 0.463428252373
0.49128540305 0.0 0.54347826087 0.469005847953 0.497487437186
0.406681190995 0.0 0.565217391304 0.558479532164 0.572305974316
0.558460421206 1.0 0.630434782609 0.622222222222 0.648799553322
0.766521423384 0.0 0.804347826087 0.76783625731 0.711334450028
0.393972403776 1.0 0.391304347826 0.285380116959 0.350083752094
0.656499636892 0.0 0.652173913043 0.576608187135 0.678950307091
0.477850399419 0.0 0.521739130435 0.481286549708 0.521496370743
0.585693536674 0.0 0.608695652174 0.653801169591 0.656058068118
0.764705882353 0.0 0.847826086957 0.809941520468 0.885538805137
0.465504720407 1.0 0.5 0.421052631579 0.525404801787
0.370007262164 0.0 0.521739130435 0.527485380117 0.476270240089
0.671750181554 1.0 0.739130434783 0.647953216374 0.710217755444
0.254538852578 1.0 0.326086956522 0.275438596491 0.338358458961
0.283587509078 0.0 0.347826086957 0.246198830409 0.212730318258
0.391067538126 0.0 0.413043478261 0.320467836257 0.323841429369
0.531227305737 1.0 0.54347826087 0.436842105263 0.459519821329
0.632171387073 0.0 0.695652173913 0.70350877193 0.79229480737
0.480029048656 0.0 0.586956521739 0.593567251462 0.654383026242
0.82498184459 0.0 0.891304347826 0.863157894737 0.907872696817
0.516702977487 0.0 0.652173913043 0.611111111111 0.589614740369
0.488017429194 0.0 0.565217391304 0.473099415205 0.57900614182
0.257443718228 0.0 0.326086956522 0.277777777778 0.319932998325
0.305010893246 0.0 0.304347826087 0.214619883041 0.256281407035
0.605301379811 0.0 0.652173913043 0.56432748538 0.611948632049
0.578431372549 1.0 0.652173913043 0.595321637427 0.700167504188
0.226942628903 0.0 0.326086956522 0.243859649123 0.193188163037
0.236383442266 0.0 0.282608695652 0.254970760234 0.303740926857
0.311909949165 0.0 0.369565217391 0.335087719298 0.367392518146
0.735657225853 0.0 0.760869565217 0.621637426901 0.757118927973
0.444444444444 1.0 0.54347826087 0.546783625731 0.640424343942
0.392156862745 1.0 0.391304347826 0.263157894737 0.314907872697
