0.25383473528 0.0 0.351351351351 0.397934868944 0.25625
0.275606135576 0.0 0.378378378378 0.397934868944 0.25625
0.601187530925 0.0 0.756756756757 0.849880857824 0.858333333333
0.522513607125 0.0 0.648648648649 0.669579030977 0.718055555556
0.698664027709 0.0 0.810810810811 0.819698173153 0.739583333333
0.561603166749 0.0 0.594594594595 0.472597299444 0.461805555556
0.576447303315 0.0 0.648648648649 0.570293884035 0.670833333333
0.390895596239 0.0 0.513513513514 0.498808578237 0.582638888889
0.487877288471 0.0 0.675675675676 0.809372517871 0.682638888889
0.474517565562 0.0 0.675675675676 0.834789515488 0.647222222222
0.392874814448 0.0 0.540540540541 0.59968228753 0.445833333333
0.392874814448 0.0 0.540540540541 0.59968228753 0.445833333333
0.713508164275 0.0 0.837837837838 0.804606830818 0.829166666667
0.676892627412 0.0 0.783783783784 0.729944400318 0.744444444444
0.527461652647 0.0 0.621621621622 0.576648133439 0.722222222222
0.547748639287 0.0 0.621621621622 0.546465448769 0.706944444444
0.59327065809 0.0 0.621621621622 0.416203335981 0.555555555556
0.823849579416 0.0 0.756756756757 0.550436854647 0.725694444444
0.510638297872 0.0 0.567567567568 0.432088959492 0.561805555556
0.470064324592 0.0 0.540540540541 0.392374900715 0.541666666667
0.50569025235 0.0 0.567567567568 0.426528991263 0.417361111111
0.49430974765 0.0 0.567567567568 0.517077045274 0.511805555556
0.723404255319 0.0 0.594594594595 0.468625893566 0.483333333333
0.688767936665 0.0 0.594594594595 0.442414614774 0.458333333333
0.560613557645 0.0 0.594594594595 0.416203335981 0.555555555556
0.479960415636 0.0 0.513513513514 0.370929308975 0.470833333333
0.515586343394 0.0 0.540540540541 0.327243844321 0.39375
0.434933201385 0.0 0.459459459459 0.281969817315 0.309027777778
0.64275111331 0.0 0.783783783784 0.806989674345 0.909722222222
0.466600692726 0.0 0.621621621622 0.714058776807 0.744444444444
0.536862939139 0.0 0.594594594595 0.524225575854 0.436111111111
0.563582384958 0.0 0.648648648649 0.647339158062 0.605555555556
0.600692726373 0.0 0.621621621622 0.543288324067 0.518055555556
0.470064324592 0.0 0.459459459459 0.309769658459 0.303472222222
0.43592281049 0.0 0.486486486486 0.47339158062 0.546527777778
0.501237011381 0.0 0.594594594595 0.571882446386 0.613194444444
0.526966848095 0.0 0.567567567568 0.485305798253 0.461111111111
0.659079663533 0.0 0.783783783784 0.750595710882 0.74375
0.512617516081 0.0 0.540540540541 0.370929308975 0.470833333333
0.605640771895 0.0 0.621621621622 0.57108816521 0.633333333333
0.577931716972 1.0 0.621621621622 0.429706115965 0.574305555556
0.606135576447 1.0 0.702702702703 0.51787132645 0.720833333333
0.392874814448 0.0 0.540540540541 0.59968228753 0.445833333333
0.528451261752 0.0 0.648648648649 0.687053216839 0.540277777778
0.672934190995 0.0 0.837837837838 1.0 1.0
0.938149430975 0.0 0.891891891892 0.820492454329 0.824305555556
0.627412172192 0.0 0.783783783784 0.931691818904 0.928472222222
0.414151410193 0.0 0.567567567568 0.598888006354 0.631944444444
0.545769421079 0.0 0.648648648649 0.607625099285 0.703472222222
0.498268184067 0.0 0.567567567568 0.463860206513 0.58125
0.606630381 0.0 0.675675675676 0.569499602859 0.520833333333
0.483424047501 0.0 0.594594594595 0.623510722796 0.459722222222
0.675903018308 0.0 0.702702702703 0.726767275616 0.6375
0.532904502721 0.0 0.567567567568 0.509928514694 0.483333333333
0.585353785255 0.0 0.675675675676 0.636219221604 0.745138888889
0.632360217714 0.0 0.702702702703 0.638602065131 0.734722222222
0.585353785255 0.0 0.702702702703 0.707704527403 0.834027777778
0.29886194953 0.0 0.378378378378 0.381254964257 0.452777777778
0.68085106383 0.0 0.837837837838 0.858617950755 0.820138888889
0.562097971301 0.0 0.648648648649 0.579030976966 0.541666666667
1.0 0.0 0.945945945946 0.84511517077 0.994444444444
0.412666996536 0.0 0.486486486486 0.415409054805 0.520833333333
0.425037110341 0.0 0.540540540541 0.474185861795 0.597916666667
0.760514596734 0.0 0.72972972973 0.623510722796 0.781944444444
0.405739732806 0.0 0.486486486486 0.447974583002 0.420833333333
0.405739732806 0.0 0.486486486486 0.447974583002 0.420833333333
0.399307273627 0.0 0.513513513514 0.561556791104 0.593055555556
0.453240969817 0.0 0.513513513514 0.455123113582 0.540972222222
0.670460168234 0.0 0.783783783784 0.874503574265 0.686111111111
0.674913409203 0.0 0.810810810811 0.898332009531 0.746527777778
0.342899554676 0.0 0.486486486486 0.476568705322 0.427777777778
0.389411182583 0.0 0.459459459459 0.416203335981 0.354166666667
0.672934190995 0.0 0.837837837838 1.0 1.0
0.766947055913 0.0 0.891891891892 0.976965845909 0.965277777778
0.52350321623 0.0 0.675675675676 0.806989674345 0.663194444444
0.429490351311 0.0 0.594594594595 0.734710087371 0.597916666667
0.479960415636 0.0 0.513513513514 0.370929308975 0.470833333333
0.456704601682 0.0 0.567567567568 0.499602859412 0.608333333333
0.933696190005 0.0 1.0 0.982525814138 0.915277777778
0.889163780307 0.0 0.972972972973 0.94837172359 0.94375
