0.553946753853 0.0 0.823529411765 0.724137931034 0.878608438194
0.583372255955 0.0 0.823529411765 0.738697318008 0.894152479645
0.546473610462 0.0 0.764705882353 0.680459770115 0.769059955588
0.579168612798 0.0 0.882352941176 1.0 1.0
0.598318542737 0.0 0.882352941176 0.970881226054 0.983715766099
0.49042503503 0.0 0.676470588235 0.519540229885 0.615099925981
0.551832873473 0.0 0.738095238095 0.698270339526 0.789536981359
0.551832873473 0.0 0.738095238095 0.698270339526 0.789536981359
0.48482459598 0.0 0.619047619048 0.579756566304 0.710162357186
0.555774536855 0.0 0.690476190476 0.659192825112 0.782321106434
0.354047699026 0.0 0.509803921569 0.448705179283 0.516381418093
0.358243811303 0.0 0.588235294118 0.63754789272 0.623982235381
0.595191170674 0.0 0.714285714286 0.697629724536 0.793746241732
0.443437130469 0.0 0.595238095238 0.57399103139 0.636199639206
0.670871107607 0.0 0.761904761905 0.695067264574 0.814792543596
0.292912327847 0.0 0.43137254902 0.359561752988 0.425916870416
0.587702010248 0.0 0.714285714286 0.677770659833 0.755862898376
0.452897122586 0.0 0.571428571429 0.507367072389 0.587492483464
0.452897122586 0.0 0.571428571429 0.507367072389 0.587492483464
0.811770200841 0.0 0.941176470588 0.869731800766 0.937823834197
0.475364603863 0.0 0.666666666667 0.67200512492 0.674082982562
0.310043668122 0.0 0.450980392157 0.388446215139 0.439608801956
0.636618402616 0.0 0.735294117647 0.641379310345 0.733530717987
0.783745913125 0.0 0.970588235294 0.999233716475 1.0
0.517 0.0 0.589743589744 0.427327528466 0.541463414634
0.647295935506 0.0 0.78431372549 0.768426294821 0.81760391198
0.406352171882 0.0 0.676470588235 0.817624521073 0.733530717987
0.370516357903 0.0 0.52380952381 0.441383728379 0.473842453397
0.461202552906 0.0 0.56862745098 0.510956175299 0.586797066015
0.421298458664 0.0 0.588235294118 0.492720306513 0.507772020725
0.610681894525 0.0 0.745098039216 0.750996015936 0.79804400978
0.728249916023 0.0 0.843137254902 0.759462151394 0.825916870416
0.557944239167 0.0 0.705882352941 0.649402390438 0.682640586797
0.499014584155 0.0 0.642857142857 0.60602178091 0.642814191221
0.500167954316 0.0 0.666666666667 0.65687250996 0.670904645477
0.47934161908 0.0 0.647058823529 0.647908366534 0.655745721271
0.480488766259 0.0 0.595238095238 0.470852017937 0.531569452796
0.378327884166 0.0 0.558823529412 0.534099616858 0.527017024426
0.425596237823 0.0 0.588235294118 0.567231075697 0.577995110024
0.383271750084 0.0 0.549019607843 0.495019920319 0.500244498778
0.394954670871 0.0 0.5 0.454196028187 0.519542994588
0.347665435002 0.0 0.43137254902 0.377988047809 0.463569682152
0.47828117702 0.0 0.676470588235 0.715708812261 0.686898593634
0.535277887268 0.0 0.714285714286 0.680333119795 0.670475045099
0.541484716157 0.0 0.627450980392 0.512948207171 0.59608801956
0.263352368156 0.0 0.392156862745 0.317231075697 0.357457212714
0.46078044935 0.0 0.595238095238 0.504804612428 0.5375826819
0.442648797793 0.0 0.571428571429 0.564381806534 0.601322910403
0.442648797793 0.0 0.571428571429 0.564381806534 0.601322910403
0.345683878597 0.0 0.47619047619 0.459961563101 0.494888755262
0.572052401747 0.0 0.686274509804 0.595119521912 0.645965770171
0.357406785354 0.0 0.529411764706 0.521414342629 0.512958435208
0.594 0.0 0.692307692308 0.606831882117 0.671002710027
0.323144104803 0.0 0.490196078431 0.447709163347 0.443031784841
0.4540796216 0.0 0.571428571429 0.55733504164 0.601322910403
0.419392983839 0.0 0.547619047619 0.526585522101 0.559230306675
0.435553803705 0.0 0.619047619048 0.624599615631 0.601322910403
0.4405 0.0 0.538461538462 0.377762893503 0.439566395664
0.374063854947 0.0 0.47619047619 0.427290198591 0.482862297054
0.475646624118 0.0 0.588235294118 0.518426294821 0.563325183374
0.482853764289 0.0 0.619047619048 0.619474695708 0.639807576669
0.421901242862 0.0 0.529411764706 0.382470119522 0.430806845966
0.733960362781 0.0 0.78431372549 0.669820717131 0.775061124694
0.729601891998 0.0 0.785714285714 0.722613709161 0.822008418521
0.4135 0.0 0.512820512821 0.425318151373 0.481300813008
0.478912100907 0.0 0.619047619048 0.650224215247 0.663860493085
0.317769566678 0.0 0.470588235294 0.423804780876 0.424449877751
0.277124622103 0.0 0.411764705882 0.354581673307 0.371149144254
0.374591312471 0.0 0.5 0.384674329502 0.410066617321
0.345649983205 0.0 0.43137254902 0.350099601594 0.415158924205
0.70675176352 0.0 0.764705882353 0.666832669323 0.759413202934
0.447094390326 0.0 0.607843137255 0.59312749004 0.58239608802
0.289217332885 0.0 0.372549019608 0.267430278884 0.333496332518
0.529056096742 0.0 0.686274509804 0.695219123506 0.687041564792
0.743701713134 0.0 0.823529411765 0.771414342629 0.840586797066
0.714141753443 0.0 0.78431372549 0.671812749004 0.750611246944
0.328182734296 0.0 0.450980392157 0.447709163347 0.471393643032
0.6973463218 0.0 0.803921568627 0.772908366534 0.812224938875
0.361 0.0 0.461538461538 0.35432016075 0.39891598916
0.185085656701 0.0 0.274509803922 0.198207171315 0.253300733496
0.504927079227 0.0 0.642857142857 0.621396540679 0.627781118461
0.785354383608 0.0 0.843137254902 0.818725099602 0.905134474328
0.753443063487 0.0 0.862745098039 0.863545816733 0.896821515892
0.327510917031 0.0 0.450980392157 0.434760956175 0.453789731051
0.428852975956 0.0 0.547619047619 0.566303651505 0.589897775105
0.498488411152 0.0 0.607843137255 0.562749003984 0.595599022005
0.312730937185 0.0 0.392156862745 0.322211155378 0.384841075795
0.65950490425 0.0 0.911764705882 0.933333333333 0.822353811991
0.62002364998 0.0 0.738095238095 0.734785393978 0.757666867108
0.4005 0.0 0.487179487179 0.419959812458 0.473170731707
0.691635875042 0.0 0.725490196078 0.640438247012 0.746210268949
0.385100512416 0.0 0.452380952381 0.444586803331 0.515333734215
0.4295 0.0 0.538461538462 0.450100468855 0.478590785908
0.806516627477 0.0 0.882352941176 0.804780876494 0.866014669927
0.6715 0.0 0.769230769231 0.553918285332 0.592411924119
0.558139534884 0.0 0.714285714286 0.756566303652 0.736620565244
0.558139534884 0.0 0.714285714286 0.756566303652 0.736620565244
0.525025193147 0.0 0.549019607843 0.416832669323 0.528117359413
0.457 0.0 0.538461538462 0.474882786336 0.526829268293
0.349836524988 0.0 0.470588235294 0.352490421456 0.364914877868
0.428064643279 0.0 0.547619047619 0.479180012812 0.49248346362
0.600315333071 0.0 0.785714285714 0.83536194747 0.781719783524
0.3875 0.0 0.487179487179 0.405894172806 0.437398373984
0.536460386283 0.0 0.547619047619 0.445868033312 0.565243535779
0.559 0.0 0.666666666667 0.543871399866 0.566395663957
0.537248718959 0.0 0.690476190476 0.729660474055 0.706554419723
0.4195 0.0 0.512820512821 0.392498325519 0.428726287263
0.404433993954 0.0 0.470588235294 0.360059760956 0.422982885086
0.390618841151 0.0 0.5 0.460602178091 0.479855682502
0.4375 0.0 0.538461538462 0.407233757535 0.434688346883
0.210614712798 0.0 0.313725490196 0.264442231076 0.288508557457
0.588490342925 0.0 0.690476190476 0.632286995516 0.65724594107
0.581121934834 0.0 0.627450980392 0.508964143426 0.588753056235
0.375209942896 0.0 0.43137254902 0.365039840637 0.434718826406
0.582465569365 0.0 0.705882352941 0.740039840637 0.742298288509
0.791400738999 0.0 0.803921568627 0.694721115538 0.80782396088
0.6005 0.0 0.717948717949 0.604152712659 0.611924119241
0.4595 0.0 0.512820512821 0.382451440054 0.453658536585
0.56 0.0 0.615384615385 0.496316141996 0.564769647696
0.26645644462 0.0 0.380952380952 0.322229340167 0.330727600722
0.478333893181 0.0 0.588235294118 0.554780876494 0.567726161369
0.4545 0.0 0.538461538462 0.415941058272 0.454742547425
0.626 0.0 0.692307692308 0.579370395177 0.635772357724
0.442 0.0 0.564102564103 0.515740120563 0.515989159892
0.307800093414 0.0 0.5 0.525670498084 0.455218356773
0.242861941552 0.0 0.372549019608 0.338147410359 0.330073349633
0.492 0.0 0.564102564103 0.39718687207 0.446612466125
0.616476152937 0.0 0.785714285714 0.825752722614 0.778111846061
0.407121263016 0.0 0.470588235294 0.403884462151 0.461613691932
0.527 0.0 0.589743589744 0.504353650368 0.562601626016
0.4665 0.0 0.564102564103 0.435365036839 0.457452574526
0.624454148472 0.0 0.627450980392 0.500498007968 0.61662591687
0.670137722539 0.0 0.78431372549 0.735557768924 0.740342298289
0.4905 0.0 0.564102564103 0.435365036839 0.480216802168
0.84447430299 0.0 0.823529411765 0.745517928287 0.884596577017
0.345289712259 0.0 0.452380952381 0.455477258168 0.466025255562
0.583 0.0 0.692307692308 0.621567314133 0.629810298103
0.617 0.0 0.666666666667 0.553918285332 0.621680216802
0.431612140323 0.0 0.5 0.403587443946 0.452194828623
0.495465233456 0.0 0.607843137255 0.623505976096 0.627872860636
0.438696674505 0.0 0.529411764706 0.510956175299 0.536919315403
0.531743365805 0.0 0.666666666667 0.692729083665 0.674327628362
0.731433909388 0.0 0.882352941176 0.84061302682 0.80606957809
0.456444619629 0.0 0.547619047619 0.509288917361 0.533974744438
0.604256996453 0.0 0.619047619048 0.546444586803 0.647023451594
0.744037621767 0.0 0.803921568627 0.711155378486 0.766259168704
0.521 0.0 0.615384615385 0.492967180174 0.513279132791
0.61568782026 0.0 0.761904761905 0.8199871877 0.788334335538
0.219684245885 0.0 0.333333333333 0.293824701195 0.292420537897
0.642 0.0 0.717948717949 0.61352980576 0.649322493225
0.466 0.0 0.564102564103 0.405894172806 0.419512195122
0.72 0.0 0.820512820513 0.703281982585 0.714363143631
0.523 0.0 0.615384615385 0.539182853315 0.558265582656
0.5335 0.0 0.615384615385 0.527796383121 0.557181571816
0.469 0.0 0.538461538462 0.425318151373 0.466666666667
0.405597162002 0.0 0.52380952381 0.527866752082 0.520144317498
0.494 0.0 0.615384615385 0.50770261219 0.49647696477
0.217668794088 0.0 0.294117647059 0.231075697211 0.264547677262
0.56533422909 0.0 0.725490196078 0.770418326693 0.720293398533
0.4865 0.0 0.589743589744 0.490288010717 0.49647696477
0.270070540813 0.0 0.352941176471 0.298306772908 0.324694376528
0.410327158061 0.0 0.52380952381 0.521460602178 0.517137702946
0.760741032716 0.0 0.785714285714 0.677130044843 0.76127480457
0.6535 0.0 0.74358974359 0.651038178165 0.669918699187
0.4615 0.0 0.589743589744 0.529805760214 0.510027100271
0.767 0.0 0.794871794872 0.615539182853 0.69593495935
0.364998029168 0.0 0.547619047619 0.511851377322 0.437161755863
0.483 0.0 0.564102564103 0.490288010717 0.516531165312
0.446 0.0 0.538461538462 0.516409912927 0.531165311653
0.519 0.0 0.564102564103 0.388479571333 0.450406504065
0.5395 0.0 0.615384615385 0.528466175486 0.558807588076
0.475364603863 0.0 0.595238095238 0.567584881486 0.553818400481
0.860597917366 0.0 0.901960784314 0.804780876494 0.869437652812
0.63 0.0 0.717948717949 0.602143335566 0.620054200542
0.763 0.0 0.846153846154 0.765572672472 0.788075880759
0.827355143871 0.0 0.857142857143 0.796284433056 0.871918220084
0.5205 0.0 0.615384615385 0.49229738781 0.50243902439
0.5735 0.0 0.641025641026 0.483590087073 0.520867208672
0.534 0.0 0.666666666667 0.612860013396 0.584823848238
0.521 0.0 0.589743589744 0.503683858004 0.539295392954
0.611 0.0 0.666666666667 0.62424648359 0.672628726287
0.555 0.0 0.589743589744 0.44943067649 0.518699186992
0.595 0.0 0.692307692308 0.572002679169 0.578319783198
0.5465 0.0 0.641025641026 0.504353650368 0.513279132791
0.257306012765 0.0 0.333333333333 0.24203187251 0.269437652812
0.5915 0.0 0.641025641026 0.55056932351 0.60433604336
0.367363027197 0.0 0.452380952381 0.431133888533 0.449188214071
0.4825 0.0 0.564102564103 0.510381781648 0.531707317073
0.52 0.0 0.589743589744 0.49229738781 0.525203252033
0.552233792408 0.0 0.588235294118 0.484561752988 0.551100244499
0.513778608127 0.0 0.764705882353 0.873563218391 0.725388601036
0.5065 0.0 0.615384615385 0.55056932351 0.544173441734
0.5975 0.0 0.692307692308 0.60281312793 0.610298102981
0.6375 0.0 0.717948717949 0.64567983925 0.667208672087
0.613 0.0 0.666666666667 0.588077695914 0.636314363144
0.487067517635 0.0 0.627450980392 0.641434262948 0.60293398533
0.253611017803 0.0 0.333333333333 0.3296812749 0.351589242054
0.496 0.0 0.589743589744 0.569323509712 0.576151761518
0.4675 0.0 0.589743589744 0.560616208975 0.538753387534
0.561 0.0 0.615384615385 0.47086403215 0.516531165312
