0.794300518135 0.0 0.833333333333 0.658631415241 0.8
0.710880829016 0.0 0.75 0.585536547434 0.657872340426
0.668393782383 0.0 0.722222222222 0.691290824261 0.747234042553
0.764766839378 0.0 0.805555555556 0.656298600311 0.707234042553
0.80932642487 0.0 0.777777777778 0.471228615863 0.584680851064
0.733678756477 0.0 0.777777777778 0.635303265941 0.658723404255
0.528497409326 0.0 0.583333333333 0.43701399689 0.442553191489
0.887046632124 0.0 0.888888888889 0.677293934681 0.735319148936
0.619689119171 0.0 0.666666666667 0.606531881804 0.611063829787
0.561658031088 0.0 0.555555555556 0.458786936236 0.514042553191
0.491191709845 0.0 0.555555555556 0.48833592535 0.466382978723
0.928497409326 0.0 0.944444444444 0.800933125972 0.822127659574
0.837305699482 0.0 0.861111111111 0.793157076205 0.803404255319
0.634196891192 0.0 0.694444444444 0.599533437014 0.571063829787
0.797409326425 0.0 0.75 0.587091757387 0.665531914894
0.89378238342 0.0 0.888888888889 0.737169517885 0.769361702128
0.476683937824 0.0 0.5 0.450233281493 0.451063829787
0.923316062176 0.0 0.916666666667 0.760497667185 0.782978723404
0.39585492228 0.0 0.416666666667 0.385692068429 0.371914893617
0.569948186528 0.0 0.611111111111 0.482115085537 0.445106382979
1.0 0.0 1.0 1.0 1.0
0.385492227979 0.0 0.388888888889 0.264385692068 0.257872340426
0.954038082731 0.0 0.870967741935 0.689581095596 0.763236763237
0.424870466321 0.0 0.444444444444 0.366251944012 0.333617021277
0.496984318456 0.0 0.4375 0.397900763359 0.444196428571
0.719632304662 0.0 0.612903225806 0.551020408163 0.641358641359
0.488082901554 0.0 0.527777777778 0.470451010886 0.413617021277
0.739330269206 0.0 0.645161290323 0.624060150376 0.697302697303
0.618214716526 0.0 0.53125 0.492366412214 0.558035714286
0.359067357513 0.0 0.361111111111 0.336702954899 0.313191489362
0.759028233749 0.0 0.645161290323 0.551020408163 0.641358641359
0.687046632124 0.0 0.666666666667 0.580870917574 0.575319148936
0.614576493762 0.0 0.548387096774 0.513426423201 0.552447552448
0.614576493762 0.0 0.548387096774 0.513426423201 0.552447552448
0.30932642487 0.0 0.305555555556 0.206842923795 0.181276595745
0.575180564675 0.0 0.516129032258 0.506981740064 0.535464535465
0.845042678923 0.0 0.741935483871 0.555316863588 0.627372627373
0.640840446487 0.0 0.58064516129 0.506981740064 0.535464535465
0.640840446487 0.0 0.58064516129 0.506981740064 0.535464535465
0.650032829941 0.0 0.548387096774 0.465091299678 0.534465534466
0.693368351937 0.0 0.58064516129 0.471535982814 0.551448551449
0.588312541037 0.0 0.516129032258 0.513426423201 0.552447552448
0.588312541037 0.0 0.516129032258 0.513426423201 0.552447552448
0.29067357513 0.0 0.277777777778 0.264385692068 0.243404255319
0.65397242285 0.0 0.58064516129 0.513426423201 0.552447552448
0.867367038739 0.0 0.806451612903 0.734693877551 0.761238761239
0.663164806303 0.0 0.548387096774 0.471535982814 0.551448551449
0.578407720145 0.0 0.5 0.496183206107 0.5390625
0.51507840772 0.0 0.4375 0.283396946565 0.323660714286
0.719632304662 0.0 0.612903225806 0.465091299678 0.534465534466
0.719632304662 0.0 0.612903225806 0.465091299678 0.534465534466
0.608010505581 0.0 0.548387096774 0.586466165414 0.608391608392
0.608010505581 0.0 0.548387096774 0.586466165414 0.608391608392
0.614576493762 0.0 0.548387096774 0.506981740064 0.535464535465
0.614576493762 0.0 0.548387096774 0.506981740064 0.535464535465
0.673670387393 0.0 0.612903225806 0.586466165414 0.608391608392
0.736047275115 0.0 0.677419354839 0.590762620838 0.61038961039
0.63624425476 0.0 0.548387096774 0.487647690655 0.536463536464
0.568614576494 0.0 0.483870967742 0.433941997852 0.47952047952
0.568614576494 0.0 0.483870967742 0.433941997852 0.47952047952
0.568614576494 0.0 0.483870967742 0.433941997852 0.47952047952
0.568614576494 0.0 0.483870967742 0.433941997852 0.47952047952
0.568614576494 0.0 0.483870967742 0.433941997852 0.47952047952
0.627708470125 0.0 0.548387096774 0.513426423201 0.552447552448
0.264766839378 0.0 0.25 0.206842923795 0.181276595745
0.595535128037 0.0 0.516129032258 0.484425349087 0.523476523477
0.917268548917 0.0 0.806451612903 0.742212674544 0.812187812188
0.799080761655 0.0 0.709677419355 0.621911922664 0.67032967033
0.686802363756 0.0 0.548387096774 0.471535982814 0.568431568432
0.686802363756 0.0 0.548387096774 0.471535982814 0.568431568432
0.702560735391 0.0 0.58064516129 0.471535982814 0.551448551449
0.544977019041 0.0 0.483870967742 0.427497314715 0.445554445554
0.544977019041 0.0 0.483870967742 0.427497314715 0.445554445554
0.544977019041 0.0 0.483870967742 0.427497314715 0.445554445554
0.658568614576 0.0 0.548387096774 0.490870032223 0.557442557443
0.462176165803 0.0 0.472222222222 0.350699844479 0.297021276596
0.682901554404 0.0 0.638888888889 0.53265940902 0.532765957447
0.64346684176 0.0 0.58064516129 0.601503759398 0.62037962038
0.647406434668 0.0 0.58064516129 0.586466165414 0.608391608392
0.340414507772 0.0 0.333333333333 0.336702954899 0.298723404255
0.542350623769 0.0 0.451612903226 0.433941997852 0.47952047952
0.542350623769 0.0 0.451612903226 0.433941997852 0.47952047952
0.542350623769 0.0 0.451612903226 0.433941997852 0.47952047952
0.542350623769 0.0 0.451612903226 0.433941997852 0.47952047952
0.542350623769 0.0 0.451612903226 0.433941997852 0.47952047952
0.542350623769 0.0 0.451612903226 0.433941997852 0.47952047952
0.542350623769 0.0 0.451612903226 0.433941997852 0.47952047952
0.542350623769 0.0 0.451612903226 0.433941997852 0.47952047952
0.542350623769 0.0 0.451612903226 0.433941997852 0.47952047952
0.697964543664 0.0 0.612903225806 0.484425349087 0.523476523477
0.669074195666 0.0 0.58064516129 0.567132116004 0.609390609391
0.608010505581 0.0 0.516129032258 0.433941997852 0.47952047952
0.608010505581 0.0 0.516129032258 0.433941997852 0.47952047952
0.608010505581 0.0 0.516129032258 0.433941997852 0.47952047952
0.631648063033 0.0 0.548387096774 0.447905477981 0.484515484515
0.873933026921 0.0 0.774193548387 0.632653061224 0.683316683317
0.65397242285 0.0 0.58064516129 0.591836734694 0.615384615385
0.872619829284 0.0 0.806451612903 0.843179377014 0.859140859141
0.841759684833 0.0 0.677419354839 0.570354457573 0.684315684316
0.693368351937 0.0 0.58064516129 0.494092373792 0.553446553447
