0.666285278413 0.0 0.733333333333 0.611338398597 0.747963063552
0.573513513514 0.0 0.648648648649 0.512017479971 0.636303630363
0.487414187643 0.0 0.6 0.528345996493 0.613253666486
0.474737368684 0.0 0.567567567568 0.418083462133 0.514075887393
0.530892448513 0.0 0.666666666667 0.594973699591 0.645301466594
0.448724362181 0.0 0.540540540541 0.408809891808 0.500611995104
0.75027027027 0.0 0.810810810811 0.721048798252 0.83696369637
0.665405405405 0.0 0.783783783784 0.731245447924 0.788118811881
0.425405405405 0.0 0.540540540541 0.431172614712 0.489108910891
0.648108108108 0.0 0.72972972973 0.651857246905 0.743234323432
0.369183829138 0.0 0.511111111111 0.469316189363 0.500271591526
0.532432432432 0.0 0.567567567568 0.495994173343 0.63300330033
0.48224112056 0.0 0.621621621622 0.530139103555 0.559363525092
0.587793896948 0.0 0.72972972973 0.683925811437 0.709302325581
0.612972972973 0.0 0.675675675676 0.638018936635 0.739933993399
0.68 0.0 0.756756756757 0.730517115805 0.817821782178
0.647567567568 0.0 0.72972972973 0.590677348871 0.669306930693
0.592432432432 0.0 0.675675675676 0.591405680991 0.668646864686
0.477116704805 0.0 0.644444444444 0.62828755114 0.621401412276
0.583783783784 0.0 0.675675675676 0.587035688274 0.655445544554
0.548648648649 0.0 0.594594594595 0.48725418791 0.600660066007
0.794054054054 0.0 0.837837837838 0.747997086672 0.863366336634
0.485242621311 0.0 0.621621621622 0.543276661515 0.564871481028
0.65027027027 0.0 0.72972972973 0.731245447924 0.809240924092
0.5987993997 0.0 0.72972972973 0.683925811437 0.709302325581
0.565945945946 0.0 0.648648648649 0.554989075018 0.627062706271
0.684210526316 0.0 0.822222222222 0.750438340152 0.765344921238
0.546137787056 0.0 0.666666666667 0.522802379379 0.552024922118
0.628108108108 0.0 0.675675675676 0.589949016752 0.691749174917
0.694594594595 0.0 0.756756756757 0.72396212673 0.810561056106
0.243325705568 0.0 0.355555555556 0.285213325541 0.321564367192
0.578378378378 0.0 0.675675675676 0.625637290605 0.675247524752
0.51027027027 0.0 0.567567567568 0.433357611071 0.522772277228
0.380244088482 0.0 0.555555555556 0.527177089421 0.49701249321
0.568648648649 0.0 0.621621621622 0.509832483613 0.60198019802
0.340579710145 0.0 0.444444444444 0.390414962011 0.431287343835
0.598398169336 0.0 0.777777777778 0.801285797779 0.764801738186
0.55627813907 0.0 0.621621621622 0.465224111283 0.541615667075
0.55627813907 0.0 0.621621621622 0.465224111283 0.541615667075
0.313156578289 0.0 0.405405405405 0.300618238022 0.35006119951
0.313156578289 0.0 0.405405405405 0.300618238022 0.35006119951
0.562929061785 0.0 0.733333333333 0.732904734074 0.701792504074
0.830810810811 0.0 0.837837837838 0.731973780044 0.863366336634
0.707567567568 0.0 0.810810810811 0.766933721777 0.80198019802
0.627027027027 0.0 0.675675675676 0.646030589949 0.735313531353
0.581621621622 0.0 0.675675675676 0.639475600874 0.681848184818
0.582702702703 0.0 0.621621621622 0.544064093227 0.640924092409
0.763243243243 0.0 0.810810810811 0.744355426074 0.832343234323
0.560540540541 0.0 0.621621621622 0.546977421704 0.620462046205
0.631815907954 0.0 0.783783783784 0.805255023184 0.787025703794
0.765405405405 0.0 0.783783783784 0.677348871085 0.792079207921
0.686486486486 0.0 0.756756756757 0.706482155863 0.76897689769
0.887682672234 0.0 0.857142857143 0.766027759418 0.927725856698
0.615807903952 0.0 0.72972972973 0.66228748068 0.679314565483
0.652173913043 0.0 0.8 0.758620689655 0.74144486692
0.677297297297 0.0 0.702702702703 0.478514202476 0.583498349835
0.835135135135 0.0 0.837837837838 0.801893663511 0.929372937294
0.533513513514 0.0 0.594594594595 0.531682447196 0.600660066007
0.601081081081 0.0 0.675675675676 0.65768390386 0.712211221122
0.733513513514 0.0 0.756756756757 0.678805535324 0.783498349835
0.3882532418 0.0 0.533333333333 0.503798947984 0.486148832156
0.707306889353 0.0 0.785714285714 0.71050892267 0.758878504673
0.569102296451 0.0 0.595238095238 0.526107072042 0.626168224299
0.672432432432 0.0 0.702702702703 0.604515659141 0.700330033003
0.579789894947 0.0 0.594594594595 0.354714064915 0.464504283966
0.623783783784 0.0 0.72972972973 0.69701383831 0.715511551155
0.577837837838 0.0 0.648648648649 0.577567370721 0.630363036304
0.595675675676 0.0 0.648648648649 0.557902403496 0.628382838284
0.567432150313 0.0 0.666666666667 0.677461996034 0.701557632399
0.270404271548 0.0 0.4 0.366452367037 0.35958718088
0.816756756757 0.0 0.891891891892 0.850691915513 0.897689768977
0.568108108108 0.0 0.648648648649 0.581937363438 0.623102310231
0.653513513514 0.0 0.675675675676 0.53896576839 0.637623762376
0.582702702703 0.0 0.621621621622 0.520757465404 0.602640264026
0.889778794813 0.0 0.933333333333 0.887200467563 0.964149918523
0.705945945946 0.0 0.72972972973 0.611070648216 0.707590759076
0.95881006865 0.0 0.955555555556 0.876680303916 1.0
0.545945945946 0.0 0.648648648649 0.660597232338 0.677227722772
0.656756756757 0.0 0.756756756757 0.738528769119 0.757095709571
0.649189189189 0.0 0.756756756757 0.742170429716 0.753135313531
0.514594594595 0.0 0.594594594595 0.636562272396 0.674587458746
0.627027027027 0.0 0.648648648649 0.490167516387 0.586138613861
0.676216216216 0.0 0.675675675676 0.489439184268 0.607260726073
0.610221205187 0.0 0.755555555556 0.715955581531 0.687669744704
0.661081081081 0.0 0.702702702703 0.576110706482 0.651485148515
0.735135135135 0.0 0.72972972973 0.653313911143 0.774917491749
0.851774530271 0.0 0.833333333333 0.762723066755 0.896573208723
0.610810810811 0.0 0.72972972973 0.743627093955 0.739933993399
0.668648648649 0.0 0.702702702703 0.623452294246 0.703630363036
0.979459459459 0.0 0.918918918919 0.727603787327 0.902310231023
0.714054054054 0.0 0.756756756757 0.741442097597 0.811881188119
0.772432432432 0.0 0.756756756757 0.653313911143 0.780198019802
0.532776617954 0.0 0.714285714286 0.714474553866 0.642990654206
0.29061784897 0.0 0.444444444444 0.415546464056 0.371537208039
0.698918918919 0.0 0.756756756757 0.643845593591 0.69504950495
0.838918918919 0.0 0.837837837838 0.676620538966 0.786138613861
0.54972972973 0.0 0.648648648649 0.727603787327 0.736633663366
0.711351351351 0.0 0.756756756757 0.650400582666 0.712871287129
0.366683341671 0.0 0.432432432432 0.285935085008 0.327417380661
0.352400835073 0.0 0.47619047619 0.516853932584 0.50031152648
