0.361881785283 0.0 0.28125 0.217557251908 0.1953125
0.711700844391 0.428571428571 0.625 0.390267175573 0.404017857143
1.0 0.714285714286 1.0 1.0 1.0
0.703256936068 0.571428571429 0.6875 0.649809160305 0.668526785714
0.399879372738 0.142857142857 0.3125 0.238549618321 0.193080357143
0.335946924005 0.142857142857 0.25 0.167938931298 0.0926339285714
0.474065138721 0.0 0.40625 0.348282442748 0.327008928571
0.683353437877 0.285714285714 0.59375 0.478053435115 0.477678571429
0.768395657419 0.142857142857 0.6875 0.605916030534 0.662946428571
0.618214716526 0.0 0.53125 0.492366412214 0.558035714286
0.826899879373 0.714285714286 0.75 0.704198473282 0.691964285714
0.494571773221 0.428571428571 0.40625 0.361641221374 0.396205357143
0.496381182147 0.142857142857 0.40625 0.375 0.400669642857
0.711097708082 0.428571428571 0.625 0.655534351145 0.640625
0.428226779252 0.0 0.375 0.280534351145 0.274553571429
0.460193003619 0.0 0.34375 0.24713740458 0.2421875
0.483715319662 0.0 0.40625 0.361641221374 0.300223214286
0.562726176116 0.428571428571 0.53125 0.488549618321 0.529017857143
0.432448733414 0.428571428571 0.375 0.281488549618 0.325892857143
0.463208685163 0.428571428571 0.40625 0.314885496183 0.350446428571
0.36851628468 0.285714285714 0.3125 0.201335877863 0.168526785714
0.810615199035 0.428571428571 0.75 0.700381679389 0.791294642857
0.592279855247 0.571428571429 0.5 0.386450381679 0.329241071429
0.620627261761 0.857142857143 0.5625 0.356870229008 0.340401785714
0.678528347407 0.428571428571 0.65625 0.572519083969 0.621651785714
0.554885404101 0.285714285714 0.46875 0.295801526718 0.376116071429
0.762967430639 0.428571428571 0.625 0.535305343511 0.566964285714
0.782267792521 0.285714285714 0.65625 0.511450381679 0.546875
0.55548854041 0.428571428571 0.46875 0.460877862595 0.543526785714
0.829915560917 0.285714285714 0.75 0.651717557252 0.625
0.521712907117 0.428571428571 0.46875 0.341603053435 0.357142857143
0.445114595899 0.428571428571 0.40625 0.334923664122 0.333705357143
0.95958986731 0.857142857143 0.9375 0.783396946565 0.847098214286
0.727985524729 0.714285714286 0.625 0.439885496183 0.399553571429
0.601930036188 0.142857142857 0.5625 0.516221374046 0.572544642857
0.802774427021 0.428571428571 0.84375 0.760496183206 0.861607142857
0.418576598311 0.428571428571 0.3125 0.169847328244 0.0904017857143
0.60615199035 0.714285714286 0.5 0.245229007634 0.2890625
0.396863691194 0.428571428571 0.3125 0.272900763359 0.270089285714
0.650784077201 0.142857142857 0.5625 0.603053435115 0.559151785714
0.531966224367 0.285714285714 0.4375 0.361641221374 0.300223214286
0.584439083233 0.428571428571 0.53125 0.49427480916 0.542410714286
0.436670687575 0.142857142857 0.4375 0.450381679389 0.513392857143
0.656212303981 0.285714285714 0.5625 0.422709923664 0.404017857143
0.610373944511 0.0 0.53125 0.529580152672 0.465401785714
0.411942098914 0.0 0.34375 0.295801526718 0.266741071429
0.440289505428 0.428571428571 0.375 0.334923664122 0.352678571429
0.500603136309 0.428571428571 0.4375 0.423664122137 0.425223214286
0.627261761158 0.428571428571 0.5 0.332061068702 0.344866071429
0.822074788902 0.571428571429 0.71875 0.611641221374 0.583705357143
0.51507840772 0.285714285714 0.40625 0.243320610687 0.294642857143
0.539203860072 0.285714285714 0.4375 0.356870229008 0.402901785714
0.655006031363 0.428571428571 0.625 0.554389312977 0.5390625
0.739445114596 0.142857142857 0.71875 0.697519083969 0.65625
0.335946924005 0.142857142857 0.25 0.256679389313 0.165178571429
0.472255729795 0.571428571429 0.40625 0.391221374046 0.396205357143
0.56574185766 0.285714285714 0.5 0.348282442748 0.386160714286
0.323884197829 0.142857142857 0.25 0.309160305344 0.246651785714
0.650784077201 0.571428571429 0.625 0.398854961832 0.395089285714
0.661037394451 0.571428571429 0.59375 0.324427480916 0.263392857143
0.490349819059 0.428571428571 0.375 0.333015267176 0.3203125
0.360675512666 0.142857142857 0.3125 0.272900763359 0.270089285714
0.941495778046 0.857142857143 0.90625 0.712786259542 0.793526785714
0.584439083233 0.285714285714 0.5 0.565839694656 0.572544642857
0.626658624849 0.571428571429 0.53125 0.432251908397 0.495535714286
0.700844390832 0.571428571429 0.65625 0.510496183206 0.475446428571
0.452352231604 0.428571428571 0.375 0.371183206107 0.34375
0.68697225573 0.285714285714 0.59375 0.623091603053 0.611607142857
0.607961399276 1.0 0.5625 0.317748091603 0.372767857143
0.593486127865 0.714285714286 0.5 0.265267175573 0.291294642857
0.743667068758 0.857142857143 0.6875 0.661259541985 0.708705357143
0.719541616405 0.857142857143 0.65625 0.661259541985 0.708705357143
0.586851628468 0.142857142857 0.5 0.496183206107 0.467633928571
0.653196622437 0.428571428571 0.53125 0.490458015267 0.378348214286
0.490349819059 0.428571428571 0.375 0.333015267176 0.3203125
0.563932448733 0.571428571429 0.53125 0.429389312977 0.381696428571
0.563329312425 0.285714285714 0.46875 0.445610687023 0.475446428571
0.594089264174 0.428571428571 0.53125 0.386450381679 0.443080357143
0.563932448733 0.571428571429 0.53125 0.429389312977 0.381696428571
0.475874547648 0.714285714286 0.40625 0.368320610687 0.399553571429
0.79312424608 0.714285714286 0.6875 0.602099236641 0.484375
0.472255729795 0.571428571429 0.40625 0.396946564885 0.3046875
0.498793727382 0.571428571429 0.40625 0.283396946565 0.339285714286
0.384197828709 0.0 0.34375 0.360687022901 0.310267857143
0.50482509047 0.285714285714 0.375 0.341603053435 0.267857142857
0.470446320869 0.0 0.375 0.333015267176 0.25
0.516887816647 0.428571428571 0.4375 0.260496183206 0.34375
0.51507840772 0.0 0.4375 0.283396946565 0.323660714286
0.486127864897 0.285714285714 0.375 0.375 0.340401785714
0.563932448733 0.571428571429 0.53125 0.429389312977 0.381696428571
0.465621230398 0.428571428571 0.34375 0.218511450382 0.194196428571
0.668878166466 0.714285714286 0.59375 0.553435114504 0.544642857143
0.496984318456 0.0 0.4375 0.397900763359 0.444196428571
0.841978287093 0.428571428571 0.71875 0.699427480916 0.677455357143
0.446320868516 0.285714285714 0.34375 0.233778625954 0.184151785714
0.448130277443 0.142857142857 0.34375 0.351145038168 0.339285714286
0.650784077201 0.142857142857 0.5625 0.603053435115 0.559151785714
0.762967430639 0.428571428571 0.625 0.535305343511 0.566964285714
0.578407720145 0.0 0.5 0.496183206107 0.5390625
0.829915560917 0.714285714286 0.75 0.63358778626 0.652901785714
