1.0 0.0 1.0 1.0 1.0
0.954038082731 0.0 0.870967741935 0.689581095596 0.763236763237
0.917268548917 0.0 0.806451612903 0.742212674544 0.812187812188
0.845042678923 0.0 0.741935483871 0.555316863588 0.627372627373
0.867367038739 0.0 0.806451612903 0.734693877551 0.761238761239
0.719632304662 0.0 0.612903225806 0.551020408163 0.641358641359
0.759028233749 0.0 0.645161290323 0.551020408163 0.641358641359
0.739330269206 0.0 0.645161290323 0.624060150376 0.697302697303
0.982271831911 0.0 0.870967741935 0.689581095596 0.743256743257
0.873933026921 0.0 0.774193548387 0.632653061224 0.683316683317
0.872619829284 0.0 0.806451612903 0.843179377014 0.859140859141
0.908076165463 0.0 0.774193548387 0.72395273899 0.802197802198
0.799080761655 0.0 0.709677419355 0.621911922664 0.67032967033
0.841759684833 0.0 0.677419354839 0.570354457573 0.684315684316
0.873276428102 0.0 0.806451612903 0.75402792696 0.765234765235
0.851608667104 0.0 0.774193548387 0.715359828142 0.739260739261
0.693368351937 0.0 0.58064516129 0.471535982814 0.551448551449
0.736047275115 0.0 0.677419354839 0.590762620838 0.61038961039
0.880499015102 0.0 0.741935483871 0.590762620838 0.67032967033
0.719632304662 0.0 0.612903225806 0.465091299678 0.534465534466
0.719632304662 0.0 0.612903225806 0.465091299678 0.534465534466
0.972422849639 0.0 0.903225806452 0.919441460795 0.915084915085
0.614576493762 0.0 0.548387096774 0.513426423201 0.552447552448
0.614576493762 0.0 0.548387096774 0.513426423201 0.552447552448
0.650032829941 0.0 0.548387096774 0.465091299678 0.534465534466
0.876559422193 0.0 0.741935483871 0.677765843179 0.748251748252
0.640840446487 0.0 0.58064516129 0.506981740064 0.535464535465
0.640840446487 0.0 0.58064516129 0.506981740064 0.535464535465
0.663164806303 0.0 0.548387096774 0.471535982814 0.551448551449
0.892317793828 0.0 0.806451612903 0.75402792696 0.773226773227
0.65397242285 0.0 0.58064516129 0.513426423201 0.552447552448
0.900196979645 0.0 0.838709677419 0.741138560687 0.734265734266
0.702560735391 0.0 0.58064516129 0.471535982814 0.551448551449
0.841759684833 0.0 0.741935483871 0.72395273899 0.762237762238
0.673670387393 0.0 0.612903225806 0.586466165414 0.608391608392
0.686802363756 0.0 0.548387096774 0.471535982814 0.568431568432
0.686802363756 0.0 0.548387096774 0.471535982814 0.568431568432
0.805646749836 0.0 0.709677419355 0.654135338346 0.691308691309
0.778069599475 0.0 0.677419354839 0.586466165414 0.631368631369
0.697964543664 0.0 0.612903225806 0.484425349087 0.523476523477
0.759684832567 0.0 0.677419354839 0.648764769066 0.676323676324
0.822718319107 0.0 0.741935483871 0.642320085929 0.659340659341
0.575180564675 0.0 0.516129032258 0.506981740064 0.535464535465
0.63624425476 0.0 0.548387096774 0.487647690655 0.536463536464
0.588312541037 0.0 0.516129032258 0.513426423201 0.552447552448
0.588312541037 0.0 0.516129032258 0.513426423201 0.552447552448
0.658568614576 0.0 0.548387096774 0.490870032223 0.557442557443
0.614576493762 0.0 0.548387096774 0.506981740064 0.535464535465
0.614576493762 0.0 0.548387096774 0.506981740064 0.535464535465
0.627708470125 0.0 0.548387096774 0.513426423201 0.552447552448
0.608010505581 0.0 0.548387096774 0.586466165414 0.608391608392
0.608010505581 0.0 0.548387096774 0.586466165414 0.608391608392
0.669074195666 0.0 0.58064516129 0.567132116004 0.609390609391
0.834537097833 0.0 0.774193548387 0.78410311493 0.774225774226
0.64346684176 0.0 0.58064516129 0.601503759398 0.62037962038
0.784635587656 0.0 0.645161290323 0.513426423201 0.589410589411
0.775443204202 0.0 0.677419354839 0.719656283566 0.755244755245
0.647406434668 0.0 0.58064516129 0.586466165414 0.608391608392
0.764281024294 0.0 0.645161290323 0.513426423201 0.571428571429
0.723571897571 0.0 0.58064516129 0.392051557465 0.478521478521
0.722915298752 0.0 0.645161290323 0.555316863588 0.576423576424
0.718319107026 0.0 0.677419354839 0.56283566058 0.547452547453
0.693368351937 0.0 0.58064516129 0.494092373792 0.553446553447
0.726198292843 0.0 0.612903225806 0.49731471536 0.552447552448
0.595535128037 0.0 0.516129032258 0.484425349087 0.523476523477
0.631648063033 0.0 0.548387096774 0.447905477981 0.484515484515
0.65397242285 0.0 0.58064516129 0.591836734694 0.615384615385
0.705843729481 0.0 0.612903225806 0.555316863588 0.59040959041
0.759028233749 0.0 0.645161290323 0.576799140709 0.625374625375
0.568614576494 0.0 0.483870967742 0.433941997852 0.47952047952
0.568614576494 0.0 0.483870967742 0.433941997852 0.47952047952
0.568614576494 0.0 0.483870967742 0.433941997852 0.47952047952
0.568614576494 0.0 0.483870967742 0.433941997852 0.47952047952
0.568614576494 0.0 0.483870967742 0.433941997852 0.47952047952
0.693368351937 0.0 0.612903225806 0.556390977444 0.58041958042
0.673670387393 0.0 0.612903225806 0.591836734694 0.598401598402
0.752462245568 0.0 0.645161290323 0.567132116004 0.609390609391
0.608010505581 0.0 0.516129032258 0.433941997852 0.47952047952
0.608010505581 0.0 0.516129032258 0.433941997852 0.47952047952
0.608010505581 0.0 0.516129032258 0.433941997852 0.47952047952
0.693368351937 0.0 0.548387096774 0.471535982814 0.558441558442
0.713066316481 0.0 0.645161290323 0.591836734694 0.598401598402
0.726198292843 0.0 0.645161290323 0.635875402793 0.653346653347
0.726198292843 0.0 0.645161290323 0.635875402793 0.653346653347
0.667104399212 0.0 0.612903225806 0.585392051557 0.581418581419
0.680236375575 0.0 0.58064516129 0.506981740064 0.546453546454
0.680236375575 0.0 0.58064516129 0.506981740064 0.546453546454
0.544977019041 0.0 0.483870967742 0.427497314715 0.445554445554
0.544977019041 0.0 0.483870967742 0.427497314715 0.445554445554
0.544977019041 0.0 0.483870967742 0.427497314715 0.445554445554
0.638870650033 0.0 0.516129032258 0.490870032223 0.557442557443
0.542350623769 0.0 0.451612903226 0.433941997852 0.47952047952
0.542350623769 0.0 0.451612903226 0.433941997852 0.47952047952
0.542350623769 0.0 0.451612903226 0.433941997852 0.47952047952
0.542350623769 0.0 0.451612903226 0.433941997852 0.47952047952
0.542350623769 0.0 0.451612903226 0.433941997852 0.47952047952
0.542350623769 0.0 0.451612903226 0.433941997852 0.47952047952
0.542350623769 0.0 0.451612903226 0.433941997852 0.47952047952
0.542350623769 0.0 0.451612903226 0.433941997852 0.47952047952
0.542350623769 0.0 0.451612903226 0.433941997852 0.47952047952
