0.192227979275 0.0 0.111111111111 0.0769828926905 0.0102127659574
0.984455958549 0.25 1.0 0.96034214619 0.954042553191
1.0 0.5 0.944444444444 0.846811819596 0.92170212766
0.983937823834 0.0 0.972222222222 1.0 0.952340425532
0.933678756477 0.25 0.972222222222 0.920684292379 1.0
0.722797927461 1.0 0.666666666667 0.512441679627 0.64
0.907772020725 0.75 0.916666666667 0.851477449456 0.860425531915
0.664766839378 1.0 0.666666666667 0.573094867807 0.695319148936
0.231606217617 0.25 0.166666666667 0.094867807154 0.0485106382979
0.312435233161 0.5 0.277777777778 0.231726283048 0.232340425532
0.39896373057 0.75 0.388888888889 0.423017107309 0.422978723404
0.923316062176 0.0 0.916666666667 0.760497667185 0.782978723404
0.887046632124 0.0 0.888888888889 0.677293934681 0.735319148936
0.218134715026 0.0 0.166666666667 0.153965785381 0.133617021277
0.936787564767 0.25 0.972222222222 0.874805598756 0.845106382979
0.249222797927 0.0 0.222222222222 0.172628304821 0.12
0.930569948187 0.5 0.861111111111 0.695178849145 0.851914893617
0.89378238342 0.0 0.888888888889 0.737169517885 0.769361702128
0.668393782383 0.0 0.722222222222 0.691290824261 0.747234042553
0.349222797927 0.25 0.25 0.0870917573872 0.0587234042553
0.278238341969 0.0 0.194444444444 0.134525660964 0.0868085106383
0.850777202073 0.75 0.805555555556 0.589424572317 0.71829787234
0.918134715026 0.25 0.972222222222 0.933903576983 0.906382978723
0.969430051813 0.25 0.972222222222 0.846034214619 0.900425531915
0.830051813472 0.75 0.777777777778 0.51632970451 0.609361702128
0.978238341969 0.25 0.972222222222 0.792379471229 0.850212765957
0.238860103627 0.0 0.194444444444 0.129860031104 0.0578723404255
0.948704663212 0.25 0.972222222222 0.850699844479 0.938723404255
0.521243523316 0.75 0.472222222222 0.295489891135 0.331063829787
0.627461139896 0.5 0.611111111111 0.465785381026 0.56
0.778756476684 0.25 0.833333333333 0.773716951788 0.794893617021
0.283419689119 0.25 0.222222222222 0.137636080871 0.110638297872
0.385492227979 0.0 0.388888888889 0.264385692068 0.257872340426
0.635751295337 0.25 0.611111111111 0.414463452566 0.540425531915
0.837305699482 0.0 0.861111111111 0.793157076205 0.803404255319
0.320207253886 0.0 0.25 0.107309486781 0.0306382978723
0.619689119171 0.0 0.666666666667 0.606531881804 0.611063829787
0.584455958549 0.0 0.638888888889 0.639968895801 0.51914893617
0.202590673575 0.0 0.138888888889 0.119751166407 0.0723404255319
0.733678756477 0.0 0.777777777778 0.635303265941 0.658723404255
0.570984455959 0.75 0.583333333333 0.506220839813 0.59914893617
0.747668393782 0.75 0.722222222222 0.510886469673 0.653617021277
0.569948186528 0.0 0.611111111111 0.482115085537 0.445106382979
0.424870466321 0.0 0.444444444444 0.366251944012 0.333617021277
0.928497409326 0.0 0.944444444444 0.800933125972 0.822127659574
0.804663212435 0.75 0.833333333333 0.737947122862 0.885106382979
0.476683937824 0.0 0.5 0.450233281493 0.451063829787
0.39585492228 0.0 0.416666666667 0.385692068429 0.371914893617
0.79067357513 0.75 0.75 0.517884914463 0.64170212766
0.367875647668 0.5 0.305555555556 0.162519440124 0.173617021277
0.491191709845 0.0 0.555555555556 0.48833592535 0.466382978723
0.866321243523 0.25 0.833333333333 0.626749611198 0.690212765957
0.879792746114 0.75 0.833333333333 0.649300155521 0.805957446809
0.542487046632 0.75 0.527777777778 0.342146189736 0.436595744681
0.357512953368 0.5 0.333333333333 0.297822706065 0.32085106383
0.751813471503 0.75 0.694444444444 0.590979782271 0.692765957447
0.440414507772 0.75 0.416666666667 0.423017107309 0.422978723404
0.264766839378 0.0 0.25 0.206842923795 0.181276595745
0.7 0.25 0.666666666667 0.611975116641 0.625531914894
0.482901554404 0.75 0.444444444444 0.320373250389 0.353191489362
0.879792746114 0.25 0.916666666667 0.823483670295 0.84170212766
0.482901554404 0.75 0.444444444444 0.376360808709 0.442553191489
0.40207253886 0.25 0.333333333333 0.139191290824 0.15829787234
0.764766839378 0.0 0.805555555556 0.656298600311 0.707234042553
0.524870466321 0.75 0.5 0.360808709176 0.416170212766
0.528497409326 0.0 0.583333333333 0.43701399689 0.442553191489
0.634196891192 0.0 0.694444444444 0.599533437014 0.571063829787
0.318134715026 0.5 0.277777777778 0.197511664075 0.182127659574
0.231606217617 0.25 0.166666666667 0.094867807154 0.0485106382979
0.462176165803 0.0 0.472222222222 0.350699844479 0.297021276596
0.812953367876 0.25 0.861111111111 0.852255054432 0.873191489362
0.855958549223 0.5 0.861111111111 0.815707620529 0.811063829787
0.933678756477 0.5 0.888888888889 0.622083981337 0.708085106383
0.364766839378 0.5 0.361111111111 0.332037325039 0.382127659574
0.794300518135 0.0 0.833333333333 0.658631415241 0.8
0.682901554404 0.0 0.638888888889 0.53265940902 0.532765957447
0.812953367876 0.25 0.861111111111 0.806376360809 0.75829787234
0.561658031088 0.0 0.555555555556 0.458786936236 0.514042553191
0.601554404145 0.5 0.555555555556 0.51866251944 0.523404255319
0.340414507772 0.0 0.333333333333 0.336702954899 0.298723404255
0.359067357513 0.0 0.361111111111 0.336702954899 0.313191489362
0.488082901554 0.0 0.527777777778 0.470451010886 0.413617021277
0.797409326425 0.0 0.75 0.587091757387 0.665531914894
0.687046632124 0.0 0.666666666667 0.580870917574 0.575319148936
0.889119170984 0.5 0.861111111111 0.660186625194 0.825531914894
0.49689119171 0.25 0.444444444444 0.349922239502 0.385531914894
0.272538860104 0.0 0.194444444444 0.0769828926905 0.0102127659574
0.711398963731 0.5 0.638888888889 0.398911353033 0.421276595745
0.60310880829 0.25 0.555555555556 0.348367029549 0.411063829787
0.710880829016 0.0 0.75 0.585536547434 0.657872340426
0.80932642487 0.0 0.777777777778 0.471228615863 0.584680851064
0.29067357513 0.0 0.277777777778 0.264385692068 0.243404255319
0.412435233161 0.25 0.333333333333 0.220839813375 0.210212765957
0.30932642487 0.0 0.305555555556 0.206842923795 0.181276595745
0.192227979275 0.0 0.111111111111 0.0769828926905 0.0102127659574
0.623316062176 0.25 0.611111111111 0.496889580093 0.485106382979
0.450259067358 0.25 0.361111111111 0.255054432348 0.212765957447
0.440414507772 0.5 0.444444444444 0.414463452566 0.397446808511
0.262694300518 0.25 0.222222222222 0.195178849145 0.187234042553
0.233678756477 0.0 0.138888888889 0.0769828926905 0.0102127659574
