0.473243068988 0.0 0.344827586207 0.136734693878 0.104880581516
0.801418439716 0.4 0.724137931034 0.498979591837 0.473520249221
0.789813023856 0.4 0.758620689655 0.715306122449 0.482866043614
0.725338491296 0.2 0.689655172414 0.659183673469 0.407061266874
0.820760799484 0.6 0.689655172414 0.442857142857 0.384215991693
0.79497098646 0.4 0.689655172414 0.442857142857 0.384215991693
0.395228884591 0.2 0.344827586207 0.375510204082 0.304257528557
0.440361057382 0.4 0.413793103448 0.474489795918 0.444444444444
0.599613152805 0.2 0.51724137931 0.291836734694 0.320872274143
0.563507414571 0.2 0.48275862069 0.291836734694 0.320872274143
0.852998065764 0.0 0.862068965517 0.795918367347 0.597092419522
0.801418439716 0.0 0.793103448276 0.739795918367 0.521287642783
0.518375241779 0.4 0.51724137931 0.610204081633 0.526479750779
0.455834945197 0.2 0.448275862069 0.520408163265 0.438213914849
0.725983236622 0.4 0.724137931034 0.755102040816 0.509865005192
0.52417794971 0.0 0.448275862069 0.281632653061 0.238836967809
0.762088974855 0.6 0.689655172414 0.541836734694 0.52440290758
0.550612508059 0.4 0.48275862069 0.451020408163 0.492211838006
0.91360412637 0.6 0.896551724138 0.668367346939 0.747663551402
0.874919406834 0.4 0.827586206897 0.533673469388 0.584631360332
0.494519664732 0.2 0.344827586207 0.136734693878 0.104880581516
0.494519664732 0.0 0.413793103448 0.281632653061 0.238836967809
0.889103803997 0.8 0.827586206897 0.597959183673 0.613707165109
0.651192778852 0.6 0.551724137931 0.370408163265 0.408099688474
0.554480980013 0.4 0.586206896552 0.580612244898 0.60020768432
0.667956157318 0.2 0.689655172414 0.766326530612 0.510903426791
0.744036105738 0.6 0.655172413793 0.315306122449 0.368639667705
0.744036105738 0.6 0.655172413793 0.315306122449 0.368639667705
0.673758865248 0.4 0.689655172414 0.695918367347 0.633437175493
0.622823984526 0.2 0.620689655172 0.666326530612 0.451713395639
0.609929078014 0.2 0.551724137931 0.391836734694 0.159916926272
0.89748549323 0.2 0.758620689655 0.491836734694 0.299065420561
0.724049000645 0.0 0.724137931034 0.635714285714 0.434060228453
0.604126370084 0.0 0.448275862069 0.34693877551 0.2502596054
0.829142488717 0.4 0.724137931034 0.633673469388 0.510903426791
0.446808510638 0.4 0.379310344828 0.35612244898 0.330218068536
0.920051579626 1.0 0.862068965517 0.492857142857 0.596053997923
0.63829787234 0.6 0.551724137931 0.370408163265 0.408099688474
0.754996776273 0.8 0.724137931034 0.561224489796 0.595015576324
0.709864603482 0.6 0.655172413793 0.292857142857 0.258566978193
0.950999355255 0.4 1.0 0.975510204082 1.0
0.905867182463 0.4 0.931034482759 0.876530612245 0.859813084112
0.796260477112 0.4 0.827586206897 0.821428571429 0.638629283489
0.752417794971 0.0 0.724137931034 0.628571428571 0.46209761163
0.845261121857 0.6 0.827586206897 0.668367346939 0.747663551402
0.589297227595 0.4 0.51724137931 0.489795918367 0.483904465213
0.660219213411 0.4 0.655172413793 0.540816326531 0.599169262721
0.70857511283 0.2 0.689655172414 0.558163265306 0.584631360332
0.720180528691 0.4 0.758620689655 0.901020408163 0.673935617861
0.567375886525 0.2 0.51724137931 0.325510204082 0.298026998962
0.537717601547 0.2 0.379310344828 0.136734693878 0.104880581516
0.537717601547 0.2 0.379310344828 0.136734693878 0.104880581516
1.0 0.6 0.965517241379 0.789795918367 0.82554517134
0.93552546744 0.4 0.896551724138 0.701020408163 0.596053997923
0.612508059317 0.6 0.655172413793 0.754081632653 0.741433021807
0.696324951644 0.4 0.689655172414 0.690816326531 0.693665628245
0.698903932946 0.6 0.620689655172 0.259183673469 0.247144340602
0.52417794971 0.2 0.379310344828 0.136734693878 0.104880581516
0.346228239845 0.2 0.310344827586 0.301020408163 0.303219106957
0.252095422308 0.0 0.172413793103 0.157142857143 0.0882658359294
0.726627981947 0.6 0.689655172414 0.45306122449 0.417445482866
0.909735654417 0.2 0.862068965517 0.590816326531 0.416407061267
0.792392005158 0.2 0.827586206897 0.726530612245 0.765316718588
0.867182462927 0.4 0.896551724138 0.876530612245 0.859813084112
0.79497098646 0.4 0.862068965517 1.0 0.814122533749
0.511283043198 0.4 0.51724137931 0.574489795918 0.503634475597
0.368149580916 0.0 0.241379310345 0.136734693878 0.104880581516
0.458413926499 0.0 0.379310344828 0.281632653061 0.238836967809
0.7027724049 0.6 0.655172413793 0.588775510204 0.624091381101
0.664087685364 0.4 0.655172413793 0.571428571429 0.617860851506
0.52417794971 0.2 0.379310344828 0.136734693878 0.104880581516
0.52417794971 0.2 0.379310344828 0.136734693878 0.104880581516
0.739522888459 0.4 0.793103448276 0.945918367347 0.748701973001
0.739522888459 0.4 0.793103448276 0.945918367347 0.748701973001
0.543520309478 0.0 0.51724137931 0.431632653061 0.31256490135
0.643455834945 0.2 0.655172413793 0.628571428571 0.5005192108
0.466795615732 0.4 0.413793103448 0.465306122449 0.392523364486
0.518375241779 0.2 0.48275862069 0.475510204082 0.363447559709
0.505480335268 0.2 0.448275862069 0.419387755102 0.28764278297
0.35718891038 0.0 0.241379310345 0.101020408163 0.01246105919
