0.612072604474 0.0 0.625 0.558673469388 0.551813471503
0.544111439426 0.666666666667 0.55 0.46556122449 0.472797927461
0.488813845504 0.666666666667 0.55 0.491709183673 0.516839378238
0.458843393837 0.666666666667 0.525 0.517219387755 0.475388601036
0.701561840439 0.0 0.75 0.676020408163 0.823834196891
0.836217813423 0.0 0.8 0.719387755102 0.836139896373
0.776276910089 0.0 0.8 0.727040816327 0.805051813472
0.483748417054 0.0 0.575 0.558035714286 0.582901554404
0.372731110173 0.0 0.475 0.47193877551 0.505829015544
0.543267201351 0.0 0.575 0.475765306122 0.496761658031
0.490924440692 0.333333333333 0.525 0.43431122449 0.472150259067
0.741663149008 0.333333333333 0.7 0.573979591837 0.65414507772
0.478682988603 0.0 0.6 0.472576530612 0.556994818653
0.822710004221 0.0 0.85 0.816964285714 0.887305699482
0.662304769945 0.666666666667 0.675 0.577168367347 0.682642487047
0.653018151119 0.666666666667 0.65 0.549107142857 0.678756476684
0.746728577459 0.0 0.825 0.779974489796 0.775259067358
0.660616293795 0.0 0.7 0.632015306122 0.662564766839
0.923174335163 0.0 0.975 0.885204081633 0.956606217617
0.705783030815 0.0 0.75 0.741709183673 0.735751295337
0.869565217391 0.0 0.95 0.828443877551 0.882772020725
0.549176867877 0.666666666667 0.575 0.538903061224 0.479922279793
0.384550443225 0.333333333333 0.425 0.34375 0.372409326425
0.55382017729 0.333333333333 0.55 0.457908163265 0.514896373057
0.412410299705 0.333333333333 0.475 0.341198979592 0.341968911917
0.467285774588 0.333333333333 0.5 0.419642857143 0.483808290155
0.912621359223 0.666666666667 0.825 0.702806122449 0.63018134715
0.44617982271 0.0 0.575 0.497448979592 0.592616580311
0.738708315745 0.0 0.75 0.647321428571 0.727979274611
0.666948079358 0.0 0.8 0.819515306122 0.726683937824
0.86281131279 1.0 0.775 0.672831632653 0.665803108808
0.777543267201 1.0 0.75 0.592474489796 0.591321243523
0.724778387505 1.0 0.7 0.570153061224 0.622409326425
0.5382017729 1.0 0.55 0.459183673469 0.516839378238
0.448712536935 0.0 0.625 0.574617346939 0.644430051813
0.464753060363 0.0 0.6 0.556760204082 0.543393782383
0.498522583369 0.666666666667 0.475 0.39987244898 0.426165803109
0.375263824398 0.0 0.475 0.386479591837 0.318005181347
0.577880962431 0.0 0.725 0.679209183673 0.652202072539
0.682988602786 0.0 0.75 0.672831632653 0.656735751295
0.918108906712 0.0 0.975 0.933035714286 0.976683937824
0.60236386661 0.0 0.75 0.730229591837 0.729922279793
0.484592655129 0.0 0.525 0.496173469388 0.556994818653
0.46010975095 0.0 0.425 0.304209183673 0.391839378238
0.880962431406 0.0 0.9 0.948979591837 0.993523316062
0.509075559308 0.0 0.575 0.553571428571 0.556994818653
0.905023216547 0.0 0.875 0.761479591837 0.79792746114
0.497678345293 0.666666666667 0.45 0.336734693878 0.376295336788
0.726466863656 0.666666666667 0.7 0.62181122449 0.741580310881
0.579569438582 1.0 0.525 0.429846938776 0.420336787565
0.441958632334 0.0 0.575 0.553571428571 0.544689119171
0.404390037991 0.0 0.5 0.438137755102 0.440414507772
0.593921485859 0.0 0.65 0.586734693878 0.624352331606
0.713803292528 0.0 0.825 0.772959183673 0.890544041451
0.623469818489 1.0 0.6 0.471301020408 0.511658031088
0.635711270578 1.0 0.6 0.484056122449 0.550518134715
0.39932460954 0.666666666667 0.5 0.439413265306 0.461787564767
0.600253271423 1.0 0.675 0.577806122449 0.667098445596
0.671169269734 0.0 0.7 0.605867346939 0.684585492228
0.47741663149 0.666666666667 0.55 0.459183673469 0.516839378238
0.466863655551 0.0 0.6 0.552933673469 0.530440414508
0.642043056142 0.333333333333 0.65 0.550382653061 0.722150259067
0.537779653862 0.0 0.6 0.491709183673 0.562823834197
0.75348248206 0.0 0.9 0.852678571429 0.827720207254
0.284930350359 0.0 0.35 0.34375 0.353626943005
0.655128746306 0.0 0.725 0.655612244898 0.740932642487
0.642465175179 0.0 0.7 0.654974489796 0.653497409326
0.537779653862 0.0 0.6 0.491709183673 0.562823834197
0.547066272689 0.0 0.575 0.491709183673 0.547279792746
0.58505698607 0.0 0.7 0.685586734694 0.666450777202
0.711692697341 0.0 0.725 0.612244897959 0.711787564767
0.441958632334 0.0 0.6 0.582270408163 0.621761658031
0.533136344449 0.0 0.65 0.628826530612 0.700129533679
0.311523849726 0.0 0.425 0.395408163265 0.384067357513
0.604052342761 0.0 0.65 0.637755102041 0.661269430052
0.467707893626 0.0 0.6 0.515943877551 0.60621761658
0.701983959477 0.0 0.85 0.836096938776 0.931347150259
0.44449134656 0.0 0.55 0.50637755102 0.502590673575
0.432672013508 0.666666666667 0.55 0.524234693878 0.56670984456
0.521739130435 0.0 0.625 0.638392857143 0.602979274611
0.350358801182 0.666666666667 0.45 0.389668367347 0.386658031088
0.552975939215 0.0 0.65 0.572066326531 0.632124352332
0.838750527649 0.0 0.85 0.796556122449 0.729274611399
0.631067961165 0.0 0.725 0.629464285714 0.709844559585
0.686787674124 0.0 0.75 0.71875 0.739637305699
0.755593077248 0.0 0.75 0.704081632653 0.757772020725
0.728155339806 0.0 0.875 0.859693877551 0.913212435233
0.634867032503 0.0 0.675 0.680484693878 0.74481865285
0.663993246095 0.0 0.75 0.709183673469 0.795984455959
0.547066272689 1.0 0.525 0.373086734694 0.393134715026
0.459687631912 0.0 0.525 0.404336734694 0.402202072539
0.621781342339 0.0 0.7 0.720663265306 0.704663212435
0.439003799071 0.0 0.525 0.482780612245 0.455958549223
0.764879696074 0.666666666667 0.775 0.658801020408 0.716968911917
0.642465175179 0.0 0.7 0.654974489796 0.653497409326
0.686787674124 0.0 0.75 0.71875 0.739637305699
0.609962009287 0.333333333333 0.575 0.416454081633 0.453367875648
0.841283241874 0.0 0.775 0.704719387755 0.812823834197
0.406078514141 0.0 0.475 0.432397959184 0.342616580311
0.6943858168 1.0 0.725 0.62181122449 0.597150259067
0.895736597721 0.0 0.9 0.836734693878 0.777202072539
0.883073026593 0.0 0.875 0.838647959184 0.857512953368
0.530181511186 0.0 0.575 0.554846938776 0.489637305699
0.699873364289 0.0 0.625 0.540816326531 0.454015544041
0.644997889405 0.0 0.625 0.571428571429 0.606865284974
0.788940481216 0.0 0.75 0.751275510204 0.810880829016
0.365977205572 0.0 0.475 0.479591836735 0.455958549223
0.412410299705 0.333333333333 0.475 0.341198979592 0.341968911917
0.674968341072 0.666666666667 0.7 0.667729591837 0.619170984456
0.764035457999 0.0 0.775 0.686862244898 0.737046632124
0.686787674124 0.0 0.75 0.71875 0.739637305699
0.509919797383 1.0 0.55 0.46875 0.490932642487
0.444069227522 0.0 0.5 0.369897959184 0.440414507772
0.659349936682 0.0 0.65 0.597576530612 0.561528497409
0.570704938793 0.0 0.7 0.621173469388 0.665155440415
0.684677078936 0.0 0.8 0.72193877551 0.766839378238
0.72393414943 0.0 0.7 0.579081632653 0.676165803109
0.391304347826 0.0 0.525 0.522959183673 0.486398963731
0.917686787674 0.0 0.975 0.929209183673 0.968911917098
0.907133811735 0.0 0.95 0.921556122449 1.0
0.435626846771 0.0 0.525 0.440051020408 0.413860103627
0.407766990291 0.0 0.55 0.489158163265 0.435880829016
0.322498944702 0.0 0.45 0.445790816327 0.413860103627
0.339383706205 0.0 0.45 0.406887755102 0.380829015544
0.467285774588 0.333333333333 0.5 0.419642857143 0.483808290155
0.36808780076 0.0 0.475 0.430484693878 0.463082901554
0.466019417476 0.0 0.625 0.593112244898 0.603626943005
0.498522583369 0.0 0.625 0.589923469388 0.579663212435
0.476572393415 0.333333333333 0.6 0.547831632653 0.658678756477
0.595187842972 0.333333333333 0.625 0.5 0.661269430052
0.822710004221 0.0 0.85 0.816964285714 0.887305699482
0.839594765724 0.0 0.85 0.859693877551 0.799222797927
0.718024482904 0.0 0.75 0.751275510204 0.675518134715
0.512030392571 0.0 0.55 0.561862244898 0.555699481865
0.662726888983 0.0 0.7 0.713647959184 0.589378238342
0.771633600675 0.0 0.8 0.802933673469 0.728626943005
0.800759814268 0.0 0.8 0.632653061224 0.710492227979
0.764879696074 0.666666666667 0.775 0.658801020408 0.716968911917
0.742085268046 0.0 0.8 0.773596938776 0.791450777202
0.716758125791 0.666666666667 0.825 0.760841836735 0.781088082902
0.509075559308 0.333333333333 0.575 0.490433673469 0.651554404145
0.58505698607 0.333333333333 0.625 0.507015306122 0.655440414508
0.467707893626 0.0 0.575 0.453443877551 0.560233160622
0.564373153229 0.0 0.7 0.658801020408 0.631476683938
0.476150274377 0.666666666667 0.55 0.484693877551 0.550518134715
0.497678345293 0.666666666667 0.45 0.336734693878 0.376295336788
0.760658505699 0.0 0.825 0.894132653061 0.874352331606
0.444913465597 0.0 0.6 0.582270408163 0.54792746114
0.787674124103 1.0 0.725 0.591198979592 0.668393782383
0.327986492191 0.666666666667 0.35 0.262117346939 0.334196891192
0.393837062051 1.0 0.45 0.357142857143 0.462435233161
0.808357956944 1.0 0.75 0.626913265306 0.676813471503
0.472351203039 0.0 0.55 0.552933673469 0.534974093264
0.552553820177 0.0 0.675 0.629464285714 0.681994818653
0.671591388772 0.0 0.625 0.610331632653 0.646373056995
0.643731532292 0.0 0.65 0.610331632653 0.639896373057
0.623891937526 0.0 0.775 0.745535714286 0.713730569948
0.547488391726 0.0 0.625 0.503826530612 0.474740932642
0.718024482904 0.0 0.75 0.751275510204 0.675518134715
0.761502743774 0.0 0.75 0.680484693878 0.72085492228
0.789784719291 0.0 0.75 0.679846938776 0.766839378238
0.441536513297 0.0 0.475 0.423469387755 0.429404145078
0.375685943436 0.666666666667 0.475 0.393494897959 0.475388601036
0.577036724356 0.666666666667 0.675 0.604591836735 0.652202072539
0.924862811313 0.0 0.925 0.845663265306 0.795984455959
0.75179400591 0.333333333333 0.775 0.688137755102 0.737694300518
0.651329674968 1.0 0.6 0.481505102041 0.474740932642
0.784297171802 0.0 0.8 0.716198979592 0.693005181347
0.753904601098 0.0 0.825 0.689413265306 0.724093264249
0.593499366821 0.0 0.7 0.691326530612 0.666450777202
0.532714225412 0.0 0.575 0.55931122449 0.420984455959
0.580413676657 0.0 0.675 0.614158163265 0.61981865285
0.764879696074 0.666666666667 0.775 0.658801020408 0.716968911917
0.483748417054 0.0 0.575 0.558035714286 0.582901554404
0.820599409033 0.0 0.9 0.785714285714 0.77914507772
0.744195863233 0.666666666667 0.775 0.669642857143 0.72603626943
0.545377796539 0.0 0.7 0.752551020408 0.714378238342
0.629379485015 0.0 0.65 0.610969387755 0.647020725389
0.46010975095 0.0 0.425 0.304209183673 0.391839378238
0.761502743774 0.0 0.75 0.680484693878 0.72085492228
1.0 0.0 0.975 1.0 0.878886010363
0.765301815112 0.0 0.825 0.760841836735 0.658031088083
0.338117349092 0.0 0.4 0.311862244898 0.343911917098
0.481215702828 0.0 0.625 0.543367346939 0.606865284974
0.688054031237 0.0 0.675 0.567602040816 0.601683937824
0.490502321655 0.0 0.55 0.447704081633 0.531088082902
0.661882650908 0.0 0.7 0.639030612245 0.670984455959
0.817222456733 0.0 0.8 0.755102040816 0.77914507772
0.476150274377 0.666666666667 0.55 0.484693877551 0.550518134715
0.589278176446 0.0 0.7 0.647959183673 0.683937823834
0.485859012241 0.333333333333 0.45 0.351403061224 0.408031088083
0.227522161249 0.333333333333 0.275 0.202168367347 0.253886010363
0.579147319544 0.0 0.65 0.519132653061 0.618523316062
0.41494301393 0.0 0.45 0.376275510204 0.449481865285
0.761924862811 0.0 0.875 0.897321428571 0.862694300518
0.555930772478 0.0 0.7 0.63137755102 0.636658031088
0.681300126636 0.0 0.75 0.781887755102 0.729922279793
0.696496411988 0.0 0.75 0.751275510204 0.763601036269
0.492612916843 0.0 0.6 0.507653061224 0.496113989637
0.952300548755 0.0 1.0 0.943239795918 0.95207253886
