0.666666666667 0.0 0.764705882353 0.630470016207 0.780876494024
0.690949227373 0.0 0.794117647059 0.680713128039 0.811420982736
0.681015452539 0.0 0.852941176471 0.761750405186 0.815405046481
0.737858719647 0.0 0.911764705882 0.827390599676 0.865869853918
0.886865342163 0.0 0.970588235294 0.848460291734 0.945551128818
0.788079470199 0.0 0.911764705882 0.794165316045 0.869189907039
0.781456953642 0.0 0.911764705882 0.782009724473 0.852589641434
0.843818984547 0.0 0.970588235294 0.932739059968 0.982071713147
0.797461368653 0.0 0.882352941176 0.827390599676 0.932270916335
0.811810154525 0.0 0.941176470588 0.94489465154 0.988047808765
0.6793598234 0.0 0.852941176471 0.744732576985 0.7802124834
0.747240618102 0.0 0.882352941176 0.763371150729 0.826029216467
0.7146799117 0.0 0.882352941176 0.825769854133 0.853253652058
0.729028697572 0.0 0.882352941176 0.779578606159 0.822709163347
0.657284768212 0.0 0.794117647059 0.770664505673 0.835325365206
0.722958057395 0.0 0.852941176471 0.795786061588 0.857237715803
0.864790286976 0.0 0.882352941176 0.809562398703 0.960823373174
0.69591611479 0.0 0.882352941176 0.87358184765 0.871845949535
0.671633554084 0.0 0.823529411765 0.760940032415 0.807436918991
0.702538631347 0.0 0.823529411765 0.718800648298 0.79614873838
0.706953642384 0.0 0.794117647059 0.670988654781 0.784860557769
0.688189845475 0.0 0.764705882353 0.609400324149 0.739707835325
0.752759381898 0.0 0.941176470588 0.918962722853 0.89973439575
0.639072847682 0.0 0.764705882353 0.682333873582 0.760956175299
0.58995584989 0.0 0.705882352941 0.631280388979 0.729747675963
0.649006622517 0.0 0.764705882353 0.686385737439 0.77224435591
0.791390728477 0.0 0.911764705882 0.832252836305 0.881142098274
0.769867549669 0.0 0.823529411765 0.646677471637 0.782204515272
0.918874172185 0.0 0.970588235294 0.860615883306 0.956839309429
0.768763796909 0.0 0.911764705882 0.875202593193 0.897742363878
0.858167770419 0.0 1.0 1.0 1.0
0.847682119205 0.0 0.970588235294 0.96677471637 0.989375830013
0.608167770419 0.0 0.764705882353 0.632901134522 0.685922974768
0.547461368653 0.0 0.676470588235 0.508103727715 0.606241699867
0.628035320088 0.0 0.735294117647 0.576175040519 0.678618857902
0.568432671082 0.0 0.647058823529 0.431928687196 0.583665338645
0.640176600442 0.0 0.764705882353 0.685575364668 0.754980079681
0.585540838852 0.0 0.735294117647 0.653160453809 0.707835325365
0.559602649007 0.0 0.705882352941 0.562398703404 0.633466135458
0.562362030905 0.0 0.735294117647 0.640194489465 0.676626826029
0.626931567329 0.0 0.764705882353 0.675040518639 0.733731739708
0.82119205298 0.0 1.0 0.947325769854 0.91567065073
0.722406181015 0.0 0.882352941176 0.820097244733 0.830013280212
0.604856512141 0.0 0.735294117647 0.63209076175 0.703187250996
0.783664459161 0.0 0.941176470588 0.884927066451 0.882470119522
0.485099337748 0.0 0.617647058824 0.507293354943 0.601593625498
0.583885209713 0.0 0.705882352941 0.577795786062 0.66401062417
0.685430463576 0.0 0.794117647059 0.645867098865 0.726427622842
0.657836644592 0.0 0.823529411765 0.845218800648 0.851261620186
0.790286975717 0.0 0.941176470588 0.907617504052 0.907038512616
1.0 0.0 1.0 0.846839546191 0.975431606906
0.931015452539 0.0 1.0 0.881685575365 0.947543160691
0.626379690949 0.0 0.764705882353 0.704213938412 0.754316069057
0.654525386313 0.0 0.794117647059 0.705834683955 0.750332005312
0.728476821192 0.0 0.823529411765 0.655591572123 0.74037184595
0.838300220751 0.0 0.911764705882 0.808752025932 0.885126162019
0.543598233996 0.0 0.676470588235 0.564829821718 0.642098273572
0.647902869757 0.0 0.794117647059 0.753646677472 0.785524568393
0.843818984547 0.0 0.970588235294 0.954619124797 0.961487383798
0.665562913907 0.0 0.823529411765 0.821717990276 0.832005312085
0.650662251656 0.0 0.823529411765 0.782820097245 0.784196547145
0.631346578366 0.0 0.735294117647 0.658022690438 0.741035856574
0.675496688742 0.0 0.852941176471 0.808752025932 0.800132802125
0.656732891832 0.0 0.764705882353 0.713938411669 0.783532536521
0.628587196468 0.0 0.735294117647 0.654781199352 0.734395750332
0.676600441501 0.0 0.794117647059 0.730145867099 0.785524568393
0.797461368653 0.0 0.911764705882 0.834683954619 0.868525896414
0.809602649007 0.0 0.911764705882 0.837925445705 0.881142098274
0.60651214128 0.0 0.735294117647 0.704213938412 0.757636122178
0.567880794702 0.0 0.705882352941 0.623176661264 0.680610889774
0.768763796909 0.0 0.882352941176 0.760940032415 0.805444887118
0.779801324503 0.0 0.941176470588 0.946515397083 0.922974767596
0.650662251656 0.0 0.794117647059 0.773905996759 0.800132802125
0.641832229581 0.0 0.794117647059 0.739870340357 0.762284196547
0.549668874172 0.0 0.705882352941 0.566450567261 0.614209827357
0.599889624724 0.0 0.735294117647 0.689627228525 0.737715803453
0.753311258278 0.0 0.823529411765 0.730145867099 0.82005312085
0.603752759382 0.0 0.705882352941 0.683144246353 0.762948207171
0.701986754967 0.0 0.823529411765 0.794975688817 0.833333333333
0.736754966887 0.0 0.882352941176 0.874392220421 0.877158034529
0.683222958057 0.0 0.794117647059 0.686385737439 0.749003984064
0.774282560706 0.0 0.852941176471 0.797406807131 0.868525896414
0.57119205298 0.0 0.676470588235 0.617504051864 0.70385126162
0.582781456954 0.0 0.735294117647 0.619124797407 0.659362549801
0.684326710817 0.0 0.794117647059 0.777957860616 0.830013280212
0.709161147903 0.0 0.764705882353 0.646677471637 0.762948207171
0.602097130243 0.0 0.735294117647 0.650729335494 0.703187250996
0.476269315673 0.0 0.617647058824 0.493517017828 0.56839309429
0.717439293598 0.0 0.882352941176 0.839546191248 0.827357237716
0.637417218543 0.0 0.794117647059 0.764181523501 0.776228419655
0.82174392936 0.0 0.882352941176 0.790113452188 0.871845949535
0.674944812362 0.0 0.852941176471 0.870340356564 0.845949535193
0.488962472406 0.0 0.647058823529 0.557536466775 0.606241699867
0.616445916115 0.0 0.764705882353 0.70340356564 0.731739707835
0.666114790287 0.0 0.823529411765 0.749594813614 0.758964143426
0.758830022075 0.0 0.882352941176 0.881685575365 0.898406374502
0.551324503311 0.0 0.676470588235 0.529983792545 0.606241699867
0.623068432671 0.0 0.764705882353 0.710696920583 0.743027888446
0.53642384106 0.0 0.617647058824 0.525121555916 0.644754316069
0.62582781457 0.0 0.764705882353 0.710696920583 0.745019920319
0.73289183223 0.0 0.882352941176 0.850891410049 0.847941567065
0.82119205298 0.0 0.882352941176 0.771474878444 0.852589641434
0.629139072848 0.0 0.705882352941 0.547811993517 0.658698539177
0.506622516556 0.0 0.647058823529 0.498379254457 0.566401062417
0.701986754967 0.0 0.794117647059 0.649108589951 0.725763612218
0.673289183223 0.0 0.852941176471 0.794165316045 0.773572377158
0.647902869757 0.0 0.764705882353 0.70340356564 0.754980079681
0.812913907285 0.0 0.823529411765 0.631280388979 0.775564409031
0.691501103753 0.0 0.794117647059 0.732576985413 0.789508632138
0.601545253863 0.0 0.735294117647 0.640194489465 0.687250996016
0.60651214128 0.0 0.764705882353 0.713128038898 0.72775564409
0.759381898455 0.0 0.882352941176 0.782009724473 0.806772908367
0.629690949227 0.0 0.764705882353 0.710696920583 0.745019920319
0.666666666667 0.0 0.794117647059 0.679902755267 0.720451527224
0.55353200883 0.0 0.676470588235 0.575364667747 0.643426294821
0.627483443709 0.0 0.764705882353 0.672609400324 0.708499335989
0.640728476821 0.0 0.794117647059 0.705834683955 0.721115537849
0.736754966887 0.0 0.823529411765 0.773905996759 0.834661354582
0.480132450331 0.0 0.588235294118 0.469205834684 0.570385126162
0.58885209713 0.0 0.705882352941 0.568881685575 0.638778220452
0.493929359823 0.0 0.647058823529 0.564829821718 0.610225763612
0.698675496689 0.0 0.794117647059 0.685575364668 0.750996015936
0.724061810155 0.0 0.764705882353 0.622366288493 0.744355909695
0.667770419426 0.0 0.823529411765 0.790113452188 0.788844621514
0.64293598234 0.0 0.794117647059 0.724473257699 0.737051792829
0.684326710817 0.0 0.794117647059 0.755267423015 0.798804780876
0.563465783664 0.0 0.705882352941 0.62074554295 0.660690571049
0.707505518764 0.0 0.852941176471 0.702593192869 0.715139442231
0.496136865342 0.0 0.617647058824 0.503241491086 0.582337317397
0.671081677704 0.0 0.823529411765 0.765802269044 0.767596281541
0.5353200883 0.0 0.647058823529 0.504862236629 0.588977423639
0.641280353201 0.0 0.764705882353 0.699351701783 0.739043824701
0.579470198675 0.0 0.705882352941 0.650729335494 0.699203187251
0.703090507726 0.0 0.794117647059 0.702593192869 0.766268260292
0.756622516556 0.0 0.852941176471 0.686385737439 0.741035856574
0.543598233996 0.0 0.676470588235 0.599675850891 0.650730411687
0.748344370861 0.0 0.852941176471 0.819286871961 0.851261620186
0.809050772627 0.0 0.882352941176 0.722042139384 0.788844621514
0.641280353201 0.0 0.735294117647 0.705024311183 0.770252324037
0.708609271523 0.0 0.794117647059 0.715559157212 0.780876494024
0.695364238411 0.0 0.794117647059 0.653160453809 0.714475431607
0.614238410596 0.0 0.735294117647 0.683144246353 0.72775564409
0.590507726269 0.0 0.735294117647 0.655591572123 0.683266932271
0.703642384106 0.0 0.794117647059 0.722042139384 0.782204515272
0.486203090508 0.0 0.647058823529 0.619935170178 0.646746347942
0.641280353201 0.0 0.764705882353 0.632901134522 0.677954847278
0.610375275938 0.0 0.735294117647 0.623176661264 0.670650730412
0.583333333333 0.0 0.764705882353 0.72528363047 0.709827357238
0.580573951435 0.0 0.705882352941 0.577795786062 0.632802124834
0.602649006623 0.0 0.764705882353 0.700972447326 0.704515272244
0.612582781457 0.0 0.764705882353 0.765802269044 0.769588313413
0.53642384106 0.0 0.647058823529 0.534846029173 0.612217795485
0.566225165563 0.0 0.647058823529 0.525121555916 0.628818061089
0.601545253863 0.0 0.735294117647 0.607779578606 0.64807436919
0.640728476821 0.0 0.735294117647 0.691247974068 0.754980079681
0.636313465784 0.0 0.794117647059 0.770664505673 0.765604249668
0.667770419426 0.0 0.764705882353 0.658022690438 0.720451527224
0.478476821192 0.0 0.588235294118 0.4943273906 0.582337317397
0.621412803532 0.0 0.764705882353 0.743922204214 0.756972111554
0.581125827815 0.0 0.735294117647 0.659643435981 0.675962815405
0.618653421634 0.0 0.735294117647 0.59886547812 0.654050464807
0.640728476821 0.0 0.764705882353 0.680713128039 0.717131474104
0.58940397351 0.0 0.735294117647 0.597244732577 0.627490039841
0.594370860927 0.0 0.705882352941 0.657212317666 0.712483399734
0.522075055188 0.0 0.705882352941 0.641815235008 0.637450199203
0.723509933775 0.0 0.852941176471 0.69773095624 0.718459495352
0.653421633554 0.0 0.794117647059 0.716369529984 0.731075697211
0.591611479029 0.0 0.735294117647 0.69773095624 0.717795484728
0.62472406181 0.0 0.735294117647 0.65397082658 0.707171314741
0.645143487859 0.0 0.735294117647 0.645056726094 0.716467463479
0.503863134658 0.0 0.647058823529 0.562398703404 0.606905710491
0.630794701987 0.0 0.764705882353 0.641815235008 0.673306772908
0.568432671082 0.0 0.705882352941 0.651539708266 0.684594953519
0.605960264901 0.0 0.705882352941 0.654781199352 0.719123505976
0.561810154525 0.0 0.647058823529 0.556726094003 0.650730411687
0.637417218543 0.0 0.794117647059 0.745542949757 0.742363877822
0.623620309051 0.0 0.764705882353 0.733387358185 0.747675962815
0.619205298013 0.0 0.705882352941 0.658833063209 0.733731739708
0.710816777042 0.0 0.764705882353 0.627228525122 0.72775564409
0.740618101545 0.0 0.794117647059 0.585899513776 0.688579017264
0.693156732892 0.0 0.764705882353 0.636142625608 0.720451527224
0.666114790287 0.0 0.764705882353 0.742301458671 0.790836653386
0.654525386313 0.0 0.764705882353 0.707455429498 0.749667994688
0.662251655629 0.0 0.735294117647 0.631280388979 0.716467463479
0.572847682119 0.0 0.705882352941 0.623176661264 0.660690571049
0.590507726269 0.0 0.705882352941 0.630470016207 0.681938911023
0.526490066225 0.0 0.647058823529 0.580226904376 0.638778220452
0.561810154525 0.0 0.676470588235 0.542139384117 0.606905710491
0.566777041943 0.0 0.676470588235 0.570502431118 0.635458167331
0.639624724062 0.0 0.705882352941 0.685575364668 0.770916334661
0.616997792494 0.0 0.735294117647 0.591572123177 0.640770252324
0.575055187638 0.0 0.676470588235 0.536466774716 0.612217795485
0.700331125828 0.0 0.764705882353 0.655591572123 0.739043824701
0.634105960265 0.0 0.735294117647 0.590761750405 0.653386454183
0.614790286976 0.0 0.735294117647 0.654781199352 0.693227091633
0.549116997792 0.0 0.647058823529 0.485413290113 0.571049136786
0.600441501104 0.0 0.705882352941 0.531604538088 0.599601593625
0.539183222958 0.0 0.676470588235 0.568071312804 0.606905710491
0.634657836645 0.0 0.735294117647 0.589951377634 0.651394422311
0.594922737307 0.0 0.705882352941 0.568071312804 0.626162018592
