0.0891891891892 0.0 0.12 0.0375063355297 0.0206433029285
1.0 0.0 1.0 0.907754688292 1.0
0.941216216216 1.0 0.94 0.859097820578 0.884301488238
0.920608108108 1.0 0.96 1.0 0.942870859337
0.0983108108108 1.0 0.14 0.0537252914344 0.0868939030245
0.988175675676 0.0 0.98 0.976685250887 0.98751800288
0.953716216216 0.0 1.0 0.998479472884 0.967354776764
0.11722972973 0.0 0.14 0.0704510897111 0.0580892942871
0.916216216216 0.0 0.98 0.940699442473 0.904944791167
0.968918918919 0.0 0.94 0.889508362899 0.931829092655
0.590540540541 0.0 0.76 0.76938672073 0.750360057609
0.904391891892 0.0 0.96 0.932083122149 0.9140662506
0.863851351351 1.0 0.9 0.829194120628 0.892462794047
0.923310810811 1.0 0.98 0.933603649265 0.959673547768
0.644256756757 0.0 0.82 0.838317283325 0.789246279405
0.161486486486 1.0 0.2 0.130765331982 0.177628420547
0.648986486486 0.0 0.8 0.762797769894 0.763322131541
0.125 0.0 0.18 0.118601115053 0.120019203072
0.816891891892 0.0 0.92 0.873796249366 0.897743638982
0.183783783784 0.0 0.28 0.184490623416 0.24099855977
0.125675675676 0.0 0.16 0.0993411049164 0.110417666827
0.720945945946 1.0 0.68 0.455651292448 0.587614018243
0.209459459459 0.0 0.32 0.239736441967 0.243879020643
0.909121621622 0.0 0.92 0.854029396858 0.907345175228
0.135135135135 0.0 0.2 0.0922453117081 0.138742198752
0.637837837838 1.0 0.6 0.431829700963 0.508401344215
0.366216216216 1.0 0.32 0.191586416624 0.248199711954
0.627702702703 1.0 0.66 0.480486568677 0.621219395103
0.252702702703 1.0 0.28 0.173846933604 0.228996639462
0.101689189189 0.0 0.14 0.0927521540801 0.0782525204033
0.109459459459 0.0 0.16 0.0897110998479 0.101296207393
0.142905405405 1.0 0.18 0.113532691333 0.149783965434
0.436148648649 1.0 0.38 0.213380638621 0.265482477196
0.14527027027 0.0 0.22 0.137354282818 0.143542966875
0.576013513514 0.0 0.74 0.706031424227 0.679788766203
0.315202702703 0.0 0.48 0.468322351749 0.511281805089
0.734459459459 0.0 0.88 0.867714140902 0.891502640422
0.872972972973 1.0 0.86 0.73694880892 0.825732117139
0.856081081081 1.0 0.8 0.650278763305 0.780604896783
0.915878378378 1.0 0.88 0.757729346173 0.890062409986
0.223648648649 0.0 0.34 0.2681196148 0.258281325012
0.609121621622 1.0 0.54 0.401419158642 0.509841574652
0.5125 0.0 0.72 0.67410035479 0.669707153145
0.851013513514 1.0 0.84 0.672072985302 0.731156985118
0.156418918919 0.0 0.24 0.232133806386 0.147383581373
0.276013513514 0.0 0.42 0.395843892549 0.386461833893
0.41722972973 1.0 0.36 0.209325899645 0.289486317811
0.543581081081 0.0 0.72 0.669538773441 0.666826692271
0.27972972973 0.0 0.44 0.389761784085 0.436389822372
0.693581081081 0.0 0.72 0.660415610745 0.7148343735
0.709459459459 0.0 0.84 0.840851495185 0.771963514162
0.947972972973 0.0 0.98 0.986822098327 0.93710993759
0.147972972973 1.0 0.2 0.150025342119 0.16562650024
0.831418918919 1.0 0.82 0.669538773441 0.734997599616
0.681081081081 1.0 0.72 0.625950329448 0.722035525684
0.383445945946 0.0 0.56 0.576279776989 0.563610177628
0.589527027027 0.0 0.7 0.588443993918 0.611137782045
0.518581081081 1.0 0.46 0.299543841865 0.402784445511
0.793918918919 1.0 0.78 0.629498226052 0.712914066251
0.196283783784 0.0 0.3 0.189052204764 0.212674027844
0.623648648649 0.0 0.78 0.697415103903 0.704752760442
0.503716216216 1.0 0.42 0.266092245312 0.301008161306
0.121621621622 0.0 0.16 0.0821084642676 0.0676908305329
0.781081081081 1.0 0.74 0.530663963507 0.653864618339
0.513851351351 1.0 0.5 0.336036492651 0.467114738358
0.366891891892 0.0 0.54 0.49619868221 0.535285645703
0.735810810811 1.0 0.7 0.5489102889 0.518482957273
0.258108108108 1.0 0.26 0.153573238723 0.205952952472
0.502364864865 0.0 0.68 0.611758743031 0.638502160346
0.486824324324 1.0 0.52 0.411556006082 0.551128180509
0.70472972973 0.0 0.86 0.844906234161 0.838214114258
0.44527027027 0.0 0.62 0.590471363406 0.603936629861
0.328040540541 1.0 0.3 0.175874303092 0.191070571291
0.780743243243 0.0 0.9 0.882919412063 0.884301488238
0.32972972973 0.0 0.5 0.494171312722 0.473355736918
0.298310810811 0.0 0.46 0.435884439939 0.459433509361
0.255743243243 0.0 0.4 0.363912823112 0.361977916467
0.620945945946 1.0 0.58 0.429295489103 0.540566490639
0.796283783784 0.0 0.84 0.789153573239 0.77772443591
0.923648648649 0.0 0.94 0.898631525596 0.862217954873
0.173986486486 0.0 0.26 0.208819057273 0.197791646663
0.459797297297 1.0 0.4 0.253928028383 0.333173307729
0.776351351351 0.0 0.76 0.679675620882 0.690350456073
0.800675675676 1.0 0.76 0.612772427775 0.728756601056
0.227364864865 1.0 0.24 0.145970603142 0.202112337974
0.8875 0.0 0.94 0.940699442473 0.906385021603
0.894932432432 0.0 0.86 0.845919918905 0.869419107057
0.489527027027 1.0 0.48 0.338570704511 0.458473355737
0.196283783784 1.0 0.22 0.123669538773 0.147383581373
0.460810810811 0.0 0.64 0.623416117587 0.603936629861
0.659797297297 1.0 0.64 0.522047643183 0.663466154585
0.239864864865 0.0 0.36 0.255955397871 0.292846855497
0.424662162162 1.0 0.44 0.298023314749 0.375420067211
0.407432432432 0.0 0.6 0.616827166751 0.570331253
0.558445945946 0.0 0.64 0.633046122656 0.696591454633
0.888175675676 0.0 0.94 0.915357323872 0.844455112818
0.577364864865 1.0 0.56 0.435884439939 0.568891022564
0.806081081081 0.0 0.8 0.63912823112 0.755640902544
0.353716216216 0.0 0.52 0.542321338064 0.554968795007
0.476351351351 0.0 0.66 0.647237709072 0.626020163226
0.351013513514 1.0 0.34 0.212873796249 0.327412385982
0.244594594595 0.0 0.38 0.366953877344 0.313490158425
0.766216216216 0.0 0.86 0.817536746072 0.835333653385
0.952364864865 0.0 0.94 0.882919412063 0.915506481037
0.601689189189 1.0 0.62 0.487075519513 0.481997119539
0.249662162162 0.0 0.34 0.200709579321 0.231397023524
0.269594594595 0.0 0.32 0.222503801318 0.236677868459
0.106756756757 0.0 0.14 0.101368474404 0.0969755160826
0.403716216216 0.0 0.58 0.552458185504 0.553048487758
0.936824324324 0.0 0.94 0.878864673087 0.911665866539
0.760472972973 0.0 0.82 0.742524075013 0.785885741719
0.822297297297 0.0 0.9 0.842878864673 0.820931349016
0.658445945946 0.0 0.78 0.730866700456 0.781565050408
0.532432432432 1.0 0.6 0.545869234668 0.555448871819
0.294594594595 0.0 0.4 0.359351241764 0.42774843975
0.755067567568 0.0 0.8 0.719716168272 0.723475756121
0.840878378378 0.0 0.9 0.810947795236 0.810849735958
0.15777027027 0.0 0.2 0.128737962494 0.153624579933
0.741554054054 1.0 0.8 0.712113532691 0.806048967835
0.620608108108 1.0 0.62 0.473897617841 0.571771483437
0.929054054054 0.0 0.94 0.830207805373 0.879980796928
0.483108108108 1.0 0.52 0.376077040041 0.396543446952
0.710810810811 1.0 0.7 0.572731880385 0.710033605377
0.746283783784 0.0 0.76 0.692346680182 0.743638982237
0.836148648649 0.0 0.88 0.766345666498 0.816130580893
0.729054054054 0.0 0.84 0.795235681703 0.8007681229
0.110810810811 0.0 0.16 0.0841358337557 0.0763322131541
0.129054054054 1.0 0.18 0.0714647744551 0.0864138262122
0.569932432432 1.0 0.56 0.370501773948 0.446951512242
0.927364864865 0.0 0.94 0.911809427268 0.878060489678
0.288513513514 1.0 0.3 0.180942726812 0.222755640903
0.724324324324 0.0 0.72 0.608210846427 0.662025924148
0.42972972973 1.0 0.52 0.432336543335 0.525684109458
0.813851351351 1.0 0.82 0.722757222504 0.847335573692
0.874324324324 0.0 0.88 0.799797263051 0.854056649064
0.591891891892 0.0 0.7 0.655347187025 0.678828612578
0.168581081081 0.0 0.24 0.212873796249 0.183869419107
0.240540540541 1.0 0.26 0.163710086163 0.219395103217
0.339189189189 0.0 0.4 0.325392802838 0.354776764282
0.193243243243 1.0 0.24 0.164216928535 0.201632261162
0.702702702703 0.0 0.72 0.646224024328 0.712914066251
0.321959459459 1.0 0.48 0.410542321338 0.438310129621
0.799662162162 1.0 0.8 0.701976685251 0.735957753241
0.840878378378 0.0 0.82 0.725798276736 0.732597215554
0.672635135135 0.0 0.74 0.684744044602 0.76092174748
0.127364864865 0.0 0.18 0.109984794729 0.130100816131
0.284797297297 0.0 0.34 0.289913836797 0.336533845415
0.747972972973 0.0 0.8 0.695387734415 0.658665386462
0.390202702703 0.0 0.46 0.382159148505 0.442630820931
0.684797297297 0.0 0.7 0.597567156614 0.628420547288
0.29527027027 1.0 0.36 0.288900152053 0.328372539606
0.6625 0.0 0.8 0.794728839331 0.775804128661
0.444256756757 0.0 0.54 0.472377090725 0.477196351416
0.197972972973 0.0 0.3 0.244804865687 0.275084013442
0.741891891892 0.0 0.8 0.749113025849 0.725876140182
0.176351351351 0.0 0.22 0.157121135327 0.189150264042
0.881418918919 0.0 0.92 0.906234161176 0.934709553529
0.368243243243 0.0 0.42 0.312721743538 0.307729236678
0.16722972973 0.0 0.22 0.124683223517 0.128660585694
0.878716216216 0.0 0.9 0.805372529143 0.843014882381
0.201013513514 0.0 0.3 0.259503294475 0.283725396063
0.597972972973 0.0 0.7 0.602128737962 0.705232837254
0.884459459459 0.0 0.92 0.847440446021 0.828612578012
0.413175675676 0.0 0.38 0.27825646224 0.320211233797
0.215878378378 0.0 0.32 0.263558033452 0.275084013442
0.810472972973 1.0 0.88 0.800304105423 0.833413346135
0.62027027027 0.0 0.58 0.463253928028 0.436869899184
0.673648648649 0.0 0.74 0.626964014192 0.68554968795
0.49222972973 0.0 0.52 0.441966548403 0.500720115218
0.767567567568 0.0 0.84 0.804358844399 0.8281325012
0.470945945946 0.0 0.56 0.50633552965 0.486797887662
0.562162162162 0.0 0.66 0.633046122656 0.699951992319
0.566554054054 0.0 0.66 0.563608717689 0.625540086414
0.262162162162 0.0 0.36 0.332995438419 0.373499759962
0.234797297297 0.0 0.28 0.246832235175 0.281805088814
0.193918918919 1.0 0.22 0.141915864166 0.194431108977
0.613513513514 1.0 0.64 0.516979219463 0.538166106577
0.30472972973 0.0 0.36 0.321338063862 0.336053768603
0.564189189189 0.0 0.64 0.530157121135 0.592414786366
0.668243243243 0.0 0.74 0.687785098834 0.67930868939
0.345945945946 1.0 0.34 0.226558540294 0.2851656265
0.521621621622 0.0 0.52 0.425747592499 0.455592894863
0.455405405405 0.0 0.58 0.512417638115 0.494959193471
0.628040540541 0.0 0.56 0.495184997466 0.545367258761
0.309121621622 1.0 0.4 0.344652812975 0.417666826692
0.480067567568 0.0 0.44 0.329447541814 0.357177148344
0.587837837838 0.0 0.62 0.523061327927 0.611137782045
0.593243243243 0.0 0.62 0.520527116067 0.605376860298
0.393918918919 1.0 0.44 0.347693867207 0.349975996159
0.131081081081 0.0 0.18 0.105930055753 0.0763322131541
0.336824324324 0.0 0.46 0.417131272174 0.40662506001
0.447635135135 1.0 0.42 0.342118601115 0.389822371579
0.531418918919 0.0 0.54 0.442980233147 0.517522803649
0.511148648649 0.0 0.58 0.476938672073 0.500240038406
0.529391891892 0.0 0.64 0.580334515966 0.643302928469
0.410135135135 1.0 0.36 0.23821591485 0.312049927988
0.406081081081 1.0 0.48 0.439432336543 0.451752280365
0.307094594595 0.0 0.38 0.295995945261 0.350456072972
0.449662162162 0.0 0.52 0.45362392296 0.413346135382
0.730067567568 0.0 0.78 0.754688291941 0.804608737398
