0.516556291391 1.0 0.627906976744 0.612630208333 0.666080843585
0.355849889625 1.0 0.418604651163 0.359375 0.372583479789
0.494039735099 0.0 0.604651162791 0.631510416667 0.475102519039
0.513907284768 0.0 0.604651162791 0.643229166667 0.513181019332
0.598233995585 0.0 0.627906976744 0.709635416667 0.592267135325
0.543046357616 0.0 0.604651162791 0.591145833333 0.568834212068
0.809713024283 0.0 0.813953488372 0.779947916667 0.750439367311
0.948344370861 0.0 0.953488372093 0.94921875 0.903339191564
0.721854304636 1.0 0.651162790698 0.432942708333 0.577035735208
0.483002207506 1.0 0.372093023256 0.180989583333 0.237258347979
0.629580573951 1.0 0.511627906977 0.345052083333 0.288810779145
0.454746136865 1.0 0.395348837209 0.297526041667 0.275922671353
0.438410596026 0.0 0.604651162791 0.668619791667 0.545401288811
0.461810154525 0.0 0.627906976744 0.695963541667 0.581136496778
0.61766004415 0.0 0.581395348837 0.662760416667 0.526069127124
0.312582781457 0.0 0.418604651163 0.529296875 0.389572349151
0.367328918322 1.0 0.372093023256 0.25390625 0.339191564148
0.266666666667 1.0 0.348837209302 0.293619791667 0.314586994728
0.767770419426 0.5 0.674418604651 0.524739583333 0.558875219684
0.802207505519 0.5 0.720930232558 0.590494791667 0.586994727592
0.471964679912 0.0 0.558139534884 0.59375 0.520796719391
0.680353200883 0.0 0.651162790698 0.71484375 0.551259519625
0.617218543046 0.0 0.697674418605 0.643229166667 0.629173989455
0.84238410596 0.0 0.813953488372 0.721354166667 0.765084944347
0.625607064018 0.0 0.744186046512 0.73828125 0.706502636204
0.337748344371 0.0 0.395348837209 0.389973958333 0.261277094318
0.543046357616 0.0 0.627906976744 0.595703125 0.705330990041
0.543046357616 0.0 0.627906976744 0.595703125 0.705330990041
0.425165562914 1.0 0.418604651163 0.270182291667 0.363210310486
0.410154525386 1.0 0.418604651163 0.28125 0.374926772115
0.482119205298 1.0 0.53488372093 0.491536458333 0.424135910955
0.539072847682 1.0 0.46511627907 0.370442708333 0.309314586995
1.0 0.0 1.0 1.0 1.0
0.659161147903 0.0 0.767441860465 0.758463541667 0.741066198008
0.233554083885 1.0 0.279069767442 0.208984375 0.173403632103
0.156291390728 1.0 0.186046511628 0.0559895833333 0.0755711775044
0.455187637969 1.0 0.395348837209 0.284505208333 0.257762155829
0.197350993377 1.0 0.209302325581 0.060546875 0.087287639133
0.755408388521 0.0 0.767441860465 0.701822916667 0.801991798477
0.75408388521 0.0 0.767441860465 0.724609375 0.85647334505
0.556291390728 0.0 0.697674418605 0.761067708333 0.640304628002
0.449006622517 0.0 0.581395348837 0.632161458333 0.492677211482
0.830463576159 1.0 0.697674418605 0.51953125 0.540128881078
0.626048565121 1.0 0.511627906977 0.337239583333 0.299941417692
0.611920529801 1.0 0.511627906977 0.369791666667 0.477445811365
0.547461368653 1.0 0.418604651163 0.235677083333 0.302284710018
0.694039735099 0.0 0.651162790698 0.567057291667 0.575864089045
0.571302428256 0.0 0.558139534884 0.50390625 0.487404803749
0.266666666667 1.0 0.348837209302 0.293619791667 0.314586994728
0.302869757174 1.0 0.372093023256 0.291666666667 0.356180433509
0.396909492274 1.0 0.441860465116 0.363932291667 0.384299941418
0.13289183223 1.0 0.162790697674 0.0286458333333 0.0398359695372
0.452538631347 0.0 0.604651162791 0.686848958333 0.605741066198
0.452538631347 0.0 0.604651162791 0.686848958333 0.605741066198
0.748344370861 0.0 0.651162790698 0.58203125 0.551845342707
0.753642384106 0.0 0.767441860465 0.733072916667 0.817223198594
0.304635761589 0.0 0.395348837209 0.466145833333 0.335676625659
0.289183222958 0.0 0.395348837209 0.462239583333 0.330404217926
0.483002207506 1.0 0.372093023256 0.180989583333 0.237258347979
0.623399558499 1.0 0.651162790698 0.538411458333 0.588752196837
0.483443708609 0.0 0.53488372093 0.51171875 0.507908611599
0.506843267108 0.0 0.558139534884 0.5390625 0.543643819566
0.558498896247 1.0 0.488372093023 0.277994791667 0.366139425893
0.558498896247 1.0 0.488372093023 0.277994791667 0.366139425893
0.464459161148 0.0 0.581395348837 0.578776041667 0.536028119508
0.327152317881 0.0 0.395348837209 0.392578125 0.301698886936
0.543046357616 0.0 0.627906976744 0.595703125 0.705330990041
0.543046357616 0.0 0.627906976744 0.595703125 0.705330990041
0.468432671082 1.0 0.46511627907 0.315755208333 0.367311072056
0.619426048565 1.0 0.674418604651 0.55078125 0.626244874048
0.274613686534 0.0 0.325581395349 0.318359375 0.256004686585
0.290066225166 0.0 0.325581395349 0.345052083333 0.27885178676
0.279028697572 0.0 0.348837209302 0.352213541667 0.285295840656
0.454304635762 0.0 0.581395348837 0.619140625 0.535442296426
0.220750551876 1.0 0.232558139535 0.087890625 0.1230228471
0.422958057395 1.0 0.46511627907 0.40234375 0.425307557118
0.661368653422 1.0 0.604651162791 0.428385416667 0.565319273579
0.710375275938 1.0 0.674418604651 0.524739583333 0.670767428237
0.41412803532 0.0 0.581395348837 0.658854166667 0.548330404218
0.441501103753 0.0 0.558139534884 0.625 0.592852958407
