0.81654676259 0.428571428571 0.730769230769 0.596131968146 0.552631578947
0.853956834532 0.428571428571 0.769230769231 0.683731513083 0.743421052632
0.85035971223 0.428571428571 0.807692307692 0.790671217292 0.532894736842
0.389208633094 0.0 0.307692307692 0.196814562002 0.111842105263
0.479136690647 0.428571428571 0.384615384615 0.188850967008 0.169736842105
0.853956834532 0.714285714286 0.807692307692 0.494880546075 0.5
0.93309352518 0.857142857143 0.807692307692 0.643913538111 0.535526315789
0.331654676259 0.0 0.269230769231 0.225255972696 0.206578947368
0.507194244604 0.285714285714 0.423076923077 0.277588168373 0.188157894737
0.784172661871 0.714285714286 0.692307692308 0.516496018203 0.643421052632
0.658992805755 0.0 0.615384615385 0.55858930603 0.473684210526
0.830935251799 0.571428571429 0.769230769231 0.564277588168 0.680263157895
0.659712230216 0.714285714286 0.615384615385 0.481228668942 0.485526315789
0.602158273381 0.428571428571 0.576923076923 0.481228668942 0.485526315789
0.698561151079 0.0 0.615384615385 0.445961319681 0.489473684211
0.79928057554 0.285714285714 0.692307692308 0.445961319681 0.489473684211
0.705035971223 0.142857142857 0.615384615385 0.445961319681 0.384210526316
0.620863309353 0.0 0.461538461538 0.278725824801 0.219736842105
0.746762589928 0.571428571429 0.692307692308 0.516496018203 0.376315789474
0.575539568345 0.285714285714 0.461538461538 0.241183162685 0.161842105263
0.687050359712 0.142857142857 0.576923076923 0.458475540387 0.468421052632
0.664028776978 0.285714285714 0.538461538462 0.522184300341 0.403947368421
0.743884892086 0.428571428571 0.692307692308 0.542662116041 0.544736842105
0.724460431655 0.428571428571 0.653846153846 0.499431171786 0.501315789474
0.620863309353 0.428571428571 0.5 0.409556313993 0.281578947368
0.546043165468 0.714285714286 0.461538461538 0.325369738339 0.305263157895
0.591366906475 0.714285714286 0.538461538462 0.295790671217 0.297368421053
0.728776978417 0.857142857143 0.692307692308 0.567690557452 0.660526315789
0.723741007194 0.285714285714 0.576923076923 0.470989761092 0.438157894737
0.694964028777 0.285714285714 0.576923076923 0.547212741752 0.430263157895
0.324460431655 0.0 0.230769230769 0.175199089875 0.111842105263
0.746762589928 0.0 0.615384615385 0.412969283276 0.25
0.671942446043 0.571428571429 0.576923076923 0.391353811149 0.494736842105
0.881294964029 0.714285714286 0.807692307692 0.745164960182 0.664473684211
0.58273381295 0.0 0.461538461538 0.271899886234 0.221052631579
0.589208633094 0.571428571429 0.5 0.374288964733 0.318421052632
0.858992805755 0.571428571429 0.846153846154 0.650739476678 0.589473684211
0.40071942446 0.285714285714 0.307692307692 0.259385665529 0.230263157895
0.93309352518 0.857142857143 0.807692307692 0.643913538111 0.535526315789
0.93309352518 0.857142857143 0.807692307692 0.643913538111 0.535526315789
0.958273381295 0.428571428571 1.0 0.992036405006 0.873684210526
0.587769784173 0.428571428571 0.538461538462 0.481228668942 0.485526315789
0.652517985612 0.714285714286 0.615384615385 0.474402730375 0.473684210526
0.93309352518 0.857142857143 0.807692307692 0.643913538111 0.535526315789
0.656834532374 0.571428571429 0.538461538462 0.430034129693 0.388157894737
0.556834532374 0.571428571429 0.5 0.427758816837 0.389473684211
0.718705035971 0.428571428571 0.615384615385 0.515358361775 0.367105263158
0.746762589928 0.571428571429 0.692307692308 0.516496018203 0.376315789474
0.774820143885 0.285714285714 0.807692307692 0.729237770193 0.830263157895
0.774820143885 0.571428571429 0.769230769231 0.668941979522 0.714473684211
0.492086330935 0.285714285714 0.461538461538 0.341296928328 0.356578947368
0.710071942446 0.285714285714 0.615384615385 0.401592718999 0.293421052632
0.760431654676 0.714285714286 0.769230769231 0.703071672355 0.771052631579
0.737410071942 0.142857142857 0.730769230769 0.589306029579 0.494736842105
0.639568345324 0.142857142857 0.576923076923 0.414106939704 0.397368421053
0.856834532374 0.285714285714 0.769230769231 0.684869169511 0.578947368421
0.628776978417 0.428571428571 0.538461538462 0.390216154721 0.290789473684
0.767625899281 0.428571428571 0.769230769231 0.703071672355 0.771052631579
0.808633093525 0.142857142857 0.769230769231 0.759954493743 0.621052631579
0.61654676259 0.428571428571 0.538461538462 0.387940841866 0.443421052632
0.741007194245 0.428571428571 0.653846153846 0.491467576792 0.535526315789
0.727338129496 0.428571428571 0.615384615385 0.481228668942 0.469736842105
0.830935251799 0.571428571429 0.769230769231 0.564277588168 0.680263157895
0.674100719424 0.714285714286 0.615384615385 0.481228668942 0.485526315789
0.784172661871 0.714285714286 0.692307692308 0.516496018203 0.643421052632
0.710071942446 0.285714285714 0.615384615385 0.401592718999 0.293421052632
0.630215827338 0.142857142857 0.576923076923 0.466439135381 0.471052631579
0.723021582734 0.142857142857 0.769230769231 0.749715585893 0.702631578947
0.54964028777 0.142857142857 0.5 0.368600682594 0.35
0.802877697842 0.571428571429 0.692307692308 0.535836177474 0.473684210526
0.563309352518 0.285714285714 0.5 0.473265073948 0.531578947368
0.753237410072 0.142857142857 0.615384615385 0.28441410694 0.277631578947
0.706474820144 0.571428571429 0.576923076923 0.448236632537 0.363157894737
0.451798561151 0.428571428571 0.384615384615 0.37542662116 0.413157894737
0.85035971223 0.428571428571 0.807692307692 0.790671217292 0.532894736842
0.529496402878 0.0 0.384615384615 0.334470989761 0.210526315789
0.920143884892 0.857142857143 0.846153846154 0.508532423208 0.638157894737
0.506474820144 0.571428571429 0.423076923077 0.458475540387 0.381578947368
0.637410071942 0.285714285714 0.538461538462 0.431171786121 0.321052631579
0.913669064748 0.714285714286 0.923076923077 0.757679180887 0.721052631579
0.777697841727 0.428571428571 0.692307692308 0.589306029579 0.621052631579
0.563309352518 0.285714285714 0.5 0.473265073948 0.531578947368
0.853956834532 0.428571428571 0.769230769231 0.683731513083 0.743421052632
0.769064748201 0.571428571429 0.653846153846 0.473265073948 0.377631578947
0.68273381295 0.857142857143 0.653846153846 0.445961319681 0.503947368421
0.707194244604 0.714285714286 0.576923076923 0.376564277588 0.436842105263
0.543884892086 0.142857142857 0.423076923077 0.450511945392 0.273684210526
0.540287769784 0.285714285714 0.5 0.423208191126 0.494736842105
0.556115107914 0.571428571429 0.5 0.373151308305 0.382894736842
0.741726618705 0.142857142857 0.692307692308 0.596131968146 0.696052631579
0.930935251799 0.142857142857 0.884615384615 0.865756541524 0.748684210526
0.787769784173 0.142857142857 0.769230769231 0.569965870307 0.577631578947
0.902158273381 1.0 0.807692307692 0.514220705347 0.585526315789
0.856115107914 1.0 0.769230769231 0.605233219568 0.594736842105
0.746043165468 0.428571428571 0.730769230769 0.653014789534 0.676315789474
0.58273381295 0.0 0.461538461538 0.271899886234 0.221052631579
0.687769784173 0.571428571429 0.576923076923 0.516496018203 0.506578947368
1.0 0.428571428571 0.961538461538 1.0 1.0
0.571223021583 0.428571428571 0.538461538462 0.424345847554 0.414473684211
0.520143884892 0.285714285714 0.423076923077 0.35039817975 0.319736842105
