0.865343727853 0.0 0.8 0.621997471555 0.817951959545
0.826364280652 0.0 0.88 0.75600505689 0.82806573957
0.873848334515 0.0 0.84 0.709228824273 0.857142857143
0.84479092842 0.0 0.88 0.776232616941 0.854614412137
0.804394046775 0.0 0.76 0.577749683944 0.734513274336
0.862508858965 0.0 0.88 0.788874841972 0.8798988622
0.757618710135 0.0 0.76 0.640960809102 0.747155499368
0.74415308292 0.0 0.72 0.547408343869 0.676359039191
0.900070871722 0.0 1.0 1.0 1.0
0.865343727853 0.0 0.92 0.702907711757 0.733249051833
0.823529411765 0.0 0.8 0.630847029077 0.738305941846
0.857547838412 0.0 0.92 0.926675094817 0.943109987358
0.88377037562 0.0 0.88 0.782553729456 0.860935524652
0.759036144578 0.0 0.76 0.613147914033 0.687737041719
0.996456413891 0.0 0.96 0.839443742099 0.936788874842
0.613749114103 0.0 0.6 0.510745891277 0.606826801517
0.656272147413 0.0 0.64 0.510745891277 0.606826801517
0.917788802268 0.0 0.84 0.68394437421 0.824273072061
0.851169383416 0.0 0.88 0.830594184576 0.867256637168
0.883061658398 0.0 0.92 0.638432364096 0.664981036662
1.0 0.0 1.0 0.922882427307 0.978508217446
0.623671155209 0.0 0.64 0.596713021492 0.65613147914
0.747696669029 0.0 0.76 0.5600505689 0.615676359039
0.827072997874 0.0 0.84 0.781289506953 0.83185840708
0.740609496811 0.0 0.68 0.510745891277 0.63590391909
0.676116229624 0.0 0.68 0.601769911504 0.667509481669
0.782423812899 0.0 0.84 0.78381795196 0.791403286979
0.738483345145 0.0 0.72 0.576485461441 0.658659924147
0.58540042523 0.0 0.56 0.510745891277 0.606826801517
0.58540042523 0.0 0.56 0.510745891277 0.606826801517
0.58540042523 0.0 0.56 0.510745891277 0.606826801517
0.932671863926 0.0 0.96 0.90391908976 0.930467762326
0.705173635719 0.0 0.68 0.533501896334 0.621997471555
0.683912119064 0.0 0.64 0.48419721871 0.591656131479
0.951098511694 0.0 0.96 0.901390644753 0.943109987358
0.762579730687 0.0 0.76 0.561314791403 0.620733249052
0.729978738483 0.0 0.68 0.477876106195 0.58407079646
0.722182849043 0.0 0.68 0.48798988622 0.586599241466
0.595322466336 0.0 0.6 0.596713021492 0.65613147914
0.613040396882 0.0 0.64 0.529709228824 0.566371681416
0.613040396882 0.0 0.64 0.529709228824 0.566371681416
0.649893692417 0.0 0.6 0.48419721871 0.591656131479
0.587526576896 0.0 0.6 0.537294563843 0.58786346397
0.858965272856 0.0 0.76 0.510745891277 0.653603034134
0.625797306875 0.0 0.6 0.480404551201 0.565107458913
0.76754075124 0.0 0.76 0.58786346397 0.647281921618
0.622962437987 0.0 0.56 0.48798988622 0.60809102402
0.615875265769 0.0 0.64 0.529709228824 0.566371681416
0.712969525159 0.0 0.68 0.480404551201 0.565107458913
0.890148830617 0.0 0.84 0.667509481669 0.758533501896
0.602409638554 0.0 0.6 0.503160556258 0.56384323641
0.844082211198 0.0 0.8 0.648546144121 0.734513274336
0.790219702339 0.0 0.8 0.620733249052 0.657395701643
0.781715095677 0.0 0.76 0.597977243995 0.664981036662
0.85258681786 0.0 0.84 0.73198482933 0.786346396966
0.671155209072 0.0 0.68 0.634639696587 0.677623261694
0.715095676825 0.0 0.68 0.504424778761 0.586599241466
0.81785967399 0.0 0.8 0.552465233881 0.61188369153
0.690999291283 0.0 0.68 0.552465233881 0.61188369153
0.700921332388 0.0 0.68 0.61188369153 0.6801517067
0.62792345854 0.0 0.64 0.586599241466 0.625790139064
0.710843373494 0.0 0.72 0.529709228824 0.566371681416
0.780297661233 0.0 0.8 0.638432364096 0.65992414665
0.711552090716 0.0 0.72 0.579013906448 0.614412136536
0.738483345145 0.0 0.68 0.537294563843 0.634639696587
0.781006378455 0.0 0.72 0.537294563843 0.634639696587
0.739900779589 0.0 0.68 0.548672566372 0.646017699115
0.664776754075 0.0 0.68 0.552465233881 0.581542351454
0.6591070163 0.0 0.64 0.603034134008 0.664981036662
0.809355067328 0.0 0.8 0.686472819216 0.730720606827
0.78313253012 0.0 0.76 0.597977243995 0.65613147914
0.70942593905 0.0 0.72 0.594184576485 0.621997471555
0.718639262934 0.0 0.72 0.672566371681 0.706700379267
0.68603827073 0.0 0.68 0.5600505689 0.603034134008
0.753366406804 0.0 0.68 0.566371681416 0.670037926675
0.666902905741 0.0 0.64 0.469026548673 0.532237673831
0.72856130404 0.0 0.76 0.673830594185 0.676359039191
0.67044649185 0.0 0.68 0.620733249052 0.646017699115
0.700921332388 0.0 0.68 0.594184576485 0.646017699115
0.726435152374 0.0 0.68 0.466498103666 0.541087231353
0.695960311836 0.0 0.68 0.640960809102 0.687737041719
0.642097802977 0.0 0.6 0.503160556258 0.577749683944
0.683203401843 0.0 0.72 0.513274336283 0.509481668774
0.66265060241 0.0 0.68 0.522123893805 0.537294563843
0.599574769667 0.0 0.56 0.441213653603 0.514538558786
0.67044649185 0.0 0.64 0.534766118837 0.594184576485
0.687455705174 0.0 0.68 0.613147914033 0.648546144121
0.648476257973 0.0 0.68 0.740834386852 0.740834386852
0.678951098512 0.0 0.68 0.599241466498 0.625790139064
0.590361445783 0.0 0.52 0.394437420986 0.494310998736
0.580439404678 0.0 0.56 0.443742098609 0.495575221239
0.580439404678 0.0 0.56 0.443742098609 0.495575221239
0.695960311836 0.0 0.72 0.624525916561 0.627054361568
0.524450744153 0.0 0.48 0.417193426043 0.493046776233
0.566973777463 0.0 0.52 0.417193426043 0.493046776233
0.566973777463 0.0 0.52 0.417193426043 0.493046776233
0.566973777463 0.0 0.52 0.417193426043 0.493046776233
0.627214741318 0.0 0.64 0.654867256637 0.670037926675
0.650602409639 0.0 0.68 0.579013906448 0.575221238938
0.571226080794 0.0 0.52 0.417193426043 0.493046776233
