0.917121046892 1.0 0.882352941176 0.791599353796 0.868971792539
0.202290076336 0.0 0.117647058824 0.0799676898223 0.0109190172884
0.977099236641 0.75 0.911764705882 1.0 1.0
1.0 0.0 0.941176470588 0.769789983845 0.751592356688
0.952017448201 0.0 1.0 0.929725363489 0.969972702457
0.985823336968 0.5 0.970588235294 0.933764135703 0.97907188353
0.639040348964 1.0 0.588235294118 0.373182552504 0.409463148317
0.24372955289 0.25 0.176470588235 0.0985460420032 0.0518653321201
0.983642311887 0.75 0.941176470588 0.797253634895 0.829845313922
0.41439476554 0.75 0.382352941176 0.402261712439 0.400363967243
0.946564885496 0.25 0.941176470588 0.735864297254 0.73703366697
0.323882224646 0.5 0.294117647059 0.206785137318 0.181073703367
0.925299890949 0.75 0.970588235294 0.825525040388 0.951774340309
0.905125408942 0.5 0.911764705882 0.882067851373 0.865332120109
0.882224645583 0.25 0.911764705882 0.926494345719 0.856232939035
0.893129770992 0.5 0.852941176471 0.757673667205 0.750682438581
0.809160305344 0.75 0.764705882353 0.580775444265 0.662420382166
0.878953107961 0.5 0.823529411765 0.603392568659 0.693357597816
0.874045801527 0.0 0.882352941176 0.739903069467 0.721565059145
0.942202835333 0.75 0.970588235294 0.683360258481 0.807097361237
0.79280261723 0.25 0.823529411765 0.691437802908 0.791628753412
0.32933478735 0.25 0.235294117647 0.0904684975767 0.0627843494086
0.847328244275 0.0 0.852941176471 0.765751211632 0.728844404004
0.615594329335 0.0 0.676470588235 0.529079159935 0.608735213831
0.640676117775 0.0 0.647058823529 0.485460420032 0.505914467698
0.281352235551 0.0 0.205882352941 0.111470113086 0.0327570518653
0.737731733915 0.75 0.735294117647 0.441841680129 0.570518653321
0.245910577972 0.0 0.205882352941 0.124394184168 0.0773430391265
0.616684841876 0.75 0.558823529412 0.290791599354 0.305732484076
0.676663031625 0.75 0.647058823529 0.517770597738 0.618744313012
0.767175572519 0.5 0.794117647059 0.571890145396 0.63330300273
0.582878953108 0.75 0.529411764706 0.544426494346 0.511373976342
0.566521264995 0.5 0.470588235294 0.277059773829 0.302092811647
0.50054525627 0.0 0.529411764706 0.344911147011 0.31483166515
0.727917121047 0.0 0.764705882353 0.647011308562 0.731574158326
0.388767720829 0.0 0.382352941176 0.29886914378 0.276615104641
0.954198473282 0.5 0.911764705882 0.713247172859 0.774340309372
0.278625954198 0.0 0.264705882353 0.214862681745 0.19381255687
0.737731733915 1.0 0.676470588235 0.489499192246 0.572338489536
0.758996728462 0.0 0.794117647059 0.680936995153 0.7161055505
0.213195201745 0.0 0.147058823529 0.124394184168 0.0773430391265
0.352780806979 0.0 0.323529411765 0.199515347334 0.136487716106
0.700109051254 0.0 0.764705882353 0.578352180937 0.576888080073
0.861504907306 0.5 0.823529411765 0.729402261712 0.817106460419
0.265539803708 0.25 0.205882352941 0.0985460420032 0.0518653321201
0.694111232279 1.0 0.705882352941 0.552504038772 0.672429481347
0.357688113413 0.0 0.352941176471 0.246365105008 0.215650591447
0.229552889858 0.0 0.176470588235 0.159935379645 0.142857142857
0.88985823337 0.25 0.823529411765 0.626009693053 0.644222020018
0.561613958561 0.0 0.588235294118 0.450726978998 0.360327570519
0.389312977099 0.5 0.323529411765 0.205169628433 0.194722474977
0.305888767721 0.0 0.294117647059 0.274636510501 0.260236578708
0.517993456925 0.0 0.558823529412 0.508077544426 0.450409463148
0.754634678299 0.5 0.764705882353 0.593699515347 0.592356687898
0.58505997819 0.25 0.441176470588 0.210016155089 0.179253867152
0.362050163577 0.25 0.264705882353 0.133279483037 0.133757961783
0.294983642312 0.0 0.205882352941 0.115508885299 0.0764331210191
0.427480916031 0.0 0.441176470588 0.3901453958 0.399454049136
0.46346782988 0.0 0.470588235294 0.459612277868 0.396724294813
0.776444929117 0.0 0.823529411765 0.767366720517 0.71974522293
0.311341330425 0.0 0.235294117647 0.0799676898223 0.0109190172884
0.583424209378 0.0 0.617647058824 0.411954765751 0.493175614195
0.26772082879 0.0 0.235294117647 0.170436187399 0.127388535032
0.691384950927 0.0 0.705882352941 0.507269789984 0.639672429481
0.781897491821 0.5 0.735294117647 0.734248788368 0.841674249318
0.224100327154 0.0 0.147058823529 0.0799676898223 0.0109190172884
0.595419847328 0.25 0.647058823529 0.537964458805 0.549590536852
0.474372955289 0.0 0.5 0.386914378029 0.326660600546
0.502726281352 0.5 0.411764705882 0.247172859451 0.222929936306
0.394220283533 0.5 0.352941176471 0.24071082391 0.248407643312
0.698473282443 0.75 0.617647058824 0.397415185784 0.50864422202
0.691384950927 0.0 0.735294117647 0.59450726979 0.533212010919
0.323882224646 0.5 0.294117647059 0.206785137318 0.181073703367
0.665212649945 0.5 0.647058823529 0.558966074313 0.613284804368
0.564885496183 0.75 0.5 0.294830371567 0.382165605096
0.814612868048 0.25 0.794117647059 0.659935379645 0.637852593267
0.399672846238 0.0 0.411764705882 0.349757673667 0.334849863512
0.908396946565 0.25 0.882352941176 0.805331179321 0.800727934486
0.770447110142 0.25 0.764705882353 0.620355411955 0.710646041856
0.912758996728 0.5 0.911764705882 0.78352180937 0.821656050955
0.202290076336 0.0 0.117647058824 0.0799676898223 0.0109190172884
0.714285714286 0.0 0.735294117647 0.535541195477 0.628753412193
0.703925845147 0.25 0.764705882353 0.671243941842 0.699727024568
0.372955288986 0.0 0.294117647059 0.152665589661 0.117379435851
0.824427480916 0.25 0.852941176471 0.794830371567 0.763421292084
0.652126499455 0.75 0.617647058824 0.514539579968 0.526842584167
0.673391494002 0.0 0.647058823529 0.504846526656 0.514103730664
0.616139585605 0.0 0.558823529412 0.359450726979 0.360327570519
0.437840785169 0.25 0.382352941176 0.26817447496 0.313921747043
0.770447110142 0.25 0.794117647059 0.819063004847 0.779799818016
0.260087241003 0.25 0.205882352941 0.13408723748 0.117379435851
0.836968375136 0.0 0.794117647059 0.557350565428 0.753412192903
0.691930207197 0.75 0.676470588235 0.714862681745 0.679708826206
0.6826608506 0.75 0.617647058824 0.422455573506 0.522292993631
0.531624863686 0.25 0.5 0.436995153473 0.480436760692
0.474372955289 0.0 0.441176470588 0.32633279483 0.421292083712
0.45092693566 0.0 0.352941176471 0.171243941842 0.127388535032
0.461832061069 0.0 0.352941176471 0.166397415186 0.106460418562
0.473282442748 0.0 0.441176470588 0.311793214863 0.30118289354
0.37786259542 0.0 0.294117647059 0.182552504039 0.1728844404
