0.706057007126 0.2 0.724137931034 0.512244897959 0.496666666667
0.769002375297 0.4 0.827586206897 0.705102040816 0.58
0.435866983373 0.2 0.48275862069 0.481632653061 0.492222222222
0.465558194774 0.4 0.51724137931 0.524489795918 0.561111111111
0.37648456057 0.4 0.379310344828 0.390816326531 0.418888888889
0.37648456057 0.4 0.379310344828 0.390816326531 0.418888888889
0.334916864608 0.2 0.310344827586 0.291836734694 0.268888888889
0.334916864608 0.2 0.310344827586 0.291836734694 0.268888888889
0.49703087886 0.2 0.48275862069 0.34693877551 0.348888888889
0.381828978622 0.2 0.379310344828 0.351020408163 0.316666666667
0.713182897862 0.2 0.862068965517 0.919387755102 0.784444444444
0.573040380048 0.2 0.655172413793 0.679591836735 0.568888888889
0.738717339667 0.0 0.724137931034 0.659183673469 0.437777777778
1.0 0.4 1.0 0.860204081633 0.712222222222
0.644299287411 0.6 0.724137931034 0.59387755102 0.705555555556
0.849762470309 0.2 1.0 1.0 0.963333333333
0.820071258907 0.6 0.896551724138 0.724489795918 0.876666666667
0.730997624703 0.2 0.896551724138 0.964285714286 0.864444444444
0.589667458432 0.2 0.586206896552 0.528571428571 0.496666666667
0.348574821853 0.0 0.344827586207 0.290816326531 0.236666666667
0.780285035629 0.6 0.793103448276 0.559183673469 0.605555555556
0.713182897862 0.6 0.793103448276 0.59387755102 0.705555555556
0.683491686461 0.6 0.724137931034 0.494897959184 0.555555555556
0.600356294537 0.2 0.620689655172 0.360204081633 0.381111111111
0.738717339667 0.6 0.620689655172 0.189795918367 0.217777777778
0.748218527316 1.0 0.689655172414 0.331632653061 0.347777777778
0.358669833729 0.2 0.344827586207 0.291836734694 0.268888888889
0.388361045131 0.2 0.379310344828 0.336734693878 0.348888888889
0.473277909739 0.2 0.448275862069 0.426530612245 0.373333333333
0.412114014252 0.2 0.379310344828 0.373469387755 0.342222222222
0.677553444181 0.2 0.758620689655 0.635714285714 0.467777777778
0.468527315914 0.0 0.48275862069 0.333673469388 0.265555555556
0.336698337292 0.0 0.275862068966 0.195918367347 0.0855555555556
0.896674584323 0.6 0.965517241379 0.984693877551 1.0
0.271377672209 0.0 0.206896551724 0.101020408163 0.0133333333333
0.247624703088 0.0 0.172413793103 0.101020408163 0.0133333333333
0.63242280285 0.2 0.758620689655 0.770408163265 0.642222222222
0.63242280285 0.2 0.758620689655 0.770408163265 0.642222222222
0.32541567696 0.2 0.275862068966 0.226530612245 0.17
0.656175771971 0.2 0.793103448276 0.824489795918 0.712222222222
0.631828978622 0.4 0.586206896552 0.323469387755 0.27
0.738717339667 0.6 0.724137931034 0.467346938776 0.5
0.580760095012 0.2 0.655172413793 0.533673469388 0.568888888889
0.586104513064 0.6 0.551724137931 0.309183673469 0.35
0.884798099762 0.8 0.896551724138 0.687755102041 0.765555555556
0.726840855107 0.6 0.758620689655 0.602040816327 0.674444444444
0.513657957245 0.4 0.448275862069 0.114285714286 0.0766666666667
0.564133016627 0.2 0.51724137931 0.330612244898 0.334444444444
0.390142517815 0.0 0.310344827586 0.289795918367 0.215555555556
0.402019002375 0.0 0.344827586207 0.345918367347 0.296666666667
0.352731591449 0.2 0.344827586207 0.336734693878 0.348888888889
0.37648456057 0.2 0.379310344828 0.336734693878 0.348888888889
0.277315914489 0.0 0.241379310345 0.202040816327 0.174444444444
0.318883610451 0.2 0.310344827586 0.301020408163 0.324444444444
0.689429928741 0.2 0.827586206897 0.865306122449 0.714444444444
0.588479809976 0.2 0.655172413793 0.675510204082 0.491111111111
0.483966745843 0.2 0.448275862069 0.215306122449 0.237777777778
0.396080760095 0.0 0.344827586207 0.237755102041 0.273333333333
0.504156769596 0.2 0.448275862069 0.409183673469 0.268888888889
0.608076009501 0.2 0.586206896552 0.540816326531 0.36
0.665083135392 0.6 0.620689655172 0.408163265306 0.373333333333
0.820071258907 0.2 0.931034482759 0.898979591837 0.802222222222
0.692992874109 0.0 0.689655172414 0.545918367347 0.393333333333
0.668052256532 0.4 0.655172413793 0.351020408163 0.4
0.323040380048 0.2 0.275862068966 0.235714285714 0.187777777778
0.334916864608 0.2 0.310344827586 0.291836734694 0.268888888889
0.714964370546 0.6 0.655172413793 0.322448979592 0.356666666667
0.709026128266 0.8 0.655172413793 0.333673469388 0.357777777778
0.394299287411 0.4 0.413793103448 0.435714285714 0.498888888889
0.334916864608 0.2 0.310344827586 0.291836734694 0.268888888889
0.480997624703 0.8 0.48275862069 0.384693877551 0.38
0.602731591449 0.2 0.551724137931 0.251020408163 0.336666666667
0.38242280285 0.2 0.344827586207 0.235714285714 0.187777777778
0.555225653207 0.4 0.551724137931 0.35 0.412222222222
0.950712589074 0.6 0.965517241379 0.925510204082 0.791111111111
0.394299287411 0.4 0.413793103448 0.435714285714 0.498888888889
0.808194774347 0.0 0.896551724138 0.766326530612 0.638888888889
0.790380047506 0.0 0.862068965517 0.720408163265 0.645555555556
0.745249406176 0.8 0.655172413793 0.40306122449 0.472222222222
0.381828978622 0.0 0.275862068966 0.165306122449 0.0633333333333
