0.581030619866 0.4375 0.515151515152 0.437564499484 0.342487883683
0.581030619866 0.4375 0.515151515152 0.437564499484 0.342487883683
0.748319641524 0.0 0.787878787879 0.791537667699 0.707592891761
0.731142643764 0.0 0.69696969697 0.613003095975 0.563004846527
0.832710978342 0.75 0.727272727273 0.633642930857 0.625201938611
0.767737117252 0.5625 0.787878787879 0.797729618163 0.691437802908
0.811053024645 0.375 0.757575757576 0.770897832817 0.62197092084
0.841672890217 0.0 0.787878787879 0.788441692466 0.72859450727
0.601941747573 0.375 0.515151515152 0.504643962848 0.408723747981
0.63853622106 0.375 0.545454545455 0.532507739938 0.440226171244
0.748319641524 0.0 0.787878787879 0.791537667699 0.707592891761
1.0 1.0 1.0 1.0 1.0
0.952203136669 0.625 0.909090909091 0.958720330237 0.852180936995
0.76997759522 0.5625 0.727272727273 0.759545923633 0.634894991922
0.943988050784 0.875 0.909090909091 0.996904024768 0.909531502423
0.831964152353 0.1875 0.757575757576 0.808049535604 0.577544426494
0.831964152353 0.1875 0.757575757576 0.808049535604 0.577544426494
0.855115758028 0.0 0.787878787879 0.715170278638 0.663166397415
0.811053024645 0.4375 0.757575757576 0.874097007224 0.54281098546
0.777445855116 0.25 0.757575757576 0.752321981424 0.608239095315
0.692307692308 0.125 0.606060606061 0.581011351909 0.516155088853
0.808065720687 0.375 0.727272727273 0.790505675955 0.64943457189
0.652725914862 0.5625 0.606060606061 0.59133126935 0.46042003231
0.829723674384 0.5625 0.848484848485 0.844169246646 0.706785137318
0.866318147872 0.25 0.787878787879 0.763673890609 0.705977382876
0.631067961165 0.6875 0.666666666667 0.595459236326 0.442649434572
0.831964152353 0.1875 0.757575757576 0.808049535604 0.577544426494
0.664675130695 0.125 0.575757575758 0.522187822497 0.544426494346
0.777445855116 0.375 0.69696969697 0.506707946336 0.509693053312
0.771471247199 0.625 0.69696969697 0.620227038184 0.543618739903
0.892457057506 0.0 0.757575757576 0.65221878225 0.698707592892
0.844660194175 0.1875 0.727272727273 0.589267285862 0.624394184168
0.8356982823 0.375 0.848484848485 0.872033023736 0.738287560582
0.914861837192 0.8125 0.787878787879 0.757481940144 0.691437802908
0.685586258402 0.375 0.666666666667 0.53044375645 0.573505654281
0.757281553398 0.125 0.666666666667 0.529411764706 0.603392568659
0.742345033607 0.1875 0.727272727273 0.576883384933 0.622778675283
0.712471994025 0.375 0.69696969697 0.793601651187 0.640549273021
0.693801344287 0.5 0.69696969697 0.640866873065 0.542003231018
0.799103808813 0.375 0.818181818182 0.844169246646 0.706785137318
0.793129200896 0.4375 0.818181818182 0.8782249742 0.732633279483
0.699775952203 0.4375 0.727272727273 0.696594427245 0.567851373183
0.666915608663 0.75 0.606060606061 0.542827657379 0.528271405493
0.607916355489 0.25 0.545454545455 0.420020639835 0.35379644588
0.746825989544 0.1875 0.69696969697 0.768833849329 0.583198707593
0.746825989544 0.1875 0.69696969697 0.768833849329 0.583198707593
0.969380134429 0.5 0.848484848485 0.843137254902 0.779483037157
0.968633308439 0.3125 0.878787878788 0.820433436533 0.737479806139
0.758028379388 0.1875 0.727272727273 0.66253869969 0.72859450727
0.837938760269 0.0 0.757575757576 0.714138286894 0.689822294023
0.7214339059 0.125 0.666666666667 0.717234262126 0.587237479806
0.778939507095 0.25 0.818181818182 0.791537667699 0.707592891761
0.790141896938 0.375 0.757575757576 0.666666666667 0.686591276252
0.78640776699 0.375 0.727272727273 0.59133126935 0.620355411955
0.7214339059 0.4375 0.666666666667 0.574819401445 0.538772213247
0.7214339059 0.4375 0.666666666667 0.574819401445 0.538772213247
0.793129200896 0.4375 0.818181818182 0.8782249742 0.732633279483
0.793129200896 0.4375 0.818181818182 0.8782249742 0.732633279483
0.867811799851 0.375 0.818181818182 0.617131062951 0.836025848142
0.849887976102 0.25 0.757575757576 0.697626418989 0.619547657512
0.713218820015 0.375 0.636363636364 0.532507739938 0.524232633279
0.805825242718 0.125 0.757575757576 0.704850361197 0.76817447496
0.7214339059 0.4375 0.666666666667 0.574819401445 0.538772213247
0.7214339059 0.4375 0.666666666667 0.574819401445 0.538772213247
0.739357729649 0.4375 0.727272727273 0.75128998968 0.617124394184
0.714712471994 0.4375 0.636363636364 0.650154798762 0.500807754443
0.837938760269 0.0 0.757575757576 0.714138286894 0.689822294023
0.817027632562 0.0 0.69696969697 0.688338493292 0.639741518578
0.700522778193 0.25 0.636363636364 0.672858617131 0.491922455574
0.805078416729 0.3125 0.69696969697 0.653250773994 0.516962843296
0.776699029126 0.1875 0.69696969697 0.654282765738 0.655088852989
0.813293502614 1.0 0.757575757576 0.630546955624 0.680129240711
0.943988050784 0.875 0.909090909091 0.996904024768 0.909531502423
0.8356982823 0.4375 0.848484848485 0.975232198142 0.659127625202
0.780433159074 0.25 0.727272727273 0.874097007224 0.54281098546
0.829723674384 0.5625 0.848484848485 0.844169246646 0.706785137318
0.945481702763 1.0 0.848484848485 0.793601651187 0.73182552504
0.914861837192 0.8125 0.787878787879 0.757481940144 0.691437802908
0.714712471994 0.4375 0.636363636364 0.650154798762 0.500807754443
0.714712471994 0.4375 0.636363636364 0.650154798762 0.500807754443
0.831964152353 0.1875 0.757575757576 0.808049535604 0.577544426494
0.596713965646 0.5625 0.515151515152 0.450980392157 0.331179321486
0.758028379388 0.1875 0.69696969697 0.578947368421 0.604200323102
0.607916355489 0.25 0.545454545455 0.420020639835 0.35379644588
0.628080657207 0.4375 0.575757575758 0.561403508772 0.382875605816
0.879014189694 0.0 0.818181818182 0.810113519092 0.837641357027
0.635548917102 0.6875 0.545454545455 0.482972136223 0.408723747981
0.675130694548 0.4375 0.636363636364 0.595459236326 0.451534733441
0.748319641524 0.0 0.787878787879 0.791537667699 0.707592891761
0.788648244959 0.0 0.848484848485 0.894736842105 0.805331179321
0.68782673637 0.1875 0.575757575758 0.592363261094 0.403877221325
0.669156086632 0.5625 0.545454545455 0.421052631579 0.431340872375
0.805078416729 0.375 0.69696969697 0.754385964912 0.495961227787
0.774458551158 0.1875 0.666666666667 0.754385964912 0.495961227787
0.635548917102 0.6875 0.545454545455 0.482972136223 0.408723747981
0.646751306945 0.4375 0.545454545455 0.467492260062 0.415993537964
0.582524271845 0.5 0.515151515152 0.362229102167 0.329563812601
0.603435399552 0.5 0.575757575758 0.388028895769 0.379644588045
0.790141896938 0.875 0.787878787879 0.638802889577 0.678513731826
0.849887976102 0.25 0.757575757576 0.697626418989 0.619547657512
