0.906531531532 0.5 0.926829268293 1.0 0.891009852217
0.269144144144 0.0 0.243902439024 0.0640194489465 0.0689655172414
0.318693693694 0.0 0.268292682927 0.0769854132901 0.0603448275862
1.0 0.333333333333 1.0 0.988654781199 0.933497536946
0.758445945946 1.0 0.829268292683 0.897082658023 0.815270935961
0.940878378378 0.166666666667 0.951219512195 0.864667747164 1.0
0.984797297297 0.666666666667 0.975609756098 0.953808752026 0.985221674877
0.364864864865 0.166666666667 0.390243902439 0.278768233387 0.2210591133
0.425112612613 0.5 0.439024390244 0.261750405186 0.282019704433
0.748873873874 1.0 0.853658536585 0.805510534846 0.725985221675
0.939189189189 0.5 0.951219512195 0.876823338736 0.929187192118
0.53490990991 0.666666666667 0.658536585366 0.694489465154 0.616995073892
0.953828828829 0.166666666667 0.975609756098 0.892220421394 0.915024630542
0.509009009009 0.833333333333 0.634146341463 0.628849270665 0.532019704433
0.573761261261 0.833333333333 0.682926829268 0.72528363047 0.633620689655
0.958333333333 0.0 0.90243902439 0.810372771475 0.795566502463
0.364301801802 0.333333333333 0.439024390244 0.401944894652 0.288177339901
0.28490990991 0.0 0.268292682927 0.0899513776337 0.104679802956
0.320945945946 0.0 0.390243902439 0.303889789303 0.270935960591
0.338963963964 0.0 0.414634146341 0.334683954619 0.352216748768
0.907657657658 0.166666666667 0.951219512195 0.938411669368 0.937807881773
0.386824324324 0.0 0.317073170732 0.140194489465 0.128078817734
0.463963963964 0.333333333333 0.512195121951 0.376823338736 0.330665024631
0.975788288288 0.333333333333 0.975609756098 0.890599675851 0.979064039409
0.320382882883 0.0 0.317073170732 0.162884927066 0.170566502463
0.898085585586 0.666666666667 0.926829268293 0.97244732577 0.918103448276
0.524774774775 0.0 0.658536585366 0.553484602917 0.591748768473
0.845720720721 0.666666666667 0.878048780488 0.96677471637 0.900246305419
0.721283783784 0.5 0.780487804878 0.70340356564 0.767857142857
0.289414414414 0.0 0.292682926829 0.178282009724 0.145320197044
0.431306306306 0.0 0.390243902439 0.187196110211 0.209975369458
0.660472972973 0.0 0.756097560976 0.662074554295 0.67302955665
0.313626126126 0.0 0.292682926829 0.12641815235 0.158866995074
0.379504504505 0.0 0.365853658537 0.232576985413 0.249384236453
0.925675675676 0.5 0.975609756098 0.927066450567 0.866379310345
0.420608108108 0.0 0.365853658537 0.143435980551 0.192733990148
0.460022522523 0.0 0.560975609756 0.425445705024 0.419334975369
0.473536036036 0.333333333333 0.560975609756 0.530794165316 0.480911330049
0.510135135135 0.0 0.609756097561 0.541329011345 0.503694581281
0.581081081081 0.0 0.682926829268 0.500810372771 0.60960591133
0.841779279279 0.0 0.90243902439 0.840356564019 0.858374384236
0.394144144144 0.0 0.487804878049 0.349270664506 0.378694581281
0.743806306306 0.0 0.829268292683 0.756888168558 0.786945812808
0.591779279279 0.0 0.731707317073 0.696110210697 0.735837438424
0.318693693694 0.0 0.365853658537 0.20340356564 0.232142857143
0.768018018018 0.0 0.853658536585 0.748784440843 0.764162561576
0.414977477477 0.333333333333 0.463414634146 0.320907617504 0.342980295567
0.908220720721 0.0 0.926829268293 0.880875202593 0.855911330049
0.40259009009 0.0 0.390243902439 0.212317666126 0.309113300493
0.640202702703 0.166666666667 0.634146341463 0.477309562399 0.539408866995
0.887387387387 0.333333333333 0.90243902439 0.772285251216 0.854064039409
0.506193693694 0.0 0.634146341463 0.631280388979 0.580049261084
0.716216216216 0.0 0.80487804878 0.72528363047 0.815270935961
0.680743243243 0.333333333333 0.756097560976 0.794165316045 0.714901477833
0.658220720721 0.0 0.707317073171 0.636952998379 0.698891625616
0.316441441441 0.0 0.341463414634 0.179092382496 0.183497536946
0.539414414414 0.833333333333 0.585365853659 0.520259319287 0.518472906404
0.315315315315 0.0 0.268292682927 0.110210696921 0.108374384236
0.601351351351 0.0 0.707317073171 0.622366288493 0.643472906404
0.743806306306 0.666666666667 0.80487804878 0.866288492707 0.853448275862
0.634572072072 0.333333333333 0.609756097561 0.410858995138 0.517857142857
0.846846846847 0.5 0.90243902439 0.886547811994 0.927339901478
0.688063063063 0.0 0.780487804878 0.686385737439 0.703201970443
0.806869369369 0.166666666667 0.80487804878 0.684764991896 0.756157635468
0.875563063063 0.0 0.853658536585 0.737439222042 0.719827586207
0.702702702703 0.333333333333 0.756097560976 0.717179902755 0.745689655172
0.369369369369 0.0 0.341463414634 0.184764991896 0.237684729064
0.487612612613 0.0 0.585365853659 0.539708265802 0.489532019704
0.708333333333 0.333333333333 0.731707317073 0.63209076175 0.684729064039
0.311373873874 0.0 0.292682926829 0.149108589951 0.137931034483
0.38231981982 0.0 0.463414634146 0.372771474878 0.335591133005
0.40990990991 0.0 0.512195121951 0.482982171799 0.439039408867
0.369932432432 0.0 0.439024390244 0.443273905997 0.299261083744
0.625563063063 0.0 0.560975609756 0.35737439222 0.429187192118
0.422297297297 0.0 0.536585365854 0.507293354943 0.509236453202
0.692004504505 0.166666666667 0.707317073171 0.482982171799 0.588054187192
0.820945945946 0.166666666667 0.853658536585 0.850891410049 0.87684729064
0.616554054054 0.0 0.634146341463 0.42868719611 0.491379310345
0.468468468468 0.0 0.414634146341 0.321717990276 0.342980295567
0.500563063063 0.5 0.536585365854 0.41734197731 0.409482758621
0.293918918919 0.0 0.268292682927 0.124797406807 0.139162561576
0.824324324324 0.0 0.878048780488 0.809562398703 0.799876847291
0.772522522523 0.0 0.780487804878 0.589951377634 0.677955665025
0.490427927928 0.166666666667 0.512195121951 0.394651539708 0.464285714286
0.623310810811 0.0 0.682926829268 0.581847649919 0.661330049261
0.855292792793 0.0 0.878048780488 0.833063209076 0.840517241379
0.565315315315 0.0 0.658536585366 0.600486223663 0.605911330049
0.951013513514 0.0 0.926829268293 0.84602917342 0.817733990148
0.449324324324 0.0 0.512195121951 0.453808752026 0.378694581281
0.927927927928 0.166666666667 0.926829268293 0.820097244733 0.92118226601
0.604166666667 0.0 0.682926829268 0.688816855754 0.65763546798
0.830518018018 0.0 0.878048780488 0.80794165316 0.834975369458
0.484797297297 0.5 0.487804878049 0.410858995138 0.43657635468
0.556306306306 0.333333333333 0.609756097561 0.498379254457 0.449507389163
0.795608108108 0.0 0.780487804878 0.564019448947 0.711206896552
0.86036036036 0.5 0.829268292683 0.828200972447 0.879310344828
0.371058558559 0.0 0.414634146341 0.247974068071 0.28078817734
0.668355855856 0.0 0.634146341463 0.512155591572 0.629926108374
0.764076576577 0.166666666667 0.780487804878 0.612641815235 0.687807881773
0.349099099099 0.0 0.341463414634 0.211507293355 0.23645320197
