0.848791893998 0.0 0.875 0.804004214963 0.875675675676
0.904130943102 0.0 0.875 0.737618545838 0.865637065637
0.952455183164 0.0 0.96875 0.943097997893 0.981467181467
0.882307092751 0.0 0.875 0.777660695469 0.864864864865
0.825409197194 0.0 0.90625 0.86301369863 0.853281853282
0.847233047545 0.0 0.84375 0.694415173867 0.783783783784
0.83865939205 0.0 0.90625 0.879873551106 0.871042471042
0.7848791894 0.0 0.875 0.806111696523 0.789189189189
0.81917381138 0.0 0.78125 0.616438356164 0.748262548263
0.813717848792 0.0 0.84375 0.755532139094 0.800772200772
0.915042868277 1.0 0.90625 0.778714436249 0.938223938224
0.944660950896 0.0 0.90625 0.827186512118 0.914285714286
1.0 0.0 0.96875 0.890410958904 0.955212355212
0.83865939205 0.0 0.84375 0.742887249737 0.806177606178
0.802805923617 1.0 0.78125 0.54373024236 0.755984555985
0.950116913484 0.0 0.96875 0.981032665964 0.985328185328
0.983632112237 0.0 1.0 1.0 1.0
0.94621979735 1.0 0.9375 0.842992623815 0.984555984556
0.600935307872 0.0 0.65625 0.491043203372 0.559073359073
0.720187061574 0.0 0.78125 0.716543730242 0.735135135135
0.984411535464 0.0 0.96875 0.886195995785 0.932818532819
0.706157443492 1.0 0.75 0.604847207587 0.742857142857
0.968043647701 0.0 0.9375 0.906217070601 0.958301158301
0.823070927514 0.0 0.84375 0.790305584826 0.819305019305
0.730319563523 0.0 0.78125 0.699683877766 0.719691119691
0.674980514419 0.0 0.75 0.669125395153 0.671814671815
0.837879968823 0.0 0.84375 0.746048472076 0.789961389961
0.760717069369 1.0 0.8125 0.652265542677 0.76138996139
0.681215900234 0.0 0.75 0.619599578504 0.63166023166
0.739672642245 0.0 0.75 0.614330874605 0.675675675676
0.713172252533 0.0 0.71875 0.605900948367 0.674131274131
0.82385035074 0.0 0.875 0.880927291886 0.854054054054
0.995323460639 0.0 0.9375 0.86406743941 0.931274131274
0.856586126267 1.0 0.84375 0.677555321391 0.830115830116
0.759158222915 0.0 0.84375 0.848261327713 0.795366795367
0.857365549493 0.0 0.84375 0.690200210748 0.748262548263
0.834762275916 0.0 0.875 0.800842992624 0.790733590734
0.915042868277 0.0 0.875 0.782929399368 0.846332046332
0.752143413874 0.0 0.75 0.584826132771 0.654054054054
0.858924395947 0.0 0.875 0.763962065332 0.779922779923
0.864380358535 0.0 0.875 0.830347734457 0.83861003861
0.936866718628 0.0 0.875 0.787144362487 0.864864864865
0.779423226812 0.0 0.84375 0.845100105374 0.803861003861
0.799688230709 1.0 0.84375 0.749209694415 0.829343629344
0.973499610288 0.0 0.90625 0.813487881981 0.886486486486
0.790335151988 0.0 0.8125 0.707060063224 0.723552123552
0.850350740452 0.0 0.8125 0.658587987355 0.735135135135
0.94855806703 0.0 0.90625 0.781875658588 0.836293436293
0.780202650039 0.0 0.8125 0.699683877766 0.706563706564
0.811379579111 0.0 0.84375 0.785036880927 0.774517374517
0.784099766173 1.0 0.78125 0.657534246575 0.792277992278
0.820732657833 0.0 0.875 0.832455216017 0.791505791506
0.822291504287 1.0 0.8125 0.655426765016 0.793822393822
0.710833982853 1.0 0.75 0.580611169652 0.69111969112
0.771628994544 0.0 0.78125 0.628029504742 0.66332046332
0.795791114575 0.0 0.8125 0.721812434141 0.733590733591
0.844115354638 0.0 0.78125 0.639620653319 0.73667953668
0.699142634451 0.0 0.6875 0.533192834563 0.60694980695
0.717069368667 0.0 0.6875 0.516332982086 0.608494208494
0.818394388153 0.0 0.78125 0.702845100105 0.765250965251
0.730319563523 0.0 0.78125 0.689146469968 0.674131274131
0.723304754482 0.0 0.71875 0.5468914647 0.607722007722
0.927513639906 0.0 0.875 0.736564805058 0.799227799228
0.725643024162 0.0 0.78125 0.706006322445 0.68416988417
0.954014029618 0.0 0.9375 0.868282402529 0.873359073359
0.749805144193 0.0 0.8125 0.796628029505 0.750579150579
0.784099766173 1.0 0.75 0.530031612223 0.705791505792
0.802805923617 0.0 0.78125 0.649104320337 0.701930501931
0.779423226812 0.0 0.8125 0.741833508957 0.728957528958
0.752922837101 0.0 0.8125 0.77449947313 0.732818532819
0.75058456742 0.0 0.8125 0.742887249737 0.702702702703
0.773967264224 0.0 0.75 0.625922023182 0.68416988417
0.824629773967 1.0 0.8125 0.648050579557 0.776833976834
0.629773967264 0.0 0.625 0.383561643836 0.467181467181
0.693686671863 0.0 0.71875 0.648050579557 0.657142857143
0.710833982853 0.0 0.6875 0.538461538462 0.609266409266
0.692127825409 0.0 0.71875 0.612223393045 0.62471042471
0.791114575214 0.0 0.78125 0.704952581665 0.728185328185
0.759158222915 0.0 0.75 0.68282402529 0.70888030888
0.848791893998 1.0 0.8125 0.574288724974 0.726640926641
0.796570537802 0.0 0.75 0.625922023182 0.693436293436
0.62353858145 0.0 0.6875 0.579557428872 0.559845559846
0.588464536243 0.0 0.625 0.528977871444 0.545173745174
0.731878409977 0.0 0.71875 0.547945205479 0.596911196911
0.6773187841 0.0 0.6875 0.54583772392 0.576061776062
0.812159002338 0.0 0.71875 0.559536354057 0.676447876448
0.793452844895 0.0 0.75 0.581664910432 0.647876447876
0.749805144193 0.0 0.75 0.658587987355 0.674131274131
0.802805923617 0.0 0.75 0.600632244468 0.671814671815
0.747466874513 1.0 0.75 0.556375131718 0.674903474903
0.747466874513 0.0 0.75 0.618545837724 0.636293436293
0.728760717069 0.0 0.71875 0.567966280295 0.60694980695
0.708495713172 0.0 0.6875 0.59009483667 0.637837837838
0.636009353079 0.0 0.71875 0.625922023182 0.572972972973
0.69446609509 0.0 0.75 0.611169652266 0.581467181467
0.776305533905 0.0 0.71875 0.576396206533 0.65250965251
0.827747466875 0.0 0.84375 0.768177028451 0.739768339768
0.66250974279 1.0 0.65625 0.45521601686 0.599227799228
0.657833203429 0.0 0.65625 0.503688092729 0.544401544402
0.741231488698 0.0 0.75 0.595363540569 0.604633204633
