0.462391132225 0.5 0.516129032258 0.359175662414 0.416589002796
0.462391132225 0.5 0.516129032258 0.359175662414 0.416589002796
0.567695961995 0.25 0.58064516129 0.275760549558 0.553588070829
0.567695961995 0.25 0.58064516129 0.275760549558 0.553588070829
0.503562945368 0.25 0.451612903226 0.248282630029 0.269338303821
0.503562945368 0.25 0.451612903226 0.248282630029 0.269338303821
0.847189231987 0.25 0.774193548387 0.60157016683 0.778191985089
0.847189231987 0.25 0.774193548387 0.60157016683 0.778191985089
0.840063341251 0.0 0.774193548387 0.627085377821 0.679403541473
0.748218527316 0.0 0.709677419355 0.549558390579 0.570363466915
0.733174980206 0.5 0.806451612903 0.634936211973 0.87045666356
0.733174980206 0.5 0.806451612903 0.634936211973 0.87045666356
0.803642121932 0.375 0.774193548387 0.482826300294 0.794967381174
0.732383214568 0.125 0.709677419355 0.456329735034 0.758620689655
0.742676167854 1.0 0.741935483871 0.577036310108 0.781919850885
0.571654790182 0.25 0.612903225806 0.347399411187 0.630009319664
0.537608867775 0.75 0.612903225806 0.457311089303 0.52935694315
0.537608867775 0.75 0.612903225806 0.457311089303 0.52935694315
0.464766429137 0.375 0.387096774194 0.135426889107 0.233923578751
0.5360253365 0.625 0.451612903226 0.161923454367 0.27027027027
0.585906571655 0.5 0.612903225806 0.535819430815 0.550792171482
0.666666666667 0.375 0.645161290323 0.630029440628 0.520037278658
0.640538400633 0.75 0.709677419355 0.560353287537 0.608574091333
0.646872525732 0.5 0.709677419355 0.586849852797 0.644920782852
0.49089469517 0.375 0.483870967742 0.231599607458 0.368126747437
0.562153602534 0.625 0.548387096774 0.258096172718 0.404473438956
0.93982581156 0.25 0.935483870968 0.786064769382 0.946877912395
0.933491686461 0.5 0.935483870968 0.759568204122 0.910531220876
0.577197149644 0.5 0.516129032258 0.204121687929 0.303821062442
0.570863024545 0.625 0.516129032258 0.177625122669 0.267474370923
0.464766429137 0.375 0.387096774194 0.135426889107 0.233923578751
0.793349168646 0.25 0.645161290323 0.400392541708 0.602982292637
0.533650039588 0.75 0.58064516129 0.385672227674 0.452935694315
0.501187648456 0.5 0.548387096774 0.385672227674 0.452935694315
0.732383214568 0.125 0.709677419355 0.456329735034 0.758620689655
0.803642121932 0.375 0.774193548387 0.482826300294 0.794967381174
0.525732383215 0.25 0.516129032258 0.272816486752 0.327120223672
0.525732383215 0.25 0.516129032258 0.272816486752 0.327120223672
0.826603325416 0.875 0.774193548387 0.578017664377 0.562907735322
0.73792557403 0.625 0.838709677419 0.807654563297 0.832246039143
0.736342042755 0.125 0.741935483871 0.527968596663 0.83504193849
0.736342042755 0.125 0.741935483871 0.527968596663 0.83504193849
0.736342042755 0.125 0.741935483871 0.527968596663 0.83504193849
0.736342042755 0.125 0.741935483871 0.527968596663 0.83504193849
0.456057007126 0.625 0.483870967742 0.334641805692 0.358807082945
0.456057007126 0.625 0.483870967742 0.334641805692 0.358807082945
0.636579572447 0.125 0.612903225806 0.437684003925 0.537744641193
0.669041963579 0.375 0.645161290323 0.437684003925 0.537744641193
0.462391132225 0.5 0.516129032258 0.359175662414 0.416589002796
0.462391132225 0.5 0.516129032258 0.359175662414 0.416589002796
0.840855106888 0.875 0.935483870968 0.882237487733 0.936626281454
0.982581155978 0.375 0.870967741935 0.80569185476 0.921714818267
0.585906571655 0.5 0.612903225806 0.535819430815 0.550792171482
0.585906571655 0.5 0.612903225806 0.535819430815 0.550792171482
0.78305621536 0.0 0.806451612903 0.621197252208 0.700838769804
0.78305621536 0.0 0.806451612903 0.621197252208 0.700838769804
0.585906571655 0.5 0.612903225806 0.535819430815 0.550792171482
0.585906571655 0.5 0.612903225806 0.535819430815 0.550792171482
0.609659540776 0.625 0.548387096774 0.204121687929 0.303821062442
0.609659540776 0.625 0.548387096774 0.204121687929 0.303821062442
1.0 0.5 1.0 1.0 1.0
0.993665874901 0.625 1.0 0.97350343474 0.963653308481
0.505146476643 0.5 0.58064516129 0.457311089303 0.52935694315
0.466349960412 0.5 0.548387096774 0.430814524043 0.493010251631
0.567695961995 0.25 0.58064516129 0.275760549558 0.553588070829
0.604117181314 0.5 0.645161290323 0.347399411187 0.630009319664
0.673000791766 0.625 0.709677419355 0.684985279686 0.661696178938
0.699129057799 0.625 0.806451612903 0.781157998037 0.795899347623
0.733174980206 0.5 0.806451612903 0.634936211973 0.87045666356
0.764053840063 0.25 0.709677419355 0.553483807655 0.69431500466
0.657957244656 0.25 0.709677419355 0.536800785083 0.757688723206
0.657957244656 0.25 0.709677419355 0.536800785083 0.757688723206
0.697545526524 0.125 0.58064516129 0.324828263003 0.515377446412
0.719714964371 0.125 0.645161290323 0.349362119725 0.573159366263
0.769596199525 1.0 0.612903225806 0.35426889107 0.390493942218
0.464766429137 0.375 0.387096774194 0.135426889107 0.233923578751
0.657957244656 0.25 0.709677419355 0.536800785083 0.757688723206
0.657957244656 0.25 0.709677419355 0.536800785083 0.757688723206
0.904196357878 0.75 0.870967741935 0.749754661433 0.80055917987
0.733174980206 0.5 0.806451612903 0.634936211973 0.87045666356
