0.621359223301 0.0 0.619047619048 0.624443029917 0.700258397933
0.590614886731 1.0 0.595238095238 0.5595162317 0.592377260982
0.87783171521 0.0 0.857142857143 0.796308084023 0.754521963824
0.367313915858 0.0 0.52380952381 0.466581795035 0.515503875969
0.764158576052 0.0 0.785714285714 0.684277530236 0.80684754522
0.726537216828 0.0 0.809523809524 0.809675366009 0.877260981912
0.392799352751 1.0 0.404761904762 0.37619350732 0.405684754522
0.616909385113 1.0 0.571428571429 0.469127943985 0.570413436693
0.407362459547 0.0 0.52380952381 0.492043284532 0.544573643411
0.468446601942 0.0 0.619047619048 0.605346912794 0.605943152455
0.728155339806 0.0 0.690476190476 0.64353914704 0.720284237726
0.624595469256 0.0 0.666666666667 0.681094844048 0.72480620155
0.342637540453 0.0 0.404761904762 0.415022278803 0.448966408269
0.890776699029 0.0 0.904761904762 0.833227243794 0.956072351421
0.504854368932 0.0 0.666666666667 0.625079567155 0.694444444444
0.351537216828 0.0 0.428571428571 0.437301082113 0.445090439276
0.554611650485 0.0 0.666666666667 0.634627625716 0.759043927649
0.726941747573 0.0 0.785714285714 0.79949077021 0.84819121447
0.397249190939 0.0 0.47619047619 0.42584341184 0.476098191214
0.752427184466 0.0 0.761904761905 0.612348822406 0.788759689922
0.580906148867 0.0 0.642857142857 0.611712285169 0.630490956072
0.483414239482 0.0 0.595238095238 0.518141311267 0.549741602067
0.540048543689 0.0 0.619047619048 0.593889242521 0.534237726098
0.434061488673 0.0 0.47619047619 0.434754933164 0.486434108527
0.407362459547 0.0 0.52380952381 0.492043284532 0.544573643411
0.677588996764 0.0 0.785714285714 0.718650541057 0.826873385013
0.423948220065 1.0 0.380952380952 0.290897517505 0.224160206718
0.290453074434 1.0 0.309523809524 0.281985996181 0.22480620155
0.616909385113 1.0 0.571428571429 0.469127943985 0.570413436693
0.646844660194 0.0 0.666666666667 0.728835136856 0.697674418605
0.500809061489 0.0 0.571428571429 0.565245066836 0.565891472868
0.476132686084 0.0 0.571428571429 0.565245066836 0.547157622739
0.541262135922 0.0 0.666666666667 0.719287078294 0.671188630491
0.73503236246 1.0 0.761904761905 0.817313812858 0.804909560724
0.547330097087 1.0 0.619047619048 0.569700827498 0.638888888889
0.505663430421 1.0 0.619047619048 0.629535327817 0.732558139535
0.352750809061 0.0 0.428571428571 0.422660725652 0.406330749354
0.459142394822 0.0 0.5 0.483131763208 0.470284237726
0.605582524272 0.0 0.690476190476 0.564608529599 0.702196382429
0.621359223301 0.0 0.619047619048 0.624443029917 0.700258397933
0.436084142395 0.0 0.571428571429 0.486950986633 0.514857881137
0.648058252427 1.0 0.785714285714 0.722469764481 0.885658914729
0.574838187702 1.0 0.595238095238 0.597071928708 0.590439276486
0.486650485437 1.0 0.571428571429 0.539147040102 0.614341085271
0.693770226537 1.0 0.690476190476 0.681094844048 0.700904392765
0.672330097087 0.0 0.714285714286 0.630808402292 0.693798449612
0.62216828479 0.0 0.619047619048 0.602800763845 0.706718346253
0.685275080906 0.0 0.785714285714 0.829408020369 0.793927648579
0.700242718447 0.0 0.642857142857 0.629535327817 0.636950904393
0.701860841424 0.0 0.642857142857 0.599618077658 0.629198966408
0.88430420712 0.0 0.880952380952 0.859961807766 0.888242894057
0.691747572816 0.0 0.714285714286 0.68555060471 0.640180878553
0.716019417476 0.0 0.785714285714 0.769573520051 0.822351421189
0.367313915858 0.0 0.52380952381 0.466581795035 0.515503875969
0.62783171521 0.0 0.714285714286 0.694462126034 0.759689922481
0.54854368932 0.0 0.642857142857 0.569064290261 0.604005167959
0.397653721683 0.0 0.547619047619 0.527052832591 0.509689922481
0.802993527508 0.0 0.785714285714 0.773392743475 0.782945736434
0.62783171521 1.0 0.666666666667 0.631444939529 0.625968992248
1.0 0.0 1.0 1.0 1.0
0.728155339806 0.0 0.690476190476 0.64353914704 0.720284237726
0.609627831715 1.0 0.595238095238 0.539783577339 0.572997416021
0.533980582524 0.0 0.547619047619 0.535964353915 0.480620155039
0.222491909385 0.0 0.309523809524 0.295989815404 0.298449612403
0.817556634304 0.0 0.833333333333 0.826861871419 0.850129198966
0.483414239482 0.0 0.5 0.493952896244 0.5
0.506877022654 1.0 0.619047619048 0.631444939529 0.694444444444
0.613673139159 1.0 0.666666666667 0.674729471674 0.71834625323
0.73503236246 1.0 0.761904761905 0.817313812858 0.804909560724
0.368932038835 1.0 0.404761904762 0.367918523234 0.294573643411
0.415453074434 0.0 0.5 0.434754933164 0.40826873385
0.407362459547 0.0 0.52380952381 0.492043284532 0.544573643411
0.512944983819 0.0 0.595238095238 0.588796944621 0.62984496124
0.245145631068 0.0 0.333333333333 0.312539783577 0.321059431525
0.386326860841 0.0 0.452380952381 0.374283895608 0.388242894057
0.631472491909 0.0 0.642857142857 0.660089115213 0.739018087855
0.608414239482 0.0 0.619047619048 0.598345003183 0.618217054264
0.784385113269 0.0 0.761904761905 0.754296626353 0.803617571059
0.294498381877 0.0 0.357142857143 0.295353278167 0.30684754522
0.351132686084 0.0 0.428571428571 0.386378103119 0.437984496124
0.692556634304 0.0 0.690476190476 0.597708465945 0.669250645995
0.613673139159 1.0 0.666666666667 0.674729471674 0.71834625323
0.50283171521 0.0 0.619047619048 0.628898790579 0.644702842377
0.642394822006 0.0 0.714285714286 0.708465945258 0.781007751938
0.607200647249 1.0 0.714285714286 0.760025461489 0.750645994832
0.45428802589 0.0 0.47619047619 0.409929980904 0.414082687339
0.399676375405 0.0 0.52380952381 0.493316359007 0.441214470284
0.542071197411 0.0 0.714285714286 0.683004455761 0.684108527132
0.368527508091 1.0 0.428571428571 0.332272437938 0.400516795866
0.438915857605 0.0 0.571428571429 0.502864417568 0.554263565891
0.391181229773 1.0 0.5 0.447485677912 0.425064599483
0.860436893204 0.0 0.809523809524 0.812858052196 0.735142118863
0.142799352751 1.0 0.190476190476 0.138128580522 0.122739018088
0.504045307443 0.0 0.666666666667 0.645448758752 0.687984496124
0.692556634304 0.0 0.690476190476 0.611712285169 0.637596899225
0.66140776699 1.0 0.690476190476 0.659452577976 0.701550387597
0.559870550162 0.0 0.642857142857 0.693825588797 0.759043927649
0.351537216828 0.0 0.428571428571 0.437301082113 0.445090439276
0.406553398058 0.0 0.52380952381 0.495225970719 0.517441860465
0.650889967638 0.0 0.714285714286 0.75238701464 0.823643410853
