0.992491955667 1.0 0.897959183673 0.796257796258 0.832326283988
0.123346442617 1.0 0.163265306122 0.0582120582121 0.0765357502518
0.126564175903 0.0 0.163265306122 0.119022869023 0.0976837865055
1.0 0.0 0.959183673469 0.89656964657 1.0
0.968180193064 0.0 1.0 1.0 0.977341389728
0.954236682159 0.0 0.979591836735 0.967775467775 0.922457200403
0.212727922774 1.0 0.204081632653 0.0966735966736 0.100704934542
0.914193779049 1.0 0.918367346939 0.803534303534 0.895770392749
0.932785126922 0.0 0.959183673469 0.934511434511 0.859013091641
0.638898820164 0.0 0.795918367347 0.783783783784 0.771903323263
0.796210225241 0.0 0.897959183673 0.950103950104 0.863544813696
0.873078298177 0.0 0.877551020408 0.762474012474 0.832829808661
0.696102967465 1.0 0.632653061224 0.506237006237 0.564954682779
0.133357168395 0.0 0.183673469388 0.117463617464 0.140483383686
0.814801573114 0.0 0.775510204082 0.653326403326 0.786505538771
0.950661422953 0.0 0.938775510204 0.920997920998 0.914400805639
0.180193063997 1.0 0.224489795918 0.156444906445 0.177240684794
0.885234179478 1.0 0.836734693878 0.735446985447 0.785498489426
0.547729710404 0.0 0.69387755102 0.713097713098 0.695367573011
0.408652127279 1.0 0.387755102041 0.244282744283 0.256797583082
0.678941723275 1.0 0.65306122449 0.522349272349 0.546324269889
0.924204504827 1.0 0.857142857143 0.690748440748 0.749748237664
0.438684304612 0.0 0.591836734694 0.607068607069 0.62638469285
0.984983911334 0.0 0.938775510204 0.831600831601 0.905337361531
0.247765462996 1.0 0.285714285714 0.135654885655 0.194360523666
0.896317483018 0.0 0.918367346939 0.889293139293 0.935548841893
0.229174115123 0.0 0.326530612245 0.304573804574 0.244209466264
0.192706471219 0.0 0.244897959184 0.160602910603 0.186807653575
0.223811226314 1.0 0.30612244898 0.206860706861 0.208962739174
0.192348945299 0.0 0.265306122449 0.182432432432 0.197885196375
0.365391490883 0.0 0.428571428571 0.35343035343 0.413897280967
0.324276010011 1.0 0.326530612245 0.22972972973 0.301611278953
0.723989989274 0.0 0.816326530612 0.752079002079 0.822255790534
0.708258848767 1.0 0.673469387755 0.587837837838 0.675226586103
0.621380050054 0.0 0.775510204082 0.814449064449 0.778449144008
0.197354308187 0.0 0.285714285714 0.257276507277 0.215508559919
0.836610654272 0.0 0.897959183673 0.906964656965 0.871601208459
0.31247765463 1.0 0.34693877551 0.27027027027 0.347935548842
0.237039685377 0.0 0.265306122449 0.233367983368 0.28247734139
0.159814086521 0.0 0.224489795918 0.147089397089 0.168177240685
0.149803360744 0.0 0.204081632653 0.150207900208 0.154078549849
0.902037897748 0.0 0.897959183673 0.888253638254 0.950151057402
0.850196639256 0.0 0.877551020408 0.859667359667 0.751762336354
0.425813371469 0.0 0.551020408163 0.467775467775 0.526686807654
0.524490525563 0.0 0.65306122449 0.648128898129 0.653575025176
0.569181265642 0.0 0.673469387755 0.664760914761 0.694360523666
0.475867000358 0.0 0.632653061224 0.631496881497 0.575025176234
0.977475867 0.0 0.938775510204 0.883575883576 0.842900302115
0.30103682517 0.0 0.408163265306 0.329521829522 0.373111782477
0.768680729353 0.0 0.836734693878 0.826403326403 0.822759315206
0.609224168752 0.0 0.714285714286 0.664760914761 0.723564954683
0.40936717912 0.0 0.530612244898 0.50051975052 0.508056394763
0.725420092957 0.0 0.755102040816 0.701143451143 0.619838872105
0.752592062925 1.0 0.69387755102 0.550935550936 0.609768378651
0.344654987487 0.0 0.469387755102 0.377338877339 0.38469284995
0.668930997497 1.0 0.591836734694 0.411642411642 0.498489425982
0.274579907043 1.0 0.30612244898 0.255197505198 0.249244712991
0.60243117626 0.0 0.734693877551 0.730249480249 0.689325276939
0.788344654987 0.0 0.857142857143 0.818607068607 0.760825780463
0.144082946014 1.0 0.183673469388 0.100311850312 0.125377643505
0.514122273865 1.0 0.448979591837 0.314449064449 0.364551863041
0.794780121559 1.0 0.755102040816 0.580561330561 0.648036253776
0.170897390061 0.0 0.244897959184 0.256237006237 0.16163141994
0.544154451198 1.0 0.489795918367 0.337318087318 0.391742195368
0.63639613872 1.0 0.612244897959 0.490644490644 0.62084592145
0.252055774044 0.0 0.34693877551 0.283783783784 0.320241691843
0.207007508044 0.0 0.30612244898 0.284823284823 0.248741188318
0.618162316768 1.0 0.530612244898 0.420478170478 0.51309164149
0.151590990347 0.0 0.204081632653 0.10395010395 0.123363544814
0.947086163747 0.0 0.897959183673 0.848232848233 0.930513595166
0.469431533786 0.0 0.448979591837 0.39656964657 0.487915407855
0.33535931355 1.0 0.428571428571 0.380977130977 0.397280966767
0.269932070075 0.0 0.387755102041 0.303014553015 0.289023162135
0.400786557025 0.0 0.510204081633 0.401247401247 0.415911379658
0.752949588845 0.0 0.734693877551 0.72920997921 0.736656596173
0.416160171612 0.0 0.408163265306 0.295218295218 0.278449144008
0.901680371827 0.0 0.918367346939 0.869022869023 0.809667673716
0.282445477297 0.0 0.30612244898 0.22817047817 0.229103726083
0.442259563818 0.0 0.571428571429 0.559251559252 0.460725075529
0.785126921702 1.0 0.816326530612 0.75103950104 0.779959718026
0.83518055059 1.0 0.795918367347 0.672037422037 0.7527693857
0.492313192706 0.0 0.448979591837 0.369542619543 0.450654582075
0.702538434036 0.0 0.714285714286 0.590956340956 0.597683786506
0.263139077583 1.0 0.30612244898 0.195945945946 0.225579053374
0.289238469789 0.0 0.428571428571 0.426195426195 0.396273917422
0.396853771898 0.0 0.34693877551 0.266632016632 0.270896273917
0.784411869861 1.0 0.734693877551 0.58316008316 0.70996978852
0.342152306042 1.0 0.367346938776 0.268191268191 0.308157099698
0.824812298892 0.0 0.836734693878 0.821725571726 0.80110775428
0.855917053986 0.0 0.816326530612 0.678274428274 0.716012084592
0.349302824455 0.0 0.428571428571 0.387214137214 0.433534743202
0.742223811226 0.0 0.69387755102 0.593555093555 0.628398791541
0.387200572041 0.0 0.489795918367 0.439189189189 0.477844914401
0.439756882374 0.0 0.510204081633 0.406964656965 0.520140986908
0.668215945656 1.0 0.65306122449 0.534823284823 0.611278952669
0.379335001788 0.0 0.469387755102 0.392411642412 0.438066465257
0.654629960672 0.0 0.673469387755 0.564968814969 0.622356495468
0.510189488738 0.0 0.612244897959 0.578482328482 0.526183282981
0.264926707186 0.0 0.367346938776 0.372661122661 0.369587109768
0.418662853057 1.0 0.469387755102 0.383575883576 0.487915407855
