0.956069364162 0.0 1.0 0.941812136326 1.0
0.70289017341 0.0 0.823529411765 0.753948462178 0.779296875
0.745086705202 0.0 0.823529411765 0.764754779717 0.811848958333
0.836416184971 0.0 0.911764705882 0.837905236908 0.8359375
0.621387283237 0.0 0.705882352941 0.610972568579 0.670572916667
0.73063583815 0.0 0.823529411765 0.773898586866 0.777994791667
0.716184971098 0.0 0.794117647059 0.761429758936 0.77734375
0.724855491329 0.0 0.823529411765 0.787198669992 0.77734375
0.843352601156 0.0 0.852941176471 0.647547797174 0.718098958333
0.660115606936 0.0 0.735294117647 0.656691604323 0.694661458333
0.876300578035 0.0 0.970588235294 0.996674979219 0.921875
0.696531791908 0.0 0.764705882353 0.634247714048 0.673828125
0.88901734104 0.0 0.852941176471 0.73399833749 0.815755208333
0.750867052023 0.0 0.823529411765 0.83208645054 0.822265625
0.686705202312 0.0 0.794117647059 0.688279301746 0.68359375
0.5 0.0 0.617647058824 0.558603491272 0.597005208333
0.927167630058 0.0 0.970588235294 1.0 0.956380208333
0.713294797688 0.0 0.794117647059 0.683291770574 0.695963541667
0.718497109827 0.0 0.823529411765 0.865336658354 0.8203125
0.702312138728 0.0 0.764705882353 0.73566084788 0.753255208333
0.647398843931 0.0 0.705882352941 0.629260182876 0.677083333333
0.74161849711 0.0 0.823529411765 0.818786367415 0.797526041667
0.685549132948 0.0 0.794117647059 0.802161263508 0.76953125
0.670520231214 0.0 0.794117647059 0.745635910224 0.7109375
0.656647398844 0.0 0.794117647059 0.788029925187 0.731119791667
0.784393063584 0.0 0.852941176471 0.906068162926 0.867838541667
0.651445086705 0.0 0.735294117647 0.596009975062 0.619791666667
0.800578034682 0.0 0.852941176471 0.792186201164 0.784505208333
0.894797687861 0.0 0.882352941176 0.822111388196 0.848307291667
0.776878612717 0.0 0.852941176471 0.80714879468 0.77734375
0.682080924855 0.0 0.823529411765 0.888611803824 0.802083333333
0.622543352601 0.0 0.705882352941 0.661679135495 0.674479166667
0.901156069364 0.0 0.970588235294 0.898586866168 0.836588541667
0.829479768786 0.0 0.882352941176 0.83208645054 0.807291666667
0.838150289017 0.0 0.911764705882 0.937655860349 0.873697916667
1.0 0.0 1.0 0.935162094763 0.909505208333
0.675722543353 0.0 0.764705882353 0.780548628429 0.755208333333
0.782080924855 0.0 0.852941176471 0.792186201164 0.763020833333
0.671676300578 0.0 0.735294117647 0.674147963425 0.689453125
0.716184971098 0.0 0.764705882353 0.724854530341 0.734375
0.779768786127 0.0 0.794117647059 0.740648379052 0.766927083333
0.564161849711 0.0 0.647058823529 0.600166251039 0.625651041667
0.793063583815 0.0 0.852941176471 0.925187032419 0.876302083333
0.823121387283 0.0 0.823529411765 0.839567747298 0.852864583333
0.602312138728 0.0 0.676470588235 0.699085619285 0.70703125
0.687861271676 0.0 0.823529411765 0.850374064838 0.763671875
0.831791907514 0.0 0.852941176471 0.789692435578 0.789713541667
0.777456647399 0.0 0.852941176471 0.863674147963 0.811848958333
0.635838150289 0.0 0.676470588235 0.580216126351 0.630859375
0.737572254335 0.0 0.794117647059 0.804655029094 0.78515625
0.857225433526 0.0 0.882352941176 0.881130507066 0.856119791667
0.739884393064 0.0 0.823529411765 0.84455527847 0.79296875
0.675144508671 0.0 0.764705882353 0.774729842062 0.740234375
0.768208092486 0.0 0.823529411765 0.894430590191 0.853515625
0.785549132948 0.0 0.794117647059 0.726517040732 0.752604166667
0.757225433526 0.0 0.823529411765 0.86783042394 0.822916666667
0.675144508671 0.0 0.735294117647 0.647547797174 0.659505208333
0.864739884393 0.0 0.882352941176 0.79634247714 0.788411458333
0.684393063584 0.0 0.764705882353 0.737323358271 0.713541666667
0.828901734104 0.0 0.941176470588 0.89110556941 0.788411458333
0.640462427746 0.0 0.735294117647 0.683291770574 0.662760416667
0.79710982659 0.0 0.852941176471 0.802161263508 0.76953125
0.829479768786 0.0 0.794117647059 0.702410640067 0.761067708333
0.794797687861 0.0 0.823529411765 0.872817955112 0.850911458333
0.704624277457 0.0 0.823529411765 0.798836242727 0.723958333333
0.643930635838 0.0 0.764705882353 0.807980049875 0.739583333333
0.58901734104 0.0 0.676470588235 0.630091438071 0.630859375
0.810404624277 0.0 0.882352941176 0.809642560266 0.756510416667
0.828901734104 0.0 0.911764705882 0.965087281796 0.871744791667
0.745086705202 0.0 0.794117647059 0.742310889443 0.728515625
0.85549132948 0.0 0.911764705882 0.851205320033 0.793619791667
0.542774566474 0.0 0.676470588235 0.574397339983 0.547526041667
0.842196531792 0.0 0.882352941176 0.80714879468 0.772786458333
0.70289017341 0.0 0.764705882353 0.768911055694 0.744791666667
0.676878612717 0.0 0.735294117647 0.680798004988 0.679036458333
0.782658959538 0.0 0.794117647059 0.684954280964 0.706380208333
0.584393063584 0.0 0.676470588235 0.597672485453 0.595052083333
0.647976878613 0.0 0.764705882353 0.78221113882 0.714192708333
0.710404624277 0.0 0.735294117647 0.665004156276 0.6875
0.668786127168 0.0 0.764705882353 0.742310889443 0.694661458333
0.798265895954 0.0 0.823529411765 0.699085619285 0.699869791667
0.668208092486 0.0 0.735294117647 0.764754779717 0.73828125
0.506936416185 0.0 0.588235294118 0.544472152951 0.5703125
0.657225433526 0.0 0.764705882353 0.778054862843 0.715494791667
0.646820809249 0.0 0.705882352941 0.630091438071 0.637369791667
0.54450867052 0.0 0.617647058824 0.624272651704 0.63671875
0.608092485549 0.0 0.705882352941 0.630091438071 0.609375
0.641040462428 0.0 0.735294117647 0.732335827099 0.69140625
0.626011560694 0.0 0.676470588235 0.615128844555 0.635416666667
0.71387283237 0.0 0.764705882353 0.715710723192 0.703776041667
0.723121387283 0.0 0.764705882353 0.778886118038 0.762369791667
0.504624277457 0.0 0.558823529412 0.50540315877 0.561197916667
0.766473988439 0.0 0.794117647059 0.748960931006 0.742838541667
0.832369942197 0.0 0.823529411765 0.81961762261 0.822265625
0.562427745665 0.0 0.676470588235 0.683291770574 0.645833333333
0.609248554913 0.0 0.735294117647 0.747298420615 0.680338541667
0.558959537572 0.0 0.647058823529 0.598503740648 0.598958333333
0.708670520231 0.0 0.735294117647 0.649210307564 0.66796875
0.639306358382 0.0 0.735294117647 0.711554447215 0.669270833333
0.512716763006 0.0 0.647058823529 0.68578553616 0.634114583333
