0.669134840218 0.0 0.666666666667 0.449311639549 0.519667590028
0.418550272798 0.0 0.511111111111 0.349186483104 0.382825484765
0.441153546376 0.0 0.533333333333 0.472465581977 0.403324099723
0.461808261886 0.0 0.6 0.59324155194 0.583379501385
0.525331254871 0.5 0.711111111111 0.702127659574 0.772853185596
0.809041309431 0.5 0.822222222222 0.783479349186 0.806094182825
0.812548713952 0.5 0.866666666667 0.812265331665 0.885872576177
0.544816835542 0.5 0.6 0.55944931164 0.613296398892
0.702260327358 0.0 0.777777777778 0.941176470588 0.770637119114
0.739282930631 0.0 0.844444444444 1.0 0.835457063712
0.670303975058 0.5 0.688888888889 0.558197747184 0.589473684211
0.629384255651 0.5 0.666666666667 0.56508135169 0.582271468144
0.473109898675 0.5 0.622222222222 0.62703379224 0.662049861496
0.585346843336 0.5 0.711111111111 0.709637046308 0.757894736842
0.422837100546 0.0 0.488888888889 0.419899874844 0.347922437673
0.464146531567 0.0 0.555555555556 0.509386733417 0.442105263158
0.521044427124 0.0 0.644444444444 0.656445556946 0.573407202216
0.33865939205 0.0 0.488888888889 0.532540675845 0.478670360111
0.44621979735 0.0 0.4 0.322277847309 0.21163434903
0.184333593141 0.0 0.266666666667 0.160826032541 0.148476454294
0.276695245518 0.0 0.4 0.494993742178 0.338504155125
0.276695245518 0.0 0.4 0.494993742178 0.338504155125
0.195245518316 1.0 0.288888888889 0.185857321652 0.234903047091
0.168745128605 1.0 0.244444444444 0.202127659574 0.145706371191
0.292283710055 0.5 0.4 0.320400500626 0.408310249307
0.552221356196 0.5 0.622222222222 0.524405506884 0.649861495845
0.285658612627 1.0 0.333333333333 0.204630788486 0.224930747922
0.253702260327 1.0 0.355555555556 0.276595744681 0.324653739612
0.235775526111 0.5 0.311111111111 0.254693366708 0.315235457064
0.436087295401 0.5 0.533333333333 0.431163954944 0.535180055402
0.507794232268 0.0 0.533333333333 0.48310387985 0.401108033241
0.600935307872 0.0 0.666666666667 0.692740926158 0.50027700831
0.417770849571 0.0 0.488888888889 0.362953692115 0.334626038781
0.684333593141 0.0 0.711111111111 0.59324155194 0.632132963989
0.421278254092 1.0 0.488888888889 0.322903629537 0.427146814404
0.692907248636 1.0 0.755555555556 0.688986232791 0.745152354571
0.538191738114 1.0 0.666666666667 0.608886107635 0.624376731302
0.46336710834 1.0 0.533333333333 0.41239048811 0.488088642659
0.349571317225 0.0 0.466666666667 0.586983729662 0.384487534626
0.367108339829 0.0 0.511111111111 0.57634543179 0.454293628809
0.469992205768 1.0 0.555555555556 0.513141426783 0.513019390582
0.500389711613 0.0 0.666666666667 0.722152690864 0.637119113573
0.257989088075 1.0 0.311111111111 0.226533166458 0.280886426593
0.316835541699 1.0 0.4 0.264705882353 0.356786703601
0.478955572876 0.0 0.533333333333 0.617021276596 0.485318559557
0.772798129384 0.0 0.822222222222 0.908635794743 0.750138504155
1.0 0.5 1.0 0.890488110138 0.960110803324
0.643413873733 0.5 0.733333333333 0.620775969962 0.706925207756
0.930631332814 0.5 1.0 0.938673341677 1.0
0.455183164458 0.5 0.577777777778 0.468085106383 0.572853185596
0.660561184723 0.0 0.688888888889 0.73717146433 0.638227146814
0.411145752143 0.0 0.6 0.719649561952 0.605540166205
0.360872954014 0.0 0.377777777778 0.383604505632 0.371745152355
0.360872954014 0.0 0.377777777778 0.383604505632 0.371745152355
0.657053780203 0.0 0.666666666667 0.490613266583 0.50027700831
0.655884645362 0.0 0.666666666667 0.459949937422 0.530747922438
0.665627435698 0.0 0.622222222222 0.680225281602 0.543490304709
0.595869056898 0.0 0.688888888889 0.745306633292 0.729085872576
0.195245518316 1.0 0.266666666667 0.187108886108 0.230470914127
0.28604832424 1.0 0.288888888889 0.21464330413 0.232132963989
0.682774746687 1.0 0.666666666667 0.569461827284 0.637119113573
0.521823850351 1.0 0.555555555556 0.411764705882 0.465373961219
0.28721745908 1.0 0.4 0.342928660826 0.278670360111
0.230319563523 1.0 0.288888888889 0.159574468085 0.207202216066
0.579890880748 0.0 0.777777777778 0.938673341677 0.814958448753
0.486749805144 0.0 0.622222222222 0.766583229036 0.615512465374
0.331254871395 0.0 0.444444444444 0.533166458073 0.33351800554
0.331254871395 0.0 0.444444444444 0.533166458073 0.33351800554
0.664848012471 1.0 0.622222222222 0.449937421777 0.496398891967
0.568589243959 1.0 0.555555555556 0.39549436796 0.463157894737
0.099766173032 1.0 0.133333333333 0.0413016270338 0.0526315789474
0.474279033515 1.0 0.422222222222 0.303504380476 0.336288088643
0.257209664848 1.0 0.355555555556 0.302878598248 0.358448753463
0.161730319564 1.0 0.2 0.15832290363 0.176177285319
0.847622759158 0.5 0.933333333333 0.933667083855 0.990027700831
0.584957131723 0.5 0.6 0.595744680851 0.586703601108
0.795791114575 0.5 0.822222222222 0.732165206508 0.808864265928
0.646141855027 0.5 0.688888888889 0.561952440551 0.597783933518
0.371395167576 0.5 0.533333333333 0.504380475594 0.567867036011
0.333982852689 0.5 0.466666666667 0.448060075094 0.468698060942
