0.611526946108 0.0555555555556 0.645161290323 0.547826086957 0.488195615514
0.800149700599 0.444444444444 0.709677419355 0.586956521739 0.545531197302
0.642964071856 0.333333333333 0.677419354839 0.580434782609 0.575042158516
0.708832335329 0.388888888889 0.612903225806 0.685869565217 0.43844856661
0.679640718563 0.333333333333 0.709677419355 0.609782608696 0.607925801012
0.604790419162 0.166666666667 0.58064516129 0.533695652174 0.306070826307
0.827095808383 0.388888888889 0.806451612903 0.935869565217 0.758010118044
0.600299401198 0.444444444444 0.709677419355 0.729347826087 0.519392917369
0.75374251497 0.0555555555556 0.741935483871 0.678260869565 0.641652613828
0.717065868263 0.444444444444 0.677419354839 0.702173913043 0.465430016863
0.866766467066 0.222222222222 0.870967741935 0.923913043478 0.843170320405
0.725299401198 0.166666666667 0.709677419355 0.691304347826 0.54215851602
0.663173652695 0.111111111111 0.645161290323 0.534782608696 0.440978077572
0.909431137725 0.777777777778 0.870967741935 0.779347826087 0.748735244519
0.538173652695 0.5 0.516129032258 0.322826086957 0.22849915683
0.684131736527 0.5 0.709677419355 0.541304347826 0.592748735245
0.667664670659 0.333333333333 0.741935483871 0.613043478261 0.629005059022
0.798652694611 0.833333333333 0.741935483871 0.666304347826 0.667790893761
0.622005988024 0.277777777778 0.58064516129 0.59347826087 0.408094435076
0.74625748503 0.444444444444 0.645161290323 0.569565217391 0.483136593592
0.677395209581 0.333333333333 0.806451612903 0.80652173913 0.722596964587
0.63997005988 0.111111111111 0.645161290323 0.626086956522 0.507588532884
0.800149700599 0.166666666667 0.838709677419 0.873913043478 0.747048903879
0.747005988024 0.388888888889 0.709677419355 0.677173913043 0.569139966273
0.799401197605 0.111111111111 0.774193548387 0.732608695652 0.617200674536
0.728293413174 0.222222222222 0.709677419355 0.590217391304 0.612984822934
0.711077844311 0.444444444444 0.58064516129 0.41847826087 0.376897133221
0.850299401198 0.166666666667 0.774193548387 0.734782608696 0.738617200675
0.782185628743 0.333333333333 0.774193548387 0.81847826087 0.602866779089
0.788173652695 0.111111111111 0.774193548387 0.847826086957 0.635750421585
0.792664670659 0.277777777778 0.709677419355 0.707608695652 0.627318718381
0.755988023952 0.277777777778 0.677419354839 0.678260869565 0.594435075885
0.853293413174 0.0 0.774193548387 0.741304347826 0.688870151771
0.682634730539 0.388888888889 0.677419354839 0.671739130435 0.461214165261
0.895958083832 0.333333333333 0.806451612903 0.622826086957 0.768128161889
0.77994011976 0.777777777778 0.838709677419 0.695652173913 0.784148397976
0.671407185629 0.166666666667 0.645161290323 0.485869565217 0.430860033727
0.537425149701 0.222222222222 0.516129032258 0.369565217391 0.387015177066
0.77245508982 0.333333333333 0.741935483871 0.753260869565 0.655986509275
0.77245508982 0.333333333333 0.741935483871 0.753260869565 0.655986509275
0.679640718563 0.333333333333 0.709677419355 0.609782608696 0.607925801012
0.679640718563 0.333333333333 0.709677419355 0.609782608696 0.607925801012
0.62874251497 0.0 0.612903225806 0.423913043478 0.408094435076
0.670658682635 0.277777777778 0.677419354839 0.626086956522 0.507588532884
0.696107784431 0.777777777778 0.677419354839 0.332608695652 0.553962900506
0.706586826347 0.722222222222 0.774193548387 0.760869565217 0.652613827993
0.865269461078 0.111111111111 0.774193548387 0.622826086957 0.768128161889
0.705838323353 0.611111111111 0.645161290323 0.65 0.497470489039
0.702095808383 0.833333333333 0.709677419355 0.604347826087 0.615514333895
0.684880239521 0.777777777778 0.645161290323 0.515217391304 0.505902192243
0.684131736527 0.5 0.709677419355 0.541304347826 0.592748735245
0.684131736527 0.5 0.709677419355 0.541304347826 0.592748735245
0.723053892216 0.222222222222 0.677419354839 0.73152173913 0.498313659359
0.723053892216 0.222222222222 0.677419354839 0.73152173913 0.498313659359
0.631736526946 0.388888888889 0.645161290323 0.56847826087 0.482293423272
0.631736526946 0.388888888889 0.645161290323 0.56847826087 0.482293423272
0.750748502994 0.388888888889 0.677419354839 0.546739130435 0.575885328836
0.681137724551 0.555555555556 0.709677419355 0.727173913043 0.643338954469
0.765718562874 0.0555555555556 0.741935483871 0.645652173913 0.658516020236
0.773203592814 0.444444444444 0.741935483871 0.666304347826 0.664418212479
0.924401197605 0.666666666667 0.903225806452 0.710869565217 0.821247892074
0.750748502994 0.388888888889 0.677419354839 0.546739130435 0.575885328836
0.839820359281 0.333333333333 0.870967741935 0.875 0.68802698145
0.747005988024 0.111111111111 0.741935483871 0.614130434783 0.618887015177
0.803143712575 0.5 0.774193548387 0.753260869565 0.655986509275
0.818862275449 0.333333333333 0.806451612903 0.847826086957 0.635750421585
0.909431137725 0.777777777778 0.870967741935 0.779347826087 0.748735244519
0.750748502994 0.388888888889 0.677419354839 0.546739130435 0.575885328836
0.737275449102 0.111111111111 0.709677419355 0.652173913043 0.616357504216
1.0 1.0 1.0 1.0 0.953625632378
0.781437125749 0.444444444444 0.774193548387 0.634782608696 0.641652613828
0.923652694611 0.722222222222 1.0 0.916304347826 1.0
0.866766467066 0.222222222222 0.870967741935 0.923913043478 0.843170320405
0.866766467066 0.222222222222 0.870967741935 0.923913043478 0.843170320405
0.901946107784 0.888888888889 0.903225806452 0.888043478261 0.803541315346
0.884730538922 0.222222222222 0.838709677419 0.873913043478 0.806913996627
0.750748502994 0.388888888889 0.677419354839 0.546739130435 0.575885328836
0.792664670659 0.277777777778 0.709677419355 0.707608695652 0.627318718381
0.72005988024 0.333333333333 0.677419354839 0.557608695652 0.533726812816
0.689371257485 0.111111111111 0.645161290323 0.557608695652 0.533726812816
0.827844311377 0.5 0.903225806452 0.916304347826 0.720910623946
0.909431137725 0.777777777778 0.870967741935 0.779347826087 0.748735244519
0.827095808383 0.388888888889 0.806451612903 0.935869565217 0.758010118044
0.792664670659 0.222222222222 0.806451612903 0.695652173913 0.743676222597
0.756736526946 0.222222222222 0.645161290323 0.486956521739 0.490725126476
0.877245508982 0.888888888889 0.870967741935 0.851086956522 0.805227655987
0.62874251497 0.0 0.612903225806 0.423913043478 0.408094435076
0.600299401198 0.277777777778 0.58064516129 0.505434782609 0.344013490725
0.600299401198 0.444444444444 0.709677419355 0.729347826087 0.519392917369
0.709580838323 0.388888888889 0.709677419355 0.659782608696 0.588532883642
0.750748502994 0.388888888889 0.677419354839 0.546739130435 0.575885328836
0.808383233533 0.166666666667 0.838709677419 0.93152173913 0.752107925801
0.623502994012 0.222222222222 0.612903225806 0.522826086957 0.47892074199
0.634730538922 0.166666666667 0.612903225806 0.45652173913 0.397976391231
0.630239520958 0.111111111111 0.612903225806 0.530434782609 0.538785834739
0.630239520958 0.111111111111 0.612903225806 0.530434782609 0.538785834739
0.723053892216 0.222222222222 0.677419354839 0.73152173913 0.498313659359
0.75374251497 0.444444444444 0.709677419355 0.73152173913 0.498313659359
0.824101796407 0.111111111111 0.870967741935 0.884782608696 0.85497470489
0.761976047904 0.222222222222 0.677419354839 0.729347826087 0.4586846543
