0.840926064227 0.0 0.875 0.872413793103 0.915744680851
0.882001493652 0.0 0.96875 0.995402298851 0.965106382979
0.856609410007 0.0 0.875 0.826436781609 0.88
0.904406273338 0.0 0.9375 0.97816091954 1.0
0.714712471994 0.0 0.75 0.687356321839 0.742978723404
0.825989544436 0.0 0.875 0.851724137931 0.872340425532
0.861837191934 0.0 0.90625 0.93908045977 0.951489361702
0.725914861837 0.0 0.78125 0.74367816092 0.765957446809
0.732636295743 0.0 0.8125 0.848275862069 0.822978723404
0.667662434653 1.0 0.75 0.7 0.778723404255
0.728902165795 0.0 0.71875 0.620689655172 0.697872340426
0.772964899178 0.0 0.75 0.686206896552 0.76170212766
0.895444361464 0.0 0.90625 0.987356321839 0.991489361702
0.831964152353 1.0 0.8125 0.695402298851 0.846808510638
0.726661687827 0.0 0.8125 0.816091954023 0.764255319149
0.776699029126 1.0 0.78125 0.712643678161 0.84
0.931292008962 0.0 0.90625 0.933333333333 0.966808510638
0.692307692308 0.0 0.6875 0.532183908046 0.591489361702
0.780433159074 0.0 0.75 0.713793103448 0.774468085106
0.896938013443 0.0 0.875 0.924137931034 0.949787234043
0.876773711725 0.0 0.84375 0.850574712644 0.891914893617
0.669156086632 1.0 0.6875 0.541379310345 0.663829787234
1.0 1.0 0.96875 0.845977011494 0.968510638298
0.871545929798 1.0 0.84375 0.750574712644 0.88
0.945481702763 1.0 1.0 0.948275862069 0.971063829787
0.759522031367 0.0 0.8125 0.82183908046 0.773617021277
0.752800597461 1.0 0.8125 0.768965517241 0.810212765957
0.926811053025 0.0 0.90625 0.975862068966 0.973617021277
0.890216579537 0.0 0.90625 0.947126436782 0.912340425532
0.848394324122 1.0 0.84375 0.790804597701 0.885106382979
0.730395817774 0.0 0.78125 0.785057471264 0.737872340426
0.808812546677 0.0 0.8125 0.866666666667 0.853617021277
0.816280806572 1.0 0.8125 0.768965517241 0.861276595745
0.645257654966 1.0 0.71875 0.641379310345 0.67829787234
0.698282300224 0.0 0.71875 0.666666666667 0.657872340426
0.637789395071 0.0 0.6875 0.641379310345 0.607659574468
0.860343539955 0.0 0.84375 0.81724137931 0.820425531915
0.695294996266 0.0 0.75 0.713793103448 0.663829787234
0.767737117252 1.0 0.71875 0.608045977011 0.75829787234
0.826736370426 0.0 0.84375 0.947126436782 0.903829787234
0.767737117252 0.0 0.8125 0.822988505747 0.766808510638
0.719193427931 0.0 0.75 0.797701149425 0.76
0.693054518297 1.0 0.65625 0.549425287356 0.695319148936
0.799103808813 0.0 0.78125 0.701149425287 0.715744680851
0.691560866318 1.0 0.71875 0.658620689655 0.729361702128
0.679611650485 0.0 0.6875 0.633333333333 0.631489361702
0.735623599701 0.0 0.6875 0.547126436782 0.605957446809
0.83644510829 0.0 0.875 0.945977011494 0.875744680851
0.874533233757 0.0 0.875 0.883908045977 0.855319148936
0.816280806572 0.0 0.875 0.965517241379 0.873191489362
0.780433159074 0.0 0.75 0.762068965517 0.777872340426
0.663928304705 0.0 0.65625 0.527586206897 0.548936170213
0.610156833458 1.0 0.625 0.53908045977 0.631489361702
0.85212845407 0.0 0.875 1.0 0.933617021277
0.710231516057 1.0 0.75 0.725287356322 0.766808510638
0.691560866318 1.0 0.71875 0.613793103448 0.67829787234
0.741598207618 1.0 0.75 0.663218390805 0.738723404255
0.764002987304 0.0 0.71875 0.620689655172 0.657872340426
0.728155339806 0.0 0.78125 0.85632183908 0.775319148936
0.749813293503 0.0 0.75 0.720689655172 0.703829787234
0.82001493652 0.0 0.78125 0.690804597701 0.710638297872
0.817027632562 0.0 0.8125 0.804597701149 0.779574468085
0.834951456311 1.0 0.84375 0.86091954023 0.908085106383
0.722180731889 1.0 0.75 0.648275862069 0.702978723404
0.779686333084 0.0 0.78125 0.791954022989 0.763404255319
0.613144137416 1.0 0.59375 0.436781609195 0.563404255319
0.727408513816 0.0 0.78125 0.814942528736 0.734468085106
0.732636295743 1.0 0.75 0.637931034483 0.702127659574
0.780433159074 0.0 0.75 0.671264367816 0.684255319149
0.675130694548 0.0 0.6875 0.670114942529 0.644255319149
0.701269604182 1.0 0.71875 0.57816091954 0.646808510638
0.765496639283 0.0 0.8125 0.906896551724 0.818723404255
0.863330843913 0.0 0.84375 0.816091954023 0.794893617021
0.832710978342 0.0 0.8125 0.796551724138 0.778723404255
0.808065720687 0.0 0.78125 0.672413793103 0.674042553191
0.820761762509 0.0 0.78125 0.790804597701 0.791489361702
0.750560119492 0.0 0.75 0.786206896552 0.752340425532
0.683345780433 0.0 0.71875 0.758620689655 0.695319148936
0.805825242718 1.0 0.8125 0.827586206897 0.871489361702
0.657953696789 0.0 0.6875 0.620689655172 0.577021276596
0.796116504854 0.0 0.8125 0.842528735632 0.782978723404
0.821508588499 0.0 0.84375 0.881609195402 0.811063829787
0.68782673637 0.0 0.71875 0.671264367816 0.617021276596
0.855862584018 1.0 0.8125 0.775862068966 0.868085106383
0.782673637043 1.0 0.78125 0.713793103448 0.773617021277
0.840926064227 1.0 0.84375 0.802298850575 0.845957446809
0.75429424944 0.0 0.78125 0.8 0.731914893617
0.774458551158 1.0 0.78125 0.666666666667 0.722553191489
0.595967139656 1.0 0.6875 0.675862068966 0.656170212766
0.67214339059 1.0 0.6875 0.6 0.658723404255
0.679611650485 1.0 0.6875 0.589655172414 0.656170212766
0.679611650485 0.0 0.71875 0.703448275862 0.635744680851
0.890963405527 0.0 0.875 0.927586206897 0.88170212766
0.7214339059 0.0 0.71875 0.61724137931 0.595744680851
0.818521284541 0.0 0.84375 0.874712643678 0.795744680851
0.793129200896 0.0 0.8125 0.854022988506 0.783829787234
0.657953696789 0.0 0.625 0.541379310345 0.55914893617
0.796116504854 0.0 0.78125 0.748275862069 0.71914893617
0.691560866318 0.0 0.59375 0.452873563218 0.538723404255
0.705750560119 0.0 0.65625 0.611494252874 0.633191489362
