0.960772480386 0.166666666667 1.0 1.0 1.0
0.450814725407 0.0 0.410256410256 0.137192704203 0.213598460552
1.0 0.833333333333 1.0 0.814432989691 0.951892238614
0.789981894991 1.0 0.820512820513 0.820777160983 0.798588838999
0.321062160531 0.0 0.307692307692 0.173671689136 0.139833226427
0.957754978877 0.5 0.974358974359 0.863600317209 0.94547787043
0.402534701267 0.333333333333 0.435897435897 0.38699444885 0.284797947402
0.462281231141 0.5 0.538461538462 0.504361617764 0.330339961514
0.363307181654 0.166666666667 0.358974358974 0.267248215702 0.265554842848
0.923958961979 0.5 0.948717948718 0.876288659794 0.813341885824
0.642727821364 0.666666666667 0.692307692308 0.701030927835 0.663245670301
0.924562462281 0.0 0.871794871795 0.626486915147 0.817190506735
0.748943874472 0.666666666667 0.74358974359 0.689928628073 0.715202052598
0.581774290887 0.833333333333 0.666666666667 0.601110229976 0.576010262989
0.959565479783 0.333333333333 0.897435897436 0.73354480571 0.841565105837
0.360289680145 0.0 0.307692307692 0.170499603489 0.163566388711
0.345202172601 0.0 0.358974358974 0.199841395718 0.185375240539
0.899215449608 0.0 0.923076923077 0.827121332276 0.925593329057
0.824381412191 0.5 0.846153846154 0.754163362411 0.771648492623
0.938442969221 0.166666666667 0.948717948718 0.792228390167 0.917896087235
0.771876885938 0.0 0.820512820513 0.622521808089 0.646568313021
0.870850935425 0.333333333333 0.923076923077 0.780333068993 0.847979474022
0.800844900422 0.833333333333 0.871794871795 0.848532910389 0.758178319436
0.835847917924 0.0 0.871794871795 0.663758921491 0.783194355356
0.887748943874 0.0 0.897435897436 0.839809674861 0.904425914047
0.385033192517 0.0 0.435897435897 0.227597145123 0.28159076331
0.338563669282 0.0 0.384615384615 0.307692307692 0.266196279666
0.908871454436 0.0 0.871794871795 0.684377478192 0.857601026299
0.67592033796 0.0 0.74358974359 0.548770816812 0.692110327133
0.412794206397 0.0 0.384615384615 0.22125297383 0.258499037845
0.693421846711 0.166666666667 0.615384615385 0.407613005551 0.453495830661
0.896801448401 0.5 0.897435897436 0.789849325932 0.904425914047
0.374773687387 0.0 0.333333333333 0.182394924663 0.169980756895
0.821967410984 0.0 0.846153846154 0.667724028549 0.726106478512
0.789981894991 0.833333333333 0.794871794872 0.769230769231 0.723540731238
0.426071213036 0.333333333333 0.461538461538 0.40681998414 0.375881975625
0.65178032589 0.333333333333 0.769230769231 0.710547184774 0.729955099423
0.47917923959 0.0 0.564102564103 0.451229183188 0.477870429763
0.683162341581 0.0 0.769230769231 0.659793814433 0.65105837075
0.369342184671 0.0 0.333333333333 0.19587628866 0.166132135985
0.644538322269 0.0 0.717948717949 0.602696272799 0.631815266196
0.606517803259 0.0 0.692307692308 0.647898493259 0.618986529827
0.403741701871 0.0 0.358974358974 0.144329896907 0.195638229634
0.528666264333 0.0 0.487179487179 0.253766851705 0.29826812059
0.514182257091 0.0 0.615384615385 0.523394131642 0.497113534317
0.447797223899 0.0 0.512820512821 0.359238699445 0.345734445157
0.561858780929 0.0 0.666666666667 0.613798572561 0.60102629891
0.374170187085 0.0 0.410256410256 0.306899286281 0.237973059654
0.729631864816 0.0 0.794871794872 0.770816812054 0.76459268762
0.414604707302 0.0 0.461538461538 0.314036478985 0.307889672867
0.500301750151 0.0 0.589743589744 0.560666137986 0.524053880693
0.500301750151 0.333333333333 0.487179487179 0.387787470262 0.437459910199
0.5515992758 0.0 0.641025641026 0.499603489294 0.616420782553
0.616173808087 0.833333333333 0.666666666667 0.615384615385 0.602950609365
0.42426071213 0.0 0.435897435897 0.28628072958 0.317511225144
0.422450211225 0.0 0.487179487179 0.363203806503 0.350865939705
0.498491249246 0.166666666667 0.512820512821 0.315622521808 0.389993585632
0.805672902836 0.166666666667 0.717948717949 0.519429024584 0.592046183451
0.467712733856 0.0 0.435897435897 0.212529738303 0.277742142399
0.812311406156 0.166666666667 0.846153846154 0.736716891356 0.738293778063
0.859384429692 0.166666666667 0.897435897436 0.781919111816 0.875561257216
0.554616777308 0.5 0.589743589744 0.42188739096 0.36561898653
0.378998189499 0.0 0.384615384615 0.275178429818 0.236048749198
0.88292094146 0.166666666667 0.897435897436 0.859635210151 0.884541372675
0.514182257091 0.5 0.564102564103 0.450436161776 0.364336112893
0.623415811708 0.166666666667 0.641025641026 0.463917525773 0.462475946119
0.709716354858 0.333333333333 0.794871794872 0.805709754163 0.716484926235
0.463488231744 0.0 0.538461538462 0.425852498017 0.388710711995
0.569704284852 0.0 0.589743589744 0.487708168121 0.509942270686
0.848521424261 0.166666666667 0.794871794872 0.613798572561 0.670942912123
0.703681351841 0.166666666667 0.769230769231 0.697858842189 0.744066709429
0.844296922148 0.5 0.897435897436 0.762093576527 0.838357921745
0.377791188896 0.0 0.358974358974 0.23632038065 0.207825529185
0.805672902836 0.0 0.769230769231 0.639968279144 0.79409878127
0.93783946892 0.166666666667 0.923076923077 0.790642347343 0.830019243105
0.881713940857 0.166666666667 0.820512820513 0.588421887391 0.665169980757
0.539529269765 0.0 0.487179487179 0.401268834259 0.434252726106
0.656004828002 0.0 0.641025641026 0.440919904837 0.550994227069
0.745322872661 0.5 0.794871794872 0.729579698652 0.711994868505
0.698249849125 0.0 0.717948717949 0.527359238699 0.538806927518
0.489438744719 0.166666666667 0.512820512821 0.414750198255 0.400256574727
0.856970428485 0.333333333333 0.820512820513 0.65344964314 0.65554842848
0.716354858177 0.166666666667 0.717948717949 0.509912767645 0.580500320718
0.485214242607 0.0 0.435897435897 0.176843774782 0.239255933291
0.59324079662 0.0 0.564102564103 0.377478191911 0.470814624759
0.765841882921 0.0 0.769230769231 0.714512291832 0.692751763951
0.598068799034 0.0 0.512820512821 0.329896907216 0.417575368826
0.45866022933 0.0 0.487179487179 0.367168913561 0.39512508018
0.519010259505 0.0 0.512820512821 0.318794607454 0.339961513791
0.725407362704 0.0 0.692307692308 0.546391752577 0.633739576652
0.62764031382 0.166666666667 0.589743589744 0.434575733545 0.430404105196
0.620398310199 0.0 0.666666666667 0.542426645519 0.592687620269
0.664453832227 0.0 0.666666666667 0.568596352102 0.607440667094
0.506336753168 0.0 0.538461538462 0.440919904837 0.454778704298
0.529873264937 0.0 0.538461538462 0.406026962728 0.402822322001
0.759203379602 0.0 0.74358974359 0.530531324346 0.588838999359
0.640917320459 0.0 0.615384615385 0.463917525773 0.529185375241
0.570911285456 0.0 0.538461538462 0.344171292625 0.336754329699
0.544357272179 0.0 0.564102564103 0.392545598731 0.454778704298
0.661436330718 0.166666666667 0.589743589744 0.421094369548 0.387427838358
