0.717628705148 0.25 0.7 0.480569948187 0.511343804538
0.679407176287 0.25 0.666666666667 0.445595854922 0.477312390925
0.613884555382 0.375 0.566666666667 0.632124352332 0.473821989529
0.787831513261 0.375 0.9 0.809585492228 0.846422338569
0.895475819033 0.0 0.8 0.768134715026 0.729493891798
0.595943837754 0.75 0.666666666667 0.665803108808 0.501745200698
0.567862714509 0.5 0.666666666667 0.760362694301 0.573298429319
0.567862714509 0.5 0.666666666667 0.760362694301 0.573298429319
0.647425897036 0.0 0.633333333333 0.445595854922 0.477312390925
0.647425897036 0.0 0.633333333333 0.445595854922 0.477312390925
0.734009360374 0.125 0.8 0.777202072539 0.792321116928
0.765990639626 0.375 0.833333333333 0.777202072539 0.792321116928
0.567862714509 0.5 0.666666666667 0.760362694301 0.573298429319
0.567862714509 0.5 0.666666666667 0.760362694301 0.573298429319
0.768330733229 0.125 0.833333333333 1.0 0.734729493892
0.717628705148 0.25 0.7 0.480569948187 0.511343804538
0.679407176287 0.25 0.666666666667 0.445595854922 0.477312390925
0.679407176287 0.25 0.666666666667 0.445595854922 0.477312390925
0.720748829953 0.375 0.766666666667 0.769430051813 0.676265270506
0.688767550702 0.25 0.733333333333 0.769430051813 0.676265270506
0.828393135725 0.0 0.8 0.765544041451 0.659685863874
0.828393135725 0.0 0.8 0.765544041451 0.659685863874
0.601404056162 0.25 0.666666666667 0.503886010363 0.559336823735
0.601404056162 0.25 0.666666666667 0.503886010363 0.559336823735
0.528081123245 0.625 0.6 0.462435233161 0.418848167539
0.544461778471 0.625 0.566666666667 0.465025906736 0.398778359511
0.64352574103 0.25 0.733333333333 0.633419689119 0.664921465969
0.63728549142 0.5 0.733333333333 0.598445595855 0.630890052356
0.9375975039 0.375 1.0 0.984455958549 1.0
0.933697347894 0.375 0.966666666667 0.889896373057 0.928446771379
0.765210608424 0.375 0.7 0.580310880829 0.633507853403
0.733229329173 0.125 0.666666666667 0.580310880829 0.633507853403
0.656786271451 0.125 0.7 0.733160621762 0.549738219895
0.695007800312 0.125 0.733333333333 0.768134715026 0.583769633508
0.474258970359 0.375 0.5 0.430051813472 0.364746945899
0.474258970359 0.375 0.5 0.430051813472 0.364746945899
0.787831513261 0.375 0.9 0.809585492228 0.846422338569
0.765990639626 0.375 0.833333333333 0.777202072539 0.792321116928
0.675507020281 0.5 0.766666666667 0.633419689119 0.664921465969
0.675507020281 0.5 0.766666666667 0.633419689119 0.664921465969
0.625585023401 0.0 0.566666666667 0.413212435233 0.423211169284
0.810452418097 0.75 0.766666666667 0.794041450777 0.680628272251
0.602184087363 0.625 0.633333333333 0.729274611399 0.493019197208
0.691107644306 0.125 0.7 0.673575129534 0.512216404887
0.5 0.375 0.6 0.556994818653 0.490401396161
0.538221528861 0.375 0.633333333333 0.591968911917 0.524432809773
0.542121684867 0.5 0.566666666667 0.633419689119 0.447643979058
0.542121684867 0.5 0.566666666667 0.633419689119 0.447643979058
1.0 1.0 1.0 0.998704663212 0.98167539267
0.688767550702 0.25 0.733333333333 0.769430051813 0.676265270506
0.772230889236 0.125 0.833333333333 0.812176165803 0.826352530541
0.797971918877 0.125 0.933333333333 0.939119170984 0.952006980803
0.656786271451 0.125 0.7 0.733160621762 0.549738219895
0.695007800312 0.125 0.733333333333 0.768134715026 0.583769633508
0.758970358814 0.125 0.766666666667 0.70725388601 0.759162303665
0.790951638066 0.375 0.8 0.70725388601 0.759162303665
0.527301092044 0.375 0.433333333333 0.327720207254 0.255671902269
0.553042121685 0.375 0.533333333333 0.454663212435 0.381326352531
0.905616224649 0.125 0.966666666667 0.984455958549 1.0
0.901716068643 0.125 0.933333333333 0.889896373057 0.928446771379
0.656786271451 0.125 0.7 0.733160621762 0.549738219895
0.656786271451 0.125 0.7 0.733160621762 0.549738219895
0.765210608424 0.375 0.7 0.580310880829 0.633507853403
0.733229329173 0.125 0.666666666667 0.580310880829 0.633507853403
0.782371294852 0.875 0.7 0.479274611399 0.479930191972
0.841653666147 0.0 0.833333333333 0.936528497409 0.714659685864
0.807332293292 0.0 0.833333333333 0.996113989637 0.752181500873
0.819812792512 0.0 0.766666666667 0.90414507772 0.660558464223
0.538221528861 0.375 0.633333333333 0.591968911917 0.524432809773
0.5 0.375 0.6 0.556994818653 0.490401396161
0.50624024961 0.625 0.533333333333 0.430051813472 0.364746945899
0.538221528861 0.375 0.633333333333 0.591968911917 0.524432809773
0.633385335413 0.5 0.7 0.503886010363 0.559336823735
0.671606864275 0.5 0.733333333333 0.538860103627 0.593368237347
0.601404056162 0.25 0.666666666667 0.503886010363 0.559336823735
0.601404056162 0.25 0.666666666667 0.503886010363 0.559336823735
0.657566302652 0.25 0.6 0.413212435233 0.423211169284
0.657566302652 0.25 0.6 0.413212435233 0.423211169284
0.5 0.375 0.6 0.556994818653 0.490401396161
0.496099843994 0.375 0.566666666667 0.462435233161 0.418848167539
