0.698102016607 0.0 0.837837837838 0.728308501315 0.849931787176
0.725385527877 0.0 0.810810810811 0.672217353199 0.823328785812
0.577698695136 0.0 0.675675675676 0.460999123576 0.593451568895
0.541518386714 0.0 0.567567567568 0.20245398773 0.391541609823
0.692763938316 0.0 0.810810810811 0.649430324277 0.742837653479
0.634638196916 0.0 0.72972972973 0.559158632778 0.670532060027
0.682087781732 0.0 0.72972972973 0.533742331288 0.681446111869
0.53024911032 0.0 0.648648648649 0.538124452235 0.607776261937
0.884934756821 0.0 0.945945945946 0.868536371604 0.992496589359
0.52846975089 0.0 0.621621621622 0.435582822086 0.527285129604
0.766903914591 0.0 0.783783783784 0.610867659947 0.775579809004
0.688018979834 0.0 0.702702702703 0.478527607362 0.645293315143
0.798339264531 0.0 0.891891891892 0.749342681858 0.835607094134
0.771055753262 0.0 0.864864864865 0.760736196319 0.846521145975
0.663107947805 0.0 0.756756756757 0.652059596845 0.729195088677
0.849940688019 0.0 0.945945945946 0.872042068361 0.942701227831
0.891459074733 0.0 0.945945945946 0.84750219106 0.956343792633
0.761565836299 0.0 0.837837837838 0.765994741455 0.851978171896
0.835705812574 0.0 0.837837837838 0.654688869413 0.81446111869
0.670818505338 0.0 0.756756756757 0.578439964943 0.652114597544
0.548042704626 0.0 0.648648648649 0.425065731814 0.482946793997
0.49881376038 0.0 0.594594594595 0.497808939527 0.555252387449
0.482206405694 0.0 0.567567567568 0.428571428571 0.495907230559
0.55871886121 0.0 0.594594594595 0.4425942156 0.559345156889
0.786476868327 0.0 0.864864864865 0.823838737949 0.893587994543
0.482799525504 0.0 0.621621621622 0.503943908852 0.512278308322
0.4709371293 0.0 0.594594594595 0.486415425066 0.509549795362
0.962040332147 0.0 0.945945945946 0.808063102542 0.968622100955
0.615658362989 0.0 0.621621621622 0.475021910605 0.610504774898
0.73428232503 0.0 0.864864864865 0.839614373357 0.849249658936
0.679715302491 0.0 0.675675675676 0.519719544259 0.663710777626
0.536180308422 0.0 0.540540540541 0.331288343558 0.466575716235
0.406880189798 0.0 0.540540540541 0.492550394391 0.49795361528
0.425266903915 0.0 0.513513513514 0.412795793164 0.463165075034
0.658362989324 0.0 0.783783783784 0.723049956179 0.736016371078
0.561684460261 0.0 0.594594594595 0.404031551271 0.506139154161
0.601423487544 0.0 0.72972972973 0.659070990359 0.665075034106
0.555160142349 0.0 0.648648648649 0.568799298861 0.609140518417
0.484578884935 0.0 0.486486486486 0.197195442594 0.327421555252
0.913997627521 0.0 0.891891891892 0.801928133216 0.954297407913
0.800711743772 0.0 0.891891891892 0.836985100789 0.8758526603
0.855871886121 0.0 0.864864864865 0.679228746713 0.796043656207
0.590747330961 0.0 0.594594594595 0.422436459246 0.544338335607
0.465599051008 0.0 0.486486486486 0.272567922875 0.37653478854
0.79418742586 0.0 0.837837837838 0.67046450482 0.75102319236
0.880782918149 0.0 0.891891891892 0.831726555653 0.944747612551
0.82461311717 0.0 0.903225806452 0.75395256917 0.799355358582
0.601423487544 0.0 0.702702702703 0.598597721297 0.620736698499
0.642593957259 0.0 0.677419354839 0.553359683794 0.64141821112
0.82384341637 0.0 0.918918918919 0.81069237511 0.837653478854
0.494661921708 0.0 0.567567567568 0.386503067485 0.433833560709
0.38256227758 0.0 0.486486486486 0.365468886941 0.37789904502
0.576512455516 0.0 0.621621621622 0.464504820333 0.534788540246
0.533807829181 0.0 0.567567567568 0.407537248028 0.487721691678
0.402728351127 0.0 0.432432432432 0.225241016652 0.306957708049
0.816725978648 0.0 0.837837837838 0.675723049956 0.765347885402
0.900948991696 0.0 0.945945945946 0.804557405784 0.868349249659
0.674377224199 0.0 0.702702702703 0.554776511832 0.634379263302
0.541518386714 0.0 0.675675675676 0.614373356705 0.587994542974
0.621589561091 0.0 0.648648648649 0.550394390885 0.628240109141
0.775800711744 0.0 0.756756756757 0.589833479404 0.713506139154
0.463819691578 0.0 0.486486486486 0.304995617879 0.386766712142
0.50118623962 0.0 0.594594594595 0.439964943032 0.450204638472
0.515421115065 0.0 0.486486486486 0.21472392638 0.345839017735
0.820928518791 0.0 0.870967741935 0.681818181818 0.733279613215
0.717674970344 0.0 0.756756756757 0.571428571429 0.633697135061
0.711150652432 0.0 0.72972972973 0.616126205083 0.698499317872
0.568801897983 0.0 0.513513513514 0.25328659071 0.407912687585
0.593119810202 0.0 0.702702702703 0.576687116564 0.566166439291
0.438908659549 0.0 0.459459459459 0.288343558282 0.365620736698
0.598457888493 0.0 0.621621621622 0.432953549518 0.505457025921
0.628706998814 0.0 0.756756756757 0.650306748466 0.616643929059
0.778766310795 0.0 0.783783783784 0.508326029798 0.594133697135
0.447805456702 0.0 0.513513513514 0.399649430324 0.422919508868
0.725978647687 0.0 0.72972972973 0.631025416301 0.708731241473
0.762158956109 0.0 0.72972972973 0.489044697634 0.601637107776
0.401542111507 0.0 0.405405405405 0.176161262051 0.25102319236
0.714709371293 0.0 0.783783783784 0.643295354952 0.650750341064
0.422894424674 0.0 0.486486486486 0.294478527607 0.306957708049
0.524317912218 0.0 0.513513513514 0.368974583699 0.454979536153
0.387307236062 0.0 0.432432432432 0.307624890447 0.337653478854
0.564056939502 0.0 0.621621621622 0.530236634531 0.547748976808
0.921708185053 0.0 0.891891891892 0.707274320771 0.808321964529
0.55931198102 0.0 0.540540540541 0.32953549518 0.419508867667
0.4128113879 0.0 0.405405405405 0.257668711656 0.334924965894
0.573546856465 0.0 0.702702702703 0.588957055215 0.528649386085
0.61862396204 0.0 0.72972972973 0.767747589833 0.725102319236
0.50059311981 0.0 0.513513513514 0.259421560035 0.31446111869
0.742586002372 0.2 0.864864864865 0.756354075372 0.900409276944
0.655990510083 0.0 0.648648648649 0.446099912358 0.518417462483
0.719285182427 0.0 0.757575757576 0.710794297352 0.737463126844
0.339264531435 0.0 0.405405405405 0.237510955302 0.235334242838
0.451957295374 0.0 0.567567567568 0.53111305872 0.478854024557
0.64406779661 0.0952380952381 0.709677419355 0.572134387352 0.66478646253
0.880619012528 0.0952380952381 0.903225806452 0.799407114625 0.934730056406
0.82948622487 0.0 0.757575757576 0.558044806517 0.692477876106
0.355278766311 0.0 0.405405405405 0.238387379492 0.24965893588
0.489916963227 0.0 0.513513513514 0.336546888694 0.37312414734
0.897390272835 0.0 0.891891891892 0.778264680105 0.843792633015
0.478054567023 0.0 0.459459459459 0.242769500438 0.321282401091
0.41103202847 0.0 0.459459459459 0.319894829097 0.329467939973
0.652431791222 0.0 0.594594594595 0.448729184926 0.56412005457
0.803242446573 0.0 0.806451612903 0.649209486166 0.703464947623
0.397983392645 0.0 0.405405405405 0.24014022787 0.289904502046
0.64922623434 0.0 0.677419354839 0.437747035573 0.46655922643
0.767133382461 0.0 0.774193548387 0.622529644269 0.672038678485
0.431791221827 0.0 0.486486486486 0.287467134093 0.285129604366
0.674281503316 0.142857142857 0.774193548387 0.651185770751 0.744560838034
0.453143534994 0.0 0.432432432432 0.286590709904 0.357435197817
0.361209964413 0.0 0.378378378378 0.205959684487 0.238744884038
0.419335705813 0.0 0.405405405405 0.156879929886 0.216234652115
0.417556346382 0.0 0.432432432432 0.333917616126 0.364256480218
0.374258600237 0.0 0.432432432432 0.352322524102 0.337653478854
0.644128113879 0.0 0.648648648649 0.418930762489 0.457708049113
0.812822402358 0.0 0.806451612903 0.686758893281 0.734891216761
1.0 0.0 0.972972972973 0.865030674847 0.932469304229
0.443653618031 0.0 0.405405405405 0.220858895706 0.298090040928
0.694713328369 0.0 0.69696969697 0.584521384929 0.620206489676
0.675353685778 0.0 0.757575757576 0.705702647658 0.660029498525
0.468564650059 0.0 0.459459459459 0.236634531113 0.276261937244
0.435349940688 0.0 0.405405405405 0.193689745837 0.2517053206
0.555753262159 0.0 0.567567567568 0.382120946538 0.397680763984
0.456702253855 0.0 0.459459459459 0.378615249781 0.401773533424
0.437722419929 0.0 0.459459459459 0.277826468011 0.281718963165
0.312574139976 0.0 0.351351351351 0.246275197195 0.231923601637
0.437129300119 0.0 0.486486486486 0.252410166521 0.227148703956
0.798957557707 0.0 0.757575757576 0.608961303462 0.673303834808
0.326215895611 0.0 0.351351351351 0.18930762489 0.18485675307
0.466785290629 0.0 0.432432432432 0.208588957055 0.263301500682
0.813849590469 0.0 0.878787878788 0.867617107943 0.821533923304
0.75165806927 0.0952380952381 0.774193548387 0.633399209486 0.723609991942
0.788256227758 0.2 0.864864864865 0.751095530237 0.891541609823
0.368920521945 0.0 0.459459459459 0.343558282209 0.270804911323
0.596085409253 0.0 0.648648648649 0.390885188431 0.349931787176
0.362396204033 0.0 0.459459459459 0.390008764242 0.303547066849
0.649292628444 0.0 0.636363636364 0.482688391039 0.505899705015
0.459074733096 0.0 0.459459459459 0.372480280456 0.381991814461
0.877224199288 0.0 0.837837837838 0.625766871166 0.674624829468
0.5871886121 0.0 0.702702702703 0.583698510079 0.474761255116
0.757259865972 0.0 0.69696969697 0.564154786151 0.630530973451
0.993860322333 0.0 1.0 1.0 1.0
0.752075919336 0.0 0.72972972973 0.472392638037 0.49931787176
0.830975428146 0.0 0.878787878788 0.849287169043 0.80604719764
0.376631079478 0.0 0.351351351351 0.160385626643 0.18894952251
0.766939687267 0.0 0.787878787879 0.738289205703 0.719026548673
0.872512896094 0.047619047619 0.903225806452 0.803359683794 0.821917808219
0.783320923306 0.0 0.757575757576 0.690427698574 0.717551622419
0.836403831982 0.047619047619 0.870967741935 0.776679841897 0.790491539081
1.0 0.0 1.0 1.0 1.0
0.473902728351 0.0 0.540540540541 0.389132340053 0.321964529332
0.915115413254 0.0 0.848484848485 0.707739307536 0.773598820059
0.35290628707 0.0 0.351351351351 0.216476774759 0.215552523874
0.799557848195 0.0 0.838709677419 0.763833992095 0.721998388396
0.378410438909 0.0 0.378378378378 0.268185801928 0.265347885402
0.681310498883 0.0 0.666666666667 0.567209775967 0.578908554572
0.57557706627 0.0 0.575757575758 0.421588594705 0.41814159292
0.695457930007 0.0 0.757575757576 0.736252545825 0.667404129794
0.780342516754 0.0 0.727272727273 0.602851323829 0.648230088496
0.648548026806 0.0 0.666666666667 0.56517311609 0.539085545723
0.723008190618 0.0 0.69696969697 0.595723014257 0.613569321534
0.721518987342 0.0 0.757575757576 0.738289205703 0.69395280236
0.756820877817 0.2 0.864864864865 0.830850131464 0.913369713506
0.652271034996 0.0 0.606060606061 0.411405295316 0.448377581121
0.675353685778 0.0 0.69696969697 0.580448065173 0.547935103245
0.519572953737 0.0 0.648648648649 0.70902716915 0.568212824011
0.842144452718 0.0 0.787878787879 0.684317718941 0.725663716814
0.699336772292 0.047619047619 0.774193548387 0.711462450593 0.671232876712
0.699336772292 0.047619047619 0.774193548387 0.711462450593 0.671232876712
0.867141162515 0.2 0.945945945946 0.836108676599 0.93997271487
0.754281459419 0.0 0.727272727273 0.569246435845 0.578171091445
0.867460908414 0.0 0.787878787879 0.647657841141 0.708702064897
0.742367833209 0.0 0.69696969697 0.508146639511 0.532448377581
0.863737900223 0.0 0.909090909091 0.87067209776 0.80383480826
0.29359430605 0.0 0.297297297297 0.145486415425 0.118690313779
0.932241250931 0.0 0.939393939394 0.887983706721 0.857669616519
0.85172004745 0.2 0.945945945946 0.892199824715 0.972032742156
0.67460908414 0.0 0.69696969697 0.630346232179 0.58185840708
0.712583767684 0.0 0.666666666667 0.57433808554 0.592182890855
0.729709605361 0.0 0.69696969697 0.595723014257 0.600294985251
0.807148175726 0.0 0.818181818182 0.76883910387 0.727876106195
0.712336892052 0.2 0.810810810811 0.695004382121 0.766030013643
0.523212969786 0.190476190476 0.645161290323 0.48023715415 0.518130539887
0.737155621742 0.0 0.727272727273 0.698574338086 0.677728613569
0.665438467207 0.0 0.645161290323 0.512845849802 0.502014504432
0.716306775875 0.0 0.666666666667 0.467413441955 0.485250737463
0.677587490692 0.0 0.666666666667 0.607942973523 0.587020648968
0.588235294118 0.0 0.575757575758 0.380855397149 0.360619469027
0.640357408786 0.0 0.636363636364 0.566191446029 0.536135693215
0.621742367833 0.0 0.545454545455 0.346232179226 0.38790560472
0.626334519573 0.2 0.675675675676 0.456617002629 0.572305593452
0.708116157856 0.0 0.787878787879 0.783095723014 0.66814159292
0.804914370812 0.0 0.787878787879 0.737270875764 0.719026548673
0.868205510052 0.0 0.909090909091 0.924643584521 0.84808259587
0.82948622487 0.0 0.818181818182 0.681262729124 0.656342182891
0.731909845789 0.2 0.783783783784 0.622261174408 0.733969986357
0.849347568209 0.2 0.891891891892 0.663453111306 0.784447476126
0.653647752395 0.0952380952381 0.677419354839 0.530632411067 0.56567284448
0.8540899042 0.0 0.870967741935 0.776679841897 0.721998388396
0.8540899042 0.0 0.870967741935 0.776679841897 0.721998388396
0.640569395018 0.2 0.675675675676 0.495179666959 0.62210095498
