0.722684958354 0.0 0.828571428571 0.646975088968 0.802110817942
0.764821166095 0.0 0.885714285714 0.652669039146 0.790677220756
0.735913767761 0.0 0.8 0.65409252669 0.831134564644
0.833904948555 0.0 0.885714285714 0.57153024911 0.737906772208
0.65311121999 0.0 0.714285714286 0.578647686833 0.727352682498
0.713375796178 0.0 0.828571428571 0.66975088968 0.76253298153
0.853503184713 0.0 0.914285714286 0.599288256228 0.74582233949
0.84566389025 0.0 0.914285714286 0.712455516014 0.850483729112
0.702106810387 0.0 0.8 0.622775800712 0.730870712401
0.775110240078 0.0 0.828571428571 0.62846975089 0.759014951627
0.752572268496 0.0 0.857142857143 0.698220640569 0.777484608619
0.594316511514 0.0 0.628571428571 0.417081850534 0.566402814424
0.897109260167 0.0 1.0 0.785053380783 0.854001759015
0.649681528662 0.0 0.657142857143 0.44768683274 0.61125769569
0.948554630083 0.0 0.942857142857 0.684697508897 0.841688654354
0.512493875551 0.0 0.542857142857 0.375088967972 0.494283201407
0.897599216071 0.0 0.942857142857 0.74590747331 0.837291116974
0.781969622734 0.0 0.828571428571 0.614234875445 0.702726473175
0.712885840274 0.0 0.742857142857 0.567971530249 0.664028144239
0.750122488976 0.0 0.828571428571 0.629181494662 0.676341248901
0.600685938266 0.0 0.657142857143 0.585053380783 0.650835532102
0.671729544341 0.0 0.628571428571 0.436298932384 0.595426561126
0.529152376286 0.0 0.542857142857 0.312455516014 0.414248021108
0.560019598236 0.0 0.6 0.390747330961 0.466138962181
0.612934835865 0.0 0.714285714286 0.619928825623 0.620932277924
0.557079862812 0.0 0.571428571429 0.355871886121 0.44327176781
0.661930426262 0.0 0.771428571429 0.588612099644 0.579595426561
0.502694757472 0.0 0.6 0.46975088968 0.472295514512
0.523272905439 0.0 0.628571428571 0.526690391459 0.520668425682
0.446839784419 0.0 0.514285714286 0.380782918149 0.408091468777
0.744732974032 0.0 0.8 0.545195729537 0.583113456464
0.739343459089 0.0 0.685714285714 0.488256227758 0.631486367634
0.684958353748 0.0 0.714285714286 0.472597864769 0.528583992964
0.409113179814 0.0 0.428571428571 0.26334519573 0.322779243624
0.495835374816 0.0 0.571428571429 0.424911032028 0.42656112577
0.822635962763 0.0 0.771428571429 0.56512455516 0.692172383465
0.373346398824 0.0 0.428571428571 0.300355871886 0.320140721196
0.65066144047 0.0 0.742857142857 0.623487544484 0.60510114336
0.757471827536 0.25 0.828571428571 0.556583629893 0.809146877748
0.434100930916 0.0 0.485714285714 0.310320284698 0.332453825858
0.729799612153 0.0 0.7 0.700440528634 0.799575821845
0.352768250857 0.0 0.4 0.251957295374 0.270888302551
0.541891229789 0.0 0.571428571429 0.398576512456 0.433597185576
0.599216070554 0.0 0.685714285714 0.540925266904 0.518029903254
0.46545810877 0.0 0.542857142857 0.476868327402 0.462620932278
0.643802057815 0.0 0.714285714286 0.439857651246 0.430079155673
0.312101910828 0.0 0.342857142857 0.241992882562 0.266490765172
0.341499265066 0.0 0.371428571429 0.241992882562 0.266490765172
0.386085252327 0.0 0.4 0.296797153025 0.335092348285
0.486036256737 0.0 0.485714285714 0.198576512456 0.247141600704
0.50122488976 0.0 0.457142857143 0.272597864769 0.364116094987
0.85520361991 0.0 0.8 0.621145374449 0.723223753977
0.292503674669 0.0 0.314285714286 0.241992882562 0.266490765172
0.910795087266 0.0 0.833333333333 0.790748898678 0.911983032874
0.423811856933 0.0 0.4 0.216370106762 0.284080914688
0.710926016659 0.25 0.828571428571 0.607117437722 0.781002638522
0.566878980892 0.0 0.657142857143 0.52384341637 0.474054529464
0.839689722043 0.0 0.8 0.855726872247 0.933191940615
0.747252747253 0.0 0.666666666667 0.564977973568 0.680805938494
0.632679738562 0.0 0.703703703704 0.731837606838 0.695707070707
0.405683488486 0.0 0.457142857143 0.270462633452 0.250659630607
0.482606565409 0.0 0.428571428571 0.236298932384 0.31926121372
0.570798628123 0.0 0.514285714286 0.232028469751 0.313984168865
0.702003878474 0.0 0.633333333333 0.558370044053 0.652173913043
0.789269553975 0.0 0.766666666667 0.668502202643 0.715800636267
0.393924546791 0.0 0.371428571429 0.158007117438 0.201407211961
0.663890249878 0.0 0.685714285714 0.425622775801 0.423043095866
0.803037726605 0.25 0.885714285714 0.740213523132 0.926121372032
0.641241111829 0.0 0.6 0.526431718062 0.586426299046
0.702003878474 0.0 0.6 0.483480176211 0.603393425239
0.702003878474 0.0 0.6 0.483480176211 0.603393425239
0.630898513251 0.0 0.6 0.519823788546 0.568398727466
1.0 0.0 1.0 0.776512455516 0.793315743184
0.672268907563 0.0 0.6 0.558370044053 0.644750795334
0.269965703087 0.0 0.285714285714 0.189323843416 0.187335092348
0.67614738203 0.0 0.633333333333 0.601321585903 0.657476139979
0.67614738203 0.0 0.633333333333 0.601321585903 0.657476139979
0.804783451842 0.0 0.833333333333 0.857929515419 0.840933191941
0.857789269554 0.0 0.766666666667 0.562775330396 0.664899257688
0.67614738203 0.0 0.566666666667 0.483480176211 0.603393425239
0.396864282215 0.0 0.4 0.221352313167 0.228671943712
0.376286134248 0.0 0.342857142857 0.211387900356 0.255057167986
0.626373626374 0.0 0.566666666667 0.5 0.569459172853
0.702003878474 0.0 0.666666666667 0.594713656388 0.639448568399
0.396732026144 0.0 0.407407407407 0.363247863248 0.361111111111
0.65869424693 0.0 0.6 0.581497797357 0.646871686108
0.820186183244 0.25 0.885714285714 0.664768683274 0.855760773967
0.782805429864 0.0 0.733333333333 0.670704845815 0.726405090138
0.758888170653 0.0 0.733333333333 0.605726872247 0.637327677625
0.250367466928 0.0 0.257142857143 0.189323843416 0.187335092348
0.665158371041 0.0 0.6 0.5 0.569459172853
0.665158371041 0.0 0.6 0.5 0.569459172853
0.297893189613 0.0 0.285714285714 0.2 0.21635883905
0.715335619794 0.25 0.742857142857 0.42206405694 0.648197009675
0.851325145443 0.0 0.833333333333 0.892070484581 0.914103923648
0.992243051067 0.0 0.9 0.890969162996 0.986214209968
0.637362637363 0.0 0.533333333333 0.401982378855 0.507953340403
0.637362637363 0.0 0.533333333333 0.401982378855 0.507953340403
0.425281724645 0.0 0.457142857143 0.190035587189 0.160070360598
0.799612152553 0.0 0.733333333333 0.573788546256 0.641569459173
0.751777634131 0.0 0.633333333333 0.483480176211 0.603393425239
0.579185520362 0.0 0.533333333333 0.444933920705 0.49098621421
1.0 0.0 1.0 1.0 1.0
0.71687136393 0.0 0.666666666667 0.571585903084 0.621420996819
0.755656108597 0.0 0.733333333333 0.730176211454 0.751855779427
0.689075630252 0.0 0.6 0.516519823789 0.604453870626
0.598577892696 0.0 0.566666666667 0.519823788546 0.550371155885
0.598577892696 0.0 0.566666666667 0.519823788546 0.550371155885
0.659340659341 0.0 0.566666666667 0.483480176211 0.574761399788
0.663219133807 0.0 0.633333333333 0.606828193833 0.63520678685
0.607627666451 0.0 0.5 0.401982378855 0.507953340403
0.607627666451 0.0 0.5 0.401982378855 0.507953340403
0.536522301228 0.0 0.5 0.438325991189 0.47295864263
0.533936651584 0.0 0.466666666667 0.444933920705 0.50901378579
0.623141564318 0.0 0.566666666667 0.48127753304 0.53446447508
0.549450549451 0.0 0.5 0.444933920705 0.49098621421
0.67614738203 0.0 0.566666666667 0.401982378855 0.507953340403
0.725274725275 0.0 0.7 0.646475770925 0.668080593849
0.69941822883 0.0 0.666666666667 0.606828193833 0.63520678685
0.847446670976 0.0 0.8 0.643171806167 0.686108165429
0.698771816419 0.0 0.666666666667 0.57268722467 0.600212089077
0.828025477707 0.25 0.914285714286 0.725978647687 0.884784520668
0.568842921784 0.0 0.533333333333 0.519823788546 0.550371155885
0.633484162896 0.0 0.6 0.606828193833 0.63520678685
0.682611506141 0.0 0.566666666667 0.483480176211 0.592788971368
0.646412411118 0.0 0.533333333333 0.401982378855 0.507953340403
0.697478991597 0.0 0.633333333333 0.56718061674 0.623541887593
0.79185520362 0.0 0.666666666667 0.526431718062 0.643690349947
0.729799612153 0.0 0.633333333333 0.503303964758 0.591728525981
0.790562378798 0.0 0.733333333333 0.562775330396 0.611876988335
0.747252747253 0.0 0.666666666667 0.59140969163 0.663838812301
0.684967320261 0.0 0.777777777778 0.811965811966 0.710858585859
0.572721396251 0.0 0.5 0.444933920705 0.50901378579
0.740788623142 0.0 0.666666666667 0.581497797357 0.646871686108
0.588235294118 0.0 0.533333333333 0.444933920705 0.49098621421
0.581771170006 0.0 0.466666666667 0.401982378855 0.507953340403
0.235668789809 0.0 0.228571428571 0.140925266904 0.138082673703
0.656755009696 0.0 0.6 0.606828193833 0.653234358431
0.607627666451 0.0 0.566666666667 0.519823788546 0.550371155885
0.508080155139 0.0 0.433333333333 0.444933920705 0.50901378579
0.508080155139 0.0 0.433333333333 0.444933920705 0.50901378579
0.508080155139 0.0 0.433333333333 0.444933920705 0.50901378579
0.535875888817 0.0 0.5 0.468061674009 0.493107104984
0.61979421852 0.25 0.657142857143 0.456939501779 0.658751099384
0.523594053006 0.0 0.466666666667 0.444933920705 0.49098621421
0.523594053006 0.0 0.466666666667 0.444933920705 0.49098621421
0.523594053006 0.0 0.466666666667 0.444933920705 0.49098621421
0.727213962508 0.0 0.666666666667 0.606828193833 0.656415694592
0.935358758888 0.0 0.866666666667 0.732378854626 0.790031813362
0.605042016807 0.0 0.533333333333 0.519823788546 0.580063626723
0.617970265029 0.0 0.5 0.401982378855 0.507953340403
0.784098254686 0.0 0.733333333333 0.679515418502 0.717921527041
0.343891402715 0.0 0.30303030303 0.229223744292 0.257352941176
0.770523594053 0.0 0.7 0.579295154185 0.636267232238
0.827407886231 0.0 0.8 0.693832599119 0.707317073171
0.447058823529 0.0 0.444444444444 0.395299145299 0.383838383838
0.725274725275 0.0 0.7 0.703744493392 0.71474019088
0.620555914674 0.0 0.5 0.401982378855 0.507953340403
0.620555914674 0.0 0.5 0.401982378855 0.507953340403
0.632837750485 0.0 0.566666666667 0.5 0.551431601273
0.549450549451 0.0 0.5 0.438325991189 0.47295864263
0.570782159017 0.0 0.5 0.418502202643 0.474019088017
0.579185520362 0.0 0.533333333333 0.519823788546 0.550371155885
0.546864899806 0.0 0.466666666667 0.444933920705 0.50901378579
0.546864899806 0.0 0.466666666667 0.444933920705 0.50901378579
0.574660633484 0.0 0.533333333333 0.468061674009 0.493107104984
0.562378797673 0.0 0.5 0.444933920705 0.49098621421
0.568196509373 0.0 0.466666666667 0.425110132159 0.510074231177
0.49709114415 0.0 0.466666666667 0.461453744493 0.475079533404
0.49709114415 0.0 0.466666666667 0.461453744493 0.475079533404
0.683257918552 0.0 0.633333333333 0.602422907489 0.63520678685
0.842275371687 0.0 0.733333333333 0.727973568282 0.819724284199
0.655462184874 0.0 0.6 0.569383259912 0.607635206787
0.594053005818 0.0 0.566666666667 0.536343612335 0.546129374337
0.594053005818 0.0 0.566666666667 0.54295154185 0.55249204666
0.594053005818 0.0 0.566666666667 0.54295154185 0.55249204666
0.581771170006 0.0 0.533333333333 0.519823788546 0.550371155885
0.654815772463 0.0 0.6 0.520925110132 0.557794273595
0.571428571429 0.0 0.5 0.444933920705 0.498409331919
0.592760180995 0.0 0.5 0.421806167401 0.496288441145
0.510019392372 0.0 0.466666666667 0.468061674009 0.493107104984
0.603102779573 0.0 0.533333333333 0.5 0.551431601273
0.717517776341 0.0 0.666666666667 0.726872246696 0.759278897137
0.617970265029 0.0 0.566666666667 0.525330396476 0.557794273595
0.862314156432 0.0 0.733333333333 0.546255506608 0.656415694592
0.695539754363 0.0 0.666666666667 0.702643171806 0.712619300106
0.60698125404 0.0 0.566666666667 0.54295154185 0.564156945917
0.782805429864 0.0 0.766666666667 0.777533039648 0.774125132556
0.533290239173 0.0 0.5 0.461453744493 0.475079533404
0.749191984486 0.0 0.733333333333 0.618942731278 0.615058324496
0.529411764706 0.0 0.5 0.54295154185 0.55249204666
0.778280542986 0.0 0.666666666667 0.526431718062 0.618239660657
0.671622495152 0.0 0.6 0.5 0.551431601273
0.375163398693 0.0 0.333333333333 0.290598290598 0.311868686869
0.546218487395 0.0 0.5 0.468061674009 0.493107104984
0.62443438914 0.0 0.5 0.422907488987 0.525980911983
0.733678086619 0.0 0.666666666667 0.688325991189 0.733828207847
0.578539107951 0.0 0.5 0.464757709251 0.521739130435
0.553329023917 0.0 0.5 0.459251101322 0.49098621421
0.605042016807 0.0 0.566666666667 0.552863436123 0.569459172853
