0.78937947494 0.0 0.868421052632 0.71404109589 0.87423521414
0.723747016706 0.0 0.842105263158 0.789383561644 0.87831407206
0.687350835322 0.0 0.763157894737 0.634417808219 0.762746430999
0.591288782816 0.0 0.710526315789 0.648116438356 0.723317471108
0.837112171838 0.0 0.894736842105 0.743150684932 0.8762746431
0.684251968504 0.0 0.733333333333 0.523489932886 0.653979238754
0.77446300716 0.0 0.815789473684 0.686643835616 0.819850441876
0.732283464567 0.0 0.8 0.699105145414 0.799307958478
0.714797136038 0.0 0.789473684211 0.685787671233 0.764785859959
0.76491646778 0.0 0.789473684211 0.617294520548 0.741672331747
0.770883054893 0.0 0.815789473684 0.679794520548 0.782460910945
0.589498806683 0.0 0.684210526316 0.515410958904 0.566281441196
0.741646778043 0.0 0.815789473684 0.630993150685 0.700883752549
0.415871121718 0.0 0.526315789474 0.46404109589 0.492182188987
0.934367541766 0.0 0.947368421053 0.765410958904 0.866757307954
0.628878281623 0.0 0.736842105263 0.681506849315 0.68252889191
0.471957040573 0.0 0.473684210526 0.317636986301 0.423521414004
0.510143198091 0.0 0.473684210526 0.22345890411 0.36709721278
0.454653937947 0.0 0.473684210526 0.296232876712 0.382732834806
0.89200477327 0.0 0.947368421053 0.839897260274 0.884432358939
0.55369928401 0.0 0.631578947368 0.547945205479 0.563562202583
0.562052505967 0.0 0.578947368421 0.404109589041 0.478585995921
0.663779527559 0.0 0.7 0.514541387025 0.569204152249
0.856692913386 0.0 0.833333333333 0.670022371365 0.783737024221
0.660928143713 0.0 0.647058823529 0.484876260312 0.580668604651
0.660928143713 0.0 0.647058823529 0.484876260312 0.580668604651
0.671653543307 0.0 0.733333333333 0.592841163311 0.612456747405
0.542362768496 0.0 0.552631578947 0.390410958904 0.460231135282
0.712410501193 0.0 0.684210526316 0.52397260274 0.63086335826
0.587708830549 0.0 0.657894736842 0.595034246575 0.602311352821
0.507756563246 0.0 0.605263157895 0.545376712329 0.519374575119
0.844868735084 0.0 0.921052631579 0.857876712329 0.852481305235
0.929921259843 0.0 0.9 0.82774049217 0.927335640138
0.829355608592 0.0 0.736842105263 0.573630136986 0.734194425561
0.648568019093 0.0 0.710526315789 0.545376712329 0.551325628824
0.657185628743 0.0 0.617647058824 0.417965169569 0.521075581395
0.874803149606 0.0 0.866666666667 0.744966442953 0.815743944637
0.496420047733 0.0 0.5 0.239726027397 0.296397008838
0.920472440945 0.0 0.9 0.833333333333 0.911764705882
0.705278592375 0.0 0.71875 0.558823529412 0.603312302839
0.779832935561 0.0 0.789473684211 0.607020547945 0.654656696125
0.848031496063 0.0 0.766666666667 0.615212527964 0.750865051903
0.891338582677 0.0 0.9 0.819910514541 0.864186851211
0.774015748031 0.0 0.733333333333 0.630872483221 0.720588235294
0.396181384248 0.0 0.447368421053 0.361301369863 0.356900067981
0.813385826772 0.0 0.8 0.708053691275 0.768166089965
0.451670644391 0.0 0.578947368421 0.529965753425 0.448674371176
0.801312649165 0.166666666667 0.789473684211 0.611301369863 0.835486063902
0.951968503937 0.0 0.933333333333 0.843400447427 0.904844290657
0.971653543307 0.0 0.933333333333 0.846756152125 0.927335640138
0.817322834646 0.0 0.8 0.675615212528 0.733564013841
0.847244094488 0.0 0.9 0.87807606264 0.865051903114
0.765354330709 0.0 0.766666666667 0.619686800895 0.656574394464
0.683464566929 0.0 0.766666666667 0.673378076063 0.628027681661
0.887401574803 0.0 0.9 0.884787472036 0.909169550173
0.733858267717 0.0 0.766666666667 0.723713646532 0.727508650519
0.811811023622 0.0 0.833333333333 0.749440715884 0.76384083045
0.479116945107 0.0 0.5 0.424657534247 0.434398368457
0.795942720764 0.0 0.736842105263 0.589897260274 0.679129843644
0.730708661417 0.0 0.733333333333 0.589485458613 0.613321799308
0.537589498807 0.0 0.552631578947 0.420376712329 0.431679129844
0.841732283465 0.0 0.9 0.831096196868 0.797577854671
0.703937007874 0.0 0.733333333333 0.57158836689 0.564878892734
0.381861575179 0.0 0.473684210526 0.386130136986 0.31543167913
0.782677165354 0.0 0.833333333333 0.683445190157 0.650519031142
0.520286396181 0.0 0.552631578947 0.472602739726 0.457511896669
0.863779527559 0.0 0.866666666667 0.848993288591 0.862456747405
0.415871121718 0.0 0.5 0.428082191781 0.360299116247
0.489856801909 0.0 0.447368421053 0.205479452055 0.263086335826
0.734645669291 0.0 0.733333333333 0.645413870246 0.661764705882
0.410501193317 0.0 0.342105263158 0.105308219178 0.188307273963
0.466587112172 0.0 0.552631578947 0.5625 0.49082256968
0.716535433071 0.0 0.7 0.57158836689 0.602076124567
0.591338582677 0.0 0.633333333333 0.498881431767 0.470588235294
0.855608591885 0.166666666667 0.868421052632 0.662671232877 0.829367777022
0.913385826772 0.0 0.933333333333 0.847874720358 0.839100346021
0.722047244094 0.0 0.8 0.807606263982 0.740484429066
0.63622754491 0.0 0.558823529412 0.395050412466 0.47601744186
0.724409448819 0.0 0.7 0.580536912752 0.608131487889
0.846456692913 0.0 0.833333333333 0.767337807606 0.782871972318
0.748818897638 0.0 0.8 0.712527964206 0.663494809689
0.610236220472 0.0 0.6 0.4451901566 0.454152249135
0.743307086614 0.0 0.766666666667 0.676733780761 0.651384083045
0.809069212411 0.0 0.842105263158 0.708904109589 0.673691366417
0.802362204724 0.0 0.866666666667 0.821029082774 0.754325259516
0.774015748031 0.0 0.833333333333 0.757270693512 0.695501730104
0.793700787402 0.0 0.8 0.755033557047 0.744809688581
1.0 0.0 1.0 1.0 0.993944636678
0.858267716535 0.0 0.866666666667 0.870246085011 0.85553633218
0.861417322835 0.0 0.766666666667 0.562639821029 0.650519031142
0.87874015748 0.0 0.9 0.856823266219 0.828719723183
0.837007874016 0.0 0.866666666667 0.819910514541 0.782006920415
0.927804295943 0.166666666667 0.947368421053 0.83904109589 0.977566281441
0.957480314961 0.0 0.9 0.748322147651 0.796712802768
0.687401574803 0.0 0.733333333333 0.62192393736 0.56660899654
0.737795275591 0.0 0.733333333333 0.692393736018 0.68598615917
0.946456692913 0.0 0.966666666667 0.961968680089 0.929065743945
0.782677165354 0.0 0.766666666667 0.666666666667 0.66955017301
0.671554252199 0.0588235294118 0.75 0.65231092437 0.619085173502
0.671554252199 0.0588235294118 0.75 0.65231092437 0.619085173502
