0.474080267559 0.0 0.641025641026 0.497293640054 0.60889470242
0.496655518395 0.0 0.692307692308 0.548714479026 0.591890124264
0.734682713348 0.0 0.833333333333 0.6875 0.803424657534
0.609113712375 0.0 0.74358974359 0.664411366712 0.741007194245
0.396321070234 0.0 0.538461538462 0.506089309878 0.573577501635
0.382107023411 0.0 0.538461538462 0.404600811908 0.445389143231
0.457877461707 0.0 0.555555555556 0.463734567901 0.558904109589
0.704040771751 0.0 0.795918367347 0.716577540107 0.813447927199
0.504598662207 0.0 0.641025641026 0.564276048714 0.611510791367
0.676695842451 0.0 0.75 0.675154320988 0.781506849315
0.426839464883 0.0 0.564102564103 0.516238159675 0.55853499019
0.494147157191 0.0 0.666666666667 0.575101488498 0.575539568345
0.41889632107 0.0 0.589743589744 0.468200270636 0.468279921517
0.41889632107 0.0 0.589743589744 0.468200270636 0.468279921517
0.539387308534 0.0 0.638888888889 0.564814814815 0.631506849315
0.614332603939 0.0 0.638888888889 0.529320987654 0.670547945205
0.449414715719 0.0 0.589743589744 0.462787550744 0.487246566383
0.599927193302 0.0 0.734693877551 0.724064171123 0.753286147624
0.672240802676 0.0 0.717948717949 0.577131258457 0.691955526488
0.403428093645 0.0 0.564102564103 0.510825439783 0.508829300196
0.523411371237 0.0 0.666666666667 0.641407307172 0.654022236756
0.822351656352 0.0 0.877551020408 0.824598930481 0.925176946411
0.430287586458 0.0 0.510204081633 0.439572192513 0.514155712841
0.721150345832 0.0 0.775510204082 0.693048128342 0.791708796764
0.569474835886 0.0 0.638888888889 0.50462962963 0.586301369863
0.738512035011 0.0 0.75 0.632716049383 0.770547945205
0.402625820569 0.0 0.472222222222 0.364197530864 0.443835616438
0.693847834001 0.0 0.755102040816 0.696256684492 0.783114256825
0.565217391304 0.0 0.666666666667 0.525710419486 0.570961412688
0.81181619256 0.0 0.888888888889 0.912808641975 0.980821917808
0.497909698997 0.0 0.641025641026 0.608930987821 0.61085676913
0.459046232253 0.0 0.591836734694 0.613903743316 0.624873609707
0.748745819398 0.0 0.871794871795 0.848443843031 0.868541530412
0.43818380744 0.0 0.527777777778 0.50462962963 0.557534246575
0.64652348016 0.0 0.775510204082 0.798930481283 0.812436804853
0.53829321663 0.0 0.666666666667 0.600308641975 0.613698630137
0.632932166302 0.0 0.694444444444 0.66512345679 0.742465753425
0.510940919037 0.0 0.583333333333 0.479166666667 0.543835616438
0.371237458194 0.0 0.512820512821 0.509472259811 0.504251144539
0.489059080963 0.0 0.638888888889 0.638117283951 0.623287671233
0.612691466083 0.0 0.666666666667 0.670524691358 0.749315068493
0.456783369803 0.0 0.555555555556 0.552469135802 0.586301369863
0.475382932166 0.0 0.583333333333 0.59799382716 0.622602739726
0.334546778304 0.0 0.448979591837 0.422459893048 0.439838220425
0.404805242082 0.0 0.530612244898 0.532085561497 0.536400404449
0.416301969365 0.0 0.472222222222 0.433641975309 0.506164383562
0.736323851204 0.0 0.805555555556 0.748456790123 0.805479452055
0.668490153173 0.0 0.694444444444 0.588734567901 0.688356164384
0.35020021842 0.0 0.469387755102 0.408021390374 0.414054600607
0.350334448161 0.0 0.461538461538 0.404600811908 0.418574231524
0.636214442013 0.0 0.722222222222 0.682098765432 0.721232876712
0.623745819398 0.0 0.769230769231 0.776048714479 0.755395683453
0.596280087527 0.0 0.666666666667 0.536265432099 0.58904109589
0.298076923077 0.0 0.384615384615 0.403924221922 0.438848920863
0.486870897155 0.0 0.555555555556 0.610339506173 0.662328767123
0.562363238512 0.0 0.638888888889 0.601080246914 0.645205479452
0.676695842451 0.0 0.722222222222 0.614969135802 0.689726027397
0.391270153362 0.0 0.520833333333 0.507804370447 0.497078870497
0.538733779001 0.0 0.6875 0.720083246618 0.689386562804
0.528446389497 0.0 0.583333333333 0.545524691358 0.606849315068
0.489606126915 0.0 0.555555555556 0.523148148148 0.573287671233
0.507111597374 0.0 0.583333333333 0.520833333333 0.559589041096
0.770484949833 0.0 0.74358974359 0.689445196211 0.831262262917
0.839715536105 0.0 0.861111111111 0.755401234568 0.847945205479
0.445652173913 0.0 0.538461538462 0.435723951286 0.456507521256
0.487964989059 0.0 0.611111111111 0.637345679012 0.626712328767
0.597374179431 0.0 0.638888888889 0.552469135802 0.622602739726
0.808528428094 0.0 0.820512820513 0.74898511502 0.848266841073
0.641427011285 0.0 0.755102040816 0.744919786096 0.741152679474
0.682692307692 0.0 0.794871794872 0.778755074425 0.776324395029
0.694748358862 0.0 0.805555555556 0.810185185185 0.808904109589
0.603938730853 0.0 0.666666666667 0.663580246914 0.709589041096
0.322533673098 0.0 0.428571428571 0.386631016043 0.388776541962
0.582817619221 0.0 0.69387755102 0.697326203209 0.694135490394
0.775711159737 0.0 0.888888888889 0.854166666667 0.848630136986
0.872073578595 0.0 0.948717948718 0.800405953992 0.831262262917
0.601203501094 0.0 0.666666666667 0.693672839506 0.735616438356
0.63238512035 0.0 0.666666666667 0.571759259259 0.642465753425
0.527899343545 0.0 0.638888888889 0.699845679012 0.693835616438
0.403010033445 0.0 0.487179487179 0.339648173207 0.360366252453
0.707330415755 0.0 0.777777777778 0.783179012346 0.817123287671
0.566192560175 0.0 0.611111111111 0.611882716049 0.671232876712
0.751641137856 0.0 0.777777777778 0.622685185185 0.700684931507
0.553610503282 0.0 0.583333333333 0.54012345679 0.613698630137
0.500589854503 0.0 0.666666666667 0.712799167534 0.649951314508
0.615973741794 0.0 0.638888888889 0.52237654321 0.600684931507
0.76750547046 0.0 0.833333333333 0.800154320988 0.834931506849
0.286494357481 0.0 0.367346938776 0.3 0.318503538928
0.544857768053 0.0 0.611111111111 0.591049382716 0.62397260274
0.382235165635 0.0 0.489795918367 0.452406417112 0.443882709808
0.584792122538 0.0 0.638888888889 0.614969135802 0.658904109589
0.535557986871 0.0 0.611111111111 0.584104938272 0.604794520548
0.615973741794 0.0 0.638888888889 0.524691358025 0.597945205479
0.46814706953 0.0 0.530612244898 0.470053475936 0.50353892821
0.722100656455 0.0 0.805555555556 0.83024691358 0.841780821918
0.246450673462 0.0 0.34693877551 0.268449197861 0.262891809909
0.800328227571 0.0 0.75 0.59799382716 0.742465753425
0.728118161926 0.0 0.805555555556 0.806327160494 0.822602739726
0.63238512035 0.0 0.722222222222 0.692901234568 0.695890410959
0.618161925602 0.0 0.722222222222 0.65200617284 0.640410958904
