0.466585662211 0.0 0.609756097561 0.622176591376 0.695979899497
0.626974483597 0.0 0.780487804878 0.698151950719 0.75
0.755868544601 0.0 0.913043478261 0.94748603352 0.989118607182
0.37264870361 0.0 0.5 0.407673860911 0.47001303781
0.545159983799 0.0 0.634146341463 0.565366187543 0.663944723618
0.61806399352 0.0 0.780487804878 0.731006160164 0.755025125628
0.496031746032 0.0 0.652173913043 0.558477895915 0.585519412382
0.634264884569 0.0 0.756097560976 0.698151950719 0.756909547739
0.653279105236 0.0 0.75 0.639488409273 0.721642764016
0.392496392496 0.0 0.54347826087 0.448796866256 0.475341028332
0.480438184664 0.0 0.673913043478 0.744134078212 0.727421109902
0.511438739197 0.0 0.694444444444 0.716227018385 0.70925684485
0.809163059163 0.0 0.934782608696 0.867375489647 0.917103882476
0.761544011544 0.0 0.869565217391 0.833799664242 0.898216159496
0.713223787167 0.0 0.869565217391 0.955865921788 0.97007616975
0.604851330203 0.0 0.739130434783 0.73687150838 0.773122959739
0.337301587302 0.0 0.434782608696 0.373810856184 0.445435466946
0.664862914863 0.0 0.847826086957 0.860660324566 0.845750262329
0.459702660407 0.0 0.652173913043 0.720670391061 0.694232861806
0.501779359431 0.0 0.583333333333 0.440447641886 0.518252933507
0.471439749609 0.0 0.586956521739 0.605027932961 0.646898803047
0.426537874936 0.0 0.527777777778 0.486011191047 0.541720990874
0.647546897547 0.0 0.804347826087 0.785674314494 0.785414480588
0.437722419929 0.0 0.555555555556 0.501199040767 0.539765319426
0.715810879512 0.0 0.888888888889 0.896083133493 0.879400260756
0.505846466701 0.0 0.638888888889 0.676258992806 0.699478487614
0.642094560244 0.0 0.722222222222 0.609912070344 0.685788787484
0.459235209235 0.0 0.608695652174 0.592613318411 0.598111227702
0.726204941272 0.0 0.780487804878 0.707049965777 0.80527638191
0.545159983799 0.0 0.682926829268 0.691991786448 0.706030150754
0.588713777326 0.0 0.722222222222 0.697841726619 0.715775749674
0.625826131164 0.0 0.777777777778 0.787370103917 0.786831812256
0.563802745297 0.0 0.694444444444 0.610711430855 0.629074315515
0.569624819625 0.0 0.739130434783 0.668718522664 0.64795383001
0.747839349263 0.0 0.888888888889 0.938449240608 0.945893089961
0.434272300469 0.0 0.586956521739 0.656983240223 0.652339499456
0.624300965938 0.0 0.805555555556 0.792166266986 0.758800521512
0.896103896104 0.0 0.95652173913 0.872411863458 0.95907660021
0.492119979664 0.0 0.611111111111 0.598721023181 0.625814863103
0.688866293849 0.0 0.805555555556 0.78896882494 0.818122555411
0.485002541942 0.0 0.583333333333 0.513988808953 0.559322033898
0.355609558526 0.0 0.487804878049 0.408624229979 0.41959798995
0.453990849009 0.0 0.583333333333 0.601119104716 0.61408083442
0.55465175394 0.0 0.666666666667 0.606714628297 0.635593220339
0.660904931368 0.0 0.777777777778 0.785771382894 0.80964797914
0.687849517031 0.0 0.777777777778 0.797761790568 0.847457627119
0.470635884974 0.0 0.609756097561 0.574264202601 0.574748743719
0.490076954232 0.0 0.658536585366 0.670773442847 0.641331658291
0.557359307359 0.0 0.760869565217 0.802462227196 0.737670514166
0.363304981774 0.0 0.463414634146 0.418206707734 0.456030150754
0.623792577529 0.0 0.75 0.730615507594 0.74185136897
0.534271284271 0.0 0.695652173913 0.619473978735 0.594963273872
0.354256854257 0.0 0.45652173913 0.377168438724 0.411332633788
0.341028756582 0.0 0.463414634146 0.449691991786 0.462939698492
0.485510930351 0.0 0.638888888889 0.635491606715 0.616036505867
0.478715728716 0.0 0.630434782609 0.520425293788 0.502623294858
0.658566221142 0.0 0.780487804878 0.812457221081 0.824120603015
0.574478901881 0.0 0.694444444444 0.652278177458 0.665580182529
0.689374682257 0.0 0.777777777778 0.749000799361 0.792698826597
0.476525821596 0.0 0.652173913043 0.711173184358 0.667573449402
0.564819522115 0.0 0.694444444444 0.661870503597 0.6629726206
0.603457041179 0.0 0.722222222222 0.670663469225 0.682529335072
0.493645144891 0.0 0.583333333333 0.605915267786 0.645371577575
0.354256854257 0.0 0.478260869565 0.482932288752 0.487932843652
0.356824625354 0.0 0.439024390244 0.392881587953 0.437814070352
0.66627543036 0.0 0.782608695652 0.835195530726 0.846028291621
0.637519064565 0.0 0.805555555556 0.806554756195 0.765319426336
0.593797661413 0.0 0.75 0.737809752198 0.707953063885
0.561769191662 0.0 0.666666666667 0.611510791367 0.631681877445
0.309884559885 0.0 0.478260869565 0.436485730274 0.392444910808
0.674631418404 0.0 0.805555555556 0.772981614708 0.765319426336
0.730554143366 0.0 0.805555555556 0.730615507594 0.778357235984
0.746314184037 0.0 0.777777777778 0.691446842526 0.782268578879
0.41744913928 0.0 0.565217391304 0.584916201117 0.558215451578
0.810371123538 0.0 0.916666666667 0.910471622702 0.925032594524
0.597402597403 0.0 0.673913043478 0.630106323447 0.672612801679
0.318542568543 0.0 0.434782608696 0.349748181309 0.351521511018
0.309467918623 0.0 0.45652173913 0.473184357542 0.443960826986
0.640569395018 0.0 0.722222222222 0.699440447642 0.734028683181
0.689374682257 0.0 0.777777777778 0.744204636291 0.77183833116
0.516522623284 0.0 0.638888888889 0.641886490807 0.634941329857
0.662938485003 0.0 0.777777777778 0.687450039968 0.687744458931
0.635993899339 0.0 0.777777777778 0.789768185452 0.762711864407
0.560752414845 0.0 0.638888888889 0.618705035971 0.654498044329
0.55465175394 0.0 0.638888888889 0.636290967226 0.665580182529
0.660904931368 0.0 0.722222222222 0.629096722622 0.680573663625
0.377480761442 0.0 0.512195121951 0.52977412731 0.506909547739
0.593289273005 0.0 0.666666666667 0.671462829736 0.709908735332
0.657346212506 0.0 0.805555555556 0.868904876099 0.831812255541
0.585663446873 0.0 0.666666666667 0.614708233413 0.64406779661
0.555160142349 0.0 0.666666666667 0.649080735412 0.647327249022
0.859668109668 0.0 0.978260869565 0.951874650252 0.942812172088
0.749364514489 0.0 0.805555555556 0.804956035172 0.857887874837
0.363458528951 0.0 0.45652173913 0.45251396648 0.467899891186
0.363458528951 0.0 0.45652173913 0.45251396648 0.467899891186
0.632943568887 0.0 0.777777777778 0.7585931255 0.720990873533
0.571936959837 0.0 0.694444444444 0.684252597922 0.668839634941
0.672336978534 0.0 0.756097560976 0.649555099247 0.672738693467
0.779867819014 0.0 0.888888888889 0.906474820144 0.904172099087
0.662430096594 0.0 0.777777777778 0.739408473221 0.730769230769
