0.577192982456 0.333333333333 0.65 0.568181818182 0.564236111111
0.296052631579 0.666666666667 0.375 0.324025974026 0.318287037037
0.312719298246 0.0 0.375 0.352597402597 0.313657407407
0.437280701754 0.0 0.55 0.511038961039 0.475115740741
0.64298245614 0.0 0.8 0.824025974026 0.787037037037
0.862280701754 0.0 0.825 0.794155844156 0.671875
0.950877192982 0.0 0.9 0.874675324675 0.842592592593
0.776754385965 0.0 0.75 0.695454545455 0.583333333333
0.319736842105 0.0 0.425 0.37987012987 0.329861111111
0.950877192982 0.0 0.9 0.874675324675 0.842592592593
0.595175438596 0.0 0.7 0.652597402597 0.594907407407
0.560964912281 0.0 0.5 0.42012987013 0.351273148148
0.753947368421 0.666666666667 0.7 0.538311688312 0.58275462963
0.950877192982 0.0 0.9 0.874675324675 0.842592592593
0.531140350877 0.666666666667 0.65 0.653246753247 0.663773148148
0.807456140351 0.333333333333 0.675 0.553246753247 0.591435185185
0.619298245614 0.666666666667 0.575 0.457142857143 0.478009259259
0.876754385965 0.0 0.8 0.785064935065 0.662615740741
0.82149122807 0.666666666667 0.825 0.772077922078 0.734375
0.860087719298 0.666666666667 0.85 0.803246753247 0.774884259259
0.472807017544 0.333333333333 0.45 0.385064935065 0.349537037037
0.59298245614 0.333333333333 0.575 0.483766233766 0.520833333333
0.579824561404 0.333333333333 0.575 0.47012987013 0.460069444444
0.580263157895 0.333333333333 0.575 0.478571428571 0.484953703704
0.607456140351 0.0 0.65 0.596103896104 0.559027777778
0.337719298246 0.0 0.4 0.329220779221 0.277199074074
0.971052631579 0.0 1.0 1.0 1.0
0.879824561404 0.0 0.825 0.774675324675 0.706018518519
0.683771929825 0.0 0.775 0.737012987013 0.668402777778
0.523245614035 0.666666666667 0.525 0.400649350649 0.362847222222
0.488157894737 0.0 0.575 0.541558441558 0.418981481481
0.48201754386 0.0 0.475 0.41038961039 0.403356481481
0.38201754386 0.666666666667 0.35 0.264285714286 0.254050925926
0.733771929825 0.0 0.775 0.751948051948 0.642939814815
0.471052631579 0.0 0.575 0.514935064935 0.516203703704
0.414473684211 0.333333333333 0.45 0.36038961039 0.388888888889
0.488157894737 0.0 0.575 0.518181818182 0.484953703704
0.525 0.0 0.575 0.578571428571 0.472222222222
0.478947368421 0.0 0.45 0.414935064935 0.351851851852
0.404824561404 0.0 0.45 0.387662337662 0.292824074074
0.607456140351 0.0 0.65 0.596103896104 0.559027777778
0.473684210526 0.0 0.5 0.350649350649 0.288194444444
0.714473684211 0.0 0.7 0.638961038961 0.642939814815
0.830263157895 0.0 0.8 0.611688311688 0.722222222222
0.473684210526 0.0 0.5 0.350649350649 0.288194444444
0.526315789474 1.0 0.6 0.512987012987 0.532407407407
0.950877192982 0.0 0.9 0.874675324675 0.842592592593
0.460087719298 0.0 0.4 0.327272727273 0.364583333333
0.785964912281 0.0 0.75 0.749350649351 0.619212962963
0.665350877193 0.0 0.625 0.588961038961 0.472222222222
0.636403508772 0.0 0.675 0.56038961039 0.59375
0.566666666667 0.0 0.65 0.555194805195 0.524305555556
0.695614035088 0.0 0.625 0.552597402597 0.501736111111
0.747368421053 0.0 0.725 0.642207792208 0.56712962963
0.681578947368 0.0 0.65 0.582467532468 0.494791666667
0.553070175439 0.0 0.625 0.522077922078 0.523726851852
0.626315789474 0.0 0.675 0.587662337662 0.53125
0.604385964912 0.0 0.65 0.596753246753 0.576388888889
0.601315789474 0.0 0.7 0.655844155844 0.639467592593
1.0 0.0 1.0 0.985714285714 0.844328703704
0.704385964912 0.0 0.8 0.731818181818 0.762731481481
0.741666666667 0.0 0.85 0.772077922078 0.756365740741
0.824561403509 0.0 0.825 0.719480519481 0.732638888889
0.490350877193 0.0 0.575 0.518831168831 0.467013888889
0.813157894737 0.666666666667 0.775 0.736363636364 0.661458333333
0.64298245614 0.666666666667 0.65 0.629220779221 0.515046296296
0.782456140351 0.666666666667 0.875 0.883116883117 0.807291666667
0.490350877193 0.0 0.575 0.518831168831 0.467013888889
0.75 0.0 0.7 0.633116883117 0.510416666667
0.537719298246 0.0 0.675 0.663636363636 0.521412037037
0.560964912281 0.0 0.5 0.42012987013 0.351273148148
0.359210526316 0.0 0.425 0.401298701299 0.352430555556
0.319736842105 0.0 0.35 0.305844155844 0.316550925926
0.747368421053 0.0 0.725 0.642207792208 0.56712962963
0.783333333333 0.0 0.775 0.687012987013 0.620949074074
0.659649122807 0.0 0.725 0.624675324675 0.595486111111
0.79649122807 0.333333333333 0.775 0.655194805195 0.630787037037
0.595175438596 0.0 0.7 0.652597402597 0.594907407407
0.80701754386 0.0 0.85 0.801948051948 0.734375
0.338596491228 0.0 0.35 0.313636363636 0.313078703704
0.795175438596 0.0 0.775 0.746753246753 0.669560185185
0.716666666667 0.0 0.8 0.753246753247 0.75
0.636842105263 0.0 0.65 0.531818181818 0.521412037037
0.938157894737 0.0 0.975 0.920779220779 0.859953703704
0.732456140351 0.0 0.675 0.609090909091 0.575810185185
0.397368421053 0.0 0.375 0.329220779221 0.311921296296
0.615350877193 0.0 0.725 0.642857142857 0.688078703704
0.624122807018 0.0 0.75 0.797402597403 0.715277777778
0.363157894737 0.0 0.4 0.348051948052 0.314236111111
0.772807017544 0.0 0.725 0.724025974026 0.677083333333
0.704385964912 0.0 0.625 0.551298701299 0.476273148148
0.765350877193 0.0 0.725 0.678571428571 0.644097222222
0.651315789474 0.333333333333 0.625 0.507792207792 0.542824074074
0.682456140351 0.666666666667 0.625 0.57987012987 0.559027777778
0.85701754386 0.0 0.825 0.732467532468 0.76099537037
0.907894736842 0.0 0.85 0.698051948052 0.77662037037
0.970614035088 0.0 0.95 0.868831168831 0.865162037037
0.922368421053 0.0 0.925 0.868831168831 0.909722222222
0.453070175439 0.0 0.525 0.507792207792 0.52025462963
0.633333333333 0.0 0.775 0.669480519481 0.651041666667
