0.67333984375 0.0 0.789473684211 0.801195814649 0.82552404439
0.47802734375 0.0 0.578947368421 0.45067264574 0.551787916153
0.744140625 0.0 0.842105263158 0.784753363229 0.800246609125
0.5458984375 0.0 0.657894736842 0.63976083707 0.676325524044
0.7109375 0.0 0.789473684211 0.733183856502 0.775585696671
0.6064453125 0.0 0.710526315789 0.668161434978 0.691738594328
0.39990234375 0.0 0.5 0.446188340807 0.516029593095
0.62353515625 0.0 0.710526315789 0.591180866966 0.633785450062
0.61376953125 0.0 0.710526315789 0.765321375187 0.773736128237
0.669921875 0.0 0.736842105263 0.716741405082 0.755856966708
0.7158203125 0.0 0.815789473684 0.793721973094 0.782367447596
0.59375 0.0 0.684210526316 0.682361733931 0.703452527744
1.0 0.0 1.0 0.963378176383 1.0
0.4794921875 0.0 0.605263157895 0.617339312407 0.620221948212
0.60888671875 0.0 0.684210526316 0.579970104634 0.625154130703
0.53076171875 0.0 0.631578947368 0.625560538117 0.645499383477
0.5126953125 0.0 0.631578947368 0.671150971599 0.668310727497
0.5546875 0.0 0.684210526316 0.712257100149 0.688655980271
0.74169921875 0.0 0.842105263158 0.936472346786 0.89457459926
0.435546875 0.0 0.526315789474 0.437967115097 0.497533908755
0.728515625 0.0 0.789473684211 0.806427503737 0.818742293465
0.47900390625 0.0 0.605263157895 0.541853512706 0.546855733662
0.80908203125 0.0 0.894736842105 0.947683109118 0.909987669544
0.568359375 0.0 0.631578947368 0.558295964126 0.612207151665
0.67333984375 0.0 0.789473684211 0.781016442451 0.744759556104
0.80078125 0.0 0.921052631579 1.0 0.919235511714
0.533203125 0.0 0.605263157895 0.536621823617 0.586313193588
0.57568359375 0.0 0.684210526316 0.64798206278 0.643649815043
0.64697265625 0.0 0.684210526316 0.615844544096 0.67879161529
0.841796875 0.0 0.868421052632 0.816143497758 0.845252774353
0.5625 0.0 0.684210526316 0.637518684604 0.620838471023
0.73193359375 0.0 0.842105263158 0.875934230194 0.823057953144
0.54248046875 0.0 0.631578947368 0.627055306428 0.643649815043
0.6904296875 0.0 0.763157894737 0.695814648729 0.704069050555
0.5341796875 0.0 0.657894736842 0.627802690583 0.608508014797
0.4970703125 0.0 0.578947368421 0.502242152466 0.540073982737
0.65380859375 0.0 0.657894736842 0.543348281016 0.638101109741
0.73095703125 0.0 0.815789473684 0.864723467862 0.828606658446
0.57275390625 0.0 0.684210526316 0.657698056801 0.636251541307
0.73291015625 0.0 0.763157894737 0.767563527653 0.796547472256
0.54296875 0.0 0.657894736842 0.625560538117 0.606658446363
0.64599609375 0.0 0.815789473684 0.813153961136 0.7065351418
0.53515625 0.0 0.631578947368 0.556053811659 0.56411837238
0.66162109375 0.0 0.763157894737 0.76158445441 0.725030826141
0.7216796875 0.0 0.789473684211 0.797458893871 0.782983970407
0.45458984375 0.0 0.578947368421 0.602391629297 0.581381011097
0.5087890625 0.0 0.631578947368 0.593423019432 0.570283600493
0.564453125 0.0 0.657894736842 0.684603886398 0.672626387176
0.60009765625 0.0 0.710526315789 0.59865470852 0.578298397041
0.42236328125 0.0 0.526315789474 0.523916292975 0.534525277435
0.38671875 0.0 0.5 0.479820627803 0.490135635018
0.57568359375 0.0 0.684210526316 0.641255605381 0.618372379778
0.744140625 0.0 0.789473684211 0.76307922272 0.769420468557
0.55908203125 0.0 0.631578947368 0.613602391629 0.62823674476
0.53955078125 0.0 0.684210526316 0.699551569507 0.63316892725
0.55517578125 0.0 0.631578947368 0.596412556054 0.608508014797
0.5771484375 0.0 0.684210526316 0.659940209268 0.630702836005
0.71435546875 0.0 0.736842105263 0.680119581465 0.718865598027
0.51513671875 0.0 0.605263157895 0.528400597907 0.538224414303
0.55322265625 0.0 0.684210526316 0.683856502242 0.629469790382
0.5830078125 0.0 0.684210526316 0.686098654709 0.657829839704
0.5625 0.0 0.657894736842 0.744394618834 0.715166461159
0.71240234375 0.0 0.789473684211 0.763826606876 0.736744759556
0.43896484375 0.0 0.552631578947 0.523168908819 0.514180024661
0.6728515625 0.0 0.763157894737 0.740657698057 0.704685573366
0.45263671875 0.0 0.552631578947 0.529147982063 0.530209617756
0.7509765625 0.0 0.815789473684 0.790732436472 0.765721331689
0.48486328125 0.0 0.605263157895 0.588938714499 0.559186189889
0.65771484375 0.0 0.736842105263 0.76158445441 0.734278668311
0.63037109375 0.0 0.710526315789 0.727952167414 0.705302096178
0.69873046875 0.0 0.789473684211 0.795216741405 0.746609124538
0.5419921875 0.0 0.657894736842 0.686098654709 0.640567200986
0.42138671875 0.0 0.526315789474 0.482062780269 0.483970406905
0.4453125 0.0 0.552631578947 0.512705530643 0.504932182491
0.55810546875 0.0 0.657894736842 0.668908819133 0.638101109741
0.39892578125 0.0 0.5 0.408819133034 0.423551171393
0.37353515625 0.0 0.473684210526 0.446935724963 0.459309494451
0.578125 0.0 0.631578947368 0.59865470852 0.617139334155
0.65869140625 0.0 0.710526315789 0.698056801196 0.697903822441
0.60693359375 0.0 0.657894736842 0.612107623318 0.62823674476
0.73583984375 0.0 0.763157894737 0.62331838565 0.649198520345
0.72509765625 0.0 0.789473684211 0.759342301943 0.731812577065
0.5859375 0.0 0.631578947368 0.548579970105 0.578914919852
0.69921875 0.0 0.736842105263 0.68086696562 0.691738594328
0.6650390625 0.0 0.736842105263 0.727952167414 0.701602959309
0.546875 0.0 0.631578947368 0.600896860987 0.588162762022
0.60595703125 0.0 0.710526315789 0.789985052317 0.727496917386
0.66845703125 0.0 0.763157894737 0.779521674141 0.722564734895
0.43896484375 0.0 0.578947368421 0.517937219731 0.471023427867
0.49951171875 0.0 0.605263157895 0.591180866966 0.562268803946
0.49609375 0.0 0.526315789474 0.419282511211 0.487053020962
0.56982421875 0.0 0.657894736842 0.661434977578 0.634401972873
0.591796875 0.0 0.657894736842 0.627055306428 0.62392108508
0.6708984375 0.0 0.763157894737 0.693572496263 0.648581997534
0.578125 0.0 0.657894736842 0.645739910314 0.627003699137
0.70654296875 0.0 0.763157894737 0.758594917788 0.735511713933
0.4228515625 0.0 0.526315789474 0.465620328849 0.459926017263
0.56689453125 0.0 0.657894736842 0.606128550075 0.581381011097
0.4443359375 0.0 0.552631578947 0.533632286996 0.511713933416
0.404296875 0.0 0.5 0.42600896861 0.434032059186
