1.0 1.0 1.0 1.0 1.0
0.127667402502 0.0 0.148936170213 0.100413467218 0.127919911012
0.132450331126 1.0 0.170212765957 0.105729474306 0.107897664071
0.126195732156 0.0 0.170212765957 0.15948021264 0.142936596218
0.92825607064 0.0 0.957446808511 0.976373301831 0.897107897664
0.824503311258 0.0 0.893617021277 0.984051978736 0.927697441602
0.146431199411 1.0 0.191489361702 0.129946839929 0.156840934372
0.847314201619 0.0 0.914893617021 0.930301240402 0.964961067853
0.876011773363 0.0 0.851063829787 0.896633195511 0.911012235818
0.913907284768 0.0 0.914893617021 0.845245126994 0.974416017798
0.77336276674 1.0 0.765957446809 0.750147666864 0.75361512792
0.299484915379 1.0 0.340425531915 0.197873597165 0.201890989989
0.511773362767 0.0 0.659574468085 0.81393975192 0.701334816463
0.239882266372 0.0 0.31914893617 0.313644418193 0.325917686318
0.255334805004 0.0 0.36170212766 0.295333727112 0.362068965517
0.402133922001 1.0 0.404255319149 0.292380389841 0.343159065628
0.752023546726 0.0 0.829787234043 0.898995865328 0.872636262514
0.275570272259 0.0 0.404255319149 0.379799173066 0.397107897664
0.887417218543 1.0 0.872340425532 0.914353219138 0.854282536151
0.22038263429 0.0 0.31914893617 0.271116361488 0.297552836485
0.742825607064 1.0 0.808510638298 0.831659775546 0.786429365962
0.4293598234 0.0 0.574468085106 0.620200826934 0.592324805339
0.266372332597 0.0 0.382978723404 0.362669816893 0.33147942158
0.904709345107 0.0 0.936170212766 0.96219728293 0.97552836485
0.845842531273 1.0 0.808510638298 0.724748966332 0.822580645161
0.181015452539 1.0 0.212765957447 0.152982870644 0.150166852058
0.533848417954 0.0 0.68085106383 0.792085056113 0.684649610679
0.184694628403 0.0 0.212765957447 0.199645599527 0.215795328142
0.348417954378 0.0 0.425531914894 0.39161252215 0.430478309232
0.778145695364 0.0 0.851063829787 0.867690490254 0.840378197998
0.895879323032 1.0 0.936170212766 0.970466627289 0.89043381535
0.798013245033 0.0 0.851063829787 0.801535735381 0.885428253615
0.717807211185 1.0 0.787234042553 0.69226225635 0.730812013348
0.618837380427 0.0 0.723404255319 0.669816893089 0.730255839822
0.192420897719 0.0 0.255319148936 0.223272297696 0.178531701891
0.438557763061 1.0 0.382978723404 0.28115770821 0.374860956618
0.607431935247 0.0 0.744680851064 0.855286473715 0.752502780868
0.382634289919 0.0 0.531914893617 0.561134081512 0.483314794216
0.866077998528 0.0 0.851063829787 0.782043709392 0.774749721913
0.701250919794 0.0 0.808510638298 0.86296515062 0.824805339266
0.394775570272 0.0 0.510638297872 0.520968694625 0.526140155729
0.769315673289 1.0 0.744680851064 0.652096869462 0.796996662959
0.335540838852 1.0 0.31914893617 0.222681630242 0.228031145717
0.230316409124 1.0 0.255319148936 0.179562906084 0.237486095662
0.252759381898 0.0 0.340425531915 0.326048434731 0.275305895439
0.278881530537 1.0 0.31914893617 0.25457767277 0.269744160178
0.820456217807 0.0 0.872340425532 0.868281157708 0.77808676307
0.713760117734 1.0 0.702127659574 0.704075605434 0.761957730812
0.139072847682 0.0 0.191489361702 0.172474896633 0.153503893215
0.606328182487 1.0 0.574468085106 0.452451269935 0.493882091212
0.64863870493 1.0 0.595744680851 0.503248670998 0.639043381535
0.90434142752 0.0 0.936170212766 0.974010632014 0.872080088988
0.674760853569 1.0 0.617021276596 0.485528647372 0.510011123471
0.706401766004 1.0 0.63829787234 0.502658003544 0.565628476085
0.332229580574 1.0 0.425531914894 0.354400472534 0.440489432703
0.884473877851 0.0 0.893617021277 0.818665091553 0.851501668521
0.484915378955 0.0 0.617021276596 0.647962197283 0.646273637375
0.242825607064 1.0 0.297872340426 0.240992321323 0.241379310345
0.774098601913 1.0 0.829787234043 0.828115770821 0.882647385984
0.852832965416 0.0 0.829787234043 0.77200236267 0.85595105673
0.465783664459 1.0 0.468085106383 0.351447135263 0.293659621802
0.246136865342 1.0 0.276595744681 0.238629651506 0.259176863181
0.14348785872 1.0 0.191489361702 0.112817483757 0.121245828699
0.473877851361 0.0 0.63829787234 0.669226225635 0.694660734149
0.669977924945 0.0 0.787234042553 0.819255759008 0.807563959956
0.568800588668 1.0 0.553191489362 0.463083284111 0.533926585095
0.782928623988 0.0 0.744680851064 0.691080921441 0.756395995551
0.324503311258 0.0 0.468085106383 0.537507383343 0.477753058954
0.675864606328 0.0 0.744680851064 0.766686355582 0.780311457175
0.203090507726 0.0 0.276595744681 0.230360307147 0.236929922136
0.44591611479 0.0 0.425531914894 0.345540460721 0.300333704116
0.171817512877 0.0 0.234042553191 0.163024217366 0.16573971079
0.249816041207 0.0 0.297872340426 0.245126993503 0.26362625139
0.524650478293 1.0 0.531914893617 0.440637920851 0.479977753059
0.669977924945 1.0 0.68085106383 0.590076786769 0.676307007786
0.182855040471 1.0 0.234042553191 0.183697578263 0.211902113459
0.695732155997 0.0 0.68085106383 0.632014176019 0.616796440489
0.829286239882 0.0 0.872340425532 0.881275841701 0.816462736374
0.504047093451 1.0 0.446808510638 0.334908446545 0.376529477197
0.61221486387 1.0 0.723404255319 0.712344949793 0.73637374861
0.39808682855 1.0 0.510638297872 0.441819255759 0.505005561735
0.33885209713 1.0 0.36170212766 0.294743059657 0.279199110122
0.456585724798 0.0 0.595744680851 0.624926166568 0.500556173526
0.207137601177 0.0 0.276595744681 0.215593620791 0.176863181313
0.827078734364 0.0 0.872340425532 0.937389249852 0.885428253615
0.591611479029 0.0 0.617021276596 0.578263437685 0.681312569522
0.405813097866 0.0 0.553191489362 0.600708800945 0.582313681869
0.763428991906 1.0 0.829787234043 0.870053160071 0.79977753059
0.575791022811 0.0 0.702127659574 0.711754282339 0.646273637375
0.6548933039 0.0 0.68085106383 0.664500886001 0.719132369299
0.178072111847 0.0 0.234042553191 0.226225634968 0.196885428254
0.370493009566 0.0 0.446808510638 0.41819255759 0.467741935484
0.836644591611 0.0 0.808510638298 0.751919669226 0.8170189099
0.508830022075 1.0 0.617021276596 0.606615475487 0.538375973304
0.357247976453 0.0 0.489361702128 0.478440637921 0.424916573971
0.653421633554 0.0 0.702127659574 0.637920850561 0.655728587319
0.217071376012 1.0 0.255319148936 0.18606024808 0.173526140156
0.171081677704 1.0 0.212765957447 0.162433549911 0.164627363737
0.558498896247 0.0 0.617021276596 0.555818074424 0.672413793103
0.600073583517 0.0 0.659574468085 0.582398109864 0.629588431591
