0.57735426009 0.0 0.694444444444 0.692628650904 0.695176848875
0.825112107623 0.0 0.777777777778 0.815716272601 0.715112540193
0.887892376682 0.0 0.805555555556 0.718358831711 0.80578778135
0.790358744395 0.0 0.666666666667 0.535465924896 0.637942122186
0.462443946188 0.0 0.472222222222 0.286509040334 0.36077170418
0.499439461883 0.0 0.444444444444 0.252433936022 0.309967845659
0.315582959641 0.0 0.361111111111 0.202364394993 0.117041800643
0.916479820628 0.0 0.75 0.59388038943 0.467524115756
0.670403587444 1.0 0.666666666667 0.598052851182 0.615434083601
0.554372197309 0.0 0.527777777778 0.346314325452 0.459807073955
0.413116591928 0.0 0.527777777778 0.45966620306 0.4038585209
0.441143497758 0.0 0.555555555556 0.461752433936 0.376848874598
0.572869955157 0.0 0.638888888889 0.578581363004 0.408360128617
0.650784753363 0.0 0.75 0.690542420028 0.56270096463
0.641255605381 0.0 0.638888888889 0.513908205841 0.589710610932
0.332399103139 0.0 0.416666666667 0.351182197497 0.32154340836
0.359304932735 0.0 0.444444444444 0.408205841446 0.386495176849
0.394058295964 0.0 0.472222222222 0.391515994437 0.345337620579
0.159192825112 0.0 0.194444444444 0.109179415855 0.0508038585209
0.492152466368 0.0 0.555555555556 0.457579972184 0.447588424437
0.733744394619 0.0 0.805555555556 0.67107093185 0.714469453376
0.608183856502 0.0 0.611111111111 0.411682892907 0.454662379421
0.466928251121 0.0 0.527777777778 0.406815020862 0.542765273312
0.607062780269 0.0 0.555555555556 0.475660639777 0.426366559486
0.349215246637 0.0 0.416666666667 0.391515994437 0.386495176849
0.436659192825 0.0 0.5 0.494436717663 0.463665594855
0.77634529148 0.0 0.805555555556 0.649513212796 0.733762057878
0.677130044843 0.0 0.75 0.673157162726 0.729260450161
0.588565022422 0.0 0.638888888889 0.535465924896 0.673311897106
0.62668161435 0.0 0.666666666667 0.591098748261 0.691961414791
0.590246636771 0.0 0.555555555556 0.289290681502 0.308038585209
0.457399103139 0.0 0.472222222222 0.241307371349 0.261736334405
0.97701793722 0.0 0.944444444444 0.917246175243 1.0
0.785313901345 0.0 0.805555555556 0.71488178025 0.738263665595
0.217488789238 0.0 0.25 0.17454798331 0.163344051447
0.250560538117 0.0 0.277777777778 0.215577190542 0.208360128617
0.389573991031 0.0 0.444444444444 0.265646731572 0.279742765273
0.389573991031 0.0 0.444444444444 0.265646731572 0.279742765273
0.705156950673 0.0 0.666666666667 0.465924895688 0.643729903537
0.589125560538 0.0 0.638888888889 0.437413073713 0.610289389068
0.463004484305 0.0 0.472222222222 0.32892906815 0.383279742765
0.403587443946 0.0 0.416666666667 0.274687065369 0.376205787781
0.881165919283 0.0 0.888888888889 0.770514603616 0.768488745981
0.82567264574 0.0 0.833333333333 0.682892906815 0.778778135048
0.57735426009 0.0 0.611111111111 0.434631432545 0.608360128617
0.436659192825 0.0 0.444444444444 0.315716272601 0.421221864952
0.525784753363 0.0 0.583333333333 0.408901251739 0.558199356913
0.728139013453 0.0 0.611111111111 0.507649513213 0.611575562701
0.428811659193 0.0 0.472222222222 0.390125173853 0.32154340836
0.460201793722 0.0 0.5 0.404033379694 0.300321543408
0.656390134529 0.0 0.75 0.706536856745 0.781993569132
0.610986547085 0.0 0.694444444444 0.579276773296 0.691318327974
0.779147982063 0.0 0.777777777778 0.536161335188 0.622508038585
0.893497757848 0.0 0.777777777778 0.544506258693 0.767202572347
0.573430493274 0.0 0.583333333333 0.485396383866 0.483601286174
0.354820627803 0.0 0.388888888889 0.301112656467 0.344051446945
0.633968609865 0.0 0.583333333333 0.384561891516 0.309324758842
0.54932735426 0.0 0.666666666667 0.69471488178 0.608360128617
0.995515695067 0.0 1.0 1.0 0.889389067524
0.192264573991 0.0 0.222222222222 0.150208623088 0.0958199356913
0.604820627803 0.0 0.583333333333 0.298331015299 0.463665594855
0.633968609865 0.0 0.583333333333 0.310848400556 0.481028938907
0.675448430493 0.0 0.75 0.63421418637 0.715112540193
0.864349775785 0.0 0.916666666667 0.970792767733 0.866237942122
0.715807174888 0.0 0.666666666667 0.394297635605 0.512540192926
0.854260089686 0.0 0.75 0.454798331015 0.551125401929
0.713565022422 0.0 0.777777777778 0.632823365786 0.749839228296
1.0 0.0 1.0 0.984005563282 0.948553054662
0.590807174888 0.0 0.638888888889 0.467315716273 0.576205787781
0.514573991031 0.0 0.583333333333 0.443671766342 0.568488745981
0.358744394619 0.0 0.333333333333 0.15438108484 0.166559485531
0.619394618834 0.0 0.555555555556 0.301808066759 0.32540192926
0.7466367713 0.0 0.722222222222 0.518080667594 0.648231511254
0.634529147982 0.0 0.638888888889 0.456189151599 0.578135048232
0.316143497758 0.0 0.388888888889 0.350486787204 0.341479099678
0.316143497758 0.0 0.388888888889 0.350486787204 0.341479099678
0.349215246637 0.0 0.416666666667 0.391515994437 0.386495176849
0.489910313901 0.0 0.611111111111 0.589707927677 0.618006430868
0.984304932735 0.0 0.888888888889 0.595966620306 0.737620578778
0.640695067265 0.0 0.694444444444 0.475660639777 0.583922829582
