0.462955546656 0.0 0.533333333333 0.527452190006 0.43598615917
0.635162194634 0.0 0.533333333333 0.512029611351 0.392733564014
0.309571485783 0.0 0.377777777778 0.399753238742 0.356401384083
0.397677212655 0.0 0.377777777778 0.381863047502 0.397347174164
0.645975170204 0.0 0.666666666667 0.679210363973 0.594002306805
0.274329195034 0.0 0.311111111111 0.320789636027 0.311418685121
0.587905486584 0.333333333333 0.6 0.572486119679 0.513264129181
0.36203444133 0.0 0.444444444444 0.417643429981 0.429642445213
0.682418902683 0.0 0.6 0.573103022825 0.448096885813
0.58350020024 0.0 0.511111111111 0.518815545959 0.416955017301
0.659591509812 0.666666666667 0.644444444444 0.591610117212 0.607843137255
0.616740088106 0.666666666667 0.577777777778 0.517581739667 0.508073817762
0.609531437725 0.0 0.577777777778 0.592843923504 0.513264129181
0.53384060873 0.0 0.511111111111 0.4552745219 0.477508650519
0.488586303564 0.0 0.488888888889 0.505860579889 0.495963091119
0.505406487785 0.0 0.555555555556 0.54966070327 0.501153402537
0.78574289147 0.0 0.8 0.709438618137 0.775663206459
0.559871846215 0.0 0.488888888889 0.460826650216 0.5092272203
0.524629555467 0.0 0.577777777778 0.56261566934 0.557670126874
0.456147376852 0.0 0.511111111111 0.484268969772 0.439446366782
0.548257909491 0.0 0.6 0.573103022825 0.588235294118
0.758109731678 0.666666666667 0.733333333333 0.664404688464 0.71107266436
0.460552663196 0.0 0.488888888889 0.457742134485 0.504036908881
0.537444933921 0.0 0.533333333333 0.466995681678 0.505190311419
0.649979975971 0.0 0.622222222222 0.621838371376 0.659169550173
0.565879054866 0.0 0.622222222222 0.717458359038 0.589965397924
0.543452142571 0.0 0.511111111111 0.468846391117 0.470011534025
0.395274329195 0.0 0.511111111111 0.592227020358 0.547289504037
0.347216659992 0.333333333333 0.422222222222 0.387415175817 0.455017301038
0.464557468963 0.0 0.444444444444 0.386181369525 0.381199538639
0.597116539848 0.0 0.622222222222 0.590993214065 0.640715109573
0.720064076892 0.0 0.711111111111 0.68291178285 0.689158016148
0.499799759712 0.0 0.577777777778 0.584824182603 0.587658592849
0.834601521826 1.0 0.711111111111 0.656384947563 0.586505190311
0.805766920304 0.0 0.777777777778 0.665638494756 0.698961937716
0.817781337605 0.0 0.8 0.760641579272 0.71107266436
0.407288746496 0.0 0.511111111111 0.436767427514 0.459630911188
0.8402082499 0.333333333333 0.755555555556 0.685996298581 0.688581314879
0.372046455747 0.0 0.444444444444 0.46822948797 0.455017301038
0.292751301562 0.0 0.4 0.361505243677 0.352364475202
0.597917501001 0.0 0.666666666667 0.698334361505 0.671856978085
0.609931918302 0.666666666667 0.511111111111 0.476866132017 0.444636678201
0.517821385663 0.0 0.577777777778 0.565083281925 0.594002306805
0.661193432119 0.0 0.688888888889 0.681061073411 0.67877739331
0.544253103724 0.0 0.533333333333 0.45033929673 0.397347174164
0.991189427313 0.0 0.955555555556 1.0 0.971741637832
0.765718862635 0.0 0.644444444444 0.679210363973 0.576701268743
0.809771726071 0.0 0.733333333333 0.740283775447 0.668396770473
0.599919903885 0.0 0.644444444444 0.656384947563 0.579008073818
0.42010412495 0.0 0.444444444444 0.399136335595 0.41291810842
0.188225871045 0.666666666667 0.222222222222 0.225786551511 0.207612456747
0.736884261113 0.0 0.755555555556 0.834053053671 0.696078431373
0.714056868242 0.0 0.688888888889 0.624922887107 0.66032295271
0.641169403284 0.0 0.555555555556 0.516347933374 0.459630911188
0.63676411694 0.0 0.577777777778 0.542874768661 0.56862745098
0.717260712855 0.0 0.688888888889 0.674892041949 0.70184544406
0.528233880657 0.0 0.6 0.610117211598 0.551903114187
0.400080096115 0.0 0.466666666667 0.499074645281 0.400807381776
0.494593512215 0.333333333333 0.533333333333 0.483652066626 0.4630911188
0.537845414497 0.0 0.555555555556 0.483035163479 0.489619377163
0.844613536243 0.0 0.888888888889 0.907464528069 0.93598615917
0.645174209051 0.0 0.622222222222 0.672424429365 0.533448673587
0.667200640769 0.0 0.622222222222 0.671807526218 0.629181084198
0.596716059271 0.0 0.711111111111 0.818630475015 0.77970011534
0.455746896276 1.0 0.444444444444 0.409623689081 0.384659746251
0.511013215859 0.0 0.511111111111 0.444787168415 0.460207612457
0.857028434121 0.0 0.844444444444 0.875385564466 0.810265282584
0.586303564277 0.0 0.622222222222 0.635410240592 0.593425605536
0.42010412495 0.0 0.422222222222 0.417026526835 0.362745098039
0.36924309171 0.0 0.4 0.386798272671 0.384659746251
0.323588305967 0.0 0.422222222222 0.404688463911 0.397923875433
0.493792551061 0.0 0.533333333333 0.539173349784 0.452133794694
0.573087705246 0.0 0.6 0.579272054287 0.566897347174
0.555066079295 0.0 0.6 0.609500308452 0.574971164937
0.36203444133 0.0 0.444444444444 0.417643429981 0.429642445213
0.397677212655 0.0 0.377777777778 0.381863047502 0.397347174164
0.599519423308 0.0 0.622222222222 0.607649599013 0.638985005767
0.430516619944 0.0 0.444444444444 0.453423812461 0.401384083045
0.497396876252 0.0 0.511111111111 0.50400987045 0.47693194925
0.569082899479 0.0 0.533333333333 0.486736582357 0.482698961938
0.439327192631 0.333333333333 0.444444444444 0.355953115361 0.374855824683
0.432519022827 0.333333333333 0.488888888889 0.462677359655 0.4723183391
0.63315979175 0.0 0.688888888889 0.727945712523 0.712226066897
0.565478574289 0.666666666667 0.488888888889 0.470697100555 0.397923875433
0.536243492191 0.0 0.6 0.638494756323 0.604959630911
0.763716459752 0.0 0.666666666667 0.615052436767 0.616493656286
0.786143372046 0.333333333333 0.711111111111 0.636644046885 0.622837370242
0.565478574289 0.333333333333 0.577777777778 0.522516964837 0.536332179931
0.451742090509 0.0 0.444444444444 0.420111042566 0.364475201845
0.488185822988 0.0 0.444444444444 0.377544725478 0.393310265283
0.508610332399 0.666666666667 0.533333333333 0.482418260333 0.534025374856
0.73488185823 0.0 0.733333333333 0.708821714991 0.712802768166
0.649979975971 0.0 0.622222222222 0.621838371376 0.659169550173
0.329995995194 0.666666666667 0.377777777778 0.433066008637 0.440023068051
0.550660792952 0.0 0.533333333333 0.519432449105 0.574394463668
0.345614737685 0.0 0.333333333333 0.295496607033 0.298731257209
0.654785742891 0.0 0.577777777778 0.584207279457 0.501153402537
0.416099319183 0.0 0.488888888889 0.542257865515 0.520184544406
0.398478173809 0.0 0.444444444444 0.421961752005 0.445790080738
0.42731277533 0.0 0.444444444444 0.380629241209 0.409457900807
0.451341609932 0.0 0.444444444444 0.413325107958 0.402537485582
0.418502202643 0.0 0.444444444444 0.434299814929 0.421568627451
0.411694032839 0.0 0.466666666667 0.438618136952 0.475201845444
0.273928714457 0.0 0.355555555556 0.351634793337 0.338523644752
0.280336403684 0.666666666667 0.333333333333 0.331893892659 0.324106113033
0.251101321586 0.666666666667 0.288888888889 0.24552745219 0.209342560554
0.720865038046 0.0 0.755555555556 0.796421961752 0.754325259516
0.434921906288 0.0 0.511111111111 0.532387415176 0.497116493656
0.397677212655 0.0 0.377777777778 0.381863047502 0.397347174164
0.672807368843 0.0 0.622222222222 0.608266502159 0.631487889273
0.531838205847 0.0 0.622222222222 0.674275138803 0.58708189158
0.631157388867 0.0 0.688888888889 0.698951264651 0.683967704729
0.386463756508 0.0 0.4 0.397902529303 0.355247981546
0.661593912695 0.0 0.666666666667 0.64713140037 0.68339100346
0.720064076892 0.0 0.6 0.552128315854 0.540369088812
0.309571485783 0.0 0.377777777778 0.399753238742 0.356401384083
0.500200240288 0.0 0.577777777778 0.517581739667 0.537485582468
0.702442931518 0.0 0.688888888889 0.636644046885 0.654555940023
1.0 0.0 1.0 0.970388648982 1.0
0.624349219063 0.0 0.622222222222 0.512646514497 0.524798154556
0.628754505406 0.0 0.6 0.656384947563 0.558246828143
0.559070885062 0.0 0.533333333333 0.466995681678 0.444636678201
0.667601121346 0.0 0.555555555556 0.43244910549 0.465974625144
0.481377653184 0.0 0.466666666667 0.360271437384 0.372549019608
0.8402082499 0.333333333333 0.755555555556 0.685996298581 0.688581314879
0.530636764117 0.0 0.488888888889 0.443553362122 0.420991926182
0.609931918302 0.666666666667 0.511111111111 0.476866132017 0.444636678201
0.535442531037 0.0 0.488888888889 0.423812461444 0.414648212226
0.516619943933 0.333333333333 0.511111111111 0.482418260333 0.468281430219
0.608730476572 0.0 0.622222222222 0.632942628007 0.523644752018
0.760512615138 0.0 0.688888888889 0.633559531154 0.623414071511
0.476571886264 0.666666666667 0.488888888889 0.510795805059 0.500576701269
0.406487785342 0.0 0.4 0.412091301666 0.407727797001
0.463356027233 0.0 0.488888888889 0.479950647748 0.466551326413
0.537444933921 0.0 0.6 0.623072177668 0.607266435986
0.408490188226 0.0 0.466666666667 0.530536705737 0.510957324106
0.606327593112 0.0 0.666666666667 0.721159777915 0.691464821223
0.462555066079 0.0 0.444444444444 0.4552745219 0.461937716263
0.382058470164 0.0 0.444444444444 0.446020974707 0.413494809689
0.772927513016 0.0 0.8 0.802590993214 0.835640138408
0.350020024029 0.0 0.4 0.408389882788 0.397347174164
0.538245895074 0.0 0.577777777778 0.555212831585 0.550749711649
0.710452543052 0.0 0.711111111111 0.6341764343 0.651095732411
0.801762114537 0.0 0.711111111111 0.721776681061 0.653402537486
0.741690028034 0.0 0.711111111111 0.640962368908 0.648212226067
0.446535843012 0.0 0.466666666667 0.359037631092 0.376585928489
0.73608329996 0.0 0.733333333333 0.7316471314 0.777393310265
0.722466960352 0.0 0.622222222222 0.547193090685 0.496539792388
0.392871445735 0.0 0.466666666667 0.516964836521 0.478085351788
0.765318382058 0.0 0.8 0.816162862431 0.828143021915
0.352022426912 0.0 0.444444444444 0.348550277606 0.344867358708
0.418101722066 0.0 0.488888888889 0.403454657619 0.386966551326
0.78574289147 0.0 0.8 0.709438618137 0.775663206459
0.531838205847 0.0 0.622222222222 0.674275138803 0.58708189158
0.430116139367 0.0 0.466666666667 0.481801357187 0.475201845444
0.631157388867 0.0 0.688888888889 0.698951264651 0.683967704729
0.585502603124 0.0 0.555555555556 0.502159161012 0.503460207612
0.492591109331 0.0 0.6 0.566317088217 0.570357554787
0.647577092511 0.0 0.688888888889 0.687230104874 0.656862745098
0.551061273528 0.0 0.6 0.622455274522 0.60092272203
0.391670004005 0.0 0.444444444444 0.426280074028 0.423875432526
0.606327593112 0.0 0.555555555556 0.486736582357 0.442329873126
0.701641970364 0.0 0.711111111111 0.626156693399 0.677623990773
0.353624349219 0.0 0.444444444444 0.386798272671 0.399653979239
0.563876651982 0.0 0.555555555556 0.494756323257 0.500576701269
0.448938726472 0.666666666667 0.422222222222 0.403454657619 0.416378316032
0.702442931518 0.0 0.755555555556 0.737199259716 0.646482122261
0.678814577493 0.0 0.733333333333 0.70080197409 0.606113033449
0.430116139367 0.0 0.466666666667 0.481801357187 0.475201845444
0.978374048859 0.0 0.911111111111 0.954966070327 0.949250288351
0.579495394473 0.0 0.622222222222 0.664404688464 0.658016147636
0.526231477773 0.0 0.488888888889 0.354102405922 0.365051903114
0.403684421306 0.0 0.488888888889 0.519432449105 0.531141868512
0.591109331197 0.0 0.577777777778 0.61628624306 0.512687427912
0.540648778534 0.0 0.6 0.639111659469 0.545559400231
0.464156988386 0.0 0.533333333333 0.513263417643 0.539215686275
0.424108930717 0.0 0.511111111111 0.471314003701 0.423298731257
0.627953544253 0.0 0.533333333333 0.529919802591 0.465397923875
0.588305967161 0.0 0.622222222222 0.619370758791 0.630334486736
0.496595915098 0.0 0.555555555556 0.533004318322 0.549019607843
0.609531437725 0.0 0.577777777778 0.560764959901 0.516724336794
0.689627553064 0.0 0.688888888889 0.721159777915 0.638408304498
0.794953944734 0.0 0.822222222222 0.797038864898 0.77047289504
0.561874249099 0.0 0.577777777778 0.607649599013 0.591118800461
0.597517020425 0.0 0.622222222222 0.655151141271 0.593425605536
0.400080096115 0.0 0.466666666667 0.537322640345 0.469434832757
0.623948738486 0.666666666667 0.533333333333 0.410240592227 0.480392156863
0.586704044854 0.0 0.622222222222 0.58544108575 0.526528258362
0.69002803364 0.0 0.688888888889 0.681677976558 0.504036908881
0.698037645174 0.0 0.666666666667 0.66995681678 0.606689734717
0.393271926312 0.0 0.444444444444 0.381863047502 0.429065743945
0.597116539848 0.0 0.622222222222 0.618136952498 0.569204152249
0.63676411694 0.0 0.577777777778 0.542874768661 0.56862745098
0.848217861434 0.0 0.888888888889 0.954349167181 0.824106113033
0.631557869443 0.0 0.622222222222 0.594694632943 0.648788927336
0.436523828594 0.0 0.488888888889 0.549043800123 0.430219146482
0.566680016019 0.0 0.533333333333 0.527452190006 0.508073817762
0.849018822587 0.0 0.777777777778 0.793337446021 0.72029988466
0.354425310372 0.0 0.355555555556 0.341764342998 0.348904267589
0.553063676412 0.0 0.533333333333 0.553362122147 0.482122260669
