1.0 0.0 1.0 1.0 0.97170781893
0.873360938578 1.0 0.875 0.709308655416 0.825617283951
0.0893719806763 0.0 0.125 0.0664126292869 0.082304526749
0.915804002761 0.0 0.979166666667 0.933587370713 1.0
0.116977225673 1.0 0.166666666667 0.0794774088187 0.109053497942
0.951000690131 0.0 0.9375 0.850843767011 0.786522633745
0.105244996549 0.0 0.145833333333 0.109417528579 0.087962962963
0.85955831608 0.0 0.979166666667 0.987479586282 0.972736625514
0.895790200138 0.0 0.916666666667 0.92324442025 0.947530864198
0.121118012422 1.0 0.166666666667 0.081654872074 0.111625514403
0.929606625259 0.0 1.0 0.971692977681 0.94341563786
0.43961352657 1.0 0.395833333333 0.240065323898 0.312242798354
0.888543823326 0.0 0.9375 0.942297223734 0.987139917695
0.304002760524 0.0 0.479166666667 0.497550353838 0.471193415638
0.542788129745 1.0 0.645833333333 0.487751769189 0.529320987654
0.177363699103 0.0 0.270833333333 0.182906913446 0.207304526749
0.795031055901 0.0 0.895833333333 0.907457811649 0.89146090535
0.765700483092 0.0 0.875 0.890582471421 0.865226337449
0.78226363009 1.0 0.833333333333 0.675013609145 0.776748971193
0.199102829538 1.0 0.229166666667 0.13935764834 0.200102880658
0.452726017943 1.0 0.4375 0.330974414807 0.40329218107
0.191856452726 0.0 0.291666666667 0.260206859009 0.224794238683
0.262249827467 0.0 0.395833333333 0.363636363636 0.337448559671
0.153209109731 0.0 0.229166666667 0.141535111595 0.166666666667
0.701518288475 0.0 0.854166666667 0.907457811649 0.810185185185
0.480676328502 1.0 0.5 0.354382144801 0.41512345679
0.214630779848 0.0 0.333333333333 0.293957539467 0.286008230453
0.871290545204 1.0 0.895833333333 0.867174741426 0.929526748971
0.652173913043 1.0 0.604166666667 0.438214480131 0.575102880658
0.642512077295 0.0 0.8125 0.794774088187 0.784465020576
0.164941338854 1.0 0.229166666667 0.105062602069 0.138374485597
0.139406487233 1.0 0.1875 0.123026673925 0.165637860082
0.211525189786 1.0 0.25 0.166031573217 0.246913580247
0.126984126984 0.0 0.1875 0.142623843223 0.0977366255144
0.112836438923 0.0 0.166666666667 0.11377245509 0.106995884774
0.622498274672 1.0 0.625 0.504627109418 0.62962962963
0.360593512767 1.0 0.375 0.232988568318 0.320473251029
0.757763975155 1.0 0.729166666667 0.560696788242 0.694444444444
0.320910973085 0.0 0.5 0.509526401742 0.491769547325
0.437543133195 0.0 0.625 0.609145345672 0.616255144033
0.163216011042 0.0 0.25 0.227000544366 0.194444444444
0.241890959282 1.0 0.270833333333 0.199237887861 0.23353909465
0.406487232574 0.0 0.583333333333 0.636363636364 0.519547325103
0.185645272602 1.0 0.208333333333 0.169842133914 0.211934156379
0.606280193237 0.0 0.770833333333 0.802395209581 0.7170781893
0.846100759144 0.0 0.9375 0.888949373979 0.88683127572
0.544858523119 0.0 0.75 0.789874795863 0.773148148148
0.293650793651 0.0 0.458333333333 0.455089820359 0.422839506173
0.524499654934 0.0 0.708333333333 0.714752313555 0.724794238683
0.609385783299 1.0 0.5625 0.422972237343 0.508744855967
0.29641131815 1.0 0.3125 0.262384322265 0.341563786008
0.57867494824 1.0 0.541666666667 0.382144801306 0.478395061728
0.138716356108 0.0 0.208333333333 0.161132280893 0.117283950617
0.707729468599 0.0 0.854166666667 0.810560696788 0.875
0.379572118703 1.0 0.354166666667 0.225911812738 0.277777777778
0.664251207729 0.0 0.833333333333 0.845400108873 0.832818930041
0.266045548654 0.0 0.416666666667 0.429504627109 0.366255144033
0.294340924776 1.0 0.291666666667 0.217201959717 0.291152263374
0.340579710145 0.0 0.416666666667 0.339684267828 0.389917695473
0.665976535542 1.0 0.666666666667 0.517691888949 0.579732510288
0.470324361629 1.0 0.520833333333 0.360370168753 0.44804526749
0.748102139406 1.0 0.770833333333 0.633097441481 0.802983539095
0.847481021394 1.0 0.854166666667 0.740881872618 0.827160493827
0.782953761215 0.0 0.916666666667 0.876428960261 0.852880658436
0.715665976536 1.0 0.708333333333 0.569406641263 0.687757201646
0.467218771567 0.0 0.645833333333 0.664670658683 0.689814814815
0.756383712905 1.0 0.75 0.623843222646 0.631687242798
0.240510697032 0.0 0.375 0.328252585738 0.280864197531
0.833333333333 0.0 0.895833333333 0.864997278171 0.916666666667
0.488612836439 0.0 0.666666666667 0.706042460533 0.734567901235
0.280538302277 0.0 0.4375 0.419161676647 0.452160493827
0.822291235335 1.0 0.8125 0.632008709853 0.708847736626
0.346790890269 0.0 0.520833333333 0.482852476864 0.420267489712
0.834713595583 0.0 0.895833333333 0.821448013065 0.847736625514
0.53933747412 0.0 0.729166666667 0.730538922156 0.69341563786
0.719806763285 1.0 0.6875 0.525313010343 0.65329218107
0.886128364389 0.0 0.9375 0.952095808383 0.971193415638
0.252933057281 0.0 0.375 0.308111050626 0.33024691358
0.231884057971 0.0 0.354166666667 0.314099074578 0.275720164609
0.791580400276 1.0 0.8125 0.688622754491 0.822530864198
0.200138026225 0.0 0.3125 0.26891671203 0.222222222222
0.501035196687 1.0 0.479166666667 0.347305389222 0.449588477366
0.609730848861 0.0 0.791666666667 0.825802939575 0.796296296296
0.824361628709 0.0 0.895833333333 0.956995100708 0.95987654321
0.330572808834 0.0 0.4375 0.39684267828 0.390946502058
0.812974465148 0.0 0.916666666667 0.979314099075 0.962962962963
0.35679779158 0.0 0.541666666667 0.615677735438 0.552983539095
0.488957902001 0.0 0.6875 0.671747414262 0.697016460905
0.845755693582 0.0 0.916666666667 0.872618399565 0.885288065844
0.87646652864 0.0 0.916666666667 0.844311377246 0.907407407407
0.383712905452 0.0 0.5625 0.574305933587 0.559670781893
0.927881297447 0.0 0.9375 0.876973326075 0.853909465021
0.430641821946 0.0 0.5625 0.541643984758 0.53549382716
0.609730848861 1.0 0.583333333333 0.457811649428 0.433127572016
0.849896480331 0.0 0.9375 0.909635274905 0.920267489712
0.492063492063 1.0 0.458333333333 0.347849755035 0.43158436214
0.690476190476 1.0 0.708333333333 0.588459444747 0.665637860082
0.28226363009 1.0 0.333333333333 0.267827980403 0.292695473251
0.809523809524 0.0 0.895833333333 0.822536744692 0.858024691358
0.419599723948 0.0 0.604166666667 0.585737615678 0.572530864198
0.756038647343 1.0 0.791666666667 0.671747414262 0.724279835391
0.895445134576 0.0 0.916666666667 0.929776810016 0.956790123457
0.268461007591 1.0 0.3125 0.191616766467 0.159465020576
0.553830227743 0.0 0.541666666667 0.405552531301 0.465020576132
0.697722567288 0.0 0.8125 0.781164942842 0.753600823045
0.633540372671 0.0 0.708333333333 0.657049537289 0.711934156379
0.821256038647 0.0 0.8125 0.726728361459 0.762860082305
0.870945479641 0.0 0.875 0.827436037017 0.939814814815
0.867494824017 1.0 0.895833333333 0.743603701688 0.870884773663
0.202553485162 0.0 0.291666666667 0.212847033206 0.187242798354
0.324706694272 1.0 0.395833333333 0.316820903647 0.382201646091
0.788474810214 0.0 0.875 0.836145890038 0.811728395062
0.132505175983 0.0 0.1875 0.130647795318 0.129115226337
0.611801242236 0.0 0.666666666667 0.568862275449 0.600823045267
0.13630089717 0.0 0.1875 0.153511159499 0.147633744856
0.855762594893 0.0 0.895833333333 0.838323353293 0.924382716049
0.520358868185 0.0 0.541666666667 0.450190528035 0.466563786008
0.145617667357 0.0 0.208333333333 0.169842133914 0.141975308642
0.224982746722 1.0 0.270833333333 0.227000544366 0.252572016461
0.710489993099 0.0 0.729166666667 0.695699510071 0.645061728395
0.848516218081 0.0 0.9375 0.968426782798 0.909979423868
0.18115942029 0.0 0.270833333333 0.277626565052 0.215534979424
0.872325741891 0.0 0.875 0.748502994012 0.841049382716
0.815044858523 0.0 0.854166666667 0.711486118672 0.739711934156
0.246376811594 0.0 0.3125 0.204137180185 0.232510288066
0.56314699793 0.0 0.604166666667 0.518236254763 0.513374485597
0.728778467909 0.0 0.8125 0.792596624932 0.898148148148
0.311594202899 1.0 0.375 0.285792052259 0.360596707819
0.680124223602 0.0 0.6875 0.583560152422 0.635802469136
0.171842650104 0.0 0.208333333333 0.121393576483 0.118312757202
0.284334023464 0.0 0.4375 0.410451823625 0.375514403292
0.776397515528 0.0 0.75 0.668481219379 0.679526748971
0.672532781228 0.0 0.708333333333 0.62874251497 0.6579218107
0.177363699103 1.0 0.208333333333 0.134458356015 0.156378600823
0.189440993789 1.0 0.229166666667 0.175285792052 0.237654320988
0.768461007591 0.0 0.854166666667 0.896570495373 0.886316872428
0.130434782609 0.0 0.1875 0.146978769733 0.128086419753
0.577639751553 0.0 0.75 0.757757212847 0.684156378601
0.677708764665 0.0 0.708333333333 0.640718562874 0.722222222222
0.259144237405 0.0 0.333333333333 0.302667392488 0.326131687243
0.473084886128 0.0 0.583333333333 0.596624931954 0.623971193416
0.616287094548 0.0 0.6875 0.606423516603 0.644547325103
0.669772256729 1.0 0.8125 0.783886771911 0.7829218107
0.772256728778 1.0 0.833333333333 0.760479041916 0.805041152263
0.425120772947 0.0 0.458333333333 0.345127925966 0.357510288066
0.719806763285 0.0 0.770833333333 0.701143168209 0.746913580247
0.204968944099 0.0 0.291666666667 0.230811105063 0.253600823045
0.732574189096 0.0 0.8125 0.768644529124 0.807098765432
0.718426501035 0.0 0.8125 0.770277626565 0.758230452675
0.277777777778 0.0 0.3125 0.251497005988 0.267489711934
0.859903381643 1.0 0.875 0.728905824714 0.771090534979
0.552795031056 0.0 0.625 0.578116494284 0.550925925926
0.639751552795 1.0 0.75 0.645073489385 0.612654320988
0.334368530021 0.0 0.458333333333 0.444202504083 0.41975308642
0.736369910283 0.0 0.833333333333 0.801850843767 0.81841563786
0.462387853692 1.0 0.604166666667 0.506804572673 0.609053497942
0.588336783989 0.0 0.625 0.524224278715 0.578189300412
0.600069013112 0.0 0.6875 0.652150244965 0.586419753086
0.529330572809 0.0 0.583333333333 0.473053892216 0.562242798354
0.655624568668 0.0 0.75 0.734893848666 0.713991769547
0.173567977916 0.0 0.229166666667 0.157321720196 0.179012345679
0.486542443064 0.0 0.604166666667 0.54763200871 0.557613168724
0.239820565908 0.0 0.3125 0.283614589004 0.228909465021
0.168391994479 1.0 0.229166666667 0.15078933043 0.171296296296
0.231193926846 0.0 0.291666666667 0.173652694611 0.18158436214
0.744996549344 0.0 0.75 0.649428415895 0.62037037037
0.244996549344 0.0 0.333333333333 0.273271638541 0.261316872428
0.381642512077 1.0 0.5 0.44801306478 0.479938271605
0.723602484472 0.0 0.770833333333 0.672291780076 0.734053497942
0.275017253278 0.0 0.375 0.293957539467 0.304012345679
0.74154589372 0.0 0.770833333333 0.718018508438 0.753086419753
0.549689440994 0.0 0.604166666667 0.55470876429 0.588477366255
0.506556245687 0.0 0.604166666667 0.592814371257 0.609053497942
0.766390614217 0.0 0.75 0.619488296135 0.661522633745
0.298826777088 0.0 0.395833333333 0.335329341317 0.315329218107
0.822636300897 0.0 0.854166666667 0.804572672836 0.833333333333
0.685645272602 1.0 0.791666666667 0.71692977681 0.757201646091
0.114906832298 0.0 0.166666666667 0.112683723462 0.0956790123457
0.847481021394 0.0 0.833333333333 0.800762112139 0.793209876543
0.501725327812 0.0 0.583333333333 0.530212302667 0.565329218107
0.309523809524 0.0 0.4375 0.326075122482 0.389403292181
0.583505866115 0.0 0.708333333333 0.700598802395 0.703189300412
0.524844720497 0.0 0.520833333333 0.434403919434 0.489711934156
0.494824016563 0.0 0.625 0.571584104518 0.542695473251
0.233954451346 1.0 0.270833333333 0.143168209036 0.192386831276
0.660800552105 0.0 0.791666666667 0.720740337507 0.775720164609
0.575224292616 0.0 0.645833333333 0.605334784976 0.672839506173
0.487922705314 1.0 0.625 0.563962983125 0.570473251029
0.611456176674 1.0 0.666666666667 0.532934131737 0.544238683128
0.492408557626 0.0 0.645833333333 0.663037561241 0.651234567901
0.270186335404 0.0 0.333333333333 0.292868807839 0.292695473251
0.232229123533 0.0 0.291666666667 0.296135002722 0.297325102881
0.272601794341 1.0 0.354166666667 0.262928688078 0.242283950617
0.573844030366 1.0 0.541666666667 0.395753946652 0.435699588477
0.593512767426 0.0 0.604166666667 0.512792596625 0.590020576132
0.378536922015 0.0 0.479166666667 0.470332063146 0.5
0.538647342995 0.0 0.520833333333 0.432226456179 0.490226337449
0.351621808144 0.0 0.458333333333 0.377245508982 0.349794238683
0.400966183575 0.0 0.520833333333 0.390310288514 0.475308641975
0.659075224293 0.0 0.6875 0.585193249864 0.5920781893
