0.732740585774 0.0 0.833333333333 0.744219653179 0.881168831169
0.693514644351 0.0 0.805555555556 0.656069364162 0.768181818182
0.50679916318 0.0 0.638888888889 0.477601156069 0.59025974026
0.714958158996 0.0 0.805555555556 0.682080924855 0.808441558442
0.580020920502 0.0 0.694444444444 0.585260115607 0.699350649351
0.575836820084 0.0 0.722222222222 0.64161849711 0.72012987013
0.742154811715 0.0 0.888888888889 0.816473988439 0.873376623377
0.616108786611 0.0 0.694444444444 0.578034682081 0.713636363636
0.67050209205 0.0 0.805555555556 0.675578034682 0.744155844156
0.606694560669 0.0 0.722222222222 0.623554913295 0.716233766234
0.717050209205 0.0 0.833333333333 0.837427745665 0.90974025974
0.672594142259 0.0 0.777777777778 0.652456647399 0.748051948052
0.778242677824 0.0 0.833333333333 0.740606936416 0.873376623377
0.703451882845 0.0 0.777777777778 0.667630057803 0.788311688312
0.629707112971 0.0 0.805555555556 0.803468208092 0.818831168831
0.6589958159 0.0 0.75 0.688583815029 0.791558441558
0.714435146444 0.0 0.805555555556 0.696531791908 0.793506493506
0.626046025105 0.0 0.722222222222 0.622832369942 0.720779220779
0.67730125523 0.0 0.777777777778 0.632947976879 0.723376623377
0.646966527197 0.0 0.805555555556 0.747832369942 0.774675324675
0.648535564854 0.0 0.75 0.645231213873 0.733766233766
0.430962343096 0.0 0.527777777778 0.432803468208 0.550649350649
0.917887029289 0.0 0.916666666667 0.776734104046 0.941558441558
0.64539748954 0.0 0.722222222222 0.573699421965 0.688961038961
0.764121338912 0.0 0.833333333333 0.825867052023 0.925324675325
0.664225941423 0.0 0.75 0.612716763006 0.714285714286
0.751046025105 0.0 0.916666666667 0.839595375723 0.844155844156
0.660041841004 0.0 0.722222222222 0.601878612717 0.726623376623
0.773535564854 0.0 0.777777777778 0.539739884393 0.718831168831
0.732740585774 0.0 0.833333333333 0.796965317919 0.866883116883
0.624476987448 0.0 0.722222222222 0.576589595376 0.668831168831
0.660564853556 0.0 0.75 0.708092485549 0.798051948052
0.635460251046 0.0 0.75 0.71098265896 0.777272727273
0.551255230126 0.0 0.638888888889 0.575144508671 0.680519480519
0.653242677824 0.0 0.722222222222 0.646676300578 0.76038961039
0.747907949791 0.0 0.888888888889 0.830202312139 0.855194805195
0.700836820084 0.0 0.805555555556 0.726156069364 0.795454545455
0.523012552301 0.0 0.611111111111 0.523843930636 0.631168831169
0.791841004184 0.0 0.944444444444 1.0 1.0
0.578974895397 0.0 0.694444444444 0.609104046243 0.680519480519
0.621338912134 0.0 0.75 0.704479768786 0.754545454545
0.896966527197 0.0 0.916666666667 0.702312138728 0.844155844156
0.551255230126 0.0 0.666666666667 0.465317919075 0.546753246753
0.940376569038 0.0 0.972222222222 0.799132947977 0.92012987013
0.608263598326 0.0 0.75 0.661849710983 0.701298701299
0.529811715481 0.0 0.611111111111 0.476156069364 0.58961038961
0.550209205021 0.0 0.666666666667 0.58887283237 0.65974025974
0.616631799163 0.0 0.638888888889 0.493497109827 0.658441558442
0.665271966527 0.0 0.777777777778 0.801300578035 0.855844155844
0.80910041841 0.0 0.861111111111 0.789739884393 0.895454545455
0.530857740586 0.0 0.638888888889 0.548410404624 0.629220779221
0.465481171548 0.0 0.583333333333 0.541184971098 0.616233766234
0.725941422594 0.0 0.833333333333 0.678468208092 0.740909090909
0.395920502092 0.0 0.5 0.437861271676 0.535064935065
0.483786610879 0.0 0.638888888889 0.572976878613 0.607142857143
0.865585774059 0.0 0.944444444444 0.817919075145 0.890909090909
0.464958158996 0.0 0.527777777778 0.386560693642 0.523376623377
0.692991631799 0.0 0.805555555556 0.799855491329 0.85
0.490062761506 0.0 0.555555555556 0.459537572254 0.587012987013
0.596757322176 0.0 0.722222222222 0.655346820809 0.705844155844
0.481694560669 0.0 0.583333333333 0.537572254335 0.624675324675
0.622907949791 0.0 0.722222222222 0.676300578035 0.749350649351
0.660564853556 0.0 0.777777777778 0.653901734104 0.707792207792
0.792887029289 0.0 0.888888888889 0.770953757225 0.830519480519
0.682008368201 0.0 0.722222222222 0.540462427746 0.674675324675
0.671025104603 0.0 0.833333333333 0.729046242775 0.731818181818
0.746338912134 0.0 0.888888888889 0.885838150289 0.893506493506
0.523012552301 0.0 0.611111111111 0.497832369942 0.593506493506
0.71129707113 0.0 0.805555555556 0.750722543353 0.814285714286
0.616631799163 0.0 0.666666666667 0.513005780347 0.63961038961
0.825313807531 0.0 0.916666666667 0.846098265896 0.9
0.65010460251 0.0 0.75 0.676300578035 0.741558441558
0.442991631799 0.0 0.583333333333 0.51950867052 0.565584415584
0.439330543933 0.0 0.583333333333 0.543352601156 0.583766233766
0.643828451883 0.0 0.722222222222 0.584537572254 0.675324675325
0.669456066946 0.0 0.75 0.732658959538 0.809090909091
0.588389121339 0.0 0.722222222222 0.690751445087 0.722077922078
0.559623430962 0.0 0.666666666667 0.567196531792 0.633766233766
0.780334728033 0.0 0.861111111111 0.782514450867 0.849350649351
0.679393305439 0.0 0.777777777778 0.687138728324 0.747402597403
0.605125523013 0.0 0.75 0.651734104046 0.672727272727
0.585774058577 0.0 0.75 0.71676300578 0.715584415584
0.694560669456 0.0 0.75 0.623554913295 0.728571428571
0.671548117155 0.0 0.75 0.625 0.708441558442
0.740585774059 0.0 0.861111111111 0.820809248555 0.846753246753
0.482217573222 0.0 0.555555555556 0.434248554913 0.544155844156
0.783472803347 0.0 0.861111111111 0.794797687861 0.861688311688
0.773012552301 0.0 0.833333333333 0.677023121387 0.768831168831
0.825313807531 0.0 0.916666666667 0.763728323699 0.816883116883
0.626046025105 0.0 0.722222222222 0.653901734104 0.719480519481
0.559623430962 0.0 0.638888888889 0.523843930636 0.617532467532
0.782949790795 0.0 0.888888888889 0.780346820809 0.82012987013
0.628661087866 0.0 0.777777777778 0.731936416185 0.74025974026
0.890167364017 0.0 0.916666666667 0.75289017341 0.865584415584
0.833158995816 0.0 0.972222222222 0.951589595376 0.944805194805
0.68410041841 0.0 0.777777777778 0.677023121387 0.73961038961
0.922594142259 0.0 1.0 0.932803468208 0.982467532468
0.584728033473 0.0 0.694444444444 0.580924855491 0.638961038961
0.768305439331 0.0 0.888888888889 0.887283236994 0.905194805195
0.664748953975 0.0 0.777777777778 0.662572254335 0.707142857143
0.774581589958 0.0 0.833333333333 0.789739884393 0.873376623377
0.778765690377 0.0 0.888888888889 0.878612716763 0.905844155844
0.752615062762 0.0 0.888888888889 0.900289017341 0.901948051948
0.651150627615 0.0 0.75 0.678468208092 0.735714285714
0.643305439331 0.0 0.777777777778 0.751445086705 0.769480519481
0.617677824268 0.0 0.722222222222 0.617774566474 0.674675324675
0.606171548117 0.0 0.75 0.73049132948 0.742207792208
0.678347280335 0.0 0.777777777778 0.757225433526 0.806493506494
0.835774058577 0.0 0.861111111111 0.765895953757 0.877922077922
0.610878661088 0.0 0.722222222222 0.651011560694 0.698051948052
0.72280334728 0.0 0.861111111111 0.844653179191 0.846753246753
0.439330543933 0.0 0.555555555556 0.469653179191 0.531818181818
0.935669456067 0.0 1.0 0.901011560694 0.96038961039
0.673117154812 0.0 0.777777777778 0.742774566474 0.786363636364
0.67730125523 0.0 0.75 0.665462427746 0.744805194805
0.564853556485 0.0 0.694444444444 0.630780346821 0.662337662338
0.731694560669 0.0 0.833333333333 0.777456647399 0.818181818182
0.765690376569 0.0 0.833333333333 0.71098265896 0.787012987013
1.0 0.0 0.944444444444 0.742052023121 0.924025974026
0.444037656904 0.0 0.555555555556 0.481213872832 0.545454545455
0.600418410042 0.0 0.722222222222 0.583815028902 0.623376623377
0.535564853556 0.0 0.638888888889 0.534682080925 0.598701298701
0.740062761506 0.0 0.777777777778 0.707369942197 0.813636363636
0.826359832636 0.0 0.888888888889 0.731936416185 0.807792207792
0.591527196653 0.0 0.694444444444 0.682803468208 0.734415584416
0.575836820084 0.0 0.638888888889 0.532514450867 0.633116883117
0.616631799163 0.0 0.777777777778 0.787572254335 0.774025974026
0.702928870293 0.0 0.833333333333 0.826589595376 0.835714285714
0.529811715481 0.0 0.638888888889 0.553468208092 0.60974025974
0.600941422594 0.0 0.722222222222 0.692196531792 0.724025974026
0.719142259414 0.0 0.777777777778 0.690028901734 0.776623376623
0.59780334728 0.0 0.694444444444 0.535404624277 0.600649350649
0.695606694561 0.0 0.75 0.648121387283 0.742207792208
0.695083682008 0.0 0.805555555556 0.726156069364 0.76038961039
0.707112970711 0.0 0.861111111111 0.849710982659 0.832467532468
0.733263598326 0.0 0.805555555556 0.723988439306 0.792857142857
0.484309623431 0.0 0.611111111111 0.588150289017 0.625324675325
0.544456066946 0.0 0.722222222222 0.593208092486 0.577272727273
0.744769874477 0.0 0.805555555556 0.704479768786 0.785064935065
0.512552301255 0.0 0.583333333333 0.456647398844 0.555194805195
0.59309623431 0.0 0.666666666667 0.523843930636 0.611038961039
0.585774058577 0.0 0.666666666667 0.53323699422 0.612987012987
0.598326359833 0.0 0.666666666667 0.571531791908 0.66038961039
0.766736401674 0.0 0.833333333333 0.73338150289 0.804545454545
0.668410041841 0.0 0.777777777778 0.688583815029 0.725974025974
0.651673640167 0.0 0.75 0.606936416185 0.661038961039
0.850418410042 0.0 0.972222222222 0.954479768786 0.953246753247
0.830543933054 0.0 0.861111111111 0.796965317919 0.895454545455
0.560669456067 0.0 0.694444444444 0.706647398844 0.724025974026
0.643305439331 0.0 0.805555555556 0.762283236994 0.743506493506
0.793410041841 0.0 0.888888888889 0.799855491329 0.835714285714
0.594142259414 0.0 0.694444444444 0.656069364162 0.706493506494
0.686715481172 0.0 0.805555555556 0.758670520231 0.779220779221
0.803870292887 0.0 0.805555555556 0.722543352601 0.853246753247
0.844665271967 0.0 0.861111111111 0.732658959538 0.845454545455
0.876046025105 0.0 0.888888888889 0.770953757225 0.883116883117
0.623430962343 0.0 0.722222222222 0.616329479769 0.667532467532
0.730125523013 0.0 0.805555555556 0.714595375723 0.776623376623
0.653242677824 0.0 0.75 0.689306358382 0.735714285714
0.824267782427 0.0 0.888888888889 0.840317919075 0.899350649351
0.560669456067 0.0 0.638888888889 0.55563583815 0.633116883117
0.566422594142 0.0 0.666666666667 0.558526011561 0.613636363636
0.573221757322 0.0 0.666666666667 0.505057803468 0.569480519481
0.554916317992 0.0 0.666666666667 0.526734104046 0.572727272727
0.648012552301 0.0 0.75 0.667630057803 0.709090909091
0.862970711297 0.0 0.916666666667 0.731936416185 0.805194805195
0.571652719665 0.0 0.666666666667 0.640895953757 0.694155844156
0.631276150628 0.0 0.75 0.598265895954 0.627922077922
0.699790794979 0.0 0.777777777778 0.728323699422 0.785714285714
0.589435146444 0.0 0.694444444444 0.606213872832 0.650649350649
0.636506276151 0.0 0.75 0.686416184971 0.714935064935
0.617677824268 0.0 0.694444444444 0.66112716763 0.727272727273
0.727510460251 0.0 0.805555555556 0.640895953757 0.701298701299
0.698221757322 0.0 0.833333333333 0.754335260116 0.753246753247
0.713912133891 0.0 0.833333333333 0.788294797688 0.799350649351
0.781380753138 0.0 0.861111111111 0.755780346821 0.803896103896
0.641736401674 0.0 0.722222222222 0.705924855491 0.763636363636
0.57949790795 0.0 0.666666666667 0.573699421965 0.636363636364
0.609309623431 0.0 0.694444444444 0.679190751445 0.735064935065
0.59989539749 0.0 0.694444444444 0.633670520231 0.683766233766
0.832112970711 0.0 0.888888888889 0.770953757225 0.837012987013
0.785564853556 0.0 0.861111111111 0.781791907514 0.831168831169
0.560146443515 0.0 0.611111111111 0.549855491329 0.649350649351
0.649581589958 0.0 0.75 0.708815028902 0.744805194805
0.724372384937 0.0 0.805555555556 0.66401734104 0.716883116883
0.706066945607 0.0 0.805555555556 0.753612716763 0.783766233766
0.696129707113 0.0 0.777777777778 0.640173410405 0.695454545455
0.674163179916 0.0 0.75 0.702312138728 0.76038961039
0.590481171548 0.0 0.666666666667 0.591040462428 0.659090909091
0.836820083682 0.0 0.833333333333 0.719653179191 0.844155844156
0.779288702929 0.0 0.833333333333 0.78323699422 0.85
0.740062761506 0.0 0.805555555556 0.716040462428 0.777922077922
0.832635983264 0.0 0.916666666667 0.768786127168 0.803246753247
0.724372384937 0.0 0.75 0.632947976879 0.738311688312
0.765690376569 0.0 0.833333333333 0.732658959538 0.788311688312
0.700313807531 0.0 0.777777777778 0.671965317919 0.724675324675
0.687761506276 0.0 0.722222222222 0.660404624277 0.755844155844
0.754184100418 0.0 0.777777777778 0.662572254335 0.764935064935
0.834205020921 0.0 0.833333333333 0.701589595376 0.820779220779
0.724372384937 0.0 0.777777777778 0.684971098266 0.757792207792
