0.440669371197 0.0 0.527777777778 0.307306590258 0.453872053872
0.803245436105 0.0 0.888888888889 0.571633237822 0.810101010101
0.740365111562 0.0 0.944444444444 0.934813753582 1.0
0.762677484787 0.0 0.972222222222 0.913323782235 0.997306397306
0.353955375254 0.0 0.444444444444 0.243553008596 0.33063973064
0.461460446247 0.0 0.555555555556 0.305873925501 0.457239057239
0.388945233266 0.0 0.527777777778 0.480659025788 0.497643097643
0.365111561866 0.0 0.5 0.419054441261 0.43569023569
0.627789046653 0.0 0.833333333333 0.768624641834 0.885521885522
0.439655172414 0.0 0.638888888889 0.572349570201 0.608754208754
0.883367139959 0.0 0.944444444444 0.787965616046 0.846464646465
0.793610547667 0.0 0.888888888889 0.833094555874 0.822222222222
1.0 0.0 1.0 0.737106017192 0.96835016835
0.556288032454 0.0 0.722222222222 0.563037249284 0.739393939394
0.246957403651 0.0 0.305555555556 0.195558739255 0.139393939394
0.553752535497 0.0 0.611111111111 0.481375358166 0.498316498316
0.426470588235 0.0 0.527777777778 0.368194842407 0.484175084175
0.385902636917 0.0 0.527777777778 0.468481375358 0.491582491582
0.855983772819 0.0 0.777777777778 0.522206303725 0.700336700337
0.895537525355 0.0 0.833333333333 0.541547277937 0.748148148148
0.610040567951 0.0 0.694444444444 0.488538681948 0.639057239057
0.573529411765 0.0 0.583333333333 0.335959885387 0.497643097643
0.722109533469 0.0 0.833333333333 0.717048710602 0.742087542088
0.5238336714 0.0 0.583333333333 0.439111747851 0.451178451178
0.383367139959 0.0 0.555555555556 0.565186246418 0.468013468013
0.239350912779 0.0 0.333333333333 0.350286532951 0.2
0.239350912779 0.0 0.333333333333 0.350286532951 0.2
0.424442190669 0.0 0.444444444444 0.399713467049 0.288215488215
0.581135902637 0.0 0.611111111111 0.470630372493 0.453198653199
0.497464503043 0.0 0.527777777778 0.469914040115 0.388552188552
0.777890466531 0.0 0.861111111111 0.624641833811 0.83367003367
0.562373225152 0.0 0.722222222222 0.543696275072 0.724579124579
0.415821501014 0.0 0.555555555556 0.510744985673 0.538720538721
0.374239350913 0.0 0.472222222222 0.347421203438 0.439730639731
0.632352941176 0.0 0.638888888889 0.32664756447 0.50101010101
0.28752535497 0.0 0.361111111111 0.194126074499 0.241750841751
0.440669371197 0.0 0.527777777778 0.307306590258 0.453872053872
0.440669371197 0.0 0.527777777778 0.307306590258 0.453872053872
0.469574036511 0.0 0.666666666667 0.614613180516 0.655892255892
0.469574036511 0.0 0.666666666667 0.614613180516 0.655892255892
0.858012170385 0.0 0.888888888889 0.689828080229 0.897643097643
0.731744421907 0.0 0.722222222222 0.57664756447 0.666666666667
0.426470588235 0.0 0.527777777778 0.368194842407 0.484175084175
0.753042596349 0.0 0.75 0.671919770774 0.689562289562
0.742900608519 0.0 0.833333333333 0.541547277937 0.769023569024
0.692697768763 0.0 0.777777777778 0.540830945559 0.704377104377
0.483265720081 0.0 0.638888888889 0.671919770774 0.639730639731
0.630324543611 0.0 0.861111111111 0.855300859599 0.886868686869
0.675963488844 0.0 0.777777777778 0.676934097421 0.682828282828
0.512677484787 0.0 0.5 0.277220630372 0.313131313131
0.352941176471 0.0 0.333333333333 0.194126074499 0.142087542088
0.352941176471 0.0 0.333333333333 0.194126074499 0.142087542088
0.541582150101 0.0 0.722222222222 0.719197707736 0.697643097643
0.305780933063 0.0 0.416666666667 0.399713467049 0.288888888889
0.46247464503 0.0 0.638888888889 0.616045845272 0.553535353535
0.48630831643 0.0 0.666666666667 0.677650429799 0.615488215488
0.728194726166 0.0 0.694444444444 0.494985673352 0.642424242424
0.675456389452 0.0 0.666666666667 0.575931232092 0.591245791246
0.418356997972 0.0 0.444444444444 0.419054441261 0.30303030303
0.566937119675 0.0 0.75 0.709885386819 0.70101010101
0.380324543611 0.0 0.555555555556 0.553008595989 0.461952861953
0.338742393509 0.0 0.472222222222 0.389684813754 0.362962962963
0.671906693712 0.0 0.833333333333 0.626074498567 0.830976430976
0.540567951318 0.0 0.638888888889 0.400429799427 0.569696969697
0.627281947262 0.0 0.805555555556 0.855300859599 0.771043771044
0.952839756592 0.0 1.0 1.0 0.96430976431
0.16784989858 0.0 0.222222222222 0.144699140401 0.0538720538721
0.352941176471 0.0 0.333333333333 0.194126074499 0.142087542088
0.587728194726 0.0 0.75 0.534383954155 0.727946127946
0.485294117647 0.0 0.611111111111 0.482808022923 0.558922558923
0.431034482759 0.0 0.583333333333 0.598853868195 0.5367003367
0.481237322515 0.0 0.666666666667 0.629656160458 0.661279461279
0.439148073022 0.0 0.444444444444 0.243553008596 0.329966329966
0.616632860041 0.0 0.694444444444 0.458452722063 0.59797979798
0.789553752535 0.0 0.694444444444 0.593839541547 0.614141414141
0.497971602434 0.0 0.583333333333 0.368911174785 0.515824915825
0.697261663286 0.0 0.861111111111 0.688395415473 0.836363636364
0.347870182556 0.0 0.472222222222 0.378223495702 0.385185185185
0.688640973631 0.0 0.805555555556 0.657593123209 0.746801346801
0.337221095335 0.0 0.444444444444 0.414756446991 0.393265993266
