0.713144963145 0.0 0.794871794872 0.686844229217 0.801916932907
0.763513513514 0.0 0.794871794872 0.61985472155 0.768690095847
0.641891891892 0.0 0.717948717949 0.606941081517 0.708626198083
0.688574938575 0.0 0.74358974359 0.573849878935 0.685623003195
0.652948402948 0.0 0.666666666667 0.472962066182 0.617252396166
0.798525798526 0.0 0.846153846154 0.659402744149 0.764217252396
0.883906633907 0.0 0.871794871795 0.713478611784 0.874121405751
0.675061425061 0.0 0.769230769231 0.626311541566 0.680511182109
0.882063882064 0.0 0.923076923077 0.760290556901 0.861980830671
0.635749385749 0.0 0.641025641026 0.488297013721 0.606389776358
0.848894348894 0.0 0.897435897436 0.841000807103 0.909265175719
0.841523341523 0.0 0.871794871795 0.734463276836 0.818530351438
0.503685503686 0.0 0.461538461538 0.220338983051 0.37571884984
0.738329238329 0.0 0.692307692308 0.514931396287 0.671565495208
0.480343980344 0.0 0.538461538462 0.391444713479 0.438977635783
0.548525798526 0.0 0.641025641026 0.535108958838 0.543769968051
0.687346437346 0.0 0.74358974359 0.61985472155 0.664536741214
0.605036855037 0.0 0.692307692308 0.588377723971 0.601277955272
0.733711048159 0.0 0.787878787879 0.634194831014 0.679659815734
0.817567567568 0.0 0.820512820513 0.642453591606 0.738019169329
0.669533169533 0.0 0.615384615385 0.421307506053 0.573801916933
0.606232294618 0.0 0.727272727273 0.618290258449 0.591778880227
0.730343980344 0.0 0.717948717949 0.519774011299 0.626198083067
0.465601965602 0.0 0.538461538462 0.369652945924 0.389776357827
0.660764872521 0.0 0.69696969697 0.53578528827 0.590361445783
0.889434889435 0.0 0.846153846154 0.792574656981 0.926517571885
0.759213759214 0.0 0.769230769231 0.616626311542 0.69392971246
0.745085995086 0.0 0.717948717949 0.404358353511 0.51821086262
0.631728045326 0.0 0.69696969697 0.539761431412 0.559886605245
0.828624078624 0.0 0.820512820513 0.702179176755 0.79552715655
0.937960687961 0.0 0.897435897436 0.697336561743 0.823003194888
0.912776412776 0.0 0.897435897436 0.803066989508 0.903514376997
0.439189189189 0.0 0.512820512821 0.442292171106 0.453674121406
0.370393120393 0.0 0.384615384615 0.226795803067 0.296485623003
0.435503685504 0.0 0.435897435897 0.306698950767 0.387220447284
0.696175637394 0.0 0.757575757576 0.62226640159 0.641389085755
0.466216216216 0.0 0.461538461538 0.302663438257 0.385303514377
0.714373464373 0.0 0.692307692308 0.526230831316 0.621086261981
0.689801699717 0.0 0.787878787879 0.718687872763 0.691708008505
0.463759213759 0.0 0.461538461538 0.252623083132 0.324600638978
0.502457002457 0.0 0.589743589744 0.478611783697 0.460702875399
0.552211302211 0.0 0.538461538462 0.330104923325 0.411501597444
0.809490084986 0.0 0.848484848485 0.74055666004 0.768958185684
0.799754299754 0.0 0.74358974359 0.600484261501 0.721405750799
0.847051597052 0.0 0.871794871795 0.728813559322 0.76357827476
0.512285012285 0.0 0.487179487179 0.238095238095 0.322044728435
0.601965601966 0.0 0.641025641026 0.484261501211 0.503514376997
0.390663390663 0.0 0.384615384615 0.197740112994 0.261341853035
0.486486486486 0.0 0.564102564103 0.458434221146 0.43642172524
0.818696883853 0.0 0.848484848485 0.708747514911 0.733522324592
0.695945945946 0.0 0.692307692308 0.538337368846 0.59552715655
0.536240786241 0.0 0.512820512821 0.430185633575 0.506709265176
0.479115479115 0.0 0.487179487179 0.3599677159 0.40447284345
0.823654390935 0.0 0.818181818182 0.630218687873 0.688164422395
0.46683046683 0.0 0.487179487179 0.34382566586 0.374440894569
0.592067988669 0.0 0.606060606061 0.434393638171 0.471296952516
0.904176904177 0.0 0.820512820513 0.711057304278 0.845367412141
0.447174447174 0.0 0.435897435897 0.261501210654 0.323322683706
0.884520884521 0.0 0.820512820513 0.650524616626 0.764217252396
0.660319410319 0.0 0.615384615385 0.458434221146 0.552715654952
0.350122850123 0.0 0.358974358974 0.193704600484 0.233865814696
0.639518413598 0.0 0.606060606061 0.409542743539 0.491849751949
0.808968058968 0.0 0.769230769231 0.723163841808 0.811501597444
0.53316953317 0.0 0.564102564103 0.467312348668 0.484984025559
0.439803439803 0.0 0.487179487179 0.338175948345 0.338019169329
0.764164305949 0.0 0.848484848485 0.79324055666 0.754075124026
0.388206388206 0.0 0.435897435897 0.313962873285 0.311182108626
0.563267813268 0.0 0.666666666667 0.634382566586 0.57571884984
0.700424929178 0.0 0.757575757576 0.617296222664 0.603827072998
0.946175637394 0.0 0.969696969697 0.919483101392 0.938341601701
0.516584766585 0.0 0.615384615385 0.513317191283 0.456230031949
0.720963172805 0.0 0.757575757576 0.655069582505 0.657689581857
0.683660933661 0.0 0.641025641026 0.455205811138 0.536741214058
0.468058968059 0.0 0.487179487179 0.335754640839 0.355271565495
0.705382436261 0.0 0.757575757576 0.563618290258 0.547129695252
1.0 0.0 0.923076923077 0.751412429379 0.863897763578
0.682719546742 0.0 0.666666666667 0.474155069583 0.525159461375
0.749291784703 0.0 0.787878787879 0.660039761431 0.655563430191
0.484029484029 0.0 0.410256410256 0.209846650525 0.317571884984
0.616707616708 0.0 0.564102564103 0.363196125908 0.449201277955
0.625354107649 0.0 0.666666666667 0.562624254473 0.553508150248
0.650141643059 0.0 0.69696969697 0.573558648111 0.558469170801
0.769041769042 0.0 0.74358974359 0.517352703793 0.574440894569
0.401105651106 0.0 0.435897435897 0.308313155771 0.304792332268
0.616093366093 0.0 0.717948717949 0.646489104116 0.57571884984
0.774079320113 0.0 0.787878787879 0.678926441352 0.694542877392
0.67209631728 0.0 0.69696969697 0.588469184891 0.592487597449
0.745042492918 0.0 0.757575757576 0.636182902584 0.650602409639
0.78316953317 0.0 0.820512820513 0.746569814366 0.736102236422
0.656633906634 0.166666666667 0.74358974359 0.648910411622 0.754632587859
0.879603399433 0.0 0.909090909091 0.861829025845 0.858256555634
0.631019830028 0.0 0.666666666667 0.506958250497 0.496810772502
0.574362606232 0.0 0.606060606061 0.412524850895 0.405386250886
0.621813031161 0.0 0.666666666667 0.566600397614 0.545003543586
0.753541076487 0.0 0.757575757576 0.636182902584 0.654145995748
0.507985257985 0.0 0.512820512821 0.342211460856 0.35910543131
0.657223796034 0.0 0.69696969697 0.551689860835 0.533664068037
0.668555240793 0.0 0.636363636364 0.477137176938 0.53082919915
0.75283286119 0.0 0.757575757576 0.575546719682 0.591778880227
0.514127764128 0.0 0.538461538462 0.344632768362 0.341214057508
0.425675675676 0.0 0.410256410256 0.297820823245 0.333546325879
0.689801699717 0.0 0.787878787879 0.769383697813 0.691708008505
0.42199017199 0.0 0.410256410256 0.25181598063 0.283706070288
0.631019830028 0.0 0.757575757576 0.698807157058 0.592487597449
0.665722379603 0.0 0.666666666667 0.5337972167 0.552799433026
0.665847665848 0.0 0.641025641026 0.584342211461 0.62875399361
0.652266288952 0.0 0.69696969697 0.540755467197 0.514528703047
0.75 0.0 0.74358974359 0.669087974173 0.69392971246
0.712464589235 0.0 0.727272727273 0.555666003976 0.559177888023
0.353808353808 0.0 0.358974358974 0.18805488297 0.200638977636
0.499385749386 0.0 0.538461538462 0.502017756255 0.480511182109
0.413390663391 0.0 0.384615384615 0.222760290557 0.268370607029
0.590651558074 0.0 0.606060606061 0.438369781312 0.438695960312
0.916430594901 0.0 0.909090909091 0.792246520875 0.814316087881
0.567567567568 0.0 0.512820512821 0.182405165456 0.250479233227
0.669971671388 0.0 0.666666666667 0.500994035785 0.517363571935
0.741501416431 0.0 0.666666666667 0.484095427435 0.571934798016
0.645892351275 0.0 0.727272727273 0.632206759443 0.56201275691
0.734419263456 0.0 0.787878787879 0.737574552684 0.695251594614
0.786827195467 0.0 0.818181818182 0.75944333996 0.739192062367
0.773955773956 0.166666666667 0.769230769231 0.605326876513 0.785303514377
0.347051597052 0.0 0.333333333333 0.170298627926 0.192971246006
0.702549575071 0.0 0.727272727273 0.629224652087 0.613040396882
0.546068796069 0.0 0.487179487179 0.209039548023 0.274760383387
0.686968838527 0.0 0.666666666667 0.513916500994 0.540751240255
0.689801699717 0.0 0.69696969697 0.612326043738 0.611622962438
0.458230958231 0.0 0.384615384615 0.210653753027 0.28945686901
0.75 0.0 0.818181818182 0.728628230616 0.665485471297
0.640226628895 0.0 0.69696969697 0.617296222664 0.564847625797
0.771246458924 0.0 0.818181818182 0.701789264414 0.658398299079
0.867321867322 0.0 0.871794871795 0.719128329298 0.717571884984
0.399877149877 0.0 0.461538461538 0.411622276029 0.352715654952
0.898016997167 0.0 0.939393939394 0.925447316103 0.886605244507
0.757082152975 0.0 0.787878787879 0.668986083499 0.640680368533
0.714589235127 0.0 0.727272727273 0.644135188867 0.633593196315
0.429975429975 0.0 0.410256410256 0.281678773204 0.303514376997
0.579238329238 0.0 0.564102564103 0.509281678773 0.525878594249
0.379606879607 0.0 0.384615384615 0.200968523002 0.196166134185
1.0 0.0 1.0 1.0 1.0
0.64730878187 0.0 0.727272727273 0.715705765408 0.63571934798
0.697592067989 0.0 0.666666666667 0.517892644135 0.548547129695
0.496928746929 0.0 0.435897435897 0.188861985472 0.249201277955
0.751416430595 0.0 0.727272727273 0.572564612326 0.596031183558
0.71104815864 0.0 0.69696969697 0.538767395626 0.551381998583
0.748583569405 0.0 0.787878787879 0.705765407555 0.663359319631
0.892177589852 0.0 0.939393939394 0.909851301115 0.859351988218
0.694759206799 0.0 0.757575757576 0.665009940358 0.598866052445
0.839066339066 0.166666666667 0.897435897436 0.786924939467 0.890734824281
0.554668304668 0.0 0.512820512821 0.376916868442 0.414696485623
0.667847025496 0.0 0.69696969697 0.515904572565 0.481927710843
0.764872521246 0.0 0.818181818182 0.813121272366 0.754783841247
0.385749385749 0.0 0.333333333333 0.150121065375 0.196805111821
0.623937677054 0.0 0.666666666667 0.575546719682 0.526576895819
0.722379603399 0.0 0.666666666667 0.474155069583 0.523033309709
0.823654390935 0.0 0.848484848485 0.771371769384 0.739192062367
0.608174770965 0.0 0.636363636364 0.491635687732 0.455817378498
0.52886977887 0.0 0.564102564103 0.422921711057 0.379552715655
0.638101983003 0.0 0.69696969697 0.604373757455 0.537207654146
0.654390934844 0.0 0.666666666667 0.542743538767 0.521615875266
0.696883852691 0.0 0.69696969697 0.5337972167 0.524450744153
0.553116147309 0.0 0.575757575758 0.473161033797 0.440822111977
0.640934844193 0.0 0.666666666667 0.591451292247 0.555634301914
0.811614730878 0.0 0.848484848485 0.760437375746 0.712969525159
0.452702702703 0.0 0.435897435897 0.260694108152 0.265814696486
0.701133144476 0.0 0.69696969697 0.579522862823 0.571934798016
0.700493305144 0.0 0.636363636364 0.418215613383 0.470544918999
0.805282555283 0.0 0.820512820513 0.802259887006 0.775079872204
0.576487252125 0.0 0.636363636364 0.51888667992 0.44578313253
0.789660056657 0.0 0.818181818182 0.700795228628 0.658398299079
0.719901719902 0.0 0.641025641026 0.413236481033 0.476677316294
0.658640226629 0.0 0.666666666667 0.576540755467 0.552799433026
0.659348441926 0.0 0.69696969697 0.588469184891 0.535081502481
0.809490084986 0.0 0.818181818182 0.708747514911 0.683912119064
0.793201133144 0.0 0.787878787879 0.691848906561 0.680368532955
0.795325779037 0.0 0.818181818182 0.738568588469 0.697377746279
0.626770538244 0.0 0.636363636364 0.459244532803 0.430900070872
0.660764872521 0.0 0.69696969697 0.665009940358 0.609496810773
0.811614730878 0.0 0.818181818182 0.739562624254 0.713678242381
0.657505285412 0.0 0.69696969697 0.565055762082 0.5058910162
0.657505285412 0.0 0.69696969697 0.565055762082 0.5058910162
0.825552825553 0.166666666667 0.846153846154 0.677158999193 0.803194888179
0.670679886686 0.0 0.636363636364 0.48310139165 0.497519489724
0.728501228501 0.0 0.692307692308 0.514124293785 0.5303514377
0.366093366093 0.0 0.358974358974 0.272800645682 0.259424920128
0.777027027027 0.0 0.820512820513 0.766747376917 0.702236421725
0.704674220963 0.0 0.727272727273 0.646123260437 0.602409638554
0.881728045326 0.0 0.878787878788 0.841948310139 0.823529411765
0.740171990172 0.166666666667 0.769230769231 0.631154156578 0.746325878594
0.429361179361 0.0 0.461538461538 0.332526230831 0.277955271565
0.781161473088 0.0 0.757575757576 0.63916500994 0.639971651311
0.697592067989 0.0 0.69696969697 0.591451292247 0.569099929128
0.692634560907 0.0 0.727272727273 0.630218687873 0.571934798016
0.909348441926 0.0 0.969696969697 0.999005964215 0.914953933381
0.714589235127 0.0 0.757575757576 0.694831013917 0.62792345854
0.597025495751 0.0 0.606060606061 0.441351888668 0.408221119773
0.787535410765 0.0 0.818181818182 0.726640159046 0.671155209072
0.623229461756 0.0 0.666666666667 0.559642147117 0.491141034727
0.572481572482 0.0 0.538461538462 0.43583535109 0.444728434505
0.744471744472 0.0 0.692307692308 0.493139628733 0.520127795527
0.815155807365 0.0 0.818181818182 0.713717693837 0.685329553508
