0.537085514834 0.666666666667 0.641025641026 0.701566951567 0.555832813475
0.779232111693 0.0 0.74358974359 0.705128205128 0.640673736744
0.745636998255 0.0 0.769230769231 0.791310541311 0.728009981285
0.672338568935 0.0 0.692307692308 0.754985754986 0.592638802246
0.772251308901 0.0 0.871794871795 0.942307692308 0.792888334373
0.289703315881 0.0 0.358974358974 0.353276353276 0.315658140986
0.480802792321 0.666666666667 0.512820512821 0.455128205128 0.396132252027
0.535776614311 0.0 0.487179487179 0.405270655271 0.419837804117
0.730802792321 0.0 0.74358974359 0.723646723647 0.588271990019
0.754363001745 0.0 0.769230769231 0.757122507123 0.608858390518
0.617364746946 0.0 0.666666666667 0.711538461538 0.623830318153
0.578970331588 0.0 0.717948717949 0.826210826211 0.700561447286
0.738656195462 0.0 0.820512820513 0.77207977208 0.658140985652
0.762216404887 0.0 0.820512820513 0.755698005698 0.67560823456
0.514397905759 0.0 0.589743589744 0.653846153846 0.640049906425
0.526178010471 0.0 0.564102564103 0.49358974359 0.408608858391
0.499127399651 0.666666666667 0.512820512821 0.460113960114 0.430442919526
0.410558464223 0.666666666667 0.435897435897 0.387464387464 0.354959451029
0.843804537522 0.0 0.948717948718 0.974358974359 0.886462882096
0.566753926702 0.666666666667 0.512820512821 0.451566951567 0.377417342483
0.644415357766 0.666666666667 0.74358974359 0.726495726496 0.757953836556
0.689790575916 0.0 0.74358974359 0.631054131054 0.639426076107
0.464223385689 0.0 0.589743589744 0.616096866097 0.56768558952
0.396596858639 0.333333333333 0.487179487179 0.524928774929 0.55084217093
0.495636998255 0.0 0.512820512821 0.512820512821 0.395508421709
0.43630017452 0.0 0.461538461538 0.440883190883 0.378665003119
0.54057591623 0.0 0.512820512821 0.49358974359 0.414223331254
0.613001745201 0.666666666667 0.564102564103 0.487179487179 0.46974422957
0.756980802792 0.0 0.692307692308 0.653133903134 0.554585152838
0.866492146597 0.0 0.923076923077 0.94943019943 0.890829694323
0.973385689354 0.666666666667 1.0 0.954415954416 0.880224578915
0.562390924956 0.0 0.666666666667 0.700854700855 0.749220212102
0.620855148342 0.0 0.794871794872 0.79415954416 0.809731752963
0.501745200698 0.0 0.589743589744 0.591168091168 0.605739238927
0.553664921466 0.0 0.641025641026 0.652421652422 0.56082345602
0.926701570681 0.0 0.871794871795 0.832621082621 0.721147847785
0.428010471204 0.0 0.461538461538 0.428774928775 0.298814722396
0.392670157068 0.0 0.512820512821 0.507122507123 0.52027448534
0.380890052356 0.0 0.512820512821 0.507834757835 0.498440424205
0.737347294939 0.0 0.74358974359 0.705128205128 0.673736743606
0.504363001745 0.0 0.641025641026 0.604700854701 0.591391141609
0.637870855148 0.0 0.794871794872 0.794871794872 0.777916406737
0.38219895288 0.666666666667 0.410256410256 0.351851851852 0.299438552714
0.597294938918 0.0 0.564102564103 0.60113960114 0.555208983157
0.440663176265 0.666666666667 0.589743589744 0.57905982906 0.572052401747
0.633507853403 0.0 0.717948717949 0.703703703704 0.681846537742
0.564572425829 0.0 0.641025641026 0.655982905983 0.641297567062
0.497382198953 0.0 0.512820512821 0.512820512821 0.402370555209
0.483420593368 0.0 0.564102564103 0.556267806268 0.499688084841
0.550610820244 0.0 0.666666666667 0.742165242165 0.64192139738
0.648778359511 0.0 0.794871794872 0.866809116809 0.791640673737
0.588132635253 0.0 0.74358974359 0.860398860399 0.702432938241
0.682373472949 0.0 0.666666666667 0.606125356125 0.477854023706
0.906195462478 0.0 0.897435897436 0.887464387464 0.658140985652
0.703315881326 0.0 0.717948717949 0.667378917379 0.656269494697
0.644415357766 0.666666666667 0.74358974359 0.726495726496 0.757953836556
0.3184991274 0.0 0.435897435897 0.445156695157 0.365564566438
0.787958115183 0.0 0.74358974359 0.799857549858 0.631940112289
0.654013961606 0.0 0.769230769231 0.80698005698 0.698689956332
0.597294938918 0.0 0.564102564103 0.60113960114 0.555208983157
0.83595113438 0.0 0.769230769231 0.697293447293 0.609482220836
0.4315008726 0.0 0.512820512821 0.448005698006 0.378041172801
0.539703315881 0.666666666667 0.538461538462 0.504273504274 0.404865876482
0.66797556719 0.666666666667 0.820512820513 0.910256410256 0.723643169058
0.794502617801 0.0 0.717948717949 0.666666666667 0.653774173425
0.79537521815 0.0 0.769230769231 0.737891737892 0.671241422333
0.566753926702 0.0 0.717948717949 0.752849002849 0.679975046787
0.73647469459 0.0 0.666666666667 0.594729344729 0.562694946974
0.597294938918 0.0 0.564102564103 0.60113960114 0.555208983157
0.700261780105 0.0 0.692307692308 0.633903133903 0.478477854024
0.54057591623 0.0 0.512820512821 0.457264957265 0.332501559576
0.568935427574 0.0 0.692307692308 0.716524216524 0.721147847785
0.295811518325 0.0 0.384615384615 0.355413105413 0.26699937617
0.647033158813 0.0 0.615384615385 0.64245014245 0.52713661884
0.396596858639 0.666666666667 0.487179487179 0.42735042735 0.313786650031
0.736910994764 0.0 0.692307692308 0.736467236467 0.642545227698
0.521378708551 0.0 0.538461538462 0.519943019943 0.462258265752
0.671902268761 0.0 0.717948717949 0.697293447293 0.608858390518
0.843804537522 0.0 0.948717948718 0.974358974359 0.886462882096
0.921029668412 0.0 0.871794871795 0.875356125356 0.774173424828
0.819808027923 0.0 0.74358974359 0.738603988604 0.617592014972
0.657504363002 0.0 0.641025641026 0.631766381766 0.522769806613
0.49127399651 0.0 0.564102564103 0.509259259259 0.498440424205
0.437172774869 0.0 0.461538461538 0.412393162393 0.354335620711
0.535776614311 0.0 0.589743589744 0.547720797721 0.427323767935
0.746509598604 0.0 0.692307692308 0.625356125356 0.519026824704
0.771815008726 0.0 0.666666666667 0.641025641026 0.49656893325
0.658376963351 0.333333333333 0.717948717949 0.623219373219 0.575795383656
0.621727748691 0.0 0.717948717949 0.784188034188 0.560199625702
0.901396160558 0.0 0.846153846154 0.885327635328 0.759825327511
0.549301919721 0.0 0.641025641026 0.670227920228 0.547099189021
0.779232111693 0.0 0.74358974359 0.705128205128 0.640673736744
0.595986038394 0.0 0.666666666667 0.641025641026 0.565190268247
0.526614310646 0.0 0.615384615385 0.559829059829 0.538989394885
0.578534031414 1.0 0.641025641026 0.663817663818 0.548346849657
0.678010471204 0.0 0.666666666667 0.665242165242 0.571428571429
0.779232111693 0.666666666667 0.794871794872 0.754273504274 0.744853399875
0.614746945899 0.0 0.615384615385 0.501424501425 0.418590143481
0.474694589878 0.666666666667 0.410256410256 0.303418803419 0.211478477854
0.745636998255 0.0 0.769230769231 0.757122507123 0.65190268247
0.515706806283 0.0 0.512820512821 0.462250712251 0.353711790393
0.282722513089 0.0 0.384615384615 0.380341880342 0.235184029944
0.901396160558 0.333333333333 0.897435897436 0.910968660969 0.853399875234
0.407940663176 0.333333333333 0.461538461538 0.413817663818 0.393013100437
0.551919720768 0.0 0.615384615385 0.526353276353 0.454148471616
0.426265270506 0.0 0.410256410256 0.356125356125 0.293200249532
0.748691099476 0.666666666667 0.74358974359 0.775641025641 0.704304429195
0.497382198953 0.0 0.512820512821 0.47150997151 0.469120399251
0.763089005236 0.0 0.897435897436 0.982905982906 0.852152214598
0.394851657941 0.0 0.461538461538 0.490740740741 0.369931378665
0.629144851658 0.0 0.615384615385 0.586894586895 0.502183406114
0.757853403141 0.0 0.794871794872 0.814102564103 0.741734248284
0.766579406632 0.0 0.769230769231 0.77849002849 0.628197130381
0.60427574171 0.666666666667 0.717948717949 0.718660968661 0.715533374922
0.397905759162 0.0 0.538461538462 0.520655270655 0.504678727386
0.334642233857 0.0 0.435897435897 0.472222222222 0.353087960075
0.565445026178 0.0 0.641025641026 0.624643874644 0.596381784155
0.60427574171 0.666666666667 0.717948717949 0.718660968661 0.715533374922
0.402268760908 0.0 0.512820512821 0.533475783476 0.391141609482
0.53184991274 0.0 0.564102564103 0.52207977208 0.475358702433
0.638743455497 0.0 0.641025641026 0.624643874644 0.57080474111
0.601221640489 0.0 0.589743589744 0.541310541311 0.48970679975
0.99520069808 0.0 1.0 1.0 0.947598253275
0.678010471204 0.0 0.666666666667 0.665242165242 0.571428571429
0.71335078534 0.0 0.717948717949 0.720085470085 0.663131628197
0.490837696335 0.0 0.589743589744 0.49358974359 0.42233312539
0.633071553229 0.0 0.74358974359 0.700142450142 0.688084840923
0.68630017452 0.0 0.820512820513 0.77207977208 0.718028696195
0.496509598604 0.0 0.461538461538 0.464387464387 0.423580786026
0.456369982548 0.0 0.641025641026 0.668091168091 0.608858390518
0.602966841187 0.666666666667 0.589743589744 0.482905982906 0.441671865253
0.560645724258 0.666666666667 0.512820512821 0.396011396011 0.339363693075
0.4315008726 0.0 0.512820512821 0.448005698006 0.378041172801
0.35034904014 0.0 0.435897435897 0.443732193732 0.338739862757
0.716404886562 0.0 0.846153846154 0.815527065527 0.778540237056
0.524432809773 0.0 0.666666666667 0.614672364672 0.531503431067
0.956369982548 0.0 0.974358974359 0.983618233618 0.848409232689
0.802356020942 0.0 0.717948717949 0.709401709402 0.491578290705
0.892670157068 0.0 0.871794871795 0.938034188034 0.842794759825
0.802792321117 0.0 0.846153846154 0.84188034188 0.795383655646
0.779232111693 0.0 0.74358974359 0.705128205128 0.640673736744
0.611692844677 0.0 0.589743589744 0.58547008547 0.443543356207
0.60907504363 0.666666666667 0.564102564103 0.483618233618 0.45601996257
0.450698080279 0.0 0.589743589744 0.568376068376 0.511540860886
0.516143106457 0.666666666667 0.512820512821 0.435897435897 0.325015595758
0.773996509599 0.0 0.74358974359 0.763532763533 0.676232064878
0.551483420593 0.0 0.589743589744 0.647435897436 0.517155333749
0.678010471204 0.0 0.666666666667 0.665242165242 0.571428571429
0.726003490401 0.0 0.692307692308 0.737891737892 0.61821584529
0.723821989529 0.0 0.692307692308 0.597578347578 0.544603867748
0.782286212914 0.0 0.717948717949 0.712250712251 0.615096693699
0.514397905759 0.0 0.538461538462 0.54415954416 0.369931378665
0.63219895288 0.0 0.692307692308 0.670227920228 0.5945102932
0.398778359511 0.0 0.461538461538 0.425213675214 0.388022457891
0.392670157068 0.0 0.435897435897 0.398148148148 0.379288833437
0.76352530541 0.0 0.820512820513 0.900284900285 0.813474734872
0.874781849913 0.0 0.871794871795 0.891737891738 0.736119775421
0.616492146597 0.0 0.717948717949 0.718660968661 0.561447286338
0.644415357766 0.666666666667 0.74358974359 0.726495726496 0.757953836556
0.35034904014 0.0 0.435897435897 0.443732193732 0.338739862757
0.633944153578 0.0 0.666666666667 0.650284900285 0.52713661884
0.61780104712 0.0 0.769230769231 0.757834757835 0.659388646288
0.642233856894 0.0 0.666666666667 0.725071225071 0.651278852152
0.448080279232 0.666666666667 0.589743589744 0.521367521368 0.582033686837
0.715968586387 0.666666666667 0.820512820513 0.793447293447 0.839051777916
0.424083769634 0.666666666667 0.410256410256 0.292735042735 0.277604491578
0.776178010471 0.333333333333 0.897435897436 0.821937321937 0.86837180287
0.79057591623 0.333333333333 0.923076923077 0.84188034188 0.835932626326
0.948080279232 0.666666666667 0.923076923077 0.85754985755 0.863381160324
0.96335078534 0.666666666667 0.923076923077 0.869658119658 0.895820336868
0.527923211169 1.0 0.487179487179 0.435185185185 0.464129756706
0.793193717277 0.333333333333 0.923076923077 0.864672364672 0.811603243918
0.601221640489 0.0 0.74358974359 0.826923076923 0.834684965689
0.904013961606 0.0 0.948717948718 0.932336182336 0.791016843419
0.797120418848 0.0 0.794871794872 0.789173789174 0.676232064878
0.533158813264 0.0 0.692307692308 0.741452991453 0.600748596382
0.508289703316 0.0 0.615384615385 0.58547008547 0.548346849657
0.485165794066 0.666666666667 0.589743589744 0.499287749288 0.534622582658
0.576788830716 0.666666666667 0.692307692308 0.777065527066 0.638802245789
0.613001745201 0.666666666667 0.564102564103 0.487179487179 0.46974422957
1.0 0.666666666667 1.0 0.995014245014 1.0
0.586387434555 0.666666666667 0.717948717949 0.75641025641 0.658140985652
0.620418848168 0.333333333333 0.589743589744 0.526353276353 0.538989394885
0.661867364747 0.333333333333 0.615384615385 0.578347578348 0.572052401747
0.443280977312 0.0 0.564102564103 0.535612535613 0.600124766064
0.946335078534 0.0 0.897435897436 0.837606837607 0.799126637555
0.334642233857 0.0 0.410256410256 0.411680911681 0.296319401123
0.325916230366 0.0 0.384615384615 0.35113960114 0.248908296943
0.674520069808 0.0 0.769230769231 0.80698005698 0.623206487835
0.671029668412 0.666666666667 0.666666666667 0.609686609687 0.447910168434
0.616492146597 0.0 0.717948717949 0.718660968661 0.561447286338
0.428010471204 0.0 0.461538461538 0.428774928775 0.298814722396
0.857766143106 0.333333333333 0.897435897436 0.84188034188 0.77354959451
0.551919720768 0.0 0.615384615385 0.542735042735 0.573300062383
0.809336823735 0.0 0.794871794872 0.736467236467 0.686213349969
0.525741710297 0.0 0.538461538462 0.498575498575 0.480973175296
0.700261780105 0.0 0.717948717949 0.716524216524 0.67560823456
0.408376963351 0.0 0.384615384615 0.296296296296 0.35807860262
0.941972076789 0.0 0.948717948718 0.920227920228 0.849656893325
0.779232111693 0.0 0.74358974359 0.705128205128 0.640673736744
