0.648674698795 0.0 0.707317073171 0.709349593496 0.780137772675
0.425060240964 0.0 0.512195121951 0.418021680217 0.506314580941
0.739759036145 0.0 0.756097560976 0.647696476965 0.747416762342
0.59421686747 0.0 0.658536585366 0.638211382114 0.703214695752
0.673253012048 0.0 0.707317073171 0.593495934959 0.681400688863
0.564337349398 0.0 0.634146341463 0.594173441734 0.65671641791
0.62265060241 0.0 0.731707317073 0.771680216802 0.772101033295
0.620722891566 0.0 0.731707317073 0.756775067751 0.750287026406
0.517108433735 0.0 0.585365853659 0.533197831978 0.595866819747
0.681927710843 0.0 0.682926829268 0.59756097561 0.702066590126
0.665542168675 0.0 0.756097560976 0.737127371274 0.741676234214
0.700722891566 0.0 0.780487804878 0.794037940379 0.800229621125
0.508915662651 0.0 0.609756097561 0.556233062331 0.58438576349
0.629397590361 0.0 0.682926829268 0.687669376694 0.735361653272
0.812530120482 0.0 0.80487804878 0.712737127371 0.796785304248
0.64 0.0 0.731707317073 0.684281842818 0.689437428243
0.618313253012 0.0 0.658536585366 0.614498644986 0.678530424799
0.69734939759 0.0 0.756097560976 0.749322493225 0.773823191734
0.435662650602 0.0 0.512195121951 0.390243902439 0.458668197474
0.542168674699 0.0 0.609756097561 0.592818428184 0.640068886338
0.679518072289 0.0 0.707317073171 0.628048780488 0.694603903559
0.740722891566 0.0 0.80487804878 0.827913279133 0.833524684271
0.504578313253 0.0 0.560975609756 0.455962059621 0.526406429392
0.538795180723 0.0 0.585365853659 0.518292682927 0.588978185993
0.636144578313 0.0 0.707317073171 0.607046070461 0.633180252583
0.477108433735 0.0 0.560975609756 0.528455284553 0.567164179104
0.569638554217 0.0 0.609756097561 0.514227642276 0.586107921929
0.614939759036 0.0 0.707317073171 0.764227642276 0.756601607348
0.506024096386 0.0 0.560975609756 0.526422764228 0.589552238806
0.584578313253 0.0 0.609756097561 0.590785907859 0.668197474168
0.566265060241 0.0 0.658536585366 0.586043360434 0.598737083812
0.519518072289 0.0 0.585365853659 0.530487804878 0.579793340987
0.612530120482 0.0 0.682926829268 0.625338753388 0.650401836969
0.570602409639 0.0 0.634146341463 0.570460704607 0.611940298507
0.639518072289 0.0 0.682926829268 0.588753387534 0.640068886338
0.609156626506 0.0 0.682926829268 0.676151761518 0.692881745121
0.64 0.0 0.731707317073 0.713414634146 0.703214695752
0.633253012048 0.0 0.731707317073 0.779810298103 0.757749712974
0.59421686747 0.0 0.634146341463 0.566395663957 0.62456946039
0.612530120482 0.0 0.682926829268 0.678861788618 0.694603903559
0.749879518072 0.0 0.780487804878 0.809620596206 0.836969001148
0.503614457831 0.0 0.536585365854 0.485772357724 0.567738231917
0.586024096386 0.0 0.609756097561 0.434281842818 0.52009184845
0.568192771084 0.0 0.609756097561 0.497967479675 0.562571756602
0.610120481928 0.0 0.707317073171 0.692411924119 0.679678530425
0.50313253012 0.0 0.536585365854 0.468834688347 0.551664753157
0.737831325301 0.0 0.829268292683 0.817750677507 0.783582089552
0.653975903614 0.0 0.707317073171 0.661246612466 0.688289322618
0.412530120482 0.0 0.487804878049 0.39837398374 0.454649827784
0.526746987952 0.0 0.634146341463 0.686314363144 0.671641791045
0.51421686747 0.0 0.560975609756 0.555555555556 0.613662456946
0.775903614458 0.0 0.80487804878 0.774390243902 0.800229621125
0.53734939759 0.0 0.609756097561 0.587398373984 0.614236509759
0.564819277108 0.0 0.658536585366 0.656504065041 0.65269804822
0.363373493976 0.0 0.439024390244 0.379403794038 0.440872560276
0.572048192771 0.0 0.609756097561 0.539972899729 0.60045924225
0.404819277108 0.0 0.487804878049 0.477642276423 0.517795637199
0.613012048193 0.0 0.707317073171 0.750677506775 0.730769230769
0.760481927711 0.0 0.707317073171 0.551490514905 0.678530424799
0.533975903614 0.0 0.634146341463 0.665311653117 0.655568312285
0.595180722892 0.0 0.707317073171 0.75 0.713547646383
0.73686746988 0.0 0.756097560976 0.762872628726 0.799655568312
0.587469879518 0.0 0.634146341463 0.621951219512 0.6607347876
0.585542168675 0.0 0.658536585366 0.653116531165 0.663030998852
0.532048192771 0.0 0.609756097561 0.613821138211 0.62858783008
0.598554216867 0.0 0.658536585366 0.677506775068 0.696326061998
0.712771084337 0.0 0.756097560976 0.64566395664 0.669919632606
0.497831325301 0.0 0.560975609756 0.5027100271 0.544776119403
0.583614457831 0.0 0.634146341463 0.633468834688 0.666475315729
0.585542168675 0.0 0.634146341463 0.636178861789 0.670493685419
0.53686746988 0.0 0.609756097561 0.55216802168 0.575200918485
0.61686746988 0.0 0.634146341463 0.590108401084 0.654420206659
0.569156626506 0.0 0.658536585366 0.659214092141 0.650401836969
1.0 0.0 1.0 1.0 1.0
0.649156626506 0.0 0.731707317073 0.777777777778 0.756027554535
0.453012048193 0.0 0.536585365854 0.540650406504 0.561423650976
0.967710843373 0.0 0.951219512195 0.924119241192 0.949483352468
0.496385542169 0.0 0.536585365854 0.45189701897 0.517221584386
0.630361445783 0.0 0.682926829268 0.714769647696 0.728473019518
0.745542168675 0.0 0.80487804878 0.845528455285 0.82721010333
0.620240963855 0.0 0.707317073171 0.689024390244 0.670493685419
0.486265060241 0.0 0.585365853659 0.535907859079 0.533869115959
0.50313253012 0.0 0.585365853659 0.594173441734 0.601607347876
0.584096385542 0.0 0.609756097561 0.485772357724 0.549368541906
0.393253012048 0.0 0.463414634146 0.462059620596 0.505740528129
0.42265060241 0.0 0.487804878049 0.45189701897 0.497703788749
0.456385542169 0.0 0.560975609756 0.527100271003 0.522962112514
0.464578313253 0.0 0.536585365854 0.469512195122 0.501722158439
0.459277108434 0.0 0.536585365854 0.466124661247 0.493685419059
0.592771084337 0.0 0.609756097561 0.513550135501 0.580941446613
0.469879518072 0.0 0.560975609756 0.521002710027 0.527554535017
0.701686746988 0.0 0.731707317073 0.678861788618 0.704936854191
0.720963855422 0.0 0.780487804878 0.79674796748 0.780711825488
0.438072289157 0.0 0.560975609756 0.546070460705 0.521814006889
0.555662650602 0.0 0.658536585366 0.602303523035 0.579219288175
0.534457831325 0.0 0.560975609756 0.50406504065 0.56831228473
0.586506024096 0.0 0.634146341463 0.608401084011 0.636050516648
0.690602409639 0.0 0.756097560976 0.770325203252 0.753731343284
0.650120481928 0.0 0.731707317073 0.806910569106 0.775545350172
0.510843373494 0.0 0.585365853659 0.538617886179 0.553386911596
0.552771084337 0.0 0.609756097561 0.580623306233 0.603903559127
0.393253012048 0.0 0.487804878049 0.515582655827 0.525832376579
0.496385542169 0.0 0.585365853659 0.543360433604 0.54420206659
0.747469879518 0.0 0.780487804878 0.753387533875 0.761768082664
0.604819277108 0.0 0.658536585366 0.598238482385 0.615958668197
0.484819277108 0.0 0.512195121951 0.439701897019 0.511481056257
0.452530120482 0.0 0.512195121951 0.474254742547 0.514351320321
0.459277108434 0.0 0.512195121951 0.428861788618 0.478760045924
0.463614457831 0.0 0.536585365854 0.447154471545 0.474741676234
0.666024096386 0.0 0.756097560976 0.749322493225 0.709529276693
0.526265060241 0.0 0.585365853659 0.527100271003 0.553960964409
0.591325301205 0.0 0.609756097561 0.584688346883 0.639494833525
0.586506024096 0.0 0.658536585366 0.693766937669 0.685993111366
0.566265060241 0.0 0.585365853659 0.468834688347 0.535591274397
0.705060240964 0.0 0.707317073171 0.594173441734 0.650401836969
0.511807228916 0.0 0.560975609756 0.560298102981 0.595292766935
0.790843373494 0.0 0.80487804878 0.809620596206 0.824913892078
0.720963855422 0.0 0.731707317073 0.64566395664 0.686567164179
0.521445783133 0.0 0.585365853659 0.512195121951 0.535017221584
0.848674698795 0.0 0.780487804878 0.595528455285 0.704362801378
0.802891566265 0.0 0.829268292683 0.891598915989 0.885763490241
0.527710843373 0.0 0.609756097561 0.592140921409 0.588978185993
0.549879518072 0.0 0.585365853659 0.487127371274 0.536739380023
0.61734939759 0.0 0.682926829268 0.640921409214 0.638920780712
0.432771084337 0.0 0.536585365854 0.5027100271 0.49598163031
0.488192771084 0.0 0.560975609756 0.577235772358 0.58840413318
0.573012048193 0.0 0.609756097561 0.535230352304 0.575774971297
0.633253012048 0.0 0.682926829268 0.673441734417 0.681974741676
0.74313253012 0.0 0.780487804878 0.760162601626 0.760045924225
0.450602409639 0.0 0.560975609756 0.567750677507 0.545924225029
0.523855421687 0.0 0.609756097561 0.504742547425 0.50401836969
0.776385542169 0.0 0.853658536585 0.834688346883 0.784156142365
0.652530120482 0.0 0.707317073171 0.698509485095 0.696900114811
0.667469879518 0.0 0.682926829268 0.635501355014 0.676808266361
0.568192771084 0.0 0.658536585366 0.629403794038 0.607921928817
0.573493975904 0.0 0.609756097561 0.562330623306 0.599885189437
0.583614457831 0.0 0.634146341463 0.614498644986 0.632032146958
0.677108433735 0.0 0.682926829268 0.623983739837 0.673363949483
0.592289156627 0.0 0.585365853659 0.474254742547 0.559127439724
0.561445783133 0.0 0.658536585366 0.687669376694 0.653846153846
0.595180722892 0.0 0.682926829268 0.684281842818 0.655568312285
0.466987951807 0.0 0.560975609756 0.524390243902 0.518369690011
0.645301204819 0.0 0.707317073171 0.667344173442 0.659586681975
0.403373493976 0.0 0.487804878049 0.455284552846 0.47187141217
0.663614457831 0.0 0.731707317073 0.711382113821 0.690585533869
0.467951807229 0.0 0.560975609756 0.605013550136 0.591274397245
0.833253012048 0.0 0.829268292683 0.723577235772 0.753157290471
0.62313253012 0.0 0.707317073171 0.730352303523 0.695752009185
0.539759036145 0.0 0.585365853659 0.559620596206 0.587830080367
0.510361445783 0.0 0.560975609756 0.483062330623 0.51607347876
0.585542168675 0.0 0.658536585366 0.619241192412 0.609070034443
0.859759036145 0.0 0.829268292683 0.842818428184 0.884041331803
0.620240963855 0.0 0.658536585366 0.708672086721 0.721010332951
0.551807228916 0.0 0.609756097561 0.529132791328 0.545350172216
0.462168674699 0.0 0.512195121951 0.470867208672 0.510332950631
0.480963855422 0.0 0.560975609756 0.55081300813 0.551090700344
0.451084337349 0.0 0.512195121951 0.508807588076 0.535017221584
0.67421686747 0.0 0.707317073171 0.735094850949 0.742824339839
0.723373493976 0.0 0.731707317073 0.663279132791 0.695752009185
0.73156626506 0.0 0.731707317073 0.70325203252 0.739380022962
0.733012048193 0.0 0.707317073171 0.605013550136 0.675086107922
0.63421686747 0.0 0.682926829268 0.712737127371 0.710677382319
0.561927710843 0.0 0.658536585366 0.589430894309 0.558553386912
0.669397590361 0.0 0.731707317073 0.680216802168 0.663030998852
0.768192771084 0.0 0.731707317073 0.669376693767 0.739954075775
0.564819277108 0.0 0.634146341463 0.666666666667 0.655568312285
0.454939759036 0.0 0.536585365854 0.474932249322 0.481056257176
0.81686746988 0.0 0.80487804878 0.839430894309 0.864523536165
0.710843373494 0.0 0.731707317073 0.810975609756 0.818025258324
0.462168674699 0.0 0.536585365854 0.534552845528 0.541331802526
0.45734939759 0.0 0.512195121951 0.467479674797 0.5
0.606746987952 0.0 0.658536585366 0.594173441734 0.601033295063
0.587469879518 0.0 0.634146341463 0.54674796748 0.564867967853
0.574457831325 0.0 0.609756097561 0.552845528455 0.583237657865
0.600963855422 0.0 0.658536585366 0.728997289973 0.718714121699
0.628915662651 0.0 0.707317073171 0.670731707317 0.641216991963
0.734939759036 0.0 0.731707317073 0.677506775068 0.716417910448
0.633734939759 0.0 0.609756097561 0.530487804878 0.614810562572
0.6 0.0 0.634146341463 0.646341463415 0.666475315729
0.625060240964 0.0 0.658536585366 0.639566395664 0.657864523536
0.62843373494 0.0 0.682926829268 0.60027100271 0.60045924225
0.500722891566 0.0 0.536585365854 0.489159891599 0.532721010333
0.6 0.0 0.634146341463 0.567073170732 0.593570608496
0.585060240964 0.0 0.609756097561 0.476964769648 0.522388059701
0.553734939759 0.0 0.634146341463 0.657181571816 0.634902411022
0.641927710843 0.0 0.682926829268 0.657181571816 0.663030998852
0.677108433735 0.0 0.682926829268 0.657859078591 0.694603903559
0.58843373494 0.0 0.658536585366 0.709349593496 0.687715269805
0.590843373494 0.0 0.609756097561 0.54539295393 0.58840413318
0.574939759036 0.0 0.609756097561 0.55352303523 0.581515499426
0.611084337349 0.0 0.658536585366 0.715447154472 0.712399540758
0.602891566265 0.0 0.658536585366 0.626016260163 0.623421354765
0.632289156627 0.0 0.707317073171 0.705284552846 0.67278989667
0.625542168675 0.0 0.634146341463 0.602303523035 0.645809414466
0.555180722892 0.0 0.609756097561 0.54810298103 0.558553386912
0.644337349398 0.0 0.682926829268 0.617208672087 0.626865671642
0.939277108434 0.0 0.829268292683 0.758130081301 0.869115958668
0.523855421687 0.0 0.585365853659 0.569105691057 0.574052812859
0.742168674699 0.0 0.756097560976 0.747967479675 0.758323765786
0.606746987952 0.0 0.658536585366 0.628726287263 0.627439724455
