1.0 0.0 1.0 0.979329608939 1.0
0.975979305248 0.0 0.978723404255 1.0 0.995737879595
0.114560236511 0.0 0.148936170213 0.0810055865922 0.0633990410229
0.991130820399 1.0 0.957446808511 0.884916201117 0.900372935535
0.138950480414 0.0 0.170212765957 0.0793296089385 0.0873734683005
0.157797487066 1.0 0.212765957447 0.149720670391 0.158763985083
0.122320768662 0.0 0.170212765957 0.0932960893855 0.109749600426
0.944937176644 1.0 0.957446808511 0.966480446927 0.934469898775
0.870288248337 1.0 0.914893617021 0.855865921788 0.92168353756
0.884331116038 0.0 0.936170212766 0.945810055866 0.957911561002
0.988913525499 0.0 0.936170212766 0.862569832402 0.980820458178
0.135624538064 0.0 0.191489361702 0.132960893855 0.0863079381993
0.790096082779 0.0 0.893617021277 0.92625698324 0.964304741609
0.750923872875 1.0 0.829787234043 0.81061452514 0.830047948855
0.731337767923 1.0 0.723404255319 0.669273743017 0.811933937134
0.157058388766 0.0 0.212765957447 0.189944134078 0.181140117208
0.681818181818 1.0 0.63829787234 0.498324022346 0.613212573255
0.69696969697 0.0 0.829787234043 0.901117318436 0.820990942994
0.182926829268 0.0 0.191489361702 0.0988826815642 0.0735215769845
0.912047302291 0.0 0.893617021277 0.775418994413 0.79115610016
0.89763488544 1.0 0.851063829787 0.68938547486 0.784762919552
0.940133037694 1.0 0.872340425532 0.758100558659 0.846030900373
0.9955654102 0.0 1.0 0.992737430168 0.953116675546
0.714708056171 1.0 0.702127659574 0.603351955307 0.736814064997
0.712860310421 1.0 0.808510638298 0.776536312849 0.859882791689
0.766444937177 0.0 0.872340425532 0.931843575419 0.847629195525
0.562823355506 0.0 0.723404255319 0.741899441341 0.722962173681
0.635994087214 1.0 0.574468085106 0.413407821229 0.490676611614
0.354767184035 1.0 0.36170212766 0.308379888268 0.367607884923
0.383222468588 0.0 0.553191489362 0.544134078212 0.517847629196
0.60347376201 0.0 0.744680851064 0.723463687151 0.732551944592
0.238359201774 0.0 0.36170212766 0.3 0.274374001066
0.676644493718 0.0 0.808510638298 0.769832402235 0.766116142781
0.258314855876 1.0 0.276595744681 0.159217877095 0.193393713372
0.220251293422 1.0 0.255319148936 0.165363128492 0.206180074587
0.89615668884 0.0 0.957446808511 0.990502793296 0.946723494939
0.315225424982 0.0 0.468085106383 0.401117318436 0.422482685136
0.5036954915 1.0 0.446808510638 0.288826815642 0.316995205115
0.629342202513 0.0 0.765957446809 0.77374301676 0.755993606819
0.647450110865 0.0 0.787234042553 0.785474860335 0.807139051678
0.30413895048 0.0 0.446808510638 0.455865921788 0.378795950986
0.831855136733 1.0 0.765957446809 0.658100558659 0.787426744806
0.421286031042 1.0 0.382978723404 0.236312849162 0.258391049547
0.208056171471 0.0 0.297872340426 0.251955307263 0.230687266915
0.852180339985 1.0 0.787234042553 0.622905027933 0.77410761854
0.164818920916 0.0 0.234042553191 0.201675977654 0.155034629728
0.175905395418 0.0 0.255319148936 0.203910614525 0.125199786894
0.341093865484 0.0 0.489361702128 0.501675977654 0.449653702717
0.775314116778 1.0 0.68085106383 0.529608938547 0.600958977091
0.272727272727 0.0 0.404255319149 0.435754189944 0.351624933404
0.849223946785 0.0 0.914893617021 0.874860335196 0.908364411295
0.334072431633 1.0 0.31914893617 0.224581005587 0.277570591369
0.982631189948 0.0 0.978723404255 0.98938547486 0.962173681406
0.440872135994 1.0 0.425531914894 0.34469273743 0.425146510389
0.832594235033 0.0 0.914893617021 0.841340782123 0.863612147043
0.959719142646 0.0 0.936170212766 0.886033519553 0.906766116143
0.232815964523 0.0 0.340425531915 0.269832402235 0.26957911561
0.183296378418 1.0 0.234042553191 0.148044692737 0.188066062866
0.879526977088 0.0 0.893617021277 0.833519553073 0.884922749068
0.59682187731 1.0 0.553191489362 0.392737430168 0.54768247203
0.613821138211 1.0 0.595744680851 0.459217877095 0.558870538093
0.416112342942 0.0 0.574468085106 0.584357541899 0.578582844965
0.4955654102 1.0 0.404255319149 0.27374301676 0.319126265317
0.379526977088 0.0 0.531914893617 0.565363128492 0.589770911028
0.809312638581 0.0 0.851063829787 0.790502793296 0.891848694726
0.352180339985 0.0 0.510638297872 0.486033519553 0.446457112413
0.185144124169 1.0 0.212765957447 0.135754189944 0.152370804475
0.786400591279 1.0 0.744680851064 0.608379888268 0.724027703783
0.737620103474 0.0 0.851063829787 0.825139664804 0.900372935535
0.543976348854 1.0 0.489361702128 0.368715083799 0.472562599893
0.624168514412 1.0 0.617021276596 0.49217877095 0.598827916889
0.356614929786 1.0 0.340425531915 0.220111731844 0.262120404901
0.189578713969 0.0 0.276595744681 0.269273743017 0.194992008524
0.531781226903 0.0 0.702127659574 0.706703910615 0.659030367608
0.467479674797 0.0 0.63829787234 0.692737430168 0.679808204582
0.632298595713 1.0 0.659574468085 0.537988826816 0.642514651039
0.29563932003 0.0 0.425531914894 0.335195530726 0.350559403303
0.174796747967 1.0 0.212765957447 0.101675977654 0.120404901438
0.264227642276 0.0 0.382978723404 0.35530726257 0.362280234417
0.171101256467 0.0 0.212765957447 0.120111731844 0.147043153969
0.29859571323 1.0 0.297872340426 0.225698324022 0.270111880661
0.821138211382 0.0 0.851063829787 0.809497206704 0.898774640384
0.535476718404 1.0 0.510638297872 0.364245810056 0.427277570591
0.542498152254 1.0 0.531914893617 0.383798882682 0.458177943527
0.460827790096 0.0 0.617021276596 0.67094972067 0.631326584976
0.222838137472 0.0 0.31914893617 0.272625698324 0.231752797017
0.30229120473 0.0 0.36170212766 0.279329608939 0.338305807139
0.463414634146 1.0 0.468085106383 0.367597765363 0.451251997869
0.367701404287 0.0 0.36170212766 0.261452513966 0.305274374001
0.309312638581 0.0 0.382978723404 0.372625698324 0.410761854022
0.279748706578 1.0 0.297872340426 0.182681564246 0.238145977624
0.517738359202 0.0 0.68085106383 0.688826815642 0.629728289824
0.433481152993 0.0 0.595744680851 0.579888268156 0.575919019712
0.916851441242 0.0 0.914893617021 0.850279329609 0.905167820991
0.585365853659 0.0 0.63829787234 0.618994413408 0.675546084177
0.970066518847 0.0 0.936170212766 0.863687150838 0.905167820991
0.858093126386 0.0 0.851063829787 0.731284916201 0.668620138519
0.793791574279 0.0 0.829787234043 0.816759776536 0.880660628663
0.694382852919 0.0 0.787234042553 0.793854748603 0.832179009057
0.888396156689 0.0 0.914893617021 0.914525139665 0.916888652104
0.244271988174 0.0 0.31914893617 0.250279329609 0.293553542888
0.743902439024 0.0 0.744680851064 0.636312849162 0.700586041556
0.739467849224 0.0 0.808510638298 0.753072625698 0.703249866809
0.815225424982 0.0 0.872340425532 0.905586592179 0.778369738945
0.663340724316 0.0 0.744680851064 0.701675977654 0.685668620139
0.490391722099 0.0 0.659574468085 0.708938547486 0.645178476292
0.50036954915 0.0 0.617021276596 0.594972067039 0.604688332445
0.924611973392 0.0 0.851063829787 0.768715083799 0.840703249867
0.152254249815 0.0 0.191489361702 0.150279329609 0.137986148109
0.567997043607 0.0 0.723404255319 0.735195530726 0.726158763985
0.185883222469 0.0 0.255319148936 0.178212290503 0.17421417155
0.70251293422 0.0 0.744680851064 0.727374301676 0.852956846031
0.178861788618 0.0 0.255319148936 0.212849162011 0.214171550346
0.445306725795 1.0 0.468085106383 0.379888268156 0.461374533831
0.79748706578 0.0 0.829787234043 0.786033519553 0.742674480554
0.194013303769 0.0 0.234042553191 0.150279329609 0.144912093767
0.618625277162 0.0 0.68085106383 0.580446927374 0.621736814065
0.980783444198 0.0 0.978723404255 0.897765363128 0.95631326585
0.138580931264 0.0 0.191489361702 0.139106145251 0.131592967501
0.216925351072 0.0 0.234042553191 0.145810055866 0.167820990943
0.226533628973 0.0 0.276595744681 0.218994413408 0.220031965903
0.779009608278 0.0 0.744680851064 0.646368715084 0.772509323388
0.930894308943 0.0 0.936170212766 0.841899441341 0.875865743207
0.288248337029 0.0 0.31914893617 0.221787709497 0.255727224294
0.484848484848 0.0 0.553191489362 0.47374301676 0.498668087373
0.924242424242 0.0 0.914893617021 0.825698324022 0.79968034097
0.283813747228 1.0 0.404255319149 0.346927374302 0.350026638253
0.985218033999 0.0 0.936170212766 0.93687150838 0.999467234949
0.833333333333 0.0 0.893617021277 0.919553072626 0.8694725626
0.929046563193 0.0 0.914893617021 0.799441340782 0.871603622802
0.668144863267 1.0 0.765957446809 0.741340782123 0.814064997336
0.213229859571 0.0 0.297872340426 0.295530726257 0.286094832179
0.554693274205 0.0 0.659574468085 0.680446927374 0.524240809803
0.231337767923 0.0 0.297872340426 0.196648044693 0.225359616409
0.59903917221 0.0 0.702127659574 0.661452513966 0.693127330847
0.361419068736 0.0 0.340425531915 0.245251396648 0.23494938732
0.593865484109 0.0 0.659574468085 0.588826815642 0.636654235482
0.162971175166 0.0 0.191489361702 0.12905027933 0.113478955781
0.841093865484 0.0 0.829787234043 0.651396648045 0.809802876931
0.325572801183 0.0 0.446808510638 0.441899441341 0.445391582312
0.837398373984 1.0 0.787234042553 0.643575418994 0.706979222163
0.759423503326 0.0 0.808510638298 0.796089385475 0.774640383591
0.788617886179 0.0 0.808510638298 0.760335195531 0.794352690464
0.256467110126 0.0 0.36170212766 0.350837988827 0.326584976026
0.656319290466 0.0 0.787234042553 0.716201117318 0.802876931273
0.456393200296 0.0 0.574468085106 0.497206703911 0.519978689398
0.40243902439 1.0 0.510638297872 0.464245810056 0.531166755461
0.375461936438 0.0 0.382978723404 0.325139664804 0.386787426745
0.511086474501 1.0 0.531914893617 0.524581005587 0.573255194459
0.205099778271 0.0 0.276595744681 0.20782122905 0.20884389984
0.658167036216 0.0 0.723404255319 0.601675977654 0.684603090037
0.324094604582 1.0 0.36170212766 0.256983240223 0.335109216835
0.250184774575 0.0 0.297872340426 0.246368715084 0.247202983484
0.888765705839 0.0 0.914893617021 0.859217877095 0.93873201918
0.158906134516 0.0 0.212765957447 0.173184357542 0.164624400639
0.429416112343 0.0 0.510638297872 0.404469273743 0.501331912627
0.469696969697 0.0 0.553191489362 0.506703910615 0.538092701119
0.733924611973 0.0 0.787234042553 0.710055865922 0.744805540757
0.890613451589 0.0 0.936170212766 0.90782122905 0.960575386255
0.862527716186 0.0 0.872340425532 0.797765363128 0.876398508258
0.394678492239 0.0 0.425531914894 0.337430167598 0.375066595631
0.411677753141 0.0 0.382978723404 0.318994413408 0.357485348961
0.434959349593 0.0 0.446808510638 0.32905027933 0.328183271177
0.549150036955 1.0 0.659574468085 0.649720670391 0.648907831646
0.671840354767 0.0 0.68085106383 0.550279329609 0.625466169419
0.406134515891 0.0 0.446808510638 0.331843575419 0.393180607352
0.20029563932 0.0 0.276595744681 0.230167597765 0.257858284497
0.317812269032 1.0 0.31914893617 0.240223463687 0.298348428343
0.476348854398 0.0 0.468085106383 0.358100558659 0.404368673415
0.521064301552 0.0 0.553191489362 0.551955307263 0.566329248801
0.286031042129 0.0 0.36170212766 0.317877094972 0.314864144912
0.516999260902 0.0 0.531914893617 0.389944134078 0.493873201918
0.652993348115 0.0 0.702127659574 0.685474860335 0.734683004795
0.653732446415 0.0 0.702127659574 0.712849162011 0.757591901971
0.376570583888 0.0 0.468085106383 0.448603351955 0.453383058071
0.586844050259 0.0 0.702127659574 0.693296089385 0.692061800746
0.477827050998 0.0 0.531914893617 0.419553072626 0.505594033031
0.610125646711 0.0 0.68085106383 0.656983240223 0.663292488013
0.182557280118 0.0 0.255319148936 0.12625698324 0.140117208311
0.39726533629 0.0 0.468085106383 0.411731843575 0.457112413426
0.260162601626 0.0 0.31914893617 0.291620111732 0.32179009057
0.231337767923 1.0 0.276595744681 0.227374301676 0.244006393181
0.464523281596 0.0 0.531914893617 0.421229050279 0.51305274374
0.519955654102 0.0 0.617021276596 0.553072625698 0.580713905168
0.707686622321 0.0 0.744680851064 0.671508379888 0.77410761854
0.508499630451 0.0 0.489361702128 0.388268156425 0.46936600959
0.623798965262 1.0 0.68085106383 0.62905027933 0.632924880128
0.447524020695 0.0 0.531914893617 0.513966480447 0.537559936068
0.608647450111 0.0 0.63829787234 0.576536312849 0.633457645178
0.389504804139 0.0 0.510638297872 0.475418994413 0.488012786361
0.589430894309 0.0 0.617021276596 0.535195530726 0.656366542355
0.646711012565 0.0 0.63829787234 0.560335195531 0.594565796484
0.169992609017 0.0 0.234042553191 0.233519553073 0.201917954182
0.349593495935 1.0 0.425531914894 0.354748603352 0.440063931806
0.70399113082 0.0 0.702127659574 0.640223463687 0.7389451252
0.571322985957 0.0 0.63829787234 0.569832402235 0.604688332445
0.605321507761 0.0 0.574468085106 0.465921787709 0.585508790623
0.180709534368 0.0 0.234042553191 0.171508379888 0.19978689398
0.449741315595 0.0 0.531914893617 0.475977653631 0.531166755461
0.481152993348 0.0 0.489361702128 0.396648044693 0.457645178476
