0.922349427576 1.0 0.820512820513 0.751170568562 0.736380713838
0.286709805874 0.0 0.333333333333 0.301672240803 0.363807138384
0.488800398208 0.0 0.589743589744 0.459531772575 0.57983719474
0.629168740667 0.0 0.692307692308 0.522408026756 0.634314339386
0.915380786461 0.0 0.794871794872 0.569899665552 0.62680025047
0.915380786461 0.0 0.794871794872 0.569899665552 0.62680025047
0.462419113987 0.0 0.487179487179 0.341806020067 0.433938634941
0.262319561971 1.0 0.282051282051 0.187959866221 0.170319348779
0.578397212544 0.0 0.717948717949 0.720401337793 0.752661239825
0.566948730712 0.0 0.666666666667 0.607357859532 0.704445835942
0.627177700348 0.0 0.74358974359 0.72508361204 0.794614902943
0.859631657541 0.0 0.871794871795 0.827424749164 0.944896681277
0.31956197113 0.0 0.410256410256 0.357859531773 0.254226675016
0.297660527626 0.0 0.410256410256 0.482943143813 0.308077645585
0.606271777003 0.0 0.589743589744 0.628093645485 0.494051346274
0.939273270284 0.0 0.948717948718 0.950501672241 0.908578584847
0.599303135889 0.0 0.589743589744 0.605351170569 0.471509079524
0.445993031359 0.0 0.461538461538 0.472909698997 0.318722604884
0.404678944749 0.0 0.487179487179 0.44347826087 0.482780212899
0.457441513191 0.0 0.538461538462 0.495652173913 0.48966812774
0.302140368342 0.0 0.358974358974 0.376588628763 0.229805886036
0.354902936784 0.0 0.487179487179 0.53779264214 0.423919849718
0.684917869587 0.0 0.641025641026 0.658862876254 0.51221039449
0.787456445993 0.0 0.74358974359 0.796655518395 0.614902943018
0.373817819811 0.0 0.487179487179 0.592642140468 0.372573575454
0.373817819811 0.0 0.487179487179 0.592642140468 0.372573575454
0.938277750124 0.0 1.0 0.981939799331 0.948653725736
0.997013439522 0.0 1.0 1.0 1.0
0.935291189647 0.0 0.820512820513 0.834113712375 0.698810269255
0.637132901941 0.0 0.564102564103 0.577926421405 0.479649342517
0.607267297163 0.0 0.74358974359 0.753177257525 0.7639323732
0.914385266302 0.0 0.923076923077 0.841471571906 0.907326236694
0.790940766551 0.0 0.692307692308 0.486956521739 0.530995616781
0.850174216028 0.0 0.794871794872 0.632107023411 0.686286787727
0.395719263315 0.0 0.461538461538 0.482274247492 0.487163431434
0.547038327526 0.0 0.666666666667 0.694314381271 0.724483406387
0.664011946242 0.0 0.564102564103 0.333779264214 0.308077645585
0.668491786959 0.0 0.589743589744 0.486956521739 0.400125234815
0.501244400199 0.0 0.512820512821 0.387959866221 0.439574201628
0.433051269288 0.0 0.512820512821 0.351839464883 0.456480901691
0.368342458935 0.0 0.410256410256 0.319063545151 0.428929242329
0.464907914385 0.0 0.564102564103 0.472240802676 0.609267376331
0.86112493778 0.0 0.897435897436 0.909030100334 0.825297432686
0.609756097561 0.0 0.717948717949 0.775919732441 0.684408265498
0.513190642111 0.0 0.615384615385 0.53779264214 0.453350031309
0.413140866103 0.0 0.512820512821 0.466220735786 0.433312460864
0.370831259333 0.0 0.461538461538 0.514381270903 0.338134001252
0.392732702837 0.0 0.461538461538 0.389297658863 0.284283030683
0.270283723245 0.0 0.358974358974 0.329096989967 0.316217908579
0.429069188651 0.0 0.461538461538 0.424080267559 0.415153412649
0.51368840219 0.0 0.615384615385 0.535117056856 0.646837820914
1.0 0.0 0.948717948718 0.834113712375 0.927363807138
0.608760577402 0.0 0.692307692308 0.646153846154 0.661239824671
0.741164758586 0.0 0.820512820513 0.759197324415 0.77770820288
0.966650074664 0.0 0.923076923077 0.855518394649 0.883531621791
0.47237431558 0.0 0.512820512821 0.525752508361 0.37507827176
0.644101543056 0.0 0.74358974359 0.658862876254 0.56418284283
0.408163265306 0.0 0.512820512821 0.522408026756 0.363180964308
0.633150821304 0.0 0.769230769231 0.773913043478 0.809643080776
0.601294176207 0.0 0.717948717949 0.730434782609 0.71696931747
0.496764559482 0.0 0.564102564103 0.410702341137 0.43581715717
0.628670980587 0.0 0.692307692308 0.555852842809 0.581715716969
0.26381284221 0.0 0.282051282051 0.149163879599 0.132748904195
0.332005973121 0.0 0.358974358974 0.209364548495 0.164683782091
0.387257341961 0.0 0.461538461538 0.479598662207 0.321853475266
0.280736684918 0.0 0.358974358974 0.392642140468 0.251095804634
0.44400199104 0.0 0.358974358974 0.240802675585 0.192235441453
0.63912394226 0.0 0.564102564103 0.375919732441 0.346900438322
0.297660527626 0.0 0.410256410256 0.482943143813 0.308077645585
0.297660527626 0.0 0.410256410256 0.482943143813 0.308077645585
0.502737680438 0.0 0.666666666667 0.800668896321 0.67188478397
0.502737680438 0.0 0.666666666667 0.800668896321 0.67188478397
0.253359880538 0.0 0.307692307692 0.145150501672 0.140889167188
0.341961174714 0.0 0.410256410256 0.25016722408 0.217282404508
0.443006470881 0.0 0.461538461538 0.387959866221 0.425798371947
0.280238924838 0.0 0.358974358974 0.387959866221 0.273638071384
0.586361373818 0.0 0.641025641026 0.638795986622 0.641828428303
0.438028870085 0.0 0.461538461538 0.404682274247 0.517845961177
0.717272274764 0.0 0.769230769231 0.835451505017 0.775203506575
0.526132404181 0.0 0.692307692308 0.813377926421 0.634940513463
