932.0 0.0 16.0 404.0 470.0
882.0 0.0 15.0 404.0 480.0
845.0 0.0 15.0 345.0 358.0
783.0 0.0 14.0 345.0 358.0
790.0 0.0 14.0 345.0 358.0
783.0 1.0 13.0 233.0 246.0
779.0 0.0 13.0 277.0 302.0
906.0 0.0 16.0 419.0 431.0
870.0 0.0 15.0 398.0 436.0
789.0 0.0 13.0 277.0 302.0
923.0 0.0 16.0 391.0 403.0
853.0 0.0 16.0 432.0 398.0
674.0 2.0 12.0 251.0 245.0
1049.0 0.0 18.0 423.0 470.0
1036.0 0.0 20.0 535.0 516.0
919.0 0.0 16.0 413.0 420.0
907.0 1.0 16.0 417.0 370.0
860.0 0.0 16.0 422.0 365.0
846.0 0.0 14.0 351.0 392.0
820.0 1.0 14.0 356.0 371.0
1047.0 2.0 18.0 365.0 403.0
1020.0 0.0 18.0 472.0 530.0
1010.0 0.0 18.0 454.0 451.0
996.0 0.0 18.0 464.0 495.0
963.0 0.0 16.0 386.0 464.0
953.0 0.0 17.0 486.0 531.0
952.0 0.0 16.0 399.0 411.0
944.0 0.0 16.0 431.0 458.0
940.0 2.0 16.0 407.0 465.0
926.0 0.0 16.0 419.0 431.0
866.0 0.0 15.0 420.0 438.0
819.0 0.0 15.0 419.0 431.0
817.0 3.0 13.0 267.0 261.0
760.0 3.0 14.0 372.0 376.0
739.0 0.0 12.0 277.0 302.0
727.0 1.0 14.0 363.0 348.0
632.0 1.0 10.0 211.0 214.0
1130.0 1.0 20.0 485.0 514.0
1129.0 0.0 19.0 457.0 558.0
1124.0 0.0 19.0 443.0 501.0
1052.0 0.0 18.0 443.0 455.0
990.0 0.0 16.0 395.0 470.0
973.0 0.0 16.0 360.0 398.0
953.0 2.0 16.0 327.0 344.0
946.0 0.0 16.0 433.0 454.0
906.0 0.0 15.0 422.0 453.0
894.0 2.0 15.0 418.0 466.0
886.0 0.0 15.0 424.0 438.0
876.0 0.0 15.0 447.0 464.0
870.0 1.0 14.0 310.0 330.0
743.0 3.0 13.0 295.0 275.0
1253.0 0.0 22.0 549.0 592.0
1150.0 0.0 21.0 571.0 619.0
1116.0 0.0 19.0 474.0 491.0
1094.0 0.0 19.0 502.0 519.0
1080.0 0.0 21.0 429.0 364.0
988.0 0.0 18.0 539.0 594.0
972.0 0.0 17.0 398.0 436.0
968.0 0.0 16.0 409.0 430.0
944.0 0.0 17.0 285.0 304.0
942.0 0.0 16.0 391.0 334.0
918.0 1.0 16.0 301.0 268.0
909.0 0.0 14.0 342.0 409.0
896.0 0.0 13.0 233.0 246.0
867.0 3.0 14.0 369.0 352.0
858.0 0.0 15.0 459.0 462.0
847.0 2.0 15.0 330.0 314.0
810.0 0.0 14.0 404.0 463.0
793.0 0.0 14.0 419.0 431.0
760.0 0.0 12.0 275.0 317.0
756.0 0.0 12.0 360.0 408.0
725.0 2.0 12.0 275.0 241.0
717.0 0.0 13.0 346.0 320.0
704.0 1.0 12.0 348.0 380.0
703.0 0.0 12.0 351.0 375.0
607.0 0.0 10.0 198.0 157.0
553.0 1.0 9.0 221.0 202.0
1343.0 2.0 25.0 692.0 667.0
1290.0 1.0 24.0 729.0 744.0
1264.0 1.0 25.0 725.0 646.0
1203.0 3.0 23.0 619.0 708.0
1150.0 0.0 19.0 539.0 637.0
1139.0 0.0 19.0 456.0 495.0
1119.0 2.0 18.0 470.0 510.0
1102.0 0.0 18.0 443.0 492.0
1079.0 0.0 20.0 609.0 619.0
1054.0 0.0 19.0 517.0 567.0
1049.0 3.0 18.0 468.0 403.0
1045.0 0.0 19.0 536.0 508.0
1036.0 0.0 19.0 581.0 617.0
1036.0 0.0 19.0 576.0 542.0
1015.0 2.0 20.0 535.0 464.0
999.0 0.0 16.0 421.0 460.0
991.0 3.0 17.0 394.0 439.0
990.0 3.0 16.0 363.0 393.0
