1080.0 1.0 20.0 610.0 509.0
1700.0 3.0 32.0 1020.0 821.0
1662.0 4.0 29.0 788.0 610.0
1588.0 0.0 27.0 793.0 795.0
1582.0 1.0 28.0 878.0 725.0
1486.0 5.0 28.0 844.0 720.0
1458.0 2.0 25.0 690.0 625.0
1437.0 3.0 28.0 877.0 839.0
1382.0 3.0 23.0 527.0 409.0
1353.0 1.0 22.0 591.0 465.0
1298.0 3.0 24.0 817.0 735.0
1263.0 1.0 21.0 604.0 544.0
1251.0 2.0 24.0 677.0 667.0
1184.0 6.0 21.0 448.0 439.0
1173.0 1.0 19.0 573.0 574.0
1162.0 2.0 20.0 636.0 500.0
1156.0 3.0 19.0 520.0 344.0
1136.0 2.0 18.0 441.0 275.0
1088.0 2.0 18.0 496.0 398.0
1069.0 1.0 18.0 505.0 375.0
