0.722438391699 0.0 0.703703703704 0.593052109181 0.71271393643
0.811284046693 0.0 0.777777777778 0.604218362283 0.732273838631
0.644637053088 0.0 0.71875 0.665694849368 0.671794871795
0.506500541712 0.0 0.53125 0.479105928086 0.534358974359
0.533044420368 0.0 0.59375 0.512147716229 0.531282051282
0.689599133261 0.0 0.71875 0.501457725948 0.548717948718
0.708819714656 0.0 0.703703703704 0.739454094293 0.814180929095
0.696498054475 0.0 0.703703703704 0.641439205955 0.700488997555
0.860570687419 0.0 0.851851851852 0.708436724566 0.778728606357
0.534669555796 0.0 0.5625 0.54130223518 0.573333333333
0.904225352113 0.142857142857 0.96 0.860902255639 1.0
0.763813651138 0.0 0.8125 0.724003887269 0.727179487179
0.492957746479 0.0 0.5625 0.58211856171 0.563076923077
0.784046692607 0.0 0.777777777778 0.625310173697 0.682151589242
0.871072589382 0.0 0.9375 0.958211856171 0.939487179487
0.663596966414 0.0 0.71875 0.546161321672 0.527179487179
0.804150453956 0.0 0.851851851852 0.903225806452 0.885085574572
0.729571984436 0.0 0.740740740741 0.736972704715 0.753056234719
0.606338028169 0.0 0.56 0.442355889724 0.514328808446
0.822957198444 0.0 0.814814814815 0.718362282878 0.750611246944
0.538261997406 0.0 0.518518518519 0.43300248139 0.476772616137
0.505188067445 0.0 0.518518518519 0.428039702233 0.437652811736
0.756809338521 0.0 0.666666666667 0.576923076923 0.689486552567
0.453955901427 0.0 0.407407407407 0.409429280397 0.476772616137
0.716601815824 0.0 0.703703703704 0.542183622829 0.575794621027
0.619014084507 0.0 0.64 0.59022556391 0.589743589744
0.548638132296 0.0 0.555555555556 0.483870967742 0.49511002445
0.600518806744 0.0 0.592592592593 0.586848635236 0.612469437653
0.529831387808 0.0 0.518518518519 0.47270471464 0.5
0.538261997406 0.0 0.518518518519 0.425558312655 0.455990220049
0.494811932555 0.0 0.481481481481 0.435483870968 0.458435207824
0.614301191766 0.0 0.6875 0.467444120505 0.402051282051
0.497887323944 0.0 0.44 0.363408521303 0.426847662142
0.536964980545 0.0 0.555555555556 0.465260545906 0.451100244499
0.502594033722 0.0 0.481481481481 0.343672456576 0.369193154034
0.677681473456 0.0 0.75 0.708454810496 0.637948717949
0.696498054475 0.0 0.62962962963 0.446650124069 0.51466992665
0.662127107652 0.0 0.62962962963 0.481389578164 0.51466992665
1.0 0.0 1.0 1.0 1.0
0.355904658722 0.0 0.375 0.330417881438 0.310769230769
0.689364461738 0.0 0.62962962963 0.528535980149 0.586797066015
0.696498054475 0.0 0.666666666667 0.581885856079 0.610024449878
0.546044098573 0.0 0.518518518519 0.343672456576 0.369193154034
0.393824485374 0.0 0.40625 0.402332361516 0.385641025641
0.590142671855 0.0 0.555555555556 0.523573200993 0.553789731051
0.548638132296 0.0 0.518518518519 0.343672456576 0.369193154034
0.719195849546 0.0 0.666666666667 0.533498759305 0.580684596577
0.486381322957 0.0 0.444444444444 0.354838709677 0.388753056235
0.603761348898 0.0 0.592592592593 0.559553349876 0.561124694377
0.523943661972 0.142857142857 0.52 0.436090225564 0.573152337858
0.523943661972 0.142857142857 0.52 0.436090225564 0.573152337858
0.523943661972 0.142857142857 0.52 0.436090225564 0.573152337858
0.528873239437 0.0 0.48 0.308270676692 0.345399698341
0.726329442283 0.0 0.777777777778 0.72952853598 0.665036674817
0.621919584955 0.0 0.555555555556 0.457816377171 0.511002444988
0.502594033722 0.0 0.481481481481 0.550868486352 0.558679706601
0.575875486381 0.0 0.555555555556 0.39205955335 0.398533007335
0.430609597925 0.0 0.444444444444 0.395781637717 0.367970660147
0.407367280607 0.0 0.4375 0.230320699708 0.185641025641
0.410505836576 0.0 0.37037037037 0.343672456576 0.369193154034
0.878728923476 0.0 0.888888888889 0.705955334988 0.680929095355
0.752437703142 0.0 0.78125 0.687074829932 0.643076923077
0.571623465211 0.0 0.48 0.436224489796 0.512555391433
0.636835278859 0.0 0.62962962963 0.557071960298 0.548899755501
0.348320693391 0.0 0.34375 0.264334305151 0.253333333333
0.485732814527 0.0 0.444444444444 0.343672456576 0.369193154034
0.509079118029 0.0 0.481481481481 0.380893300248 0.39119804401
0.859922178988 0.0 0.925925925926 0.97270471464 0.888753056235
0.674624829468 0.2 0.8 0.758928571429 0.815361890694
0.727626459144 0.0 0.703703703704 0.714640198511 0.720048899756
0.478331527627 0.0 0.5 0.492711370262 0.452307692308
0.671206225681 0.0 0.592592592593 0.37841191067 0.437652811736
0.508430609598 0.0 0.518518518519 0.41935483871 0.388753056235
0.466955579632 0.0 0.5 0.397473275024 0.342564102564
0.600518806744 0.0 0.555555555556 0.428039702233 0.451100244499
0.452010376135 0.0 0.481481481481 0.421836228288 0.370415647922
0.492866407263 0.0 0.444444444444 0.343672456576 0.369193154034
0.453307392996 0.0 0.407407407407 0.367245657568 0.389975550122
0.501297016861 0.0 0.407407407407 0.318858560794 0.388753056235
0.507782101167 0.0 0.481481481481 0.367245657568 0.369193154034
0.530479896239 0.0 0.481481481481 0.39205955335 0.41564792176
0.540207522698 0.0 0.481481481481 0.368486352357 0.40097799511
0.514267185473 0.0 0.481481481481 0.451612903226 0.455990220049
0.578469520104 0.0 0.555555555556 0.462779156328 0.457212713936
0.592736705577 0.0 0.592592592593 0.430521091811 0.399755501222
0.555771725032 0.0 0.518518518519 0.404466501241 0.41075794621
0.485732814527 0.0 0.444444444444 0.380893300248 0.39119804401
0.557068741894 0.0 0.481481481481 0.487593052109 0.531784841076
0.428015564202 0.0 0.37037037037 0.343672456576 0.369193154034
0.500648508431 0.0 0.444444444444 0.39205955335 0.41564792176
0.466926070039 0.0 0.407407407407 0.343672456576 0.369193154034
0.586900129702 0.0 0.518518518519 0.341191066998 0.375305623472
0.647211413748 0.0 0.62962962963 0.62158808933 0.602689486553
0.651102464332 0.0 0.703703703704 0.586848635236 0.497555012225
0.64850843061 0.0 0.62962962963 0.466501240695 0.447432762836
0.568093385214 0.0 0.518518518519 0.456575682382 0.466992665037
0.532394366197 0.0 0.48 0.382205513784 0.395173453997
0.509727626459 0.0 0.444444444444 0.343672456576 0.369193154034
0.420881971466 0.0 0.37037037037 0.380893300248 0.39119804401
0.562905317769 0.0 0.555555555556 0.41935483871 0.385085574572
