0.988929889299 0.75 1.0 1.0 1.0
0.681918819188 0.35 0.636363636364 0.434699714013 0.462933753943
0.792619926199 0.2 0.757575757576 0.624404194471 0.685331230284
0.771955719557 0.2 0.69696969697 0.600571973308 0.63643533123
0.785977859779 0.4 0.69696969697 0.639656816015 0.460567823344
0.879704797048 0.55 0.878787878788 0.763584366063 0.855678233438
0.661992619926 0.3 0.69696969697 0.602478551001 0.496056782334
0.661992619926 0.3 0.69696969697 0.602478551001 0.496056782334
0.605166051661 0.1 0.575757575758 0.470924690181 0.444794952681
0.821402214022 0.2 0.757575757576 0.56434699714 0.646687697161
0.79557195572 0.2 0.757575757576 0.635843660629 0.619873817035
0.80147601476 0.2 0.787878787879 0.659675881792 0.668769716088
0.580073800738 0.1 0.606060606061 0.571973307912 0.451892744479
0.650184501845 0.4 0.606060606061 0.425166825548 0.368296529968
0.809594095941 0.35 0.757575757576 0.710200190658 0.621451104101
0.809594095941 0.35 0.757575757576 0.710200190658 0.621451104101
0.811808118081 0.25 0.787878787879 0.756911344137 0.744479495268
0.791143911439 0.25 0.727272727273 0.733079122974 0.695583596215
0.752029520295 0.2 0.666666666667 0.510962821735 0.465299684543
0.721771217712 0.35 0.636363636364 0.634890371783 0.440063091483
0.864206642066 0.35 0.848484848485 0.80552907531 0.716876971609
0.828044280443 0.35 0.818181818182 0.779790276454 0.686119873817
0.607380073801 0.3 0.575757575758 0.41086749285 0.461356466877
0.635424354244 0.5 0.606060606061 0.456625357483 0.477129337539
0.828044280443 0.35 0.818181818182 0.779790276454 0.686119873817
0.824354243542 0.45 0.787878787879 0.710200190658 0.621451104101
0.629520295203 0.4 0.545454545455 0.401334604385 0.319400630915
0.629520295203 0.4 0.545454545455 0.401334604385 0.319400630915
0.810332103321 0.7 0.69696969697 0.533841754051 0.562302839117
0.815498154982 0.55 0.757575757576 0.677788369876 0.61119873817
0.588191881919 0.5 0.515151515152 0.382268827455 0.307570977918
0.665682656827 0.3 0.727272727273 0.672068636797 0.56072555205
0.637638376384 0.25 0.575757575758 0.538608198284 0.498422712934
0.639852398524 0.25 0.575757575758 0.492850333651 0.482649842271
0.809594095941 0.35 0.757575757576 0.710200190658 0.621451104101
0.743911439114 0.1 0.606060606061 0.383222116301 0.484227129338
0.561623616236 0.1 0.545454545455 0.502383222116 0.387223974763
0.580073800738 0.1 0.606060606061 0.571973307912 0.451892744479
0.845756457565 0.2 0.848484848485 0.657769304099 0.760252365931
0.845756457565 0.2 0.848484848485 0.657769304099 0.760252365931
0.756457564576 0.2 0.727272727273 0.598665395615 0.654574132492
0.792619926199 0.2 0.757575757576 0.624404194471 0.685331230284
0.582287822878 0.1 0.606060606061 0.526215443279 0.436119873817
0.745387453875 0.65 0.636363636364 0.464251668255 0.466088328076
0.655350553506 0.4 0.666666666667 0.655862726406 0.538643533123
0.625092250923 0.2 0.636363636364 0.655862726406 0.538643533123
0.712915129151 0.05 0.666666666667 0.618684461392 0.615930599369
0.628044280443 0.2 0.636363636364 0.609151572927 0.507886435331
0.847232472325 0.15 0.818181818182 0.755958055291 0.696372239748
0.588191881919 0.5 0.515151515152 0.382268827455 0.307570977918
0.884132841328 0.2 0.818181818182 0.693994280267 0.829652996845
0.70184501845 0.3 0.606060606061 0.603431839847 0.451892744479
0.588191881919 0.5 0.515151515152 0.382268827455 0.307570977918
0.929151291513 1.0 0.909090909091 0.897998093422 0.839905362776
0.973431734317 0.2 0.909090909091 0.91515729266 0.868296529968
1.0 0.6 0.909090909091 0.697807435653 0.840694006309
0.728413284133 0.65 0.606060606061 0.530981887512 0.466876971609
0.792619926199 0.2 0.757575757576 0.624404194471 0.685331230284
0.828044280443 0.35 0.818181818182 0.779790276454 0.686119873817
0.580073800738 0.1 0.606060606061 0.571973307912 0.451892744479
0.811070110701 0.3 0.757575757576 0.694947569113 0.61119873817
0.689298892989 0.05 0.636363636364 0.56434699714 0.574132492114
0.828044280443 0.35 0.818181818182 0.779790276454 0.686119873817
0.864206642066 0.35 0.848484848485 0.80552907531 0.716876971609
0.665682656827 0.3 0.727272727273 0.672068636797 0.56072555205
0.70184501845 0.3 0.606060606061 0.603431839847 0.451892744479
0.578597785978 0.35 0.545454545455 0.406101048618 0.356466876972
0.60295202952 0.6 0.545454545455 0.382268827455 0.307570977918
0.754981549815 0.0 0.757575757576 0.626310772164 0.663249211356
0.785239852399 0.2 0.787878787879 0.626310772164 0.663249211356
0.775645756458 0.15 0.636363636364 0.551000953289 0.481072555205
0.754981549815 0.0 0.757575757576 0.626310772164 0.663249211356
0.652398523985 0.45 0.666666666667 0.549094375596 0.515772870662
0.616236162362 0.35 0.606060606061 0.525262154433 0.466876971609
0.811808118081 0.2 0.787878787879 0.673021925643 0.708201892744
0.743173431734 0.2 0.727272727273 0.588179218303 0.602523659306
0.845756457565 0.35 0.787878787879 0.735938989514 0.652208201893
0.845756457565 0.35 0.787878787879 0.735938989514 0.652208201893
0.763837638376 0.15 0.69696969697 0.677788369876 0.547318611987
0.721771217712 0.1 0.666666666667 0.683508102955 0.578075709779
0.585977859779 0.35 0.545454545455 0.468064823642 0.40141955836
0.549815498155 0.35 0.515151515152 0.442326024786 0.370662460568
0.770479704797 0.2 0.727272727273 0.650142993327 0.577287066246
0.70184501845 0.3 0.606060606061 0.603431839847 0.451892744479
0.664206642066 0.5 0.575757575758 0.469018112488 0.433753943218
0.588191881919 0.5 0.515151515152 0.382268827455 0.307570977918
0.957195571956 0.6 0.909090909091 0.731172545281 0.892744479495
0.532841328413 0.3 0.484848484848 0.437559580553 0.231072555205
0.59926199262 0.5 0.575757575758 0.430886558627 0.446372239748
0.59926199262 0.5 0.575757575758 0.430886558627 0.446372239748
0.718819188192 0.75 0.636363636364 0.563393708294 0.555205047319
0.773431734317 0.1 0.787878787879 0.674928503337 0.739747634069
0.736531365314 0.2 0.757575757576 0.645376549094 0.647476340694
0.772693726937 0.2 0.787878787879 0.67111534795 0.678233438486
0.70184501845 0.3 0.606060606061 0.603431839847 0.451892744479
0.721771217712 0.1 0.666666666667 0.683508102955 0.578075709779
0.676014760148 0.1 0.606060606061 0.566253574833 0.473974763407
0.788191881919 0.2 0.787878787879 0.693994280267 0.700315457413
0.481918819188 0.25 0.454545454545 0.324118207817 0.321766561514
0.518081180812 0.25 0.484848484848 0.349857006673 0.352523659306
