0.637533875339 0.0 0.657142857143 0.526315789474 0.64263322884
0.647696476965 0.5 0.657142857143 0.496524329692 0.647335423197
0.880758807588 0.5 0.942857142857 0.891757696127 0.986677115987
0.59891598916 0.0 0.628571428571 0.496524329692 0.53605015674
0.623306233062 0.0 0.685714285714 0.698113207547 0.702194357367
0.660569105691 0.0 0.657142857143 0.589870903674 0.658307210031
0.689024390244 0.0 0.714285714286 0.641509433962 0.670846394984
0.69783197832 0.0 0.714285714286 0.664349553128 0.69670846395
0.544037940379 0.0 0.485714285714 0.315789473684 0.421630094044
0.740514905149 0.0 0.742857142857 0.700099304866 0.742163009404
0.741192411924 0.0 0.742857142857 0.674280039722 0.716300940439
0.565718157182 0.0 0.571428571429 0.501489572989 0.537617554859
0.693089430894 0.0 0.657142857143 0.603773584906 0.677115987461
0.581978319783 0.0 0.6 0.508440913605 0.525078369906
0.689024390244 0.0 0.714285714286 0.700099304866 0.705329153605
0.722222222222 0.0 0.771428571429 0.801390268123 0.777429467085
0.727642276423 0.0 0.742857142857 0.7090367428 0.717084639498
0.628726287263 0.0 0.657142857143 0.618669314796 0.609717868339
0.936314363144 1.0 1.0 0.878848063555 1.0
0.667344173442 0.0 0.657142857143 0.615690168818 0.6434169279
0.680216802168 0.0 0.657142857143 0.538232373386 0.577586206897
0.595528455285 0.0 0.6 0.493545183714 0.504702194357
0.659214092141 0.0 0.657142857143 0.57994041708 0.597178683386
0.609078590786 0.0 0.628571428571 0.556107249255 0.551724137931
0.644986449864 0.5 0.628571428571 0.48361469712 0.597178683386
0.586043360434 0.0 0.6 0.506454816286 0.504702194357
0.579268292683 0.0 0.571428571429 0.461767626614 0.479623824451
0.768292682927 0.5 0.828571428571 0.846077457795 0.876175548589
0.600948509485 0.5 0.6 0.547169811321 0.636363636364
0.662601626016 0.0 0.685714285714 0.642502482622 0.623040752351
0.64701897019 0.0 0.657142857143 0.660377358491 0.649686520376
0.634823848238 0.0 0.628571428571 0.556107249255 0.561128526646
0.886178861789 1.0 0.857142857143 0.652432969215 0.840909090909
0.816395663957 0.5 0.828571428571 0.670307845084 0.73275862069
0.528455284553 0.0 0.485714285714 0.303872889772 0.337774294671
0.640243902439 0.5 0.6 0.468718967229 0.580721003135
0.865176151762 0.5 0.8 0.674280039722 0.807993730408
0.926151761518 0.5 0.942857142857 0.880834160874 0.931034482759
0.620596205962 0.0 0.628571428571 0.544190665343 0.51802507837
0.586043360434 0.0 0.628571428571 0.568023833168 0.506269592476
0.580623306233 0.0 0.571428571429 0.448857994042 0.438087774295
0.638211382114 0.0 0.6 0.56504468719 0.583072100313
0.573848238482 0.0 0.542857142857 0.445878848064 0.453761755486
0.684959349593 0.5 0.714285714286 0.654419066534 0.684169278997
0.691056910569 0.0 0.628571428571 0.538232373386 0.576018808777
1.0 0.5 0.971428571429 0.83912611718 0.925548589342
0.808265582656 0.0 0.828571428571 0.883813306852 0.836990595611
0.722899728997 0.0 0.714285714286 0.698113207547 0.67868338558
0.716802168022 0.0 0.685714285714 0.61271102284 0.612852664577
0.695799457995 0.0 0.714285714286 0.731876861966 0.680250783699
0.60433604336 0.0 0.542857142857 0.464746772592 0.492946708464
0.745257452575 0.5 0.685714285714 0.552135054618 0.66144200627
0.514905149051 0.5 0.514285714286 0.352532274081 0.402821316614
0.605691056911 0.0 0.6 0.535253227408 0.506269592476
0.826558265583 0.5 0.828571428571 0.736842105263 0.782915360502
0.705284552846 0.5 0.657142857143 0.563058589871 0.657523510972
0.705962059621 0.5 0.685714285714 0.623634558093 0.689655172414
0.713414634146 0.5 0.714285714286 0.674280039722 0.717084639498
0.666666666667 0.0 0.628571428571 0.534260178749 0.529780564263
0.733062330623 0.0 0.685714285714 0.620655412115 0.62460815047
0.867208672087 0.0 0.885714285714 1.0 0.937304075235
0.69647696477 0.0 0.628571428571 0.592850049652 0.615987460815
0.623306233062 0.5 0.657142857143 0.598808341609 0.603448275862
0.663279132791 0.0 0.628571428571 0.554121151936 0.543887147335
0.665989159892 0.5 0.628571428571 0.535253227408 0.610501567398
0.865176151762 0.5 0.8 0.635551142006 0.737460815047
0.610433604336 0.0 0.571428571429 0.494538232373 0.485893416928
0.568428184282 0.0 0.542857142857 0.504468718967 0.48197492163
0.560975609756 0.0 0.6 0.582919563059 0.495297805643
0.651761517615 0.5 0.657142857143 0.632571996028 0.66065830721
0.626693766938 0.5 0.571428571429 0.455809334657 0.543887147335
0.569105691057 0.5 0.571428571429 0.505461767627 0.53526645768
0.668021680217 0.5 0.685714285714 0.639523336643 0.653605015674
0.79945799458 0.5 0.771428571429 0.750744786495 0.810344827586
0.641598915989 0.0 0.6 0.572989076465 0.561912225705
0.610433604336 0.0 0.571428571429 0.45084409136 0.436520376176
0.647696476965 0.5 0.628571428571 0.518371400199 0.567398119122
0.573848238482 0.0 0.571428571429 0.528301886792 0.477272727273
0.801490514905 0.5 0.771428571429 0.611717974181 0.671630094044
0.772357723577 0.0 0.771428571429 0.772591857001 0.718652037618
0.845528455285 0.5 0.8 0.738828202582 0.811912225705
0.619918699187 0.5 0.6 0.433962264151 0.481191222571
0.638888888889 0.0 0.571428571429 0.517378351539 0.528213166144
0.64972899729 0.5 0.628571428571 0.558093346574 0.605799373041
0.962059620596 0.5 0.885714285714 0.697120158888 0.797805642633
0.730352303523 0.5 0.742857142857 0.738828202582 0.75
0.521002710027 0.0 0.542857142857 0.457795431976 0.376175548589
0.742547425474 0.0 0.742857142857 0.77358490566 0.713166144201
0.731707317073 0.5 0.685714285714 0.528301886792 0.597178683386
0.917344173442 0.5 0.828571428571 0.637537239325 0.748432601881
0.677506775068 0.0 0.685714285714 0.707050645482 0.636363636364
0.653116531165 0.5 0.657142857143 0.583912611718 0.597962382445
0.654471544715 0.5 0.685714285714 0.66137040715 0.648119122257
0.663956639566 0.0 0.657142857143 0.62859980139 0.569749216301
0.69512195122 0.0 0.657142857143 0.618669314796 0.590909090909
0.827235772358 0.0 0.8 0.835153922542 0.796238244514
0.821138211382 0.5 0.828571428571 0.733862959285 0.741379310345
0.65243902439 0.0 0.6 0.582919563059 0.566614420063
0.779132791328 0.0 0.742857142857 0.727904667329 0.691222570533
0.682926829268 0.0 0.657142857143 0.544190665343 0.496865203762
