0.714942528736 1.0 0.80487804878 0.781575037147 0.688121708602
1.0 0.625 1.0 0.991084695394 0.987712112346
0.255172413793 0.0 0.19512195122 0.0 0.0
0.970689655172 0.625 1.0 1.0 1.0
0.655747126437 0.875 0.682926829268 0.683506686478 0.605032182563
0.971264367816 0.125 0.951219512195 0.882615156018 0.949678174371
0.985057471264 0.5 1.0 0.997028231798 0.96723229959
0.966091954023 0.25 0.975609756098 0.901188707281 0.970743124634
0.937356321839 0.75 0.975609756098 0.942050520059 0.879461673493
0.909195402299 0.0 0.926829268293 0.826894502229 0.858981860737
0.478735632184 0.375 0.414634146341 0.260772659733 0.270333528379
0.351724137931 0.25 0.292682926829 0.133729569094 0.117027501463
0.93908045977 0.375 0.90243902439 0.836552748886 0.89116442364
0.598850574713 0.625 0.682926829268 0.669390787519 0.554125219427
0.504597701149 0.75 0.560975609756 0.502228826152 0.396723229959
0.306896551724 0.125 0.292682926829 0.115898959881 0.101813926273
0.651724137931 0.5 0.682926829268 0.611441307578 0.514921006437
0.799425287356 0.0 0.829268292683 0.797176820208 0.778818022235
0.341379310345 0.0 0.365853658537 0.212481426449 0.18080748976
0.79367816092 0.625 0.829268292683 0.855869242199 0.76243417203
0.270689655172 0.0 0.243902439024 0.0787518573551 0.0427150380339
0.266091954023 0.0 0.219512195122 0.0378900445765 0.0169689877121
0.540229885057 0.0 0.634146341463 0.572808320951 0.547688706846
0.477586206897 0.0 0.560975609756 0.550520059435 0.4640140433
0.849425287356 0.0 0.878048780488 0.809806835067 0.806319485079
0.378735632184 0.0 0.414634146341 0.280089153046 0.249853715623
0.924712643678 0.625 0.926829268293 0.922734026746 0.9040374488
0.314367816092 0.0 0.341463414634 0.197622585438 0.203627852545
0.752298850575 0.625 0.780487804878 0.693907875186 0.712112346401
0.819540229885 0.125 0.756097560976 0.593610698366 0.679929783499
0.851149425287 0.625 0.878048780488 0.872956909361 0.862492685781
0.870689655172 0.0 0.90243902439 0.822436849926 0.874780573435
0.415517241379 0.0 0.463414634146 0.368499257058 0.338209479228
0.266091954023 0.0 0.219512195122 0.0378900445765 0.0169689877121
0.919540229885 0.625 0.951219512195 0.956166419019 0.918080748976
0.673563218391 0.25 0.609756097561 0.476225854383 0.520187244002
0.737931034483 0.0 0.80487804878 0.721396731055 0.740198946752
0.650574712644 0.375 0.707317073171 0.630014858841 0.523112931539
0.681609195402 0.625 0.731707317073 0.762258543834 0.654183733177
0.419540229885 0.0 0.341463414634 0.154531946508 0.190754827384
0.361494252874 0.0 0.439024390244 0.29940564636 0.325921591574
0.451149425287 0.0 0.487804878049 0.346210995542 0.364540667057
0.279885057471 0.0 0.268292682927 0.12852897474 0.114686951434
0.729310344828 0.0 0.780487804878 0.701337295691 0.703335283792
0.640804597701 0.375 0.634146341463 0.638187221397 0.595669982446
0.317816091954 0.0 0.268292682927 0.0616641901932 0.0497366881217
0.898850574713 0.75 0.90243902439 0.92867756315 0.889409011118
0.566666666667 0.0 0.658536585366 0.61441307578 0.565827969573
0.468390804598 0.125 0.390243902439 0.225854383358 0.283791691047
0.722413793103 0.5 0.756097560976 0.716939078752 0.66237565828
0.896551724138 0.625 0.926829268293 0.902674591382 0.87361029842
0.945977011494 0.625 0.951219512195 0.881872213967 0.84961966062
0.429310344828 0.125 0.365853658537 0.223625557207 0.220596840257
0.826436781609 0.625 0.853658536585 0.85661218425 0.831480397894
0.445977011494 0.125 0.487804878049 0.409361069837 0.347571679345
0.616091954023 0.125 0.536585365854 0.398959881129 0.405500292569
0.558045977011 0.125 0.463414634146 0.312035661218 0.385020479813
0.554597701149 0.0 0.609756097561 0.493313521545 0.47279110591
0.345402298851 0.0 0.390243902439 0.267459138187 0.27677004096
0.356896551724 0.125 0.317073170732 0.167904903418 0.191925102399
0.293103448276 0.0 0.243902439024 0.0638930163447 0.0807489760094
0.691379310345 0.0 0.731707317073 0.648588410104 0.664131070802
0.41091954023 0.0 0.390243902439 0.270430906389 0.297249853716
0.515517241379 0.0 0.585365853659 0.499257057949 0.500292568754
0.287356321839 0.0 0.243902439024 0.0965824665676 0.0866003510825
0.488505747126 0.125 0.439024390244 0.260772659733 0.254534815682
0.552298850575 0.0 0.487804878049 0.243684992571 0.317144528964
0.61091954023 0.0 0.707317073171 0.661961367013 0.576945582212
0.864367816092 0.25 0.80487804878 0.723625557207 0.750146284377
0.948850574713 0.625 0.975609756098 0.963595839525 0.883557636044
0.629310344828 0.0 0.585365853659 0.520059435364 0.502633118783
0.399425287356 0.0 0.390243902439 0.247399702823 0.194850789936
0.826436781609 0.0 0.853658536585 0.781575037147 0.737273259216
0.614942528736 0.125 0.512195121951 0.28603268945 0.319485078994
0.845402298851 0.25 0.756097560976 0.568350668648 0.62960795787
0.776436781609 0.5 0.829268292683 0.789747399703 0.67758923347
0.352298850575 0.0 0.268292682927 0.109955423477 0.103569338795
0.275862068966 0.0 0.243902439024 0.104754829123 0.072557050907
0.758045977011 0.0 0.780487804878 0.638930163447 0.73200702165
0.299425287356 0.0 0.317073170732 0.192421991085 0.12638970158
0.294827586207 0.0 0.292682926829 0.141901931649 0.123464014043
0.681034482759 0.625 0.658536585366 0.597325408618 0.62317144529
0.362643678161 0.0 0.341463414634 0.072808320951 0.158572264482
0.835632183908 0.375 0.829268292683 0.738484398217 0.652428320655
0.492528735632 0.125 0.536585365854 0.373699851412 0.382094792276
0.588505747126 0.125 0.585365853659 0.433135215453 0.491515506144
0.370114942529 0.25 0.365853658537 0.225111441308 0.229373902867
0.328735632184 0.0 0.292682926829 0.133729569094 0.101228788765
0.665517241379 0.125 0.609756097561 0.519316493314 0.473376243417
0.454022988506 0.0 0.536585365854 0.429420505201 0.397308367466
0.627586206897 0.0 0.682926829268 0.630014858841 0.579286132241
0.835057471264 0.125 0.853658536585 0.777860326895 0.833235810415
0.297126436782 0.0 0.292682926829 0.144873699851 0.151550614394
0.575862068966 0.0 0.585365853659 0.426448736999 0.349327091867
0.446551724138 0.0 0.512195121951 0.434621099554 0.388531304857
0.694827586207 0.25 0.707317073171 0.621842496285 0.665886483324
0.354022988506 0.125 0.317073170732 0.189450222883 0.128145114102
0.958045977011 0.5 0.951219512195 0.922734026746 0.908133411352
0.772988505747 0.0 0.707317073171 0.557949479941 0.697483908719
0.712068965517 0.25 0.682926829268 0.610698365527 0.622586307782
