0.6 0.333333333333 0.548387096774 0.275264677575 0.320469798658
0.643724696356 0.333333333333 0.645161290323 0.36958614052 0.441275167785
0.673684210526 0.333333333333 0.548387096774 0.2531280077 0.396812080537
0.7004048583 0.333333333333 0.645161290323 0.347449470645 0.517617449664
0.891497975709 0.222222222222 0.870967741935 0.695861405197 0.629194630872
0.891497975709 0.222222222222 0.870967741935 0.695861405197 0.629194630872
0.747368421053 0.222222222222 0.774193548387 0.684311838306 0.633389261745
0.747368421053 0.222222222222 0.774193548387 0.684311838306 0.633389261745
0.7004048583 0.333333333333 0.645161290323 0.347449470645 0.517617449664
0.673684210526 0.333333333333 0.548387096774 0.2531280077 0.396812080537
0.630769230769 0.111111111111 0.548387096774 0.388835418672 0.338926174497
0.630769230769 0.111111111111 0.548387096774 0.388835418672 0.338926174497
0.956275303644 1.0 1.0 0.909528392685 0.895973154362
0.7004048583 0.333333333333 0.645161290323 0.347449470645 0.517617449664
0.68016194332 0.444444444444 0.612903225806 0.388835418672 0.338926174497
0.630769230769 0.111111111111 0.548387096774 0.388835418672 0.338926174497
0.60971659919 0.555555555556 0.483870967742 0.16073147257 0.221476510067
0.626720647773 0.222222222222 0.548387096774 0.28103946102 0.375
0.7004048583 0.444444444444 0.645161290323 0.53416746872 0.596476510067
0.667206477733 0.333333333333 0.612903225806 0.53416746872 0.596476510067
0.673684210526 0.333333333333 0.548387096774 0.2531280077 0.396812080537
0.673684210526 0.333333333333 0.548387096774 0.2531280077 0.396812080537
0.673684210526 0.333333333333 0.548387096774 0.2531280077 0.396812080537
0.7004048583 0.333333333333 0.645161290323 0.347449470645 0.517617449664
0.776518218623 0.333333333333 0.774193548387 0.656400384986 0.598154362416
0.776518218623 0.333333333333 0.774193548387 0.656400384986 0.598154362416
0.697165991903 0.111111111111 0.677419354839 0.509143407122 0.49244966443
0.657489878543 0.111111111111 0.645161290323 0.483156881617 0.459731543624
0.716599190283 0.444444444444 0.645161290323 0.456207892204 0.624161073826
0.6995951417 0.333333333333 0.645161290323 0.456207892204 0.624161073826
0.608097165992 0.333333333333 0.677419354839 0.55822906641 0.638422818792
0.961133603239 0.888888888889 0.774193548387 0.625601539942 0.586409395973
0.82024291498 0.444444444444 0.677419354839 0.450433108758 0.417785234899
0.830769230769 0.333333333333 0.741935483871 0.544754571704 0.538590604027
0.753846153846 0.0 0.774193548387 0.710298363811 0.66610738255
0.753846153846 0.0 0.774193548387 0.710298363811 0.66610738255
0.647773279352 0.333333333333 0.709677419355 0.584215591915 0.671140939597
0.647773279352 0.333333333333 0.709677419355 0.584215591915 0.671140939597
0.864777327935 0.222222222222 0.774193548387 0.601539942252 0.508389261745
0.866396761134 0.888888888889 0.709677419355 0.564966313763 0.73322147651
0.643724696356 0.333333333333 0.645161290323 0.36958614052 0.441275167785
0.570850202429 0.222222222222 0.58064516129 0.343599615014 0.40855704698
0.657489878543 0.111111111111 0.645161290323 0.483156881617 0.459731543624
0.630769230769 0.111111111111 0.548387096774 0.388835418672 0.338926174497
0.9004048583 0.222222222222 0.741935483871 0.496631376323 0.613255033557
0.887449392713 0.222222222222 0.806451612903 0.564966313763 0.701342281879
0.697165991903 0.111111111111 0.677419354839 0.509143407122 0.49244966443
0.657489878543 0.111111111111 0.645161290323 0.483156881617 0.459731543624
0.608097165992 0.333333333333 0.677419354839 0.55822906641 0.638422818792
0.641295546559 0.555555555556 0.709677419355 0.55822906641 0.638422818792
0.747368421053 0.222222222222 0.774193548387 0.684311838306 0.633389261745
0.714170040486 0.0 0.741935483871 0.684311838306 0.633389261745
0.657489878543 0.111111111111 0.645161290323 0.483156881617 0.459731543624
0.657489878543 0.111111111111 0.645161290323 0.483156881617 0.459731543624
0.94979757085 0.333333333333 0.903225806452 0.691049085659 0.883389261745
0.923076923077 0.333333333333 0.806451612903 0.596727622714 0.762583892617
0.74008097166 0.333333333333 0.677419354839 0.37343599615 0.55033557047
0.7004048583 0.333333333333 0.645161290323 0.347449470645 0.517617449664
0.82995951417 0.444444444444 0.838709677419 0.768046198268 0.80788590604
0.863157894737 0.555555555556 0.870967741935 0.768046198268 0.80788590604
0.762753036437 0.666666666667 0.645161290323 0.279114533205 0.429530201342
1.0 0.333333333333 0.967741935484 1.0 1.0
0.937651821862 0.333333333333 0.838709677419 0.629451395573 0.668624161074
0.964372469636 0.333333333333 0.935483870968 0.723772858518 0.789429530201
0.723076923077 0.666666666667 0.612903225806 0.2531280077 0.396812080537
0.673684210526 0.333333333333 0.548387096774 0.2531280077 0.396812080537
0.736032388664 0.333333333333 0.645161290323 0.303176130895 0.481543624161
0.696356275304 0.333333333333 0.612903225806 0.27718960539 0.448825503356
0.687449392713 0.0 0.645161290323 0.589990375361 0.512583892617
0.714170040486 0.0 0.741935483871 0.684311838306 0.633389261745
0.876923076923 0.222222222222 0.838709677419 0.665062560154 0.85067114094
0.85020242915 0.222222222222 0.741935483871 0.570741097209 0.729865771812
0.657489878543 0.111111111111 0.645161290323 0.483156881617 0.459731543624
0.657489878543 0.111111111111 0.645161290323 0.483156881617 0.459731543624
0.757894736842 0.111111111111 0.677419354839 0.518768046198 0.505872483221
0.797570850202 0.111111111111 0.709677419355 0.544754571704 0.538590604027
0.9004048583 0.222222222222 0.741935483871 0.496631376323 0.613255033557
0.927125506073 0.222222222222 0.838709677419 0.590952839269 0.734060402685
0.604048582996 0.333333333333 0.612903225806 0.343599615014 0.40855704698
0.643724696356 0.333333333333 0.645161290323 0.36958614052 0.441275167785
