0.844537815126 0.0 0.935483870968 0.913757700205 0.961347869177
0.791716686675 0.0 0.806451612903 0.682751540041 0.8017839445
0.833733493397 0.0 0.903225806452 0.873716632444 0.937561942517
0.827731092437 0.0 0.838709677419 0.682751540041 0.8017839445
0.856542617047 0.0 0.838709677419 0.690965092402 0.836471754212
0.816108007449 0.0 0.875 0.862612612613 0.93095599393
0.798319327731 0.0 0.838709677419 0.744353182752 0.827552031715
0.810324129652 0.0 0.838709677419 0.750513347023 0.844400396432
0.833733493397 0.0 0.903225806452 0.915811088296 0.96828543112
0.91056422569 0.0 0.903225806452 0.731006160164 0.860257680872
0.749699879952 0.0 0.709677419355 0.572895277207 0.733399405352
0.799519807923 0.0 0.806451612903 0.710472279261 0.820614469772
0.832533013205 0.0 0.870967741935 0.770020533881 0.847373637265
0.821728691477 0.0 0.870967741935 0.834702258727 0.899900891972
0.887755102041 0.0 0.870967741935 0.760780287474 0.891972249752
0.89855942377 0.0 0.935483870968 0.840862422998 0.91674925669
0.72569027611 0.0 0.677419354839 0.572895277207 0.733399405352
0.718487394958 0.0 0.741935483871 0.652977412731 0.741328047572
0.671668667467 0.0 0.677419354839 0.612936344969 0.717542120912
0.790516206483 0.0 0.838709677419 0.843942505133 0.905847373637
0.856542617047 0.0 0.903225806452 0.811088295688 0.874132804757
0.808523409364 0.0 0.838709677419 0.771047227926 0.850346878097
0.814525810324 0.0 0.774193548387 0.61498973306 0.764122893954
0.766506602641 0.0 0.741935483871 0.612936344969 0.746283448959
0.728584729981 0.0 0.8 0.81981981982 0.85660091047
0.88175270108 0.0 0.870967741935 0.731006160164 0.84935579782
0.899759903962 0.0 0.903225806452 0.800821355236 0.90485629336
0.832533013205 0.0 0.806451612903 0.655030800821 0.787908820614
0.707683073229 0.0 0.709677419355 0.612936344969 0.717542120912
0.758379888268 0.0 0.825 0.704954954955 0.744309559939
0.776110444178 0.0 0.774193548387 0.690965092402 0.798810703667
0.776110444178 0.0 0.774193548387 0.690965092402 0.798810703667
0.799519807923 0.0 0.806451612903 0.752566735113 0.851337958375
0.785714285714 0.0 0.741935483871 0.61498973306 0.764122893954
0.850540216086 0.0 0.806451612903 0.61498973306 0.764122893954
0.850540216086 0.0 0.806451612903 0.61498973306 0.764122893954
0.71968787515 0.0 0.741935483871 0.64887063655 0.731417244797
0.699279711885 0.0 0.709677419355 0.652977412731 0.747274529237
0.826530612245 0.0 0.806451612903 0.632443531828 0.757185332012
0.788115246098 0.0 0.774193548387 0.697125256674 0.815659068385
0.80612244898 0.0 0.806451612903 0.766940451745 0.871159563925
0.797719087635 0.0 0.838709677419 0.716632443532 0.779980178394
0.691340782123 0.0 0.75 0.713213213213 0.758725341426
0.791716686675 0.0 0.774193548387 0.608829568789 0.730426164519
0.763505402161 0.0 0.741935483871 0.594455852156 0.718533201189
0.701680672269 0.0 0.709677419355 0.652977412731 0.747274529237
0.881152460984 0.0 0.838709677419 0.728952772074 0.87314172448
0.922569027611 0.0 0.935483870968 0.784394250513 0.87314172448
0.78631452581 0.0 0.806451612903 0.67453798768 0.755203171457
0.772509003601 0.0 0.741935483871 0.536960985626 0.667988107037
0.772509003601 0.0 0.741935483871 0.536960985626 0.667988107037
0.72569027611 0.0 0.741935483871 0.695071868583 0.777998017839
0.839735894358 0.0 0.806451612903 0.61498973306 0.747274529237
0.845738295318 0.0 0.870967741935 0.844969199179 0.918731417245
0.874549819928 0.0 0.935483870968 0.896303901437 0.933597621407
0.752100840336 0.0 0.741935483871 0.536960985626 0.645193260654
0.726890756303 0.0 0.677419354839 0.496919917864 0.644202180377
0.820528211285 0.0 0.838709677419 0.764887063655 0.844400396432
0.786914765906 0.0 0.774193548387 0.665297741273 0.774033696729
0.882953181273 0.0 0.870967741935 0.750513347023 0.858275520317
0.75150060024 0.0 0.806451612903 0.814168377823 0.854311199207
0.864945978391 0.0 0.838709677419 0.745379876797 0.866204162537
0.810324129652 0.0 0.806451612903 0.70636550308 0.804757185332
0.706482593037 0.0 0.741935483871 0.699178644764 0.758176412289
0.762905162065 0.0 0.709677419355 0.496919917864 0.644202180377
0.632052821128 0.0 0.645161290323 0.530800821355 0.611496531219
0.814525810324 0.0 0.838709677419 0.79568788501 0.86521308226
0.697478991597 0.0 0.677419354839 0.634496919918 0.748265609514
0.743697478992 0.0 0.709677419355 0.665297741273 0.790882061447
0.781512605042 0.0 0.774193548387 0.70636550308 0.804757185332
0.734093637455 0.0 0.677419354839 0.496919917864 0.644202180377
0.635654261705 0.0 0.645161290323 0.530800821355 0.611496531219
0.724489795918 0.0 0.709677419355 0.606776180698 0.711595639247
0.809723889556 0.0 0.806451612903 0.637577002053 0.730426164519
0.809723889556 0.0 0.806451612903 0.637577002053 0.730426164519
0.778511404562 0.0 0.774193548387 0.655030800821 0.748265609514
0.842136854742 0.0 0.806451612903 0.669404517454 0.793855302279
0.842136854742 0.0 0.806451612903 0.669404517454 0.793855302279
0.832533013205 0.0 0.806451612903 0.707392197125 0.82160555005
0.815726290516 0.0 0.774193548387 0.634496919918 0.764122893954
0.718487394958 0.0 0.709677419355 0.579055441478 0.675916749257
0.718487394958 0.0 0.709677419355 0.579055441478 0.675916749257
0.676470588235 0.0 0.709677419355 0.592402464066 0.647175421209
0.897959183673 0.0 0.838709677419 0.655030800821 0.8017839445
0.797719087635 0.0 0.774193548387 0.663244353183 0.774033696729
0.733493397359 0.0 0.741935483871 0.680698151951 0.759167492567
0.691476590636 0.0 0.677419354839 0.512320328542 0.612487611497
0.916566626651 0.0 0.903225806452 0.777207392197 0.876114965312
0.756902761104 0.0 0.709677419355 0.581108829569 0.713577799802
0.732893157263 0.0 0.741935483871 0.577002053388 0.652130822597
0.852941176471 0.0 0.903225806452 0.852156057495 0.886025768087
0.846834264432 0.0 0.9 0.915165165165 0.946130500759
0.761704681873 0.0 0.709677419355 0.539014373717 0.674925668979
0.87575030012 0.0 0.903225806452 0.943531827515 1.0
0.692076830732 0.0 0.709677419355 0.661190965092 0.727452923687
0.710084033613 0.0 0.741935483871 0.731006160164 0.782953419227
0.738895558223 0.0 0.741935483871 0.530800821355 0.611496531219
0.771308523409 0.0 0.709677419355 0.516427104723 0.661050545094
0.808523409364 0.0 0.838709677419 0.79568788501 0.848364717542
0.720204841713 0.0 0.75 0.697447447447 0.750379362671
0.762905162065 0.0 0.709677419355 0.539014373717 0.674925668979
0.80612244898 0.0 0.838709677419 0.812114989733 0.862239841427
0.723289315726 0.0 0.741935483871 0.748459958932 0.811694747275
0.728091236495 0.0 0.677419354839 0.581108829569 0.713577799802
0.746098439376 0.0 0.709677419355 0.650924024641 0.769078295342
0.936974789916 0.0 0.935483870968 0.833675564682 0.91674925669
0.810924369748 0.0 0.774193548387 0.650924024641 0.769078295342
0.7575030012 0.0 0.806451612903 0.780287474333 0.812685827552
0.779711884754 0.0 0.741935483871 0.650924024641 0.769078295342
0.784513805522 0.0 0.806451612903 0.666324435318 0.724479682854
0.854741896759 0.0 0.870967741935 0.79363449692 0.85728444004
0.724489795918 0.0 0.806451612903 0.868583162218 0.866204162537
0.776110444178 0.0 0.774193548387 0.712525667351 0.793855302279
0.798319327731 0.0 0.838709677419 0.76180698152 0.800792864222
0.8181272509 0.0 0.806451612903 0.690965092402 0.781962338949
0.734093637455 0.0 0.677419354839 0.539014373717 0.674925668979
0.734093637455 0.0 0.677419354839 0.539014373717 0.674925668979
0.746698679472 0.0 0.741935483871 0.552361396304 0.636273538157
0.844537815126 0.0 0.870967741935 0.822381930185 0.875123885035
0.768907563025 0.0 0.741935483871 0.661190965092 0.767096134787
0.776110444178 0.0 0.806451612903 0.800821355236 0.84935579782
0.737695078031 0.0 0.741935483871 0.626283367556 0.700693756194
0.59543817527 0.0 0.612903225806 0.552361396304 0.613478691774
0.91056422569 0.0 1.0 1.0 0.989098116947
0.726890756303 0.0 0.741935483871 0.651950718686 0.714568880079
1.0 0.0 0.967741935484 0.747433264887 0.85728444004
0.722088835534 0.0 0.677419354839 0.621149897331 0.743310208127
0.798919567827 0.0 0.806451612903 0.67864476386 0.748265609514
0.863745498199 0.0 0.935483870968 0.959958932238 0.965312190287
0.65606242497 0.0 0.677419354839 0.655030800821 0.710604558969
0.679471788715 0.0 0.709677419355 0.716632443532 0.763131813677
0.940576230492 0.0 0.903225806452 0.739219712526 0.85332011893
0.697478991597 0.0 0.741935483871 0.786447638604 0.818632309217
0.832533013205 0.0 0.838709677419 0.827515400411 0.897918731417
0.791716686675 0.0 0.741935483871 0.560574948665 0.686818632309
0.665666266507 0.0 0.645161290323 0.579055441478 0.675916749257
0.89855942377 0.0 0.870967741935 0.779260780287 0.883052527255
0.826530612245 0.0 0.806451612903 0.629363449692 0.725470763132
0.820528211285 0.0 0.838709677419 0.79158110883 0.84935579782
0.794117647059 0.0 0.774193548387 0.642710472279 0.738354806739
0.668067226891 0.0 0.677419354839 0.661190965092 0.727452923687
0.668067226891 0.0 0.677419354839 0.661190965092 0.727452923687
0.707683073229 0.0 0.709677419355 0.629363449692 0.702675916749
0.8181272509 0.0 0.806451612903 0.701232032854 0.787908820614
0.845738295318 0.0 0.838709677419 0.679671457906 0.761149653122
0.648259303721 0.0 0.677419354839 0.638603696099 0.683845391477
0.676470588235 0.0 0.677419354839 0.629363449692 0.702675916749
0.796518607443 0.0 0.870967741935 0.834702258727 0.834489593657
0.790516206483 0.0 0.806451612903 0.666324435318 0.724479682854
0.778511404562 0.0 0.806451612903 0.787474332649 0.83349851338
0.672869147659 0.0 0.677419354839 0.572895277207 0.642220019822
0.704081632653 0.0 0.677419354839 0.512320328542 0.612487611497
0.756902761104 0.0 0.774193548387 0.673511293634 0.729435084242
0.60144057623 0.0 0.612903225806 0.598562628337 0.660059464817
0.60144057623 0.0 0.612903225806 0.598562628337 0.660059464817
0.767707082833 0.0 0.774193548387 0.688911704312 0.755203171457
0.767707082833 0.0 0.774193548387 0.688911704312 0.755203171457
0.874549819928 0.0 0.870967741935 0.771047227926 0.847373637265
0.611644657863 0.0 0.612903225806 0.598562628337 0.669970267592
0.702881152461 0.0 0.709677419355 0.64887063655 0.714568880079
0.702881152461 0.0 0.709677419355 0.64887063655 0.714568880079
0.86974789916 0.0 0.870967741935 0.746406570842 0.81764122894
0.867947178872 0.0 0.870967741935 0.686858316222 0.756194251734
0.722088835534 0.0 0.741935483871 0.731006160164 0.782953419227
0.91056422569 0.0 0.903225806452 0.718685831622 0.797819623389
0.710084033613 0.0 0.645161290323 0.539014373717 0.674925668979
0.792316926771 0.0 0.774193548387 0.554414784394 0.643211100099
0.914165666267 0.0 0.935483870968 0.85112936345 0.899900891972
0.800720288115 0.0 0.774193548387 0.588295687885 0.684836471754
0.84093637455 0.0 0.838709677419 0.750513347023 0.822596630327
0.761704681873 0.0 0.774193548387 0.780287474333 0.83746283449
0.794117647059 0.0 0.741935483871 0.574948665298 0.696729435084
0.686074429772 0.0 0.709677419355 0.623203285421 0.668979187314
0.773709483794 0.0 0.709677419355 0.558521560575 0.691774033697
0.773709483794 0.0 0.709677419355 0.558521560575 0.691774033697
0.678871548619 0.0 0.709677419355 0.592402464066 0.630327056492
0.81212484994 0.0 0.741935483871 0.599589322382 0.738354806739
0.791716686675 0.0 0.838709677419 0.809034907598 0.830525272547
0.821728691477 0.0 0.838709677419 0.724845995893 0.776015857284
0.75450180072 0.0 0.741935483871 0.61909650924 0.699702675917
0.768907563025 0.0 0.774193548387 0.651950718686 0.714568880079
0.722088835534 0.0 0.709677419355 0.579055441478 0.659068384539
0.785714285714 0.0 0.806451612903 0.79158110883 0.838453914767
0.684273709484 0.0 0.741935483871 0.684804928131 0.694747274529
0.792917166867 0.0 0.806451612903 0.73613963039 0.789890981169
0.666866746699 0.0 0.677419354839 0.629363449692 0.685827552032
0.677671068427 0.0 0.709677419355 0.620123203285 0.655104063429
0.821728691477 0.0 0.838709677419 0.777207392197 0.826560951437
0.689675870348 0.0 0.677419354839 0.596509240246 0.674925668979
0.784513805522 0.0 0.806451612903 0.680698151951 0.724479682854
0.712484993998 0.0 0.741935483871 0.64476386037 0.680872150644
0.834333733493 0.0 0.838709677419 0.70636550308 0.767096134787
0.714618249534 0.0 0.775 0.724474474474 0.729135053111
0.686074429772 0.0 0.677419354839 0.629363449692 0.702675916749
0.84993997599 0.0 0.774193548387 0.637577002053 0.777998017839
0.675870348139 0.0 0.645161290323 0.596509240246 0.691774033697
0.675870348139 0.0 0.645161290323 0.596509240246 0.691774033697
0.675870348139 0.0 0.645161290323 0.596509240246 0.691774033697
0.743697478992 0.0 0.741935483871 0.688911704312 0.755203171457
0.718487394958 0.0 0.709677419355 0.629363449692 0.702675916749
