0.685514612452 0.333333333333 0.703703703704 0.722358722359 0.678666666667
0.668996188056 0.333333333333 0.62962962963 0.57371007371 0.554666666667
0.493646759848 0.166666666667 0.444444444444 0.307125307125 0.237333333333
0.366581956798 0.166666666667 0.37037037037 0.362407862408 0.389333333333
0.409783989835 0.166666666667 0.37037037037 0.351351351351 0.322666666667
0.46124523507 0.333333333333 0.37037037037 0.391891891892 0.237333333333
0.59085133418 0.166666666667 0.592592592593 0.558968058968 0.493333333333
0.415501905972 0.333333333333 0.37037037037 0.217444717445 0.173333333333
0.865311308767 0.333333333333 0.814814814815 0.651105651106 0.765333333333
0.829733163914 0.333333333333 0.814814814815 0.592137592138 0.738666666667
0.586404066074 0.166666666667 0.481481481481 0.361179361179 0.213333333333
0.919949174079 0.333333333333 0.851851851852 0.610565110565 0.574666666667
0.510800508259 0.166666666667 0.481481481481 0.421375921376 0.410666666667
0.890088945362 0.0 0.851851851852 0.814496314496 0.796
0.848792884371 0.333333333333 0.925925925926 0.916461916462 0.910666666667
0.918678526048 0.333333333333 1.0 1.0 1.0
0.641041931385 0.166666666667 0.62962962963 0.438574938575 0.342666666667
0.598475222363 0.166666666667 0.592592592593 0.438574938575 0.342666666667
0.377382465057 0.166666666667 0.333333333333 0.217444717445 0.173333333333
0.366581956798 0.0 0.333333333333 0.280098280098 0.233333333333
0.609911054638 0.5 0.62962962963 0.676904176904 0.604
0.554637865311 0.5 0.555555555556 0.563882063882 0.54
0.864040660737 0.333333333333 0.962962962963 0.802211302211 0.741333333333
0.683608640407 0.166666666667 0.62962962963 0.52457002457 0.421333333333
0.611817026684 0.5 0.555555555556 0.577395577396 0.473333333333
0.851334180432 0.5 0.888888888889 0.80343980344 0.858666666667
0.749047013977 0.333333333333 0.740740740741 0.519656019656 0.445333333333
0.693773824651 0.333333333333 0.666666666667 0.452088452088 0.348
0.416137229987 0.0 0.37037037037 0.308353808354 0.326666666667
0.631512071156 0.666666666667 0.555555555556 0.400491400491 0.394666666667
0.498094027954 0.333333333333 0.481481481481 0.454545454545 0.388
0.428208386277 0.0 0.407407407407 0.308353808354 0.326666666667
0.544472681067 0.166666666667 0.518518518519 0.600737100737 0.44
0.838627700127 0.5 0.814814814815 0.601965601966 0.410666666667
0.656289707751 0.333333333333 0.666666666667 0.65601965602 0.738666666667
0.573062261753 0.166666666667 0.555555555556 0.443488943489 0.485333333333
0.529224904701 0.333333333333 0.481481481481 0.351351351351 0.352
0.469504447268 0.333333333333 0.37037037037 0.216216216216 0.110666666667
0.838627700127 0.5 0.814814814815 0.601965601966 0.410666666667
0.723634053367 0.333333333333 0.62962962963 0.445945945946 0.333333333333
0.39834815756 0.333333333333 0.333333333333 0.149877149877 0.076
0.46124523507 0.333333333333 0.37037037037 0.391891891892 0.237333333333
0.548284625159 0.5 0.481481481481 0.355036855037 0.197333333333
0.478398983482 0.166666666667 0.407407407407 0.312039312039 0.201333333333
0.489199491741 0.333333333333 0.444444444444 0.282555282555 0.290666666667
0.809402795426 1.0 0.814814814815 0.657248157248 0.737333333333
0.561626429479 0.166666666667 0.518518518519 0.404176904177 0.318666666667
0.273824650572 0.0 0.185185185185 0.121621621622 0.016
0.59085133418 0.166666666667 0.592592592593 0.558968058968 0.493333333333
0.563532401525 0.333333333333 0.481481481481 0.313267813268 0.325333333333
0.660736975858 0.5 0.592592592593 0.46683046683 0.493333333333
0.734434561626 0.5 0.777777777778 0.762899262899 0.753333333333
0.610546378653 0.166666666667 0.62962962963 0.554054054054 0.481333333333
0.548284625159 0.5 0.518518518519 0.416461916462 0.322666666667
0.723634053367 0.333333333333 0.62962962963 0.445945945946 0.333333333333
0.675349428208 0.166666666667 0.62962962963 0.506142506143 0.368
0.59085133418 0.166666666667 0.592592592593 0.558968058968 0.493333333333
0.890088945362 0.0 0.851851851852 0.814496314496 0.796
0.623252858958 0.5 0.592592592593 0.410319410319 0.517333333333
0.473951715375 0.0 0.444444444444 0.331695331695 0.313333333333
0.675349428208 0.166666666667 0.555555555556 0.41769041769 0.273333333333
0.376747141042 0.0 0.333333333333 0.280098280098 0.233333333333
0.459974587039 0.166666666667 0.444444444444 0.350122850123 0.306666666667
0.46124523507 0.333333333333 0.37037037037 0.391891891892 0.237333333333
0.624523506989 0.333333333333 0.62962962963 0.608108108108 0.592
0.404066073698 0.0 0.333333333333 0.240786240786 0.216
0.465692503177 0.333333333333 0.37037037037 0.240786240786 0.229333333333
0.599110546379 0.333333333333 0.555555555556 0.445945945946 0.413333333333
0.567979669632 0.5 0.592592592593 0.457002457002 0.478666666667
0.72998729352 0.333333333333 0.703703703704 0.545454545455 0.488
0.48665819568 0.166666666667 0.407407407407 0.314496314496 0.282666666667
0.497458703939 0.166666666667 0.444444444444 0.316953316953 0.34
0.675984752224 0.166666666667 0.62962962963 0.547911547912 0.566666666667
0.542566709022 0.166666666667 0.481481481481 0.337837837838 0.306666666667
0.366581956798 0.166666666667 0.296296296296 0.289926289926 0.198666666667
0.311944091487 0.0 0.259259259259 0.189189189189 0.113333333333
0.573697585769 0.0 0.555555555556 0.578624078624 0.526666666667
0.415501905972 0.333333333333 0.37037037037 0.217444717445 0.173333333333
0.423125794155 0.0 0.333333333333 0.391891891892 0.182666666667
0.432020330368 0.166666666667 0.37037037037 0.253071253071 0.172
0.622617534943 0.5 0.592592592593 0.488943488943 0.442666666667
0.354510800508 0.166666666667 0.296296296296 0.283783783784 0.225333333333
0.809402795426 1.0 0.814814814815 0.657248157248 0.737333333333
0.710927573062 0.166666666667 0.666666666667 0.608108108108 0.548
0.79415501906 0.333333333333 0.814814814815 0.651105651106 0.569333333333
0.362770012706 0.0 0.296296296296 0.2457002457 0.173333333333
0.493646759848 0.166666666667 0.444444444444 0.307125307125 0.237333333333
0.452986022872 0.166666666667 0.444444444444 0.428746928747 0.424
0.457433290978 0.0 0.407407407407 0.428746928747 0.298666666667
0.519695044473 0.166666666667 0.444444444444 0.218673218673 0.230666666667
0.709656925032 0.333333333333 0.62962962963 0.556511056511 0.468
0.838627700127 0.5 0.814814814815 0.601965601966 0.410666666667
0.741423125794 0.333333333333 0.703703703704 0.694103194103 0.688
0.46124523507 0.166666666667 0.407407407407 0.396805896806 0.276
0.484752223634 0.333333333333 0.444444444444 0.488943488943 0.414666666667
0.484752223634 0.333333333333 0.444444444444 0.488943488943 0.414666666667
0.723634053367 0.333333333333 0.62962962963 0.445945945946 0.333333333333
1.0 0.5 1.0 0.769041769042 0.669333333333
0.547649301144 0.0 0.555555555556 0.603194103194 0.541333333333
0.858958068615 0.333333333333 0.851851851852 0.714987714988 0.661333333333
