0.719525959368 0.0 0.774193548387 0.685207100592 0.789651293588
0.804740406321 0.0 0.838709677419 0.769230769231 0.841394825647
0.801918735892 0.0 0.870967741935 1.0 1.0
0.903498871332 0.0 0.870967741935 0.861538461538 0.975253093363
0.782167042889 0.0 0.774193548387 0.65325443787 0.764904386952
0.712189616253 0.0 0.741935483871 0.54201183432 0.627671541057
0.984198645598 0.0 0.967741935484 0.887573964497 0.976377952756
0.71388261851 0.0 0.709677419355 0.628402366864 0.735658042745
0.667042889391 0.0 0.677419354839 0.540828402367 0.638920134983
0.588036117381 0.0 0.645161290323 0.699408284024 0.726659167604
0.737584650113 0.0 0.774193548387 0.6 0.658042744657
1.0 0.0 1.0 0.932544378698 0.983127109111
0.817720090293 0.0 0.870967741935 0.950295857988 0.937007874016
0.743792325056 0.0 0.774193548387 0.636686390533 0.685039370079
0.693566591422 0.0 0.677419354839 0.604733727811 0.699662542182
0.708239277652 0.0 0.774193548387 0.927810650888 0.897637795276
0.715011286682 0.0 0.677419354839 0.637869822485 0.74690663667
0.792889390519 0.0 0.774193548387 0.781065088757 0.852643419573
0.829571106095 0.0 0.903225806452 0.917159763314 0.877390326209
0.562076749436 0.0 0.58064516129 0.565680473373 0.622047244094
0.658577878104 0.0 0.645161290323 0.6 0.683914510686
0.575056433409 0.0 0.58064516129 0.624852071006 0.686164229471
0.608916478555 0.0 0.58064516129 0.49349112426 0.604049493813
0.590293453725 0.0 0.548387096774 0.519526627219 0.640044994376
0.577878103837 0.0 0.612903225806 0.646153846154 0.673790776153
0.516930022573 0.0 0.516129032258 0.49349112426 0.573678290214
0.588036117381 0.0 0.612903225806 0.565680473373 0.610798650169
0.657449209932 0.0 0.677419354839 0.615384615385 0.659167604049
0.752257336343 0.0 0.774193548387 0.765680473373 0.788526434196
0.769187358916 0.0 0.774193548387 0.611834319527 0.670416197975
0.818848758465 0.0 0.806451612903 0.67100591716 0.739032620922
0.537246049661 0.0 0.58064516129 0.49349112426 0.526434195726
0.802483069977 0.0 0.870967741935 0.894674556213 0.850393700787
0.643905191874 0.0 0.709677419355 0.74201183432 0.718785151856
0.687923250564 0.0 0.709677419355 0.776331360947 0.790776152981
0.763544018059 0.0 0.838709677419 0.876923076923 0.824521934758
0.570541760722 0.0 0.58064516129 0.614201183432 0.659167604049
0.689051918736 0.0 0.677419354839 0.636686390533 0.699662542182
0.757900677201 0.0 0.774193548387 0.749112426036 0.769403824522
0.615688487585 0.0 0.645161290323 0.572781065089 0.601799775028
0.661399548533 0.0 0.709677419355 0.752662721893 0.739032620922
0.766930022573 0.0 0.806451612903 0.85325443787 0.835770528684
0.477426636569 0.0 0.483870967742 0.478106508876 0.539932508436
0.606659142212 0.0 0.548387096774 0.519526627219 0.640044994376
0.584085778781 0.0 0.58064516129 0.611834319527 0.664791901012
0.576749435666 0.0 0.612903225806 0.484023668639 0.512935883015
0.686794582393 0.0 0.677419354839 0.769230769231 0.80764904387
0.593115124153 0.0 0.645161290323 0.581065088757 0.580427446569
0.627539503386 0.0 0.645161290323 0.676923076923 0.69853768279
0.667042889391 0.0 0.612903225806 0.637869822485 0.735658042745
0.593679458239 0.0 0.58064516129 0.428402366864 0.510686164229
0.655756207675 0.0 0.645161290323 0.51124260355 0.580427446569
0.589729119639 0.0 0.612903225806 0.508875739645 0.543307086614
0.636568848758 0.0 0.645161290323 0.514792899408 0.561304836895
0.620203160271 0.0 0.612903225806 0.558579881657 0.615298087739
0.749435665914 0.0 0.806451612903 0.72426035503 0.695163104612
0.55079006772 0.0 0.612903225806 0.48875739645 0.483689538808
0.619074492099 0.0 0.645161290323 0.644970414201 0.654668166479
0.748871331828 0.0 0.709677419355 0.430769230769 0.530933633296
0.624717832957 0.0 0.58064516129 0.559763313609 0.647919010124
0.661963882619 0.0 0.677419354839 0.676923076923 0.690663667042
0.594808126411 0.0 0.58064516129 0.570414201183 0.625421822272
0.731941309255 0.0 0.709677419355 0.585798816568 0.646794150731
0.509029345372 0.0 0.483870967742 0.405917159763 0.491563554556
0.533860045147 0.0 0.548387096774 0.558579881657 0.583802024747
0.586343115124 0.0 0.58064516129 0.537278106509 0.584926884139
0.511286681716 0.0 0.483870967742 0.405917159763 0.491563554556
0.587471783296 0.0 0.548387096774 0.405917159763 0.502812148481
0.537810383747 0.0 0.516129032258 0.45325443787 0.526434195726
0.60158013544 0.0 0.548387096774 0.454437869822 0.557930258718
0.639390519187 0.0 0.612903225806 0.571597633136 0.63329583802
0.615688487585 0.0 0.645161290323 0.549112426036 0.556805399325
0.595936794582 0.0 0.612903225806 0.545562130178 0.565804274466
0.583521444695 0.0 0.612903225806 0.527810650888 0.537682789651
0.474040632054 0.0 0.483870967742 0.558579881657 0.583802024747
0.507900677201 0.0 0.451612903226 0.431952662722 0.538807649044
0.513544018059 0.0 0.516129032258 0.47100591716 0.514060742407
0.516930022573 0.0 0.516129032258 0.500591715976 0.539932508436
0.610045146727 0.0 0.612903225806 0.604733727811 0.626546681665
0.727426636569 0.0 0.677419354839 0.45325443787 0.546681664792
0.494920993228 0.0 0.516129032258 0.534911242604 0.546681664792
0.580699774266 0.0 0.548387096774 0.513609467456 0.581552305962
0.618510158014 0.0 0.58064516129 0.54201183432 0.611923509561
0.634311512415 0.0 0.58064516129 0.550295857988 0.634420697413
0.672686230248 0.0 0.612903225806 0.521893491124 0.615298087739
0.526523702032 0.0 0.516129032258 0.430769230769 0.485939257593
0.515237020316 0.0 0.483870967742 0.45325443787 0.526434195726
0.635440180587 0.0 0.645161290323 0.552662721893 0.571428571429
0.651805869074 0.0 0.612903225806 0.478106508876 0.55455568054
0.462189616253 0.0 0.483870967742 0.583431952663 0.586051743532
0.660270880361 0.0 0.612903225806 0.495857988166 0.578177727784
0.681151241535 0.0 0.677419354839 0.508875739645 0.545556805399
0.527652370203 0.0 0.548387096774 0.583431952663 0.586051743532
0.4960496614 0.0 0.516129032258 0.583431952663 0.586051743532
0.445823927765 0.0 0.451612903226 0.47100591716 0.501687289089
0.557562076749 0.0 0.516129032258 0.478106508876 0.55455568054
0.558126410835 0.0 0.548387096774 0.572781065089 0.605174353206
0.505643340858 0.0 0.516129032258 0.502958579882 0.523059617548
0.552483069977 0.0 0.516129032258 0.47573964497 0.545556805399
0.573363431151 0.0 0.516129032258 0.431952662722 0.527559055118
