0.491221374046 0.0 0.586956521739 0.570378745054 0.659851301115
0.732442748092 0.0 0.717391304348 0.674957603166 0.664807930607
0.674045801527 0.0 0.739130434783 0.721876766535 0.793680297398
0.441221374046 0.0 0.586956521739 0.572639909553 0.666666666667
0.497709923664 0.25 0.586956521739 0.555681175806 0.703841387856
0.375190839695 0.0 0.45652173913 0.345958168457 0.395910780669
0.423282442748 0.0 0.54347826087 0.506500847937 0.523543990087
0.61641221374 0.0 0.695652173913 0.652911249293 0.725526641884
0.916030534351 0.0 0.826086956522 0.777275296778 0.920693928129
0.676717557252 0.0 0.608695652174 0.544375353307 0.657372986369
0.382442748092 0.75 0.434782608696 0.379310344828 0.430607187113
0.378244274809 0.0 0.413043478261 0.416619559073 0.420693928129
0.524045801527 0.0 0.565217391304 0.55963821368 0.635068153656
0.649236641221 0.0 0.630434782609 0.617297908423 0.676579925651
0.654961832061 0.25 0.608695652174 0.551724137931 0.608426270136
0.331297709924 0.0 0.391304347826 0.350480497456 0.373605947955
0.450763358779 0.0 0.413043478261 0.300169587337 0.366171003717
0.691603053435 0.0 0.630434782609 0.561334087055 0.694547707559
0.487404580153 0.0 0.478260869565 0.496325607688 0.459107806691
0.453816793893 0.0 0.45652173913 0.469191633691 0.415737298637
0.329389312977 0.0 0.391304347826 0.343697003957 0.350681536555
0.424809160305 0.0 0.478260869565 0.418880723573 0.434324659232
0.643129770992 0.0 0.695652173913 0.56189937818 0.740396530359
0.485496183206 0.25 0.521739130435 0.485585076314 0.556381660471
0.347328244275 0.0 0.413043478261 0.407009609949 0.372986369269
0.319465648855 0.0 0.369565217391 0.36348219333 0.355018587361
0.54427480916 0.0 0.586956521739 0.564725833804 0.654894671623
0.420992366412 0.25 0.347826086957 0.248162803844 0.283147459727
0.346946564885 0.0 0.391304347826 0.36348219333 0.433705080545
0.498091603053 0.0 0.521739130435 0.478801582815 0.573729863693
0.556870229008 0.0 0.630434782609 0.536461277558 0.581784386617
0.556870229008 0.0 0.630434782609 0.536461277558 0.581784386617
0.574809160305 0.0 0.521739130435 0.462408140192 0.491325898389
0.628625954198 0.5 0.608695652174 0.496890898813 0.664807930607
0.589694656489 0.0 0.652173913043 0.631995477671 0.743494423792
0.414885496183 0.0 0.478260869565 0.463538722442 0.495043370508
0.43893129771 0.0 0.478260869565 0.490107405314 0.543370508055
0.738167938931 0.0 0.739130434783 0.678349349915 0.746592317224
0.479389312977 0.0 0.5 0.413227812323 0.535935563817
0.164503816794 0.0 0.217391304348 0.142453363482 0.171003717472
0.449618320611 0.75 0.45652173913 0.383832673827 0.376703841388
0.273664122137 0.0 0.347826086957 0.327868852459 0.342627013631
0.501145038168 0.0 0.5 0.468061051441 0.490706319703
0.390076335878 0.0 0.391304347826 0.374788015828 0.362453531599
0.735114503817 0.0 0.695652173913 0.607122668174 0.804832713755
0.809160305344 0.0 0.739130434783 0.755228942906 0.86741016109
0.529007633588 0.75 0.478260869565 0.398530243075 0.451672862454
0.226335877863 0.75 0.282608695652 0.261164499717 0.306071871128
0.704961832061 0.0 0.695652173913 0.665347654042 0.771995043371
0.557633587786 0.0 0.586956521739 0.555115884681 0.64126394052
0.715648854962 0.5 0.630434782609 0.575466365178 0.517348203222
0.456870229008 0.5 0.478260869565 0.466930469192 0.527261462206
0.499618320611 0.0 0.478260869565 0.43697003957 0.493804213135
0.571374045802 0.0 0.630434782609 0.56076879593 0.640644361834
0.426335877863 0.75 0.5 0.462973431317 0.511152416357
0.560687022901 0.25 0.5 0.39796495195 0.499380421314
0.249618320611 0.0 0.326086956522 0.308083663086 0.291821561338
0.260687022901 0.0 0.326086956522 0.301865460712 0.291821561338
0.586641221374 0.0 0.565217391304 0.512719050311 0.56009913259
0.452671755725 0.0 0.586956521739 0.566986998304 0.64312267658
0.497709923664 0.0 0.565217391304 0.520067834935 0.670384138786
0.579007633588 0.0 0.652173913043 0.690220463539 0.742255266419
0.412595419847 0.25 0.45652173913 0.448275862069 0.520446096654
0.384732824427 0.0 0.434782608696 0.375918598078 0.474597273854
0.452671755725 0.0 0.586956521739 0.566986998304 0.64312267658
0.451526717557 0.25 0.5 0.447710570944 0.484510532838
0.823282442748 0.0 0.826086956522 0.674392312041 0.89405204461
0.718702290076 0.0 0.739130434783 0.645562464669 0.713135068154
0.580916030534 0.75 0.54347826087 0.488411531939 0.615861214374
0.456870229008 0.5 0.478260869565 0.466930469192 0.527261462206
0.65 0.0 0.739130434783 0.776710005653 0.866171003717
0.437404580153 0.0 0.54347826087 0.534765404183 0.621437422553
0.406106870229 0.0 0.5 0.449406444319 0.561338289963
0.657251908397 0.0 0.673913043478 0.592425098926 0.73667905824
0.351145038168 0.75 0.413043478261 0.393442622951 0.461586121437
0.45 0.0 0.45652173913 0.412097230073 0.39405204461
0.476717557252 0.5 0.521739130435 0.506500847937 0.544609665428
0.717175572519 0.5 0.608695652174 0.557942340305 0.71375464684
0.578625954198 0.0 0.586956521739 0.561334087055 0.658612143742
0.357633587786 0.0 0.413043478261 0.382136800452 0.455390334572
0.619083969466 0.25 0.652173913043 0.614471452798 0.679058240397
0.225572519084 0.25 0.304347826087 0.254381006218 0.299256505576
0.583969465649 0.0 0.565217391304 0.541548897682 0.669144981413
0.476335877863 0.75 0.54347826087 0.472018089316 0.610285006196
0.380916030534 0.0 0.391304347826 0.297908422838 0.350061957869
0.417175572519 0.0 0.478260869565 0.461842849067 0.485130111524
0.467175572519 0.0 0.521739130435 0.381571509327 0.42750929368
0.457633587786 0.0 0.478260869565 0.48388920294 0.585501858736
0.414885496183 0.0 0.391304347826 0.326172979084 0.314745972739
0.302671755725 0.0 0.369565217391 0.374788015828 0.380421313507
0.354580152672 0.0 0.391304347826 0.392312040701 0.336431226766
0.475190839695 0.0 0.45652173913 0.455624646693 0.410161090458
0.236641221374 0.0 0.282608695652 0.255511588468 0.306071871128
0.374427480916 0.0 0.434782608696 0.448841153194 0.437422552664
0.727480916031 0.25 0.782608695652 0.726964386659 0.852540272615
0.403053435115 0.0 0.413043478261 0.392312040701 0.412639405204
0.237022900763 0.75 0.260869565217 0.166760881854 0.22614622057
0.403816793893 0.0 0.413043478261 0.378745053703 0.449194547708
0.249618320611 0.0 0.326086956522 0.326172979084 0.32156133829
0.402290076336 0.0 0.521739130435 0.511023176936 0.626394052045
0.677099236641 0.25 0.586956521739 0.492933860938 0.586741016109
0.474427480916 0.75 0.608695652174 0.552854720181 0.711276332094
0.400381679389 0.0 0.369565217391 0.301300169587 0.292441140025
0.593129770992 0.0 0.630434782609 0.552854720181 0.535935563817
0.506106870229 0.0 0.54347826087 0.512153759186 0.574349442379
0.506106870229 0.0 0.54347826087 0.512153759186 0.574349442379
0.517557251908 0.0 0.565217391304 0.550028264556 0.600991325898
0.447328244275 0.25 0.54347826087 0.468061051441 0.500619578686
0.552671755725 0.0 0.630434782609 0.575466365178 0.674101610905
0.374427480916 0.0 0.478260869565 0.506500847937 0.500619578686
0.237022900763 0.75 0.260869565217 0.166760881854 0.22614622057
0.573664122137 0.0 0.54347826087 0.416619559073 0.519826517968
0.38358778626 0.0 0.413043478261 0.39796495195 0.366171003717
0.893893129771 0.0 0.869565217391 0.824759751272 1.0
0.468320610687 0.0 0.521739130435 0.537026568683 0.594175960347
0.451526717557 0.25 0.5 0.447710570944 0.484510532838
0.499618320611 0.75 0.478260869565 0.418315432448 0.457868649318
0.725954198473 0.75 0.673913043478 0.637083097795 0.669764560099
0.567557251908 0.75 0.54347826087 0.485019785189 0.610285006196
0.60572519084 0.75 0.630434782609 0.546071226682 0.610904584882
0.664503816794 0.0 0.652173913043 0.611644997174 0.713135068154
0.678625954198 0.0 0.652173913043 0.585076314302 0.662329615861
0.608778625954 0.0 0.586956521739 0.525720746184 0.623915737299
0.567938931298 0.5 0.478260869565 0.370265686829 0.440520446097
0.409923664122 0.0 0.434782608696 0.361786319955 0.46282527881
0.389312977099 0.25 0.478260869565 0.485585076314 0.493804213135
0.604961832061 0.0 0.630434782609 0.604296212549 0.700743494424
0.229770992366 0.75 0.260869565217 0.20293951385 0.253407682776
0.434351145038 0.0 0.5 0.525720746184 0.571251548947
0.452671755725 0.0 0.586956521739 0.566986998304 0.64312267658
0.642366412214 0.5 0.652173913043 0.538722442058 0.731102850062
0.608396946565 0.5 0.521739130435 0.467495760317 0.559479553903
0.351145038168 0.0 0.347826086957 0.330130016959 0.346964064436
0.550381679389 0.5 0.565217391304 0.550593555681 0.530359355638
0.432824427481 0.0 0.413043478261 0.36348219333 0.384758364312
0.26679389313 0.0 0.304347826087 0.272470322216 0.328376703841
0.441984732824 0.0 0.478260869565 0.461277557942 0.529739776952
0.724045801527 0.0 0.673913043478 0.612210288298 0.652416356877
0.659160305344 0.0 0.673913043478 0.63877897117 0.700123915737
0.223282442748 0.0 0.282608695652 0.292820802713 0.329615861214
0.499236641221 0.0 0.565217391304 0.493499152063 0.570012391574
0.292366412214 0.0 0.326086956522 0.241379310345 0.340768277571
0.818320610687 0.0 0.760869565217 0.767665347654 0.739776951673
0.658396946565 0.0 0.630434782609 0.553420011306 0.63258983891
0.324809160305 0.0 0.369565217391 0.346523459582 0.399008674102
0.396946564885 0.0 0.434782608696 0.386659129452 0.469021065675
0.803435114504 0.0 0.739130434783 0.698699830413 0.778190830235
0.446946564885 0.0 0.521739130435 0.461277557942 0.488228004957
0.657633587786 0.25 0.630434782609 0.531373657434 0.709417596035
0.766030534351 0.5 0.695652173913 0.606557377049 0.71375464684
0.511832061069 0.0 0.565217391304 0.604296212549 0.594175960347
0.557633587786 0.0 0.630434782609 0.63990955342 0.594795539033
1.0 0.0 1.0 1.0 0.996282527881
0.617557251908 0.0 0.608695652174 0.520067834935 0.651796778191
0.613740458015 0.5 0.586956521739 0.535330695308 0.621437422553
0.451526717557 0.25 0.5 0.447710570944 0.484510532838
0.58320610687 0.0 0.586956521739 0.533069530808 0.514869888476
0.752671755725 0.0 0.652173913043 0.601469756925 0.668525402726
0.364122137405 0.0 0.413043478261 0.35895986433 0.36741016109
0.595801526718 0.0 0.54347826087 0.47710570944 0.541511771995
0.715267175573 0.0 0.673913043478 0.576031656303 0.716232961586
0.218702290076 0.25 0.282608695652 0.24194460147 0.287484510533
0.292748091603 0.0 0.391304347826 0.327303561334 0.353779429988
0.33320610687 0.0 0.45652173913 0.396269078575 0.434944237918
0.303435114504 0.0 0.304347826087 0.222159412097 0.320941759603
0.200763358779 0.0 0.239130434783 0.165630299604 0.258983890954
0.649236641221 0.5 0.608695652174 0.546636517807 0.674721189591
0.459160305344 0.0 0.521739130435 0.55624646693 0.62019826518
0.269465648855 0.0 0.347826086957 0.328434143584 0.40644361834
0.702671755725 0.0 0.717391304348 0.630864895421 0.68897149938
0.606106870229 0.25 0.54347826087 0.446014697569 0.594175960347
0.559541984733 0.25 0.521739130435 0.501413227812 0.57249070632
0.400381679389 0.0 0.369565217391 0.249293386094 0.371127633209
0.485496183206 0.25 0.521739130435 0.485585076314 0.556381660471
0.268320610687 0.5 0.369565217391 0.343697003957 0.330855018587
0.543511450382 0.0 0.608695652174 0.526286037309 0.628252788104
0.464885496183 0.25 0.54347826087 0.468061051441 0.580545229244
0.477480916031 0.25 0.521739130435 0.484454494064 0.544609665428
0.581679389313 0.0 0.521739130435 0.526851328434 0.46468401487
0.537786259542 0.0 0.521739130435 0.548332391181 0.501858736059
0.30534351145 0.0 0.347826086957 0.267947993217 0.353159851301
0.580916030534 0.75 0.54347826087 0.488411531939 0.615861214374
0.529389312977 0.5 0.586956521739 0.510457885811 0.625774473358
0.364885496183 0.5 0.5 0.468061051441 0.573729863693
0.510305343511 0.0 0.478260869565 0.397399660825 0.358116480793
0.591221374046 0.0 0.630434782609 0.576596947428 0.63073110285
0.237022900763 0.75 0.260869565217 0.166760881854 0.22614622057
0.553816793893 0.5 0.673913043478 0.671565856416 0.717472118959
0.437404580153 0.0 0.521739130435 0.483323911815 0.530978934325
0.448473282443 0.0 0.45652173913 0.43697003957 0.458488228005
0.260687022901 0.0 0.326086956522 0.301865460712 0.291821561338
0.425954198473 0.0 0.54347826087 0.534200113058 0.656753407683
0.318702290076 0.0 0.347826086957 0.323911814585 0.331474597274
0.318702290076 0.0 0.347826086957 0.323911814585 0.331474597274
0.692366412214 1.0 0.608695652174 0.478801582815 0.674101610905
0.369847328244 0.0 0.45652173913 0.425098925947 0.464064436183
0.567557251908 0.0 0.54347826087 0.504239683437 0.542750929368
0.442748091603 0.0 0.521739130435 0.523459581685 0.577447335812
0.624427480916 0.0 0.652173913043 0.55850763143 0.709417596035
0.260687022901 0.0 0.326086956522 0.301865460712 0.291821561338
