0.12434509256 1.0 0.166666666667 0.0540540540541 0.0768041237113
0.97869367796 0.0 1.0 1.0 1.0
0.979042961928 0.0 1.0 0.943943943944 0.987113402062
0.122598672721 0.0 0.145833333333 0.0825825825826 0.0634020618557
0.914425427873 1.0 0.895833333333 0.702202202202 0.812886597938
1.0 0.0 0.958333333333 0.82032032032 0.937113402062
0.965071603213 0.0 1.0 0.918918918919 0.939175257732
0.885784142508 0.0 0.958333333333 0.845845845846 0.95
0.959832343695 0.0 0.9375 0.780780780781 0.971134020619
0.796716730702 1.0 0.916666666667 0.868868868869 0.917525773196
0.998952148096 0.0 0.979166666667 0.864364364364 0.937628865979
0.909535452323 1.0 0.958333333333 0.80980980981 0.865463917526
0.171498428222 1.0 0.1875 0.101601601602 0.127835051546
0.161019909186 0.0 0.229166666667 0.174674674675 0.190721649485
0.626266154384 0.0 0.791666666667 0.736736736737 0.762886597938
0.555012224939 0.0 0.75 0.679179179179 0.781443298969
0.876702759343 0.0 0.979166666667 0.9004004004 0.977319587629
0.772965420887 0.0 0.875 0.852352352352 0.819587628866
0.856095005239 0.0 0.916666666667 0.820820820821 0.861855670103
0.146000698568 0.0 0.208333333333 0.147147147147 0.169587628866
0.407963674467 1.0 0.395833333333 0.218718718719 0.25824742268
0.701711491443 1.0 0.708333333333 0.518018018018 0.59793814433
0.372685993713 0.0 0.541666666667 0.492492492492 0.542783505155
0.733845616486 0.0 0.854166666667 0.8003003003 0.870618556701
0.616835487251 1.0 0.645833333333 0.479479479479 0.65412371134
0.769123297241 1.0 0.833333333333 0.707207207207 0.852577319588
0.800209570381 1.0 0.875 0.773273273273 0.825257731959
0.537897310513 1.0 0.583333333333 0.472472472472 0.625257731959
0.93782745372 0.0 0.916666666667 0.784784784785 0.884536082474
0.665735242752 1.0 0.6875 0.492992992993 0.647422680412
0.15054139015 1.0 0.1875 0.0765765765766 0.115979381443
0.593782745372 0.0 0.770833333333 0.76976976977 0.789690721649
0.440097799511 0.0 0.625 0.633633633634 0.657731958763
0.803003842124 1.0 0.8125 0.61011011011 0.725257731959
0.570380719525 1.0 0.520833333333 0.347847847848 0.440721649485
0.657003143556 0.0 0.8125 0.802302302302 0.770618556701
0.894166957737 0.0 0.916666666667 0.765765765766 0.874226804124
0.182326231226 1.0 0.208333333333 0.119119119119 0.174742268041
0.182675515194 0.0 0.270833333333 0.210710710711 0.163402061856
0.788333915473 0.0 0.895833333333 0.825325325325 0.847422680412
0.194551170101 0.0 0.291666666667 0.242242242242 0.201030927835
0.681103737338 1.0 0.729166666667 0.565065065065 0.773711340206
0.830946559553 0.0 0.895833333333 0.87987987988 0.907731958763
0.708347886832 0.0 0.833333333333 0.804804804805 0.813917525773
0.792874607056 1.0 0.854166666667 0.702702702703 0.776288659794
0.464547677262 0.0 0.645833333333 0.588588588589 0.637113402062
0.759692630108 1.0 0.770833333333 0.583083083083 0.701030927835
0.26510653161 0.0 0.395833333333 0.357857857858 0.338659793814
0.865525672372 0.0 0.916666666667 0.78978978979 0.896391752577
0.814879497031 0.0 0.875 0.722722722723 0.885567010309
0.136919315403 0.0 0.1875 0.1001001001 0.125257731959
0.517638840377 0.0 0.708333333333 0.617117117117 0.677319587629
0.934683898009 0.0 0.979166666667 0.896896896897 0.974226804124
0.419140761439 0.0 0.604166666667 0.594094094094 0.65206185567
0.182675515194 1.0 0.229166666667 0.101101101101 0.104639175258
0.241355221795 1.0 0.25 0.158158158158 0.203092783505
0.873559203633 0.0 0.916666666667 0.826826826827 0.9
0.422982885086 1.0 0.416666666667 0.302302302302 0.375773195876
0.131330771918 0.0 0.1875 0.119119119119 0.134536082474
0.255675864478 1.0 0.270833333333 0.172172172172 0.213917525773
0.213761788334 0.0 0.333333333333 0.297297297297 0.249484536082
0.498078938177 0.0 0.6875 0.593593593594 0.628865979381
0.782745371987 1.0 0.791666666667 0.582082082082 0.720103092784
0.726510653161 1.0 0.75 0.583083083083 0.746391752577
0.562696472232 1.0 0.5625 0.39039039039 0.545360824742
0.191058330423 1.0 0.229166666667 0.130630630631 0.167525773196
0.415997205728 0.0 0.583333333333 0.570570570571 0.551546391753
0.206776108977 0.0 0.3125 0.31031031031 0.302577319588
0.337059028991 1.0 0.333333333333 0.186686686687 0.214948453608
0.319944114565 1.0 0.354166666667 0.224224224224 0.272680412371
0.384212364652 0.0 0.5625 0.518018018018 0.555154639175
0.575969263011 0.0 0.729166666667 0.667167167167 0.720618556701
0.345791128187 0.0 0.520833333333 0.503503503504 0.501546391753
0.579811386657 1.0 0.604166666667 0.424424424424 0.631443298969
0.550471533357 1.0 0.666666666667 0.549049049049 0.605670103093
0.230178134824 0.0 0.354166666667 0.315815815816 0.281443298969
0.173943415997 0.0 0.25 0.183683683684 0.20618556701
0.339504016766 0.0 0.5 0.457957957958 0.480927835052
0.287460705554 1.0 0.291666666667 0.216716716717 0.295360824742
0.486203283269 0.0 0.666666666667 0.569069069069 0.606701030928
0.313307719176 1.0 0.4375 0.343343343343 0.428865979381
0.395738735592 0.0 0.458333333333 0.385385385385 0.466494845361
0.531610199092 1.0 0.5 0.374874874875 0.458762886598
0.265455815578 0.0 0.416666666667 0.392892892893 0.372680412371
0.680405169403 0.0 0.75 0.604104104104 0.712886597938
0.647572476423 1.0 0.625 0.42042042042 0.523711340206
0.330073349633 1.0 0.3125 0.19019019019 0.270618556701
0.292350681104 0.0 0.4375 0.342842842843 0.416494845361
0.881592734893 0.0 0.9375 0.81981981982 0.909793814433
0.590639189661 1.0 0.541666666667 0.367367367367 0.44793814433
0.246245197345 0.0 0.375 0.328828828829 0.319587628866
0.391547327978 1.0 0.375 0.221221221221 0.313402061856
0.132029339853 0.0 0.1875 0.113113113113 0.142268041237
0.390150192106 1.0 0.458333333333 0.315815815816 0.398453608247
0.269297939225 1.0 0.3125 0.153653653654 0.2
0.752706950751 0.0 0.770833333333 0.598598598599 0.750515463918
0.602864128537 0.0 0.5625 0.499499499499 0.590721649485
0.300384212365 0.0 0.458333333333 0.446446446446 0.418041237113
0.674118057981 0.0 0.75 0.692692692693 0.858762886598
0.923856095005 0.0 0.979166666667 0.866366366366 0.971134020619
0.830247991617 0.0 0.833333333333 0.657657657658 0.80824742268
0.316101990919 0.0 0.479166666667 0.420920920921 0.45824742268
0.720922109675 0.0 0.770833333333 0.614614614615 0.735051546392
0.540342298289 1.0 0.479166666667 0.325325325325 0.459278350515
0.638141809291 0.0 0.791666666667 0.72972972973 0.89175257732
0.552567237164 0.0 0.5625 0.428928928929 0.480412371134
0.765630457562 0.0 0.791666666667 0.630630630631 0.751030927835
0.616136919315 1.0 0.708333333333 0.528528528529 0.589175257732
0.652113168006 1.0 0.75 0.645645645646 0.74175257732
0.689835836535 0.0 0.770833333333 0.699199199199 0.793298969072
0.328676213762 0.0 0.395833333333 0.281781781782 0.34381443299
0.473629060426 0.0 0.604166666667 0.556556556557 0.570618556701
0.789731051345 0.0 0.833333333333 0.66966966967 0.835051546392
0.80684596577 0.0 0.8125 0.638138138138 0.75618556701
0.157527069508 0.0 0.208333333333 0.127627627628 0.136082474227
0.638141809291 0.0 0.666666666667 0.536036036036 0.672164948454
0.847362906043 0.0 0.895833333333 0.74974974975 0.865463917526
0.521480964024 1.0 0.5 0.32032032032 0.355154639175
0.881243450926 1.0 0.895833333333 0.747247247247 0.840721649485
0.743625567586 0.0 0.833333333333 0.709209209209 0.768041237113
0.276982186518 1.0 0.354166666667 0.194694694695 0.270103092784
0.174991267901 1.0 0.25 0.118118118118 0.150515463918
0.431016416346 0.0 0.4375 0.290790790791 0.368041237113
0.230178134824 1.0 0.270833333333 0.131631631632 0.155670103093
0.739434159972 0.0 0.791666666667 0.655655655656 0.730412371134
0.842472930492 0.0 0.875 0.712212212212 0.822164948454
0.704505763185 0.0 0.770833333333 0.621621621622 0.700515463918
0.62032832693 0.0 0.729166666667 0.558058058058 0.638659793814
0.75934334614 0.0 0.854166666667 0.764264264264 0.812371134021
0.572476423332 0.0 0.583333333333 0.508508508509 0.617010309278
0.297589940622 0.0 0.291666666667 0.169169169169 0.235051546392
0.289556409361 0.0 0.416666666667 0.336336336336 0.362886597938
0.874257771568 0.0 0.916666666667 0.814814814815 0.977835051546
0.252183024799 0.0 0.3125 0.238238238238 0.251546391753
0.199441145651 1.0 0.25 0.201701701702 0.272164948454
0.348934683898 0.0 0.4375 0.318318318318 0.405670103093
0.362906042613 0.0 0.479166666667 0.403903903904 0.444845360825
0.713237862382 0.0 0.770833333333 0.636136136136 0.743298969072
0.805099545931 0.0 0.875 0.685685685686 0.798453608247
0.283967865875 0.0 0.3125 0.232232232232 0.311340206186
0.155082081732 0.0 0.208333333333 0.136136136136 0.117010309278
0.691931540342 0.0 0.791666666667 0.685685685686 0.804639175258
0.836185819071 1.0 0.895833333333 0.735735735736 0.816494845361
0.151589242054 1.0 0.208333333333 0.162662662663 0.174742268041
0.356968215159 0.0 0.375 0.267767767768 0.277319587629
0.296542088718 0.0 0.291666666667 0.137637637638 0.180412371134
0.488997555012 1.0 0.583333333333 0.44994994995 0.582989690722
0.508906741181 0.0 0.5625 0.464964964965 0.55618556701
0.534055186867 0.0 0.645833333333 0.534034034034 0.562886597938
0.283269297939 0.0 0.3125 0.212712712713 0.222680412371
0.600069856794 0.0 0.6875 0.593093093093 0.695360824742
0.694725812085 0.0 0.729166666667 0.538538538539 0.688144329897
0.800558854349 0.0 0.854166666667 0.754254254254 0.824742268041
0.591337757597 0.0 0.6875 0.576576576577 0.631443298969
0.722668529514 0.0 0.833333333333 0.733233233233 0.786597938144
0.224589591338 1.0 0.25 0.186186186186 0.257731958763
0.471533356619 1.0 0.520833333333 0.363363363363 0.398969072165
0.512748864827 0.0 0.541666666667 0.416416416416 0.485051546392
0.582954942368 0.0 0.729166666667 0.664664664665 0.761340206186
0.244498777506 0.0 0.333333333333 0.247747747748 0.24175257732
0.669926650367 0.0 0.75 0.672672672673 0.755670103093
0.54662940971 1.0 0.645833333333 0.524524524525 0.680412371134
0.236115962277 0.0 0.3125 0.257257257257 0.215463917526
0.205728257073 0.0 0.270833333333 0.190690690691 0.180412371134
0.185819070905 1.0 0.25 0.180680680681 0.222680412371
0.777855396437 0.0 0.854166666667 0.81981981982 0.912371134021
0.562347188264 1.0 0.604166666667 0.436936936937 0.505670103093
0.684596577017 0.0 0.6875 0.543543543544 0.628350515464
0.247642333217 0.0 0.291666666667 0.197197197197 0.188659793814
0.654558155781 0.0 0.729166666667 0.632632632633 0.667525773196
0.143904994761 1.0 0.1875 0.119119119119 0.14587628866
0.511701012924 0.0 0.5 0.341341341341 0.385567010309
0.253929444638 0.0 0.291666666667 0.206206206206 0.209278350515
0.501222493888 0.0 0.5625 0.441941941942 0.530927835052
0.253580160671 0.0 0.3125 0.272772772773 0.335051546392
0.673419490045 0.0 0.75 0.648648648649 0.686597938144
0.643730352777 0.0 0.666666666667 0.527527527528 0.65412371134
0.777156828502 0.0 0.833333333333 0.71971971972 0.840721649485
0.526021655606 0.0 0.520833333333 0.382382382382 0.45206185567
0.376877401327 0.0 0.458333333333 0.367867867868 0.382474226804
0.29793922459 0.0 0.395833333333 0.273773773774 0.306701030928
0.786238211666 0.0 0.854166666667 0.716216216216 0.694329896907
0.446384910933 0.0 0.479166666667 0.32032032032 0.392783505155
0.310513447433 1.0 0.4375 0.325325325325 0.420103092784
0.300733496333 0.0 0.4375 0.326326326326 0.423711340206
0.216206776109 0.0 0.333333333333 0.28978978979 0.291237113402
0.366748166259 0.0 0.458333333333 0.343343343343 0.369587628866
0.361508906741 1.0 0.479166666667 0.376876876877 0.429896907216
0.577017114914 0.0 0.625 0.506006006006 0.60206185567
0.538945162417 0.0 0.625 0.587587587588 0.662371134021
0.449877750611 1.0 0.541666666667 0.448948948949 0.519587628866
0.415298637793 1.0 0.479166666667 0.346846846847 0.305154639175
0.733496332518 0.0 0.791666666667 0.65965965966 0.764948453608
0.304575619979 0.0 0.375 0.31031031031 0.349484536082
0.350331819769 0.0 0.458333333333 0.373373373373 0.455670103093
0.324834090115 0.0 0.458333333333 0.381381381381 0.45
0.387006636395 0.0 0.520833333333 0.498498498498 0.54793814433
0.380020957038 0.0 0.375 0.254254254254 0.275773195876
0.44359063919 0.0 0.458333333333 0.357357357357 0.462886597938
0.409011526371 0.0 0.520833333333 0.444444444444 0.490721649485
