0.51560818084 0.0 0.621621621622 0.479797979798 0.589923469388
0.638858988159 0.0 0.72972972973 0.603174603175 0.697704081633
0.750807319699 0.0 0.810810810811 0.797258297258 0.891581632653
0.70398277718 0.0 0.72972972973 0.634920634921 0.762117346939
0.606027987083 0.0 0.648648648649 0.496392496392 0.628826530612
0.878363832078 0.0 0.918918918919 0.819624819625 0.895408163265
0.481700753498 0.0 0.567567567568 0.494227994228 0.59056122449
0.657158234661 0.0 0.675675675676 0.575757575758 0.701530612245
0.679224973089 0.0 0.756756756757 0.739538239538 0.798469387755
0.727125941873 0.0 0.756756756757 0.651515151515 0.749362244898
0.568353067815 0.0 0.675675675676 0.665945165945 0.711734693878
0.533369214209 0.0 0.621621621622 0.55266955267 0.627551020408
0.915500538213 0.0 1.0 1.0 1.0
0.728202368138 0.0 0.783783783784 0.768398268398 0.832270408163
0.736813778256 0.0 0.756756756757 0.634199134199 0.737244897959
0.624327233584 0.0 0.675675675676 0.617604617605 0.707270408163
0.577502691066 0.0 0.675675675676 0.589466089466 0.644770408163
0.672228202368 0.0 0.756756756757 0.67316017316 0.723214285714
0.641011840689 0.0 0.72972972973 0.67316017316 0.721301020408
0.720667384284 0.0 0.756756756757 0.622655122655 0.711096938776
0.736275565124 0.0 0.783783783784 0.707792207792 0.77806122449
0.807319698601 0.0 0.891891891892 0.856421356421 0.873086734694
0.652852529602 0.0 0.72972972973 0.710678210678 0.762117346939
0.60548977395 0.0 0.702702702703 0.642135642136 0.685586734694
0.688912809473 0.0 0.756756756757 0.686868686869 0.742346938776
0.692142088267 0.0 0.783783783784 0.813131313131 0.83737244898
0.531216361679 0.0 0.594594594595 0.52380952381 0.612244897959
0.735737351991 0.0 0.837837837838 0.764069264069 0.776147959184
0.855220667384 0.0 0.810810810811 0.673881673882 0.807397959184
0.814854682454 0.0 0.783783783784 0.677489177489 0.803571428571
0.689451022605 0.0 0.756756756757 0.713564213564 0.764668367347
0.571582346609 0.0 0.621621621622 0.529581529582 0.621173469388
0.652314316469 0.0 0.675675675676 0.575036075036 0.675382653061
0.755113024758 0.0 0.783783783784 0.779942279942 0.847576530612
0.866523143165 0.0 0.837837837838 0.704184704185 0.814413265306
0.652314316469 0.0 0.756756756757 0.704906204906 0.721301020408
0.477933261572 0.0 0.540540540541 0.499278499278 0.588010204082
1.0 0.0 0.945945945946 0.898268398268 0.999362244898
0.725511302476 0.0 0.72972972973 0.559163059163 0.665178571429
0.657158234661 0.0 0.702702702703 0.62987012987 0.702168367347
0.601722282024 0.0 0.675675675676 0.692640692641 0.741071428571
0.750269106566 0.0 0.810810810811 0.696248196248 0.738520408163
0.908503767492 0.0 0.864864864865 0.782828282828 0.892219387755
0.800861141012 0.0 0.864864864865 0.850649350649 0.87181122449
0.769644779333 0.0 0.810810810811 0.747474747475 0.799744897959
0.667922497309 0.0 0.702702702703 0.694083694084 0.765306122449
0.637782561895 0.0 0.675675675676 0.591630591631 0.670918367347
0.681916038751 0.0 0.783783783784 0.730158730159 0.737244897959
0.955866523143 0.0 0.891891891892 0.751082251082 0.871173469388
0.710441334769 0.0 0.783783783784 0.733044733045 0.761479591837
0.741657696448 0.0 0.837837837838 0.797258297258 0.796556122449
0.814316469322 0.0 0.837837837838 0.670274170274 0.734056122449
0.694294940797 0.0 0.783783783784 0.784271284271 0.795280612245
0.729817007535 0.0 0.783783783784 0.67316017316 0.719387755102
0.737351991389 0.0 0.837837837838 0.759018759019 0.75637755102
0.534983853606 0.0 0.621621621622 0.503607503608 0.555484693878
0.704520990312 0.0 0.72972972973 0.635642135642 0.711096938776
0.70182992465 0.0 0.756756756757 0.800865800866 0.838010204082
0.841227125942 0.0 0.810810810811 0.738095238095 0.838647959184
0.687298170075 0.0 0.756756756757 0.674603174603 0.709183673469
0.538751345533 0.0 0.621621621622 0.520923520924 0.572066326531
0.550053821313 0.0 0.621621621622 0.530303030303 0.589285714286
0.70398277718 0.0 0.783783783784 0.769841269841 0.785076530612
0.664155005382 0.0 0.702702702703 0.676046176046 0.739158163265
0.987082884822 0.0 0.945945945946 0.883838383838 0.964285714286
0.51345532831 0.0 0.621621621622 0.526695526696 0.556760204082
0.742734122713 0.0 0.783783783784 0.766233766234 0.811224489796
0.820236813778 0.0 0.783783783784 0.691919191919 0.801658163265
0.829924650161 0.0 0.783783783784 0.597402597403 0.721301020408
0.48439181916 0.0 0.594594594595 0.558441558442 0.58737244898
0.75780409042 0.0 0.837837837838 0.828282828283 0.831632653061
0.93272335845 0.0 0.864864864865 0.744588744589 0.864158163265
0.712594187298 0.0 0.756756756757 0.735209235209 0.781887755102
0.615715823466 0.0 0.648648648649 0.556277056277 0.637117346939
0.875672766416 0.0 0.918918918919 0.857864357864 0.876275510204
0.776641550054 0.0 0.810810810811 0.743867243867 0.790178571429
0.701291711518 0.0 0.756756756757 0.69696969697 0.736607142857
0.398815931109 0.0 0.459459459459 0.344155844156 0.440051020408
0.58288482239 0.0 0.621621621622 0.463924963925 0.548469387755
0.729817007535 0.0 0.756756756757 0.681096681097 0.742984693878
0.689451022605 0.0 0.756756756757 0.68253968254 0.71237244898
0.466092572659 0.0 0.513513513514 0.470418470418 0.55931122449
0.696986006459 0.0 0.72972972973 0.686147186147 0.744897959184
0.449407965554 0.0 0.486486486486 0.38455988456 0.490433673469
0.763724434876 0.0 0.783783783784 0.678932178932 0.739795918367
0.702368137783 0.0 0.72972972973 0.663780663781 0.726403061224
0.635629709365 0.0 0.702702702703 0.635642135642 0.672831632653
0.651776103337 0.0 0.702702702703 0.702741702742 0.747448979592
0.609257265877 0.0 0.675675675676 0.647186147186 0.686862244898
0.653928955867 0.0 0.72972972973 0.69696969697 0.719387755102
0.789020452099 0.0 0.810810810811 0.722943722944 0.77487244898
0.456942949408 0.0 0.567567567568 0.554834054834 0.578443877551
0.702368137783 0.0 0.72972972973 0.649350649351 0.710459183673
0.681916038751 0.0 0.72972972973 0.603174603175 0.651785714286
0.480086114101 0.0 0.567567567568 0.454545454545 0.502551020408
0.714747039828 0.0 0.72972972973 0.660894660895 0.729591836735
0.885898815931 0.0 0.864864864865 0.746753246753 0.820790816327
0.534445640474 0.0 0.540540540541 0.39898989899 0.515306122449
0.458557588805 0.0 0.513513513514 0.419913419913 0.5
0.791173304629 0.0 0.810810810811 0.709235209235 0.760204081633
0.577502691066 0.0 0.648648648649 0.637085137085 0.672831632653
0.659849300323 0.0 0.72972972973 0.647186147186 0.672831632653
0.594725511302 0.0 0.675675675676 0.588023088023 0.615433673469
0.752960172228 0.0 0.837837837838 0.74025974026 0.734056122449
0.54251883746 0.0 0.621621621622 0.632756132756 0.663903061224
0.764262648009 0.0 0.810810810811 0.736652236652 0.761479591837
0.803013993541 0.0 0.837837837838 0.815295815296 0.839923469388
0.6345532831 0.0 0.675675675676 0.560606060606 0.617984693878
0.849300322928 0.0 0.810810810811 0.634920634921 0.731505102041
0.818622174381 0.0 0.810810810811 0.810966810967 0.871173469388
0.558665231432 0.0 0.648648648649 0.635642135642 0.652423469388
0.665231431647 0.0 0.702702702703 0.663059163059 0.711734693878
0.686221743811 0.0 0.702702702703 0.624098124098 0.691326530612
0.581270182992 0.0 0.648648648649 0.585858585859 0.623086734694
0.716899892357 0.0 0.72972972973 0.61038961039 0.677933673469
0.593649085038 0.0 0.648648648649 0.578643578644 0.625637755102
0.832077502691 0.0 0.864864864865 0.828282828283 0.848214285714
0.802475780409 0.0 0.864864864865 0.768398268398 0.769770408163
0.764800861141 0.0 0.783783783784 0.764790764791 0.80931122449
0.643164693219 0.0 0.702702702703 0.648629148629 0.679846938776
0.602260495156 0.0 0.675675675676 0.607503607504 0.633928571429
0.696447793326 0.0 0.756756756757 0.724386724387 0.742346938776
0.601184068891 0.0 0.621621621622 0.583694083694 0.658163265306
0.718514531755 0.0 0.756756756757 0.758297258297 0.790178571429
0.663078579117 0.0 0.72972972973 0.704906204906 0.72193877551
0.72874058127 0.0 0.810810810811 0.808080808081 0.795280612245
0.678148546825 0.0 0.702702702703 0.708513708514 0.759566326531
0.78256189451 0.0 0.783783783784 0.681096681097 0.742346938776
0.786329386437 0.0 0.783783783784 0.721500721501 0.782525510204
0.638320775027 0.0 0.702702702703 0.730158730159 0.748724489796
0.898277717976 0.0 0.864864864865 0.779942279942 0.850765306122
0.549515608181 0.0 0.621621621622 0.588744588745 0.621173469388
0.595801937567 0.0 0.648648648649 0.542568542569 0.589923469388
0.476856835307 0.0 0.540540540541 0.484126984127 0.540178571429
0.657696447793 0.0 0.702702702703 0.689754689755 0.725765306122
0.611410118407 0.0 0.675675675676 0.636363636364 0.664540816327
0.503229278794 0.0 0.567567567568 0.479797979798 0.531887755102
0.776641550054 0.0 0.783783783784 0.678932178932 0.734693877551
0.50215285253 0.0 0.594594594595 0.518037518038 0.542091836735
0.500538213132 0.0 0.567567567568 0.424242424242 0.477678571429
0.459095801938 0.0 0.540540540541 0.554112554113 0.589923469388
0.702906350915 0.0 0.810810810811 0.823232323232 0.786989795918
0.701291711518 0.0 0.783783783784 0.73088023088 0.723852040816
0.835306781485 0.0 0.837837837838 0.794372294372 0.83737244898
0.504305705059 0.0 0.540540540541 0.495670995671 0.569515306122
0.722820236814 0.0 0.756756756757 0.647907647908 0.686862244898
0.803013993541 0.0 0.810810810811 0.759018759019 0.803571428571
0.866523143165 0.0 0.864864864865 0.7886002886 0.831632653061
0.529601722282 0.0 0.594594594595 0.617604617605 0.653698979592
0.70398277718 0.0 0.72972972973 0.6443001443 0.692602040816
0.735199138859 0.0 0.810810810811 0.782828282828 0.772959183673
0.824004305705 0.0 0.837837837838 0.737373737374 0.77487244898
0.713670613563 0.0 0.783783783784 0.675324675325 0.680484693878
0.454790096878 0.0 0.540540540541 0.502164502165 0.536352040816
0.937567276642 0.0 0.891891891892 0.704906204906 0.783801020408
0.536598493003 0.0 0.594594594595 0.577922077922 0.621173469388
0.767491926803 0.0 0.783783783784 0.725108225108 0.767219387755
0.564585575888 0.0 0.621621621622 0.568542568543 0.609693877551
0.806781485468 0.0 0.837837837838 0.743867243867 0.766581632653
0.804628632939 0.0 0.810810810811 0.746753246753 0.791454081633
0.490850376749 0.0 0.567567567568 0.528138528139 0.563137755102
0.47308934338 0.0 0.567567567568 0.47619047619 0.501275510204
0.624327233584 0.0 0.702702702703 0.707070707071 0.711734693878
0.595801937567 0.0 0.675675675676 0.632756132756 0.644770408163
0.743272335845 0.0 0.783783783784 0.707792207792 0.731505102041
0.624865446717 0.0 0.675675675676 0.616161616162 0.651147959184
0.507534983854 0.0 0.594594594595 0.58658008658 0.605229591837
0.623789020452 0.0 0.72972972973 0.706349206349 0.685586734694
0.568353067815 0.0 0.648648648649 0.666666666667 0.677933673469
0.617868675996 0.0 0.648648648649 0.51443001443 0.574617346939
0.708826695371 0.0 0.756756756757 0.735209235209 0.75318877551
0.79817007535 0.0 0.837837837838 0.79797979798 0.808035714286
0.594725511302 0.0 0.648648648649 0.641414141414 0.674107142857
0.546286329386 0.0 0.621621621622 0.60101010101 0.623086734694
0.811087190527 0.0 0.837837837838 0.698412698413 0.72512755102
0.803013993541 0.0 0.891891891892 0.860028860029 0.820790816327
0.731431646932 0.0 0.702702702703 0.59595959596 0.688137755102
0.761571582347 0.0 0.783783783784 0.720057720058 0.754464285714
0.583961248654 0.0 0.648648648649 0.623376623377 0.647959183673
0.59418729817 0.0 0.72972972973 0.748917748918 0.700255102041
0.698062432723 0.0 0.72972972973 0.619769119769 0.660076530612
0.478471474704 0.0 0.567567567568 0.55772005772 0.577168367347
0.996770721206 0.0 0.972972972973 0.854978354978 0.891581632653
0.671151776103 0.0 0.72972972973 0.609668109668 0.629464285714
0.741119483315 0.0 0.783783783784 0.671717171717 0.692602040816
0.585575888052 0.0 0.621621621622 0.556277056277 0.609693877551
0.765877287406 0.0 0.837837837838 0.765512265512 0.750637755102
0.604951560818 0.0 0.72972972973 0.691919191919 0.654336734694
0.736275565124 0.0 0.783783783784 0.709956709957 0.723852040816
0.601722282024 0.0 0.648648648649 0.544733044733 0.586734693878
0.822389666308 0.0 0.810810810811 0.686868686869 0.744260204082
0.695371367061 0.0 0.72972972973 0.696248196248 0.727040816327
0.608719052745 0.0 0.675675675676 0.671717171717 0.685586734694
0.671689989236 0.0 0.675675675676 0.621933621934 0.6875
0.636167922497 0.0 0.675675675676 0.563492063492 0.605867346939
0.700215285253 0.0 0.756756756757 0.733766233766 0.741071428571
0.724973089343 0.0 0.783783783784 0.720779220779 0.723852040816
0.577502691066 0.0 0.702702702703 0.673881673882 0.638392857143
0.610871905274 0.0 0.702702702703 0.663059163059 0.653698979592
0.713132400431 0.0 0.810810810811 0.744588744589 0.711734693878
