0.227430555556 0.0 0.264705882353 0.157142857143 0.0895161290323
0.262152777778 0.0 0.352941176471 0.328571428571 0.208064516129
0.863425925926 0.0 0.941176470588 0.914285714286 0.91935483871
0.666087962963 0.0 0.794117647059 0.771428571429 0.864516129032
0.677083333333 0.0 0.794117647059 0.71954887218 0.753225806452
0.615740740741 0.0 0.735294117647 0.660902255639 0.74435483871
0.483796296296 0.0 0.411764705882 0.267669172932 0.296774193548
0.407407407407 0.0 0.352941176471 0.231578947368 0.240322580645
0.568287037037 0.0 0.735294117647 0.675939849624 0.76935483871
0.595486111111 0.0 0.764705882353 0.740601503759 0.843548387097
0.300347222222 0.0 0.382352941176 0.328571428571 0.208064516129
1.0 0.0 0.852941176471 0.728571428571 0.849193548387
0.229166666667 0.0 0.264705882353 0.199248120301 0.159677419355
0.342592592593 0.0 0.382352941176 0.328571428571 0.220161290323
0.774884259259 0.0 0.735294117647 0.558646616541 0.617741935484
0.774884259259 0.0 0.735294117647 0.558646616541 0.617741935484
0.772569444444 0.0 0.911764705882 0.925563909774 0.916935483871
0.902199074074 0.0 1.0 1.0 1.0
0.60474537037 0.0 0.558823529412 0.406015037594 0.385483870968
0.508101851852 0.0 0.5 0.31954887218 0.437903225806
0.263888888889 0.0 0.352941176471 0.370676691729 0.278225806452
0.263888888889 0.0 0.352941176471 0.370676691729 0.278225806452
0.512152777778 0.0 0.529411764706 0.35037593985 0.471774193548
0.667824074074 0.0 0.735294117647 0.557894736842 0.779032258065
0.343171296296 0.0 0.441176470588 0.376691729323 0.406451612903
0.537037037037 0.0 0.705882352941 0.703007518797 0.802419354839
0.189236111111 0.0 0.235294117647 0.157142857143 0.0895161290323
0.189236111111 0.0 0.235294117647 0.157142857143 0.0895161290323
0.929398148148 0.0 0.882352941176 0.781203007519 0.881451612903
0.322916666667 0.0 0.382352941176 0.26992481203 0.362096774194
0.509837962963 0.0 0.676470588235 0.638345864662 0.728225806452
0.747106481481 0.0 0.705882352941 0.598496240602 0.741129032258
0.800925925926 0.0 0.764705882353 0.505263157895 0.781451612903
0.295717592593 0.0 0.352941176471 0.205263157895 0.287903225806
0.40625 0.0 0.441176470588 0.351127819549 0.224193548387
0.25462962963 0.0 0.294117647059 0.221804511278 0.163709677419
0.549768518519 0.0 0.558823529412 0.487218045113 0.561290322581
0.509259259259 0.0 0.647058823529 0.593984962406 0.758064516129
0.436921296296 0.0 0.558823529412 0.466917293233 0.609677419355
0.27025462963 0.0 0.323529411765 0.205263157895 0.287903225806
0.596064814815 0.0 0.705882352941 0.671428571429 0.554838709677
0.596064814815 0.0 0.705882352941 0.671428571429 0.554838709677
0.354166666667 0.0 0.411764705882 0.242857142857 0.329032258065
0.381365740741 0.0 0.470588235294 0.376691729323 0.406451612903
0.320601851852 0.0 0.411764705882 0.366165413534 0.249193548387
0.42650462963 0.0 0.470588235294 0.388721804511 0.265322580645
0.545717592593 0.0 0.588235294118 0.518045112782 0.642741935484
0.773726851852 0.0 0.735294117647 0.515037593985 0.760483870968
0.263888888889 0.0 0.352941176471 0.370676691729 0.278225806452
0.430555555556 0.0 0.588235294118 0.632330827068 0.6
0.355902777778 0.0 0.470588235294 0.418796992481 0.411290322581
0.58912037037 0.0 0.529411764706 0.493984962406 0.481451612903
0.603009259259 0.0 0.529411764706 0.315789473684 0.495161290323
0.603009259259 0.0 0.529411764706 0.315789473684 0.495161290323
0.289351851852 0.0 0.382352941176 0.393233082707 0.282258064516
0.434606481481 0.0 0.382352941176 0.296240601504 0.314516129032
0.333912037037 0.0 0.382352941176 0.205263157895 0.287903225806
0.295717592593 0.0 0.352941176471 0.205263157895 0.287903225806
0.681712962963 0.0 0.794117647059 0.773684210526 0.670161290323
0.596064814815 0.0 0.705882352941 0.671428571429 0.554838709677
0.643518518519 0.0 0.529411764706 0.343609022556 0.509677419355
0.681712962963 0.0 0.558823529412 0.343609022556 0.509677419355
0.633680555556 0.0 0.529411764706 0.296992481203 0.295967741935
0.358796296296 0.0 0.352941176471 0.17969924812 0.10564516129
0.420717592593 0.0 0.441176470588 0.351879699248 0.383064516129
0.471643518519 0.0 0.470588235294 0.387969924812 0.439516129032
0.902199074074 0.0 0.911764705882 0.824060150376 0.771774193548
0.902199074074 0.0 0.911764705882 0.824060150376 0.771774193548
0.487268518519 0.0 0.558823529412 0.441353383459 0.427419354839
0.241898148148 0.0 0.294117647059 0.221804511278 0.163709677419
0.747106481481 0.0 0.735294117647 0.566917293233 0.659677419355
0.72337962963 0.0 0.735294117647 0.595488721805 0.677419354839
0.467013888889 0.0 0.617647058824 0.59022556391 0.529838709677
0.886574074074 0.0 0.823529411765 0.823308270677 0.942741935484
0.606481481481 0.0 0.764705882353 0.675939849624 0.76935483871
0.572916666667 0.0 0.617647058824 0.501503759398 0.537903225806
0.634259259259 0.0 0.705882352941 0.602255639098 0.551612903226
0.623263888889 0.0 0.735294117647 0.736090225564 0.629032258065
0.568287037037 0.0 0.470588235294 0.294736842105 0.281451612903
0.214699074074 0.0 0.264705882353 0.157142857143 0.0895161290323
