0.941977077364 0.777777777778 0.911764705882 0.842967244701 0.853448275862
0.598137535817 0.277777777778 0.617647058824 0.540462427746 0.485109717868
0.744985673352 0.388888888889 0.735294117647 0.727360308285 0.603448275862
0.69770773639 0.222222222222 0.647058823529 0.657032755299 0.539184952978
0.926217765043 0.777777777778 0.823529411765 0.608863198459 0.791536050157
0.804441260745 0.666666666667 0.794117647059 0.691714836224 0.764106583072
0.995702005731 0.555555555556 1.0 1.0 1.0
0.680515759312 0.388888888889 0.617647058824 0.538535645472 0.443573667712
0.555157593123 0.444444444444 0.529411764706 0.392100192678 0.384012539185
0.695558739255 0.722222222222 0.647058823529 0.520231213873 0.521159874608
0.798710601719 0.333333333333 0.705882352941 0.598265895954 0.630877742947
0.756446991404 0.277777777778 0.676470588235 0.675337186898 0.514890282132
0.805157593123 0.388888888889 0.794117647059 0.775529865125 0.748432601881
0.589541547278 0.333333333333 0.558823529412 0.492292870906 0.497648902821
0.704154727794 0.833333333333 0.647058823529 0.469171483622 0.576018808777
0.628223495702 0.555555555556 0.647058823529 0.568400770713 0.510971786834
0.844555873926 0.666666666667 0.764705882353 0.711946050096 0.595611285266
0.80659025788 0.5 0.794117647059 0.854527938343 0.743730407524
0.573065902579 0.444444444444 0.588235294118 0.462427745665 0.448275862069
0.555157593123 0.444444444444 0.529411764706 0.392100192678 0.384012539185
0.828796561605 0.388888888889 0.882352941176 0.869942196532 0.861285266458
0.775787965616 0.0 0.705882352941 0.683044315992 0.744514106583
0.689111747851 0.0 0.617647058824 0.559730250482 0.539968652038
0.724212034384 0.0 0.647058823529 0.585741811175 0.570532915361
0.715616045845 0.222222222222 0.705882352941 0.727360308285 0.603448275862
0.928366762178 0.833333333333 0.882352941176 0.866088631985 0.768808777429
0.598137535817 0.222222222222 0.676470588235 0.649325626204 0.573667711599
0.728510028653 0.166666666667 0.676470588235 0.650289017341 0.604231974922
0.735673352436 0.388888888889 0.676470588235 0.610789980732 0.511755485893
0.666905444126 0.111111111111 0.588235294118 0.399807321773 0.424764890282
0.869627507163 0.222222222222 0.794117647059 0.710019267823 0.751567398119
0.713467048711 0.0555555555556 0.647058823529 0.612716763006 0.525078369906
0.807306590258 0.0555555555556 0.794117647059 0.784200385356 0.730407523511
0.798710601719 0.333333333333 0.705882352941 0.598265895954 0.630877742947
0.854584527221 0.111111111111 0.735294117647 0.748554913295 0.57210031348
0.713467048711 0.0555555555556 0.647058823529 0.612716763006 0.525078369906
0.780085959885 0.666666666667 0.676470588235 0.568400770713 0.581504702194
0.873925501433 0.0555555555556 0.794117647059 0.763005780347 0.80329153605
0.990687679083 0.611111111111 0.941176470588 0.920038535645 0.840909090909
0.842406876791 0.722222222222 0.823529411765 0.768786127168 0.83855799373
0.873925501433 0.333333333333 0.794117647059 0.623314065511 0.681818181818
0.844555873926 0.166666666667 0.764705882353 0.623314065511 0.681818181818
0.756446991404 0.277777777778 0.676470588235 0.675337186898 0.514890282132
0.671919770774 0.111111111111 0.558823529412 0.398843930636 0.363636363636
0.822349570201 0.333333333333 0.794117647059 0.69267822736 0.743730407524
0.822349570201 0.333333333333 0.794117647059 0.69267822736 0.743730407524
0.753581661891 0.333333333333 0.676470588235 0.760115606936 0.630877742947
0.800859598854 0.5 0.764705882353 0.830443159923 0.695141065831
0.718481375358 0.333333333333 0.705882352941 0.589595375723 0.594827586207
0.863180515759 0.333333333333 0.735294117647 0.571290944123 0.672413793103
0.964899713467 0.444444444444 0.941176470588 0.981695568401 0.915360501567
0.941260744986 0.611111111111 0.882352941176 0.885356454721 0.820532915361
0.637535816619 0.277777777778 0.617647058824 0.482658959538 0.416927899687
0.588108882521 0.111111111111 0.529411764706 0.458574181118 0.368338557994
0.798710601719 0.333333333333 0.705882352941 0.598265895954 0.630877742947
0.896131805158 0.833333333333 0.794117647059 0.64161849711 0.697492163009
0.887535816619 0.611111111111 0.852941176471 0.679190751445 0.800940438871
0.850286532951 0.0555555555556 0.794117647059 0.647398843931 0.730407523511
0.752148997135 0.888888888889 0.676470588235 0.493256262042 0.542319749216
0.580945558739 0.333333333333 0.5 0.387283236994 0.26724137931
0.791547277937 0.277777777778 0.705882352941 0.701348747592 0.545454545455
0.809455587393 0.277777777778 0.764705882353 0.771676300578 0.609717868339
0.555157593123 0.444444444444 0.529411764706 0.392100192678 0.384012539185
0.578796561605 0.444444444444 0.617647058824 0.486512524085 0.496865203762
0.640401146132 0.0 0.558823529412 0.474951830443 0.445141065831
0.825214899713 0.833333333333 0.735294117647 0.651252408478 0.69670846395
0.828796561605 0.388888888889 0.882352941176 0.869942196532 0.861285266458
0.818767908309 0.222222222222 0.764705882353 0.71387283237 0.666144200627
0.853151862464 0.166666666667 0.794117647059 0.736994219653 0.772727272727
0.656876790831 0.944444444444 0.647058823529 0.594412331407 0.574451410658
0.67335243553 0.111111111111 0.588235294118 0.414258188825 0.452978056426
0.777220630372 0.333333333333 0.764705882353 0.854527938343 0.743730407524
0.686962750716 0.5 0.647058823529 0.513487475915 0.421630094044
0.754297994269 0.0555555555556 0.705882352941 0.687861271676 0.635579937304
0.809455587393 0.166666666667 0.735294117647 0.597302504817 0.651253918495
0.848137535817 0.222222222222 0.823529411765 0.691714836224 0.764106583072
0.679083094556 0.0 0.735294117647 0.726396917148 0.694357366771
0.853151862464 0.722222222222 0.823529411765 0.760115606936 0.690438871473
0.555157593123 0.444444444444 0.529411764706 0.392100192678 0.384012539185
0.664756446991 0.277777777778 0.617647058824 0.516377649326 0.380094043887
0.724928366762 1.0 0.617647058824 0.466281310212 0.471786833856
0.775787965616 0.166666666667 0.705882352941 0.71098265896 0.684952978056
0.473495702006 0.333333333333 0.5 0.368978805395 0.364420062696
0.479226361032 0.555555555556 0.441176470588 0.274566473988 0.251567398119
0.585959885387 0.555555555556 0.5 0.400770712909 0.364420062696
0.585959885387 0.555555555556 0.5 0.400770712909 0.364420062696
0.92335243553 0.222222222222 0.882352941176 0.787090558767 0.851880877743
0.92335243553 0.222222222222 0.882352941176 0.787090558767 0.851880877743
0.964899713467 0.444444444444 0.941176470588 0.981695568401 0.915360501567
0.89899713467 0.944444444444 0.823529411765 0.676300578035 0.711598746082
0.694126074499 0.5 0.647058823529 0.516377649326 0.380094043887
0.567335243553 0.111111111111 0.529411764706 0.396917148362 0.313479623824
0.745702005731 0.111111111111 0.705882352941 0.627167630058 0.55329153605
0.775071633238 0.277777777778 0.735294117647 0.627167630058 0.55329153605
0.715616045845 0.222222222222 0.705882352941 0.727360308285 0.603448275862
0.734957020057 0.555555555556 0.647058823529 0.50289017341 0.524294670846
0.741404011461 0.555555555556 0.676470588235 0.529865125241 0.563479623824
0.69770773639 0.222222222222 0.617647058824 0.529865125241 0.563479623824
0.573065902579 1.0 0.529411764706 0.299614643545 0.360501567398
0.772206303725 0.0555555555556 0.764705882353 0.758188824663 0.699843260188
0.694842406877 0.166666666667 0.647058823529 0.659922928709 0.605015673981
0.578796561605 0.166666666667 0.588235294118 0.456647398844 0.386363636364
0.724928366762 1.0 0.617647058824 0.466281310212 0.471786833856
0.72994269341 0.166666666667 0.705882352941 0.73795761079 0.503918495298
0.750716332378 0.333333333333 0.764705882353 0.671483622351 0.670846394984
0.712750716332 0.555555555556 0.617647058824 0.445086705202 0.46394984326
0.686962750716 0.5 0.647058823529 0.513487475915 0.421630094044
0.657593123209 0.333333333333 0.617647058824 0.513487475915 0.421630094044
0.619627507163 0.555555555556 0.529411764706 0.368978805395 0.302507836991
0.680515759312 0.0555555555556 0.647058823529 0.563583815029 0.57131661442
0.669054441261 0.944444444444 0.647058823529 0.518304431599 0.55407523511
0.771489971347 0.333333333333 0.735294117647 0.830443159923 0.695141065831
0.652578796562 0.277777777778 0.588235294118 0.484585741811 0.398902821317
0.672636103152 0.277777777778 0.647058823529 0.508670520231 0.447492163009
0.632521489971 0.0555555555556 0.647058823529 0.516377649326 0.619905956113
0.694126074499 0.166666666667 0.676470588235 0.578034682081 0.748432601881
0.77435530086 0.0555555555556 0.764705882353 0.711946050096 0.684169278997
0.554441260745 0.333333333333 0.529411764706 0.466281310212 0.467084639498
0.760028653295 0.777777777778 0.735294117647 0.742774566474 0.667711598746
0.844555873926 0.666666666667 0.764705882353 0.711946050096 0.595611285266
0.589541547278 0.333333333333 0.558823529412 0.492292870906 0.497648902821
0.613180515759 0.333333333333 0.647058823529 0.586705202312 0.610501567398
0.671203438395 0.0 0.558823529412 0.489402697495 0.475705329154
0.719914040115 0.111111111111 0.676470588235 0.676300578035 0.559561128527
0.777220630372 0.333333333333 0.823529411765 0.710019267823 0.738244514107
0.658309455587 0.388888888889 0.676470588235 0.684971098266 0.561128526646
0.898280802292 0.777777777778 0.882352941176 0.821772639692 0.807210031348
0.738538681948 0.333333333333 0.647058823529 0.49710982659 0.431818181818
0.835243553009 0.166666666667 0.794117647059 0.800578034682 0.728056426332
0.712750716332 0.333333333333 0.705882352941 0.605009633911 0.596394984326
0.72564469914 0.111111111111 0.676470588235 0.577071290944 0.59012539185
0.792979942693 1.0 0.764705882353 0.682080924855 0.688087774295
0.578796561605 0.444444444444 0.617647058824 0.486512524085 0.496865203762
0.659742120344 0.166666666667 0.647058823529 0.557803468208 0.64263322884
0.664756446991 0.277777777778 0.617647058824 0.516377649326 0.380094043887
0.810171919771 0.166666666667 0.794117647059 0.873795761079 0.735109717868
0.689111747851 0.0 0.617647058824 0.559730250482 0.539968652038
0.674068767908 0.222222222222 0.617647058824 0.474951830443 0.48275862069
0.661891117479 0.277777777778 0.617647058824 0.630057803468 0.431818181818
0.722779369628 0.222222222222 0.764705882353 0.808285163776 0.720219435737
0.756446991404 0.277777777778 0.676470588235 0.675337186898 0.514890282132
0.756446991404 0.277777777778 0.676470588235 0.675337186898 0.514890282132
0.799426934097 0.722222222222 0.823529411765 0.719653179191 0.716300940439
0.585959885387 0.555555555556 0.5 0.400770712909 0.364420062696
0.760028653295 0.777777777778 0.735294117647 0.742774566474 0.667711598746
0.619627507163 0.555555555556 0.529411764706 0.368978805395 0.302507836991
0.791547277937 0.111111111111 0.823529411765 0.816955684008 0.800940438871
0.713467048711 0.0555555555556 0.647058823529 0.612716763006 0.525078369906
0.883954154728 0.277777777778 0.764705882353 0.748554913295 0.57210031348
0.854584527221 0.111111111111 0.735294117647 0.748554913295 0.57210031348
0.856017191977 0.888888888889 0.823529411765 0.709055876686 0.776645768025
0.640401146132 0.0 0.558823529412 0.474951830443 0.445141065831
0.92335243553 0.222222222222 0.882352941176 0.787090558767 0.851880877743
0.602435530086 0.333333333333 0.588235294118 0.615606936416 0.42868338558
0.75 0.277777777778 0.735294117647 0.731213872832 0.655956112853
0.684097421203 0.0555555555556 0.676470588235 0.633911368015 0.635579937304
0.736389684814 0.333333333333 0.764705882353 0.659922928709 0.659090909091
0.779369627507 0.611111111111 0.735294117647 0.678227360308 0.710815047022
0.651146131805 0.833333333333 0.588235294118 0.45472061657 0.48197492163
0.754297994269 0.0555555555556 0.705882352941 0.687861271676 0.635579937304
0.78223495702 0.444444444444 0.735294117647 0.579961464355 0.64263322884
0.704154727794 0.277777777778 0.617647058824 0.585741811175 0.452978056426
0.828796561605 0.388888888889 0.882352941176 0.869942196532 0.861285266458
0.828796561605 0.388888888889 0.882352941176 0.869942196532 0.861285266458
0.848853868195 0.555555555556 0.735294117647 0.515414258189 0.602664576803
0.820916905444 0.444444444444 0.735294117647 0.701348747592 0.545454545455
0.848853868195 0.777777777778 0.764705882353 0.664739884393 0.771943573668
0.72994269341 0.388888888889 0.764705882353 0.657032755299 0.649686520376
1.0 0.777777777778 0.941176470588 0.868015414258 0.845611285266
0.718481375358 0.333333333333 0.705882352941 0.589595375723 0.594827586207
0.712750716332 0.333333333333 0.705882352941 0.605009633911 0.596394984326
0.694842406877 0.333333333333 0.647058823529 0.534682080925 0.532131661442
0.856017191977 0.888888888889 0.823529411765 0.709055876686 0.776645768025
0.898280802292 0.777777777778 0.882352941176 0.821772639692 0.807210031348
0.754297994269 0.0555555555556 0.705882352941 0.687861271676 0.635579937304
0.598137535817 0.222222222222 0.676470588235 0.649325626204 0.573667711599
0.854584527221 0.111111111111 0.735294117647 0.748554913295 0.57210031348
0.883954154728 0.277777777778 0.764705882353 0.748554913295 0.57210031348
0.835959885387 0.777777777778 0.705882352941 0.57225433526 0.611285266458
0.893982808023 0.0555555555556 0.852941176471 0.787090558767 0.851880877743
0.625358166189 0.166666666667 0.558823529412 0.541425818882 0.465517241379
0.580945558739 0.333333333333 0.5 0.387283236994 0.26724137931
0.797994269341 0.555555555556 0.764705882353 0.686897880539 0.667711598746
0.777220630372 0.333333333333 0.823529411765 0.710019267823 0.738244514107
0.868194842407 0.222222222222 0.794117647059 0.736994219653 0.772727272727
0.818051575931 0.5 0.735294117647 0.78612716763 0.66144200627
0.661891117479 0.555555555556 0.617647058824 0.509633911368 0.507836990596
0.661891117479 0.555555555556 0.617647058824 0.509633911368 0.507836990596
0.554441260745 0.333333333333 0.529411764706 0.466281310212 0.467084639498
0.574498567335 0.333333333333 0.588235294118 0.490366088632 0.515673981191
0.554441260745 0.333333333333 0.529411764706 0.466281310212 0.467084639498
0.809455587393 0.166666666667 0.735294117647 0.597302504817 0.651253918495
0.818051575931 0.5 0.735294117647 0.78612716763 0.66144200627
0.545128939828 0.333333333333 0.529411764706 0.397880539499 0.40987460815
0.650429799427 0.333333333333 0.647058823529 0.657996146435 0.544670846395
0.68553008596 0.333333333333 0.676470588235 0.684007707129 0.575235109718
0.790830945559 0.611111111111 0.823529411765 0.799614643545 0.728840125392
0.748567335244 0.833333333333 0.676470588235 0.654142581888 0.613636363636
0.728510028653 0.388888888889 0.705882352941 0.71387283237 0.60736677116
0.734240687679 0.222222222222 0.705882352941 0.739884393064 0.637931034483
