1.0 1.0 1.0 1.0 1.0
0.3284628872 0.0 0.3 0.107452339688 0.103658536585
0.938632378726 0.5 0.925 0.859618717504 0.913956639566
0.966686148451 0.0 0.925 0.785095320624 0.925474254743
0.604909409702 1.0 0.65 0.647313691508 0.636856368564
0.486265341905 0.75 0.55 0.493067590988 0.426829268293
0.877849210988 0.75 0.85 0.764298093588 0.842140921409
0.378725891292 0.5 0.425 0.435875216638 0.340108401084
0.924605493863 0.25 0.875 0.814558058925 0.841463414634
0.362361192285 0.25 0.4 0.313691507799 0.257452574526
0.354178842782 0.0 0.325 0.153379549393 0.165311653117
0.774985388662 1.0 0.85 0.909012131716 0.837398373984
0.942723553477 0.0 0.925 0.8856152513 0.934959349593
0.344827586207 0.0 0.35 0.282495667244 0.222222222222
0.852133255406 0.25 0.9 0.818024263432 0.960027100271
0.886616014027 0.0 0.875 0.896013864818 0.878048780488
0.361776738749 0.0 0.325 0.201906412478 0.213414634146
0.868497954413 0.75 0.875 0.811091854419 0.834688346883
0.801870251315 0.5 0.8 0.750433275563 0.840108401084
0.936879018118 0.0 0.9 0.840554592721 0.981707317073
0.821157218001 0.5 0.75 0.592720970537 0.731707317073
0.350672121566 0.0 0.325 0.257365684575 0.182926829268
0.398597311514 0.25 0.375 0.266031195841 0.226964769648
0.516072472238 0.0 0.6 0.6143847487 0.575203252033
0.915838690824 0.0 0.875 0.833622183709 0.874661246612
0.512565751023 0.5 0.475 0.30849220104 0.423441734417
0.585622443016 0.0 0.675 0.689774696707 0.718157181572
0.729398012858 0.0 0.8 0.780762564991 0.743224932249
0.847457627119 0.0 0.9 0.881282495667 0.868563685637
0.376972530684 0.0 0.35 0.246100519931 0.205962059621
0.419053185272 0.0 0.5 0.410745233969 0.393631436314
0.450613676213 0.0 0.525 0.421143847487 0.441056910569
0.813559322034 0.0 0.85 0.776429809359 0.758807588076
0.569842197545 0.0 0.5 0.262564991334 0.318428184282
0.619520748101 0.0 0.7 0.700173310225 0.698509485095
0.787843366452 0.0 0.825 0.82582322357 0.849593495935
0.629456458212 0.75 0.7 0.724436741768 0.734417344173
0.683810637054 0.0 0.75 0.875216637782 0.802845528455
0.499707773232 0.5 0.525 0.38301559792 0.430216802168
0.379894798364 0.0 0.425 0.34575389948 0.302845528455
0.807714786674 0.0 0.875 0.853552859619 0.845528455285
0.508474576271 0.0 0.625 0.534662045061 0.566395663957
0.697837521917 0.25 0.675 0.585788561525 0.715447154472
0.394506136762 0.0 0.475 0.403812824957 0.432249322493
0.585622443016 0.75 0.625 0.624783362218 0.588753387534
0.666861484512 0.5 0.725 0.716637781629 0.793360433604
0.459964932788 0.0 0.55 0.538128249567 0.423441734417
0.483343074226 0.0 0.575 0.514731369151 0.537262872629
0.607831677382 0.5 0.6 0.516464471404 0.636856368564
0.366452367037 0.0 0.4 0.272963604853 0.289972899729
0.765049678551 1.0 0.825 0.849220103986 0.826558265583
0.421975452951 0.5 0.425 0.369150779896 0.350948509485
0.573933372297 0.0 0.65 0.441941074523 0.431571815718
0.437755698422 0.0 0.375 0.169844020797 0.211382113821
0.708357685564 1.0 0.775 0.835355285962 0.771002710027
0.45821157218 0.5 0.45 0.279029462738 0.323170731707
0.634716540035 0.0 0.725 0.660311958406 0.738482384824
0.351841028638 0.0 0.375 0.306759098787 0.281165311653
0.707188778492 0.0 0.775 0.729636048527 0.755420054201
0.407948568089 0.0 0.45 0.36308492201 0.278455284553
0.524254821742 0.75 0.575 0.507798960139 0.455284552846
0.405026300409 0.25 0.4 0.259965337955 0.279132791328
0.382817066043 0.0 0.375 0.181975736568 0.201219512195
0.545879602572 0.25 0.6 0.55719237435 0.602303523035
0.408533021625 0.0 0.425 0.301559792028 0.239159891599
0.429573348919 0.0 0.5 0.370017331023 0.392953929539
0.843950905903 0.25 0.875 0.860485268631 0.966802168022
0.805961426067 0.5 0.85 0.871750433276 0.904471544715
0.554646405611 0.0 0.575 0.472270363951 0.59756097561
0.416715371128 0.0 0.4 0.20883882149 0.255420054201
0.794856808884 0.0 0.8 0.871750433276 0.883468834688
0.748684979544 0.0 0.675 0.598786828423 0.724932249322
0.859146697838 0.25 0.825 0.694974003466 0.825880758808
0.504967855056 0.0 0.525 0.34835355286 0.381436314363
0.367036820573 0.25 0.375 0.227036395147 0.165989159892
0.389830508475 0.0 0.375 0.304159445407 0.35298102981
0.842197545295 0.0 0.825 0.672443674177 0.790650406504
0.56049094097 0.0 0.6 0.467071057192 0.5027100271
0.5821157218 0.0 0.6 0.447140381282 0.611111111111
0.611922852133 0.0 0.625 0.417677642981 0.551490514905
0.496201052016 0.0 0.475 0.363951473137 0.410569105691
0.39918176505 0.0 0.375 0.214904679376 0.256775067751
0.371127995324 0.0 0.375 0.249566724437 0.193766937669
0.756282875511 0.0 0.75 0.680242634315 0.737127371274
0.405610753945 0.0 0.4 0.295493934142 0.29945799458
0.82992402104 0.25 0.8 0.580589254766 0.811653116531
0.657510227937 0.0 0.7 0.509532062392 0.669376693767
0.697253068381 0.0 0.675 0.487868284229 0.619918699187
0.790765634132 0.0 0.8 0.741767764298 0.783875338753
0.461718293396 0.0 0.475 0.340554592721 0.348238482385
0.350672121566 0.0 0.35 0.19410745234 0.174119241192
0.745178258328 0.25 0.8 0.794627383016 0.85298102981
0.79544126242 0.0 0.825 0.803292894281 0.918021680217
0.761542957335 0.0 0.775 0.660311958406 0.765582655827
0.534190531853 0.0 0.525 0.331022530329 0.404471544715
0.692577440094 0.5 0.775 0.906412478336 0.79945799458
0.779661016949 0.0 0.8 0.71143847487 0.772357723577
0.419637638808 0.0 0.375 0.230502599653 0.268292682927
0.415546464056 0.0 0.425 0.277296360485 0.272357723577
0.616014026885 0.0 0.575 0.287694974003 0.449864498645
0.780829924021 0.25 0.775 0.665511265165 0.815040650407
0.76797194623 0.25 0.775 0.789428076256 0.828590785908
0.493278784337 0.0 0.475 0.240901213172 0.326558265583
0.608416130918 0.0 0.65 0.571923743501 0.630758807588
0.445353594389 0.0 0.45 0.316291161179 0.363821138211
0.715955581531 0.25 0.725 0.668110918544 0.747967479675
0.663354763296 0.0 0.65 0.606585788562 0.705962059621
0.686732904734 0.0 0.65 0.479202772964 0.60433604336
0.538281706604 0.0 0.55 0.384748700173 0.447154471545
0.57919345412 0.0 0.65 0.487001733102 0.514227642276
0.597311513735 0.0 0.625 0.522530329289 0.624661246612
0.467562828755 0.0 0.475 0.453206239168 0.462737127371
0.737580362361 0.25 0.8 0.888214904679 0.871273712737
0.58796025716 0.0 0.6 0.429809358752 0.585365853659
0.643483343074 0.0 0.65 0.565857885615 0.685636856369
0.815897136178 0.5 0.85 0.82842287695 0.880081300813
0.921098772648 0.0 0.825 0.796360485269 0.906504065041
0.881940385739 0.0 0.85 0.787694974003 0.807588075881
0.456458211572 0.0 0.425 0.253899480069 0.331300813008
0.531268264173 0.75 0.625 0.633448873484 0.581300813008
0.703097603741 0.75 0.775 0.86568457539 0.755420054201
0.423728813559 0.25 0.425 0.318890814558 0.409214092141
0.72764465225 0.25 0.725 0.566724436742 0.780487804878
0.593220338983 0.0 0.625 0.438474870017 0.400406504065
0.87609585038 0.0 0.875 0.815424610052 0.865853658537
0.77381648159 0.0 0.8 0.807625649913 0.79674796748
0.691992986558 0.25 0.75 0.609185441941 0.678861788618
0.443600233781 0.0 0.4 0.186308492201 0.270325203252
0.603156049094 0.0 0.675 0.675909878683 0.695799457995
0.392168322618 0.25 0.425 0.322357019064 0.308943089431
0.722969023963 0.5 0.75 0.635181975737 0.762195121951
0.856808883694 0.25 0.85 0.73136915078 0.787940379404
0.777323202805 0.75 0.825 0.837088388215 0.859078590786
0.469316189363 0.0 0.425 0.24870017331 0.174796747967
0.679135008767 0.0 0.6 0.389081455806 0.559620596206
0.720046756283 0.0 0.725 0.57972270364 0.670731707317
0.4178842782 0.0 0.45 0.32582322357 0.283875338753
0.640561075395 0.5 0.65 0.641247833622 0.659891598916
0.452367036821 0.0 0.425 0.256499133449 0.262872628726
0.675043834015 0.0 0.65 0.500866551127 0.64972899729
0.489772063121 0.25 0.475 0.2712305026 0.238482384824
0.568088836937 0.25 0.625 0.63431542461 0.630758807588
0.483343074226 0.0 0.5 0.475736568458 0.482384823848
0.823495032145 0.25 0.75 0.59705372617 0.739159891599
0.741671537113 0.0 0.75 0.684575389948 0.7527100271
0.441262419638 0.0 0.425 0.340554592721 0.293360433604
0.4552893045 0.0 0.525 0.505199306759 0.472899728997
0.676212741087 0.0 0.7 0.656845753899 0.689701897019
0.404441846873 0.25 0.45 0.354419410745 0.311653116531
0.613676212741 0.0 0.55 0.351819757366 0.509485094851
0.521332554062 0.0 0.525 0.357019064125 0.459349593496
0.850379894798 0.0 0.875 0.857885615251 0.862466124661
0.798363530099 0.25 0.775 0.678509532062 0.832655826558
0.573348918761 0.25 0.7 0.746100519931 0.709349593496
0.732904734074 0.0 0.775 0.700173310225 0.772357723577
0.655756867329 0.25 0.675 0.545060658579 0.59756097561
0.505552308591 0.0 0.55 0.522530329289 0.54674796748
0.478082992402 0.0 0.5 0.359618717504 0.372628726287
0.624196376388 0.0 0.625 0.388214904679 0.537940379404
0.669199298656 0.0 0.65 0.395147313692 0.561653116531
0.639976621859 0.0 0.6 0.513864818024 0.646341463415
0.645821157218 0.0 0.65 0.552859618718 0.607723577236
0.711279953244 0.5 0.75 0.720103986135 0.80216802168
0.651081239041 0.25 0.65 0.527729636049 0.540650406504
0.54178842782 0.0 0.55 0.357885615251 0.439701897019
0.741671537113 0.25 0.775 0.84835355286 0.80487804878
0.64699006429 0.0 0.65 0.503466204506 0.527100271003
0.492694330801 0.0 0.45 0.309358752166 0.369241192412
0.528930450029 0.0 0.5 0.396880415945 0.491869918699
0.372296902396 0.25 0.375 0.269497400347 0.203929539295
0.627703097604 0.0 0.675 0.602253032929 0.644308943089
0.500876680304 0.0 0.5 0.403812824957 0.435636856369
0.643483343074 0.0 0.575 0.373483535529 0.493902439024
0.597311513735 0.0 0.675 0.657712305026 0.676829268293
0.485680888369 0.0 0.525 0.463604852686 0.468157181572
0.653419053185 0.5 0.7 0.736568457539 0.789295392954
0.502045587376 0.5 0.55 0.550259965338 0.566395663957
0.438340151958 0.0 0.4 0.337088388215 0.310975609756
0.478667445938 0.0 0.475 0.272963604853 0.364498644986
0.852717708942 0.25 0.85 0.766031195841 0.817750677507
0.699590882525 0.0 0.75 0.638648180243 0.640921409214
0.47399181765 0.0 0.55 0.581455805893 0.480352303523
0.700175336061 0.0 0.675 0.458405545927 0.563685636856
0.64114552893 0.0 0.65 0.627383015598 0.65379403794
0.571595558153 0.0 0.6 0.437608318891 0.519647696477
0.81122150789 0.0 0.825 0.7712305026 0.794715447154
0.923436586791 0.5 0.875 0.798093587522 0.84891598916
0.534190531853 0.0 0.575 0.397746967071 0.49864498645
0.573348918761 0.0 0.6 0.531195840555 0.571815718157
0.523670368206 0.0 0.525 0.449740034662 0.464092140921
0.713617767387 0.75 0.775 0.770363951473 0.883468834688
0.449444769141 0.25 0.425 0.25129982669 0.323848238482
0.719462302747 0.0 0.725 0.611785095321 0.653116531165
0.808883693746 0.0 0.8 0.624783362218 0.776422764228
0.489772063121 0.25 0.525 0.499133448873 0.5
0.493863237873 0.25 0.55 0.483535528596 0.50135501355
0.632378725891 0.25 0.55 0.38301559792 0.518292682927
0.47691408533 0.0 0.5 0.46013864818 0.45325203252
0.527177089421 0.25 0.475 0.356152512998 0.478997289973
0.530099357101 0.0 0.575 0.431542461005 0.548780487805
