0.567567567568 0.0 0.588235294118 0.394182547643 0.454010301692
0.693000693001 0.0 0.705882352941 0.595787362086 0.657836644592
0.742896742897 0.0 0.764705882353 0.63590772317 0.683590875644
0.585585585586 0.0 0.588235294118 0.401203610832 0.459896983076
0.709632709633 0.0 0.764705882353 0.65295887663 0.649006622517
0.663894663895 0.0 0.705882352941 0.593781344032 0.602649006623
0.899514899515 0.0 0.941176470588 1.0 1.0
0.731115731116 0.0 0.823529411765 0.820461384152 0.771891096394
0.662508662509 0.0 0.705882352941 0.612838515547 0.614422369389
0.676368676369 0.5 0.705882352941 0.551654964895 0.655629139073
0.794178794179 0.0 0.794117647059 0.71815446339 0.75570272259
0.647955647956 0.0 0.647058823529 0.504513540622 0.547461368653
0.837837837838 0.0 0.852941176471 0.819458375125 0.836644591611
0.761607761608 0.0 0.764705882353 0.716148445336 0.746872700515
0.728343728344 0.0 0.764705882353 0.65295887663 0.649742457689
0.656964656965 0.0 0.647058823529 0.521564694082 0.566593083149
0.760914760915 0.5 0.794117647059 0.767301905717 0.852097130243
0.658350658351 0.0 0.705882352941 0.574724172518 0.554819720383
0.747747747748 0.0 0.794117647059 0.759277833501 0.737306843267
0.716562716563 0.0 0.735294117647 0.708124373119 0.714495952907
0.775467775468 0.0 0.823529411765 0.836509528586 0.807947019868
0.817047817048 0.0 0.882352941176 0.926780341023 0.879323031641
0.61884961885 0.0 0.617647058824 0.492477432297 0.518027961737
0.69507969508 0.0 0.735294117647 0.609829488465 0.588668138337
0.622314622315 0.0 0.705882352941 0.657973921765 0.596026490066
0.611226611227 0.5 0.676470588235 0.59779338014 0.644591611479
0.669438669439 0.5 0.705882352941 0.605817452357 0.679175864606
0.722106722107 0.0 0.735294117647 0.634904714142 0.637969094923
0.7227997228 0.0 0.764705882353 0.736208625878 0.710080941869
0.52875952876 0.0 0.588235294118 0.469408224674 0.432671081678
0.715176715177 0.5 0.705882352941 0.544633901705 0.66004415011
0.783783783784 0.5 0.735294117647 0.546639919759 0.693156732892
0.744975744976 0.5 0.705882352941 0.572718154463 0.710816777042
0.580041580042 0.5 0.617647058824 0.432296890672 0.498160412068
0.830907830908 0.0 0.852941176471 0.780341023069 0.761589403974
0.557172557173 0.5 0.588235294118 0.394182547643 0.465783664459
0.670131670132 0.0 0.705882352941 0.680040120361 0.651949963208
0.923076923077 0.5 0.882352941176 0.685055165496 0.813833701251
0.747747747748 0.0 0.764705882353 0.693079237713 0.679175864606
0.661122661123 0.0 0.705882352941 0.678034102307 0.639440765269
0.80595980596 0.0 0.823529411765 0.764292878636 0.747608535688
0.74358974359 0.0 0.764705882353 0.699097291876 0.678440029433
0.86832986833 0.0 0.823529411765 0.693079237713 0.733627667403
0.599445599446 0.5 0.676470588235 0.607823470411 0.626931567329
0.696465696466 0.5 0.705882352941 0.594784353059 0.67770419426
0.701316701317 0.0 0.705882352941 0.627883650953 0.623988226637
0.693693693694 0.0 0.735294117647 0.708124373119 0.666666666667
0.615384615385 0.5 0.676470588235 0.614844533601 0.647534952171
0.768537768538 0.0 0.764705882353 0.671013039117 0.671081677704
0.766458766459 0.0 0.882352941176 0.904714142427 0.785136129507
0.738045738046 0.0 0.764705882353 0.669007021063 0.638704930096
0.726957726958 0.0 0.735294117647 0.735205616851 0.723325974982
0.714483714484 0.0 0.676470588235 0.559679037111 0.592347314202
0.645876645877 0.5 0.647058823529 0.476429287864 0.562178072112
0.87525987526 0.5 0.882352941176 0.685055165496 0.75570272259
0.665280665281 0.0 0.676470588235 0.549648946841 0.531272994849
0.777546777547 0.0 0.764705882353 0.640922768305 0.64238410596
0.702702702703 0.0 0.735294117647 0.654964894684 0.612950699043
0.733194733195 0.0 0.735294117647 0.703109327984 0.689477557027
0.609147609148 0.0 0.647058823529 0.546639919759 0.501103752759
0.61884961885 0.0 0.647058823529 0.59779338014 0.561442236939
0.747747747748 0.0 0.676470588235 0.606820461384 0.665194996321
0.654885654886 0.0 0.647058823529 0.559679037111 0.557763061074
0.735966735967 0.5 0.764705882353 0.56369107322 0.612950699043
0.69507969508 0.5 0.676470588235 0.46038114343 0.557763061074
0.543312543313 0.0 0.588235294118 0.53259779338 0.479764532745
0.746361746362 1.0 0.764705882353 0.480441323972 0.628403237675
0.636867636868 0.0 0.647058823529 0.537612838516 0.515820456218
0.884268884269 0.0 0.794117647059 0.731193580742 0.800588668138
0.638253638254 0.0 0.647058823529 0.553660982949 0.532744665195
0.644490644491 0.0 0.676470588235 0.614844533601 0.570272259014
0.84753984754 0.5 0.852941176471 0.648946840522 0.714495952907
0.63270963271 0.0 0.647058823529 0.599799398195 0.573215599706
0.689535689536 0.0 0.735294117647 0.661985957874 0.60191317145
0.767151767152 0.0 0.764705882353 0.71815446339 0.703458425313
0.644490644491 0.0 0.647058823529 0.550651955868 0.533480500368
0.638946638947 0.5 0.676470588235 0.526579739218 0.565121412804
0.751212751213 0.0 0.705882352941 0.589769307924 0.615158204562
0.686070686071 0.0 0.735294117647 0.721163490471 0.654157468727
0.821205821206 0.0 0.823529411765 0.816449348044 0.79102281089
1.0 0.5 0.970588235294 0.806419257773 0.896983075791
0.686070686071 0.0 0.676470588235 0.60481444333 0.596026490066
0.790020790021 0.0 0.764705882353 0.667001003009 0.669610007358
0.726957726958 0.5 0.705882352941 0.623871614845 0.715231788079
0.627165627166 0.5 0.647058823529 0.53259779338 0.586460632818
0.643104643105 0.5 0.647058823529 0.526579739218 0.595290654893
0.68814968815 0.0 0.705882352941 0.699097291876 0.660779985283
0.622314622315 0.0 0.617647058824 0.455366098295 0.441501103753
0.848925848926 0.5 0.911764705882 0.902708124373 0.903605592347
0.737352737353 0.0 0.735294117647 0.639919759278 0.618837380427
0.612612612613 0.5 0.676470588235 0.595787362086 0.604120676968
0.836451836452 0.0 0.852941176471 0.822467402207 0.779249448124
0.665280665281 0.0 0.647058823529 0.559679037111 0.557027225901
0.659736659737 0.5 0.705882352941 0.599799398195 0.623252391464
0.679833679834 0.0 0.676470588235 0.574724172518 0.555555555556
0.710325710326 0.0 0.676470588235 0.577733199599 0.586460632818
0.94455994456 0.5 0.911764705882 0.775325977934 0.865342163355
0.837144837145 0.0 0.823529411765 0.764292878636 0.747608535688
0.762993762994 0.0 0.794117647059 0.845536609829 0.786607799853
0.716562716563 0.0 0.705882352941 0.613841524574 0.596762325239
0.598752598753 0.0 0.558823529412 0.409227683049 0.425312729948
0.647955647956 0.5 0.647058823529 0.464393179539 0.530537159676
0.623700623701 0.0 0.617647058824 0.454363089268 0.435614422369
0.669438669439 0.0 0.676470588235 0.676028084253 0.64238410596
0.751905751906 0.0 0.705882352941 0.596790371113 0.612950699043
0.600138600139 0.0 0.558823529412 0.439317953862 0.456217807211
0.620235620236 0.5 0.617647058824 0.462387161484 0.530537159676
0.735966735967 0.0 0.676470588235 0.557673019057 0.587196467991
0.767844767845 0.0 0.764705882353 0.657973921765 0.629874908021
0.7227997228 0.0 0.794117647059 0.801404212638 0.699779249448
0.745668745669 0.0 0.794117647059 0.772316950853 0.691685062546
0.643104643105 0.0 0.647058823529 0.500501504514 0.467991169978
0.738045738046 0.5 0.764705882353 0.662988966901 0.694628403238
0.721413721414 0.0 0.764705882353 0.761283851555 0.685798381163
0.723492723493 0.5 0.735294117647 0.640922768305 0.687270051508
0.582120582121 0.0 0.558823529412 0.451354062187 0.446651949963
0.732501732502 0.0 0.735294117647 0.675025075226 0.637969094923
0.580734580735 0.0 0.558823529412 0.407221664995 0.400294334069
0.595980595981 0.5 0.588235294118 0.405215646941 0.473877851361
0.645183645184 0.0 0.676470588235 0.650952858576 0.587196467991
0.706860706861 0.0 0.705882352941 0.641925777332 0.607799852833
0.615384615385 0.0 0.617647058824 0.496489468405 0.462104488595
0.566181566182 0.0 0.588235294118 0.48445336008 0.431935246505
0.711018711019 1.0 0.764705882353 0.640922768305 0.73289183223
0.76437976438 0.5 0.735294117647 0.557673019057 0.639440765269
0.643104643105 0.0 0.676470588235 0.653961885657 0.586460632818
0.599445599446 0.5 0.705882352941 0.662988966901 0.613686534216
0.641718641719 0.5 0.705882352941 0.640922768305 0.632082413539
0.821898821899 0.5 0.823529411765 0.729187562688 0.776306107432
0.712404712405 0.0 0.705882352941 0.632898696088 0.601177336277
0.69507969508 0.0 0.764705882353 0.745235707121 0.637969094923
0.593208593209 0.5 0.558823529412 0.413239719157 0.504047093451
0.608454608455 0.5 0.617647058824 0.496489468405 0.543046357616
0.866250866251 0.0 0.911764705882 0.971915747242 0.882266372333
0.693000693001 0.5 0.676470588235 0.541624874624 0.609271523179
0.762300762301 0.0 0.764705882353 0.745235707121 0.700515084621
0.623007623008 0.0 0.617647058824 0.553660982949 0.521707137601
0.61884961885 0.0 0.617647058824 0.538615847543 0.502575423105
0.702702702703 0.5 0.735294117647 0.672016048144 0.689477557027
0.783090783091 0.5 0.764705882353 0.522567703109 0.587932303164
0.650727650728 0.0 0.647058823529 0.601805416249 0.565857247976
0.831600831601 0.0 0.735294117647 0.647943831494 0.697571743929
0.688842688843 0.0 0.676470588235 0.687061183551 0.657836644592
0.857241857242 0.5 0.823529411765 0.554663991976 0.631346578366
0.679833679834 0.0 0.647058823529 0.505516549649 0.495952906549
0.849618849619 0.0 0.852941176471 0.83851554664 0.786607799853
0.782397782398 0.5 0.794117647059 0.746238716148 0.779249448124
0.684684684685 1.0 0.705882352941 0.578736208626 0.696100073584
0.633402633403 0.0 0.676470588235 0.646940822467 0.562178072112
0.595980595981 0.0 0.558823529412 0.454363089268 0.451066961001
0.782397782398 0.5 0.823529411765 0.743229689067 0.744665194996
0.710325710326 0.0 0.676470588235 0.584754262788 0.572479764533
0.512820512821 1.0 0.529411764706 0.30591775326 0.431935246505
0.566181566182 0.5 0.588235294118 0.468405215647 0.495952906549
0.682605682606 0.5 0.735294117647 0.650952858576 0.643119941133
0.753291753292 0.0 0.764705882353 0.732196589769 0.671817512877
0.760221760222 0.5 0.764705882353 0.720160481444 0.757174392936
0.585585585586 0.0 0.588235294118 0.518555667001 0.472406181015
0.611226611227 0.5 0.676470588235 0.606820461384 0.587196467991
0.661815661816 0.0 0.647058823529 0.605817452357 0.573215599706
0.6534996535 0.0 0.676470588235 0.62888665998 0.558498896247
0.999306999307 0.5 1.0 0.852557673019 0.882266372333
0.674982674983 0.5 0.617647058824 0.417251755266 0.516556291391
0.775467775468 0.0 0.735294117647 0.656970912738 0.644591611479
0.831600831601 0.5 0.882352941176 0.747241725176 0.732155997057
0.726264726265 0.5 0.735294117647 0.687061183551 0.717439293598
0.680526680527 0.0 0.647058823529 0.531594784353 0.515084621045
0.67428967429 0.5 0.676470588235 0.536609829488 0.575423105224
0.723492723493 0.0 0.794117647059 0.730190571715 0.607799852833
0.57726957727 0.0 0.617647058824 0.558676028084 0.47093451067
0.635481635482 0.5 0.705882352941 0.704112337011 0.674760853569
0.70200970201 0.5 0.705882352941 0.685055165496 0.719646799117
0.602910602911 0.5 0.676470588235 0.53259779338 0.501103752759
0.698544698545 0.0 0.676470588235 0.614844533601 0.584253127299
0.724878724879 0.0 0.676470588235 0.592778335005 0.587196467991
0.645183645184 0.0 0.647058823529 0.578736208626 0.525386313466
0.794178794179 0.0 0.794117647059 0.758274824473 0.701250919794
0.624393624394 0.0 0.617647058824 0.529588766299 0.484915378955
0.605682605683 0.5 0.617647058824 0.474423269809 0.502575423105
0.70893970894 0.0 0.705882352941 0.714142427282 0.662251655629
0.724185724186 0.0 0.705882352941 0.601805416249 0.564385577631
0.748440748441 0.5 0.794117647059 0.740220661986 0.728476821192
0.726264726265 0.0 0.705882352941 0.714142427282 0.676968359088
0.742896742897 0.0 0.764705882353 0.751253761284 0.670345842531
0.728343728344 0.5 0.764705882353 0.631895687061 0.627667402502
0.720720720721 0.0 0.676470588235 0.641925777332 0.627667402502
0.603603603604 0.5 0.617647058824 0.583751253761 0.606328182487
0.765072765073 0.0 0.735294117647 0.683049147442 0.652685798381
0.718641718642 0.5 0.764705882353 0.789368104313 0.775570272259
0.643797643798 0.5 0.676470588235 0.541624874624 0.543782192789
0.788634788635 0.0 0.794117647059 0.787362086259 0.72038263429
0.720027720028 0.0 0.764705882353 0.763289869609 0.659308314937
0.766458766459 0.5 0.705882352941 0.613841524574 0.704194260486
0.740124740125 0.0 0.735294117647 0.74924774323 0.693892568065
0.659736659737 0.5 0.705882352941 0.678034102307 0.665194996321
0.821898821899 0.5 0.823529411765 0.776328986961 0.801324503311
0.724878724879 0.5 0.735294117647 0.703109327984 0.722590139809
0.796950796951 0.5 0.794117647059 0.698094282849 0.727740986019
0.735273735274 0.0 0.735294117647 0.733199598796 0.671081677704
0.770616770617 0.0 0.794117647059 0.810431293882 0.723325974982
