0.685691318328 0.0 0.655172413793 0.514319809069 0.485893416928
0.718649517685 0.4 0.689655172414 0.514319809069 0.485893416928
0.572347266881 0.6 0.586206896552 0.383054892601 0.544409613375
0.572347266881 0.6 0.586206896552 0.383054892601 0.544409613375
0.631832797428 0.2 0.655172413793 0.721957040573 0.617554858934
0.939710610932 0.6 0.896551724138 0.877088305489 0.909090909091
0.745176848875 0.4 0.793103448276 0.631264916468 0.636363636364
0.718649517685 0.4 0.689655172414 0.514319809069 0.485893416928
0.572347266881 0.6 0.586206896552 0.383054892601 0.544409613375
0.572347266881 0.6 0.586206896552 0.383054892601 0.544409613375
0.84807073955 0.0 0.793103448276 0.708830548926 0.960292580982
0.860932475884 0.0 0.724137931034 0.624105011933 0.850574712644
0.828778135048 0.2 0.689655172414 0.501193317422 0.612330198537
0.851286173633 0.2 0.758620689655 0.531026252983 0.677115987461
0.685691318328 0.0 0.655172413793 0.514319809069 0.485893416928
0.718649517685 0.4 0.689655172414 0.514319809069 0.485893416928
0.605305466238 1.0 0.620689655172 0.383054892601 0.544409613375
0.605305466238 1.0 0.620689655172 0.383054892601 0.544409613375
0.861736334405 0.6 0.793103448276 0.665871121718 0.832810867294
0.861736334405 0.6 0.793103448276 0.665871121718 0.832810867294
0.857717041801 0.4 0.931034482759 0.95584725537 0.988505747126
0.818327974277 0.4 0.896551724138 0.923627684964 0.947753396029
0.854501607717 0.4 0.724137931034 0.591885441527 0.809822361546
0.877009646302 0.4 0.793103448276 0.621718377088 0.87460815047
0.557877813505 1.0 0.655172413793 0.563245823389 0.53605015674
0.597266881029 1.0 0.689655172414 0.595465393795 0.576802507837
0.907556270096 1.0 1.0 1.0 0.949843260188
0.907556270096 1.0 1.0 1.0 0.949843260188
0.870578778135 0.8 0.931034482759 0.912887828162 0.864158829676
0.84807073955 0.8 0.862068965517 0.883054892601 0.799373040752
0.772508038585 0.6 0.827586206897 0.741050119332 0.690700104493
0.772508038585 0.6 0.827586206897 0.741050119332 0.690700104493
0.709003215434 0.6 0.793103448276 0.793556085919 0.876698014629
0.676045016077 0.2 0.758620689655 0.793556085919 0.876698014629
0.557877813505 0.6 0.620689655172 0.565632458234 0.512016718913
0.498392282958 0.6 0.51724137931 0.44630071599 0.385579937304
0.718649517685 0.4 0.689655172414 0.514319809069 0.485893416928
0.745176848875 0.4 0.793103448276 0.631264916468 0.636363636364
0.754823151125 0.6 0.724137931034 0.532219570406 0.793103448276
0.79421221865 0.6 0.758620689655 0.564439140811 0.833855799373
0.713022508039 0.4 0.655172413793 0.6276849642 0.672936259143
0.765273311897 0.0 0.793103448276 0.836515513126 0.862068965517
0.718649517685 0.4 0.689655172414 0.514319809069 0.485893416928
0.718649517685 0.4 0.689655172414 0.514319809069 0.485893416928
0.671221864952 0.2 0.689655172414 0.754176610979 0.658307210031
0.673633440514 0.2 0.689655172414 0.696897374702 0.637408568443
0.676045016077 0.2 0.758620689655 0.793556085919 0.876698014629
0.676045016077 0.2 0.758620689655 0.793556085919 0.876698014629
0.939710610932 0.8 0.862068965517 0.912887828162 0.84012539185
1.0 0.8 0.965517241379 0.904534606205 1.0
0.572347266881 0.6 0.586206896552 0.383054892601 0.544409613375
0.63424437299 0.6 0.689655172414 0.445107398568 0.649947753396
0.704180064309 0.4 0.689655172414 0.408114558473 0.578892371996
0.671221864952 0.0 0.655172413793 0.408114558473 0.578892371996
0.883440514469 0.0 0.793103448276 0.653937947494 0.915360501567
0.893890675241 0.4 0.758620689655 0.624105011933 0.850574712644
0.758038585209 0.4 0.724137931034 0.546539379475 0.526645768025
0.780546623794 0.4 0.793103448276 0.576372315036 0.591431556949
0.564308681672 0.8 0.586206896552 0.477326968974 0.46499477534
0.564308681672 0.8 0.586206896552 0.477326968974 0.46499477534
0.638263665595 1.0 0.551724137931 0.23508353222 0.351097178683
0.658360128617 1.0 0.620689655172 0.322195704057 0.436781609195
0.592443729904 0.6 0.655172413793 0.470167064439 0.630094043887
0.62540192926 1.0 0.689655172414 0.470167064439 0.630094043887
0.754823151125 0.2 0.689655172414 0.599045346062 0.677115987461
0.718649517685 0.4 0.689655172414 0.514319809069 0.485893416928
0.743569131833 0.4 0.724137931034 0.440334128878 0.619644723093
0.743569131833 0.4 0.724137931034 0.440334128878 0.619644723093
0.611736334405 0.2 0.586206896552 0.634844868735 0.531870428422
0.611736334405 0.2 0.586206896552 0.634844868735 0.531870428422
0.498392282958 0.6 0.51724137931 0.44630071599 0.385579937304
0.524919614148 0.6 0.620689655172 0.563245823389 0.53605015674
0.68729903537 0.4 0.758620689655 0.748210023866 0.601880877743
0.66077170418 0.4 0.655172413793 0.631264916468 0.451410658307
0.745176848875 0.4 0.793103448276 0.631264916468 0.636363636364
0.718649517685 0.4 0.689655172414 0.514319809069 0.485893416928
0.745176848875 0.4 0.793103448276 0.631264916468 0.636363636364
0.738745980707 0.4 0.758620689655 0.601431980907 0.57157784744
0.864147909968 1.0 0.931034482759 0.880668257757 0.823406478579
0.901125401929 1.0 0.965517241379 0.970167064439 0.885057471264
