0.939218523878 1.0 1.0 1.0 1.0
1.0 1.0 0.958333333333 0.645042839657 0.556462585034
0.836468885673 1.0 0.791666666667 0.636474908201 0.468027210884
0.821997105644 0.666666666667 0.75 0.539779681763 0.374149659864
0.781476121563 0.333333333333 0.833333333333 0.746634026928 0.692517006803
0.744573082489 0.333333333333 0.708333333333 0.558139534884 0.420408163265
0.600578871201 0.666666666667 0.583333333333 0.372093023256 0.419047619048
0.607814761216 0.666666666667 0.583333333333 0.425948592411 0.517006802721
0.672937771346 0.333333333333 0.625 0.418604651163 0.45306122449
0.557163531114 0.666666666667 0.541666666667 0.455324357405 0.49387755102
0.42981186686 0.0 0.375 0.175030599755 0.114285714286
0.731548480463 1.0 0.708333333333 0.500611995104 0.497959183673
0.511577424023 0.333333333333 0.458333333333 0.302325581395 0.204081632653
0.612879884226 0.333333333333 0.541666666667 0.358629130967 0.265306122449
0.468162083936 0.333333333333 0.416666666667 0.269277845777 0.210884353741
0.622286541245 1.0 0.625 0.611995104039 0.612244897959
0.695369030391 0.0 0.666666666667 0.507955936353 0.345578231293
0.840810419682 0.666666666667 0.833333333333 0.778457772338 0.680272108844
0.787264833575 0.666666666667 0.75 0.607099143207 0.541496598639
0.773516642547 0.333333333333 0.75 0.61811505508 0.510204081633
