0.746760259179 0.0 0.727272727273 0.469181232751 0.638971315529
1.0 0.0 0.969696969697 0.73781048758 0.808110781405
0.946004319654 0.0 0.969696969697 1.0 0.925816023739
0.939524838013 0.333333333333 0.969696969697 0.849126034959 1.0
0.200323974082 0.0 0.121212121212 0.0910763569457 0.0118694362018
0.953563714903 0.666666666667 1.0 0.961361545538 0.959446092977
0.842332613391 1.0 0.818181818182 0.754369825207 0.77546983185
0.315334773218 0.666666666667 0.272727272727 0.285188592456 0.222551928783
0.939524838013 0.333333333333 0.939393939394 0.776448942042 0.915924826904
0.268898488121 0.333333333333 0.212121212121 0.163753449862 0.080118694362
0.627429805616 1.0 0.606060606061 0.524379024839 0.53115727003
0.860691144708 0.666666666667 0.878787878788 0.892364305428 0.874381800198
0.920086393089 0.666666666667 0.939393939394 0.883164673413 0.95746785361
0.902267818575 0.0 0.909090909091 0.830726770929 0.717111770524
0.700863930886 1.0 0.69696969697 0.711131554738 0.749752720079
0.841252699784 0.0 0.878787878788 0.845446182153 0.859545004946
0.759179265659 0.666666666667 0.636363636364 0.51241950322 0.546983184965
0.869330453564 0.0 0.909090909091 0.869365225391 0.782393669634
0.360151187905 0.0 0.242424242424 0.0910763569457 0.0118694362018
0.881749460043 0.666666666667 0.757575757576 0.707451701932 0.614243323442
0.7813174946 0.0 0.818181818182 0.778288868445 0.612265084075
0.829373650108 0.0 0.848484848485 0.85648574057 0.699307616222
0.924406047516 0.0 0.939393939394 0.730450781969 0.832838773492
0.439524838013 0.0 0.454545454545 0.401103955842 0.373887240356
0.875809935205 0.666666666667 0.787878787879 0.627414903404 0.639960435213
0.680885529158 1.0 0.666666666667 0.67525298988 0.73293768546
0.714902807775 0.0 0.727272727273 0.579576816927 0.555885262117
0.22192224622 0.0 0.151515151515 0.0910763569457 0.0118694362018
0.297516198704 0.0 0.212121212121 0.133394664213 0.0563798219585
0.74838012959 0.0 0.787878787879 0.644894204232 0.528189910979
0.873110151188 0.0 0.878787878788 0.942962281509 0.762611275964
0.794816414687 0.666666666667 0.727272727273 0.763569457222 0.581602373887
0.232721382289 0.0 0.181818181818 0.141674333027 0.0840751730959
0.813174946004 0.666666666667 0.848484848485 0.698252069917 0.803165182987
0.458963282937 0.666666666667 0.454545454545 0.379024839006 0.33234421365
0.537796976242 0.333333333333 0.484848484848 0.457221711132 0.475766567755
0.301295896328 0.333333333333 0.242424242424 0.21251149954 0.167161226508
0.572354211663 0.0 0.606060606061 0.580496780129 0.456973293769
0.675485961123 0.0 0.757575757576 0.655013799448 0.594460929773
0.627969762419 0.0 0.666666666667 0.504139834407 0.522255192878
0.502159827214 0.0 0.515151515152 0.460901563937 0.504451038576
0.691684665227 0.666666666667 0.757575757576 0.827046918123 0.838773491592
0.580993520518 0.0 0.636363636364 0.472861085557 0.471810089021
0.372570194384 0.666666666667 0.333333333333 0.223551057958 0.197823936696
0.494600431965 0.666666666667 0.363636363636 0.265869365225 0.272007912957
0.632289416847 0.0 0.69696969697 0.524379024839 0.466864490603
0.284557235421 0.0 0.242424242424 0.141674333027 0.0840751730959
0.47192224622 0.0 0.363636363636 0.261269549218 0.181998021761
0.455723542117 0.0 0.484848484848 0.416743330267 0.401582591494
0.336393088553 0.666666666667 0.30303030303 0.309107635695 0.262116716123
0.24838012959 0.0 0.151515151515 0.0910763569457 0.0118694362018
0.308315334773 0.0 0.30303030303 0.272309107636 0.211671612265
0.676025917927 0.666666666667 0.545454545455 0.413983440662 0.50840751731
0.861771058315 0.333333333333 0.848484848485 0.807727690892 0.691394658754
0.812634989201 0.0 0.787878787879 0.79392824287 0.684470820969
0.356371490281 0.0 0.242424242424 0.123275068997 0.0999010880317
0.897408207343 0.0 0.878787878788 0.861085556578 0.862512363996
0.501079913607 0.0 0.545454545455 0.463661453542 0.46587537092
0.592872570194 0.666666666667 0.515151515152 0.374425022999 0.409495548961
0.258099352052 0.0 0.181818181818 0.139834406624 0.0989119683482
0.322354211663 0.333333333333 0.30303030303 0.17479300828 0.111770524233
0.531857451404 0.0 0.575757575758 0.523459061638 0.517309594461
0.644708423326 0.666666666667 0.575757575758 0.540018399264 0.627101879327
0.407127429806 0.0 0.424242424242 0.380864765409 0.371909000989
0.847732181425 0.0 0.848484848485 0.724011039558 0.658753709199
0.737041036717 0.666666666667 0.69696969697 0.595216191352 0.604352126607
0.512419006479 0.666666666667 0.424242424242 0.342226310948 0.291790306627
0.275917926566 0.0 0.181818181818 0.0910763569457 0.0118694362018
0.333153347732 0.0 0.333333333333 0.3127874885 0.282888229476
0.474622030238 0.0 0.393939393939 0.236430542778 0.314540059347
0.35475161987 0.0 0.363636363636 0.3127874885 0.299703264095
0.275917926566 0.0 0.272727272727 0.244710211592 0.210682492582
0.248920086393 0.0 0.212121212121 0.182152713891 0.155291790307
0.933045356371 0.0 0.939393939394 0.945722171113 0.925816023739
0.374190064795 0.0 0.393939393939 0.3127874885 0.299703264095
0.81101511879 0.333333333333 0.848484848485 0.797608095676 0.812067260138
0.317494600432 0.0 0.272727272727 0.153633854646 0.0672601384768
0.473542116631 0.333333333333 0.393939393939 0.353265869365 0.371909000989
0.370950323974 0.0 0.30303030303 0.218031278749 0.192878338279
0.460583153348 0.0 0.393939393939 0.247470101196 0.149357072206
0.64524838013 0.333333333333 0.69696969697 0.689052437902 0.702274975272
0.624190064795 0.0 0.575757575758 0.496780128795 0.494559841741
0.591252699784 0.0 0.575757575758 0.488500459982 0.357072205737
0.327753779698 0.0 0.272727272727 0.194112235511 0.149357072206
0.612850971922 0.666666666667 0.606060606061 0.585096596136 0.580613254204
0.675485961123 0.0 0.606060606061 0.438822447102 0.554896142433
0.686285097192 0.333333333333 0.727272727273 0.743330266789 0.727002967359
0.349352051836 0.333333333333 0.363636363636 0.29346826127 0.256181998022
0.721382289417 0.333333333333 0.727272727273 0.695492180313 0.655786350148
0.82343412527 0.333333333333 0.787878787879 0.803127874885 0.643916913947
0.526997840173 0.333333333333 0.454545454545 0.356945722171 0.387734915925
0.361771058315 0.0 0.242424242424 0.229990800368 0.0781404549951
0.800215982721 0.333333333333 0.787878787879 0.63753449862 0.568743818002
0.66252699784 0.666666666667 0.666666666667 0.440662373505 0.431256181998
0.799136069114 0.333333333333 0.818181818182 0.776448942042 0.762611275964
0.727321814255 0.0 0.727272727273 0.777368905244 0.663699307616
0.492980561555 0.0 0.424242424242 0.374425022999 0.279920870425
0.928725701944 0.0 0.878787878788 0.885004599816 0.788328387735
0.446544276458 0.0 0.363636363636 0.182152713891 0.13353115727
0.764578833693 0.0 0.757575757576 0.46274149034 0.57962413452
