0.251176470588 0.0 0.15625 0.0970588235294 0.0143027413588
0.845294117647 0.428571428571 0.875 0.859803921569 1.0
0.23 0.0 0.15625 0.150980392157 0.101311084625
0.601176470588 1.0 0.5 0.314705882353 0.353992848629
1.0 0.428571428571 1.0 1.0 0.978545887962
0.977647058824 0.571428571429 0.90625 0.772549019608 0.72705601907
0.930588235294 0.142857142857 0.875 0.860784313725 0.864123957092
0.262941176471 0.142857142857 0.1875 0.119607843137 0.0679380214541
0.857647058824 0.285714285714 0.78125 0.676470588235 0.744934445769
0.696470588235 0.857142857143 0.65625 0.439215686275 0.523241954708
0.874117647059 0.714285714286 0.875 0.827450980392 0.858164481526
0.735882352941 0.285714285714 0.75 0.663725490196 0.794994040524
0.742941176471 0.142857142857 0.65625 0.592156862745 0.648390941597
0.934117647059 0.0 0.84375 0.777450980392 0.947556615018
0.397647058824 0.428571428571 0.3125 0.173529411765 0.15494636472
0.554705882353 0.714285714286 0.53125 0.554901960784 0.679380214541
0.795882352941 0.142857142857 0.6875 0.579411764706 0.554231227652
0.325882352941 0.0 0.25 0.202941176471 0.206197854589
0.69 0.142857142857 0.59375 0.561764705882 0.684147794994
0.361176470588 0.285714285714 0.3125 0.347058823529 0.353992848629
