0.556284153005 0.0 0.676470588235 0.511480601742 0.731142643764
0.41912568306 0.0 0.558823529412 0.428345209818 0.587752053771
0.578142076503 0.0 0.764705882353 0.666666666667 0.766243465273
0.614207650273 0.0 0.794117647059 0.666666666667 0.766243465273
0.877049180328 0.0 0.911764705882 0.757719714964 1.0
0.751366120219 0.0 0.794117647059 0.598574821853 0.823002240478
0.751366120219 0.0 0.794117647059 0.598574821853 0.823002240478
0.350273224044 0.0 0.470588235294 0.264449722882 0.405526512323
0.471038251366 0.0 0.558823529412 0.437846397466 0.577296489918
0.471038251366 0.0 0.558823529412 0.437846397466 0.577296489918
0.464480874317 0.0 0.617647058824 0.433095803642 0.503360716953
1.0 0.0 1.0 0.692003167063 0.912621359223
0.628415300546 0.0 0.823529411765 0.814726840855 0.831217326363
0.437158469945 0.0 0.588235294118 0.44576405384 0.501867064974
0.416393442623 0.0 0.5 0.331749802059 0.454070201643
0.587923025879 0.0 0.735849056604 0.696116504854 0.740384615385
0.720218579235 0.0 0.882352941176 0.927949326999 0.955190440627
0.427628865979 0.0 0.512195121951 0.412737293325 0.516911295469
0.915846994536 0.0 0.882352941176 0.577197149644 0.798356982823
0.603825136612 0.0 0.823529411765 0.866983372922 0.833457804332
0.728415300546 0.0 0.705882352941 0.53919239905 0.746825989544
0.288659793814 0.0 0.390243902439 0.271279853031 0.35417996171
0.641649484536 0.0 0.707317073171 0.640538885487 0.758136566688
0.48087431694 0.0 0.617647058824 0.523357086302 0.569081404033
0.485245901639 0.0 0.529411764706 0.409342834521 0.546676624347
0.724043715847 0.0 0.882352941176 0.920823436263 0.943988050784
0.708743169399 0.0 0.735294117647 0.551860649248 0.703510082151
0.553551912568 0.0 0.676470588235 0.558194774347 0.611650485437
0.654098360656 0.0 0.647058823529 0.364212193191 0.546676624347
0.562841530055 0.0 0.588235294118 0.468725257324 0.615384615385
0.434226804124 0.0 0.512195121951 0.458052663809 0.550095724314
0.861030927835 0.0 0.926829268293 0.850581751378 0.953414167198
0.634639175258 0.0 0.731707317073 0.63747703613 0.703892788768
0.329072164948 0.0 0.463414634146 0.443355786895 0.472239948947
0.440412371134 0.0 0.585365853659 0.587875076546 0.604977664327
0.444923689449 0.0 0.547169811321 0.514077669903 0.571678321678
0.807422680412 0.0 0.90243902439 0.871402327006 0.93363114231
0.531519575315 0.0 0.679245283019 0.61213592233 0.621503496503
0.543715846995 0.0 0.764705882353 0.855106888361 0.787901418969
0.332783505155 0.0 0.487804878049 0.415186772811 0.410976388003
0.360824742268 0.0 0.463414634146 0.426209430496 0.473516273133
0.613470471135 0.0 0.754716981132 0.708252427184 0.716783216783
0.633709356337 0.0 0.716981132075 0.677669902913 0.739947552448
0.743505154639 0.0 0.780487804878 0.720146968769 0.828334396937
0.340618556701 0.0 0.463414634146 0.454990814452 0.472239948947
0.321831453218 0.0 0.452830188679 0.394660194175 0.402972027972
0.653005464481 0.0 0.823529411765 0.709422011085 0.678117998506
0.227868852459 0.0 0.294117647059 0.15360253365 0.221807318895
0.28599867286 0.0 0.396226415094 0.315533980583 0.338723776224
0.364480874317 0.0 0.529411764706 0.500395882819 0.467513069455
0.560655737705 0.0 0.705882352941 0.60253365004 0.588498879761
0.560655737705 0.0 0.705882352941 0.60253365004 0.588498879761
0.451134020619 0.0 0.512195121951 0.47152480098 0.538608806637
0.451134020619 0.0 0.512195121951 0.47152480098 0.538608806637
0.451134020619 0.0 0.512195121951 0.47152480098 0.538608806637
0.451134020619 0.0 0.512195121951 0.47152480098 0.538608806637
0.412021857923 0.0 0.588235294118 0.64449722882 0.595967139656
0.376907216495 0.0 0.439024390244 0.346601347214 0.411614550096
0.977731958763 0.0 0.951219512195 0.847519902021 1.0
0.429690721649 0.0 0.536585365854 0.460502143295 0.479259731972
0.552577319588 0.0 0.609756097561 0.59399877526 0.661135928526
0.670103092784 0.0 0.731707317073 0.699938763013 0.76260370134
0.687422680412 0.0 0.707317073171 0.608695652174 0.711550733886
0.687422680412 0.0 0.707317073171 0.608695652174 0.711550733886
0.603851444292 0.0 0.65625 0.554285714286 0.623504574243
0.65749656121 0.0 0.71875 0.647619047619 0.707952146376
0.493195876289 0.0 0.585365853659 0.538273116963 0.56732610083
0.22096881221 0.0 0.320754716981 0.228155339806 0.249562937063
0.265979381443 0.0 0.390243902439 0.382118799755 0.378430121251
0.660935350757 0.0 0.6875 0.561904761905 0.655876143561
0.64030261348 0.0 0.65625 0.491428571429 0.594651653765
0.836098208361 0.0 0.867924528302 0.783980582524 0.870192307692
0.641678129298 0.0 0.6875 0.560952380952 0.631245601689
0.436288659794 0.0 0.512195121951 0.421310471525 0.461391193363
0.71912568306 0.0 0.911764705882 0.996832937451 0.91859596714
0.643741403026 0.0 0.65625 0.545714285714 0.64672765658
0.468865979381 0.0 0.512195121951 0.426209430496 0.495851946394
0.651306740028 0.0 0.6875 0.630476190476 0.707248416608
0.322826808228 0.0 0.433962264151 0.33640776699 0.33784965035
0.685694635488 0.0 0.6875 0.538095238095 0.648135116115
0.432240437158 0.0 0.558823529412 0.409342834521 0.394324122479
0.314754098361 0.0 0.352941176471 0.18685669042 0.259148618372
0.462841530055 0.0 0.617647058824 0.67775138559 0.633308439134
0.707702888583 0.0 0.75 0.726666666667 0.793103448276
0.65818431912 0.0 0.6875 0.622857142857 0.701618578466
0.677441540578 0.0 0.6875 0.500952380952 0.597466572836
0.39793814433 0.0 0.487804878049 0.496631965707 0.51308232291
0.509289617486 0.0 0.705882352941 0.718923198733 0.627333831217
0.328961748634 0.0 0.411764705882 0.250989707047 0.272591486184
0.756284153005 0.0 0.911764705882 0.960411718131 0.909634055265
0.756284153005 0.0 0.911764705882 0.960411718131 0.909634055265
0.661579296616 0.0 0.660377358491 0.541262135922 0.646853146853
0.466120218579 0.0 0.647058823529 0.729216152019 0.652725914862
0.35401459854 0.0 0.490566037736 0.457281553398 0.424825174825
0.761237113402 0.0 0.756097560976 0.683404776485 0.79068283344
0.462508294625 0.0 0.603773584906 0.581067961165 0.541520979021
0.479097544791 0.0 0.584905660377 0.558252427184 0.553321678322
0.528415300546 0.0 0.617647058824 0.577197149644 0.587752053771
0.723521320495 0.0 0.75 0.632380952381 0.705137227305
0.534173855342 0.0 0.698113207547 0.760194174757 0.69493006993
