0.556390977444 0.0 0.692307692308 0.595380667237 0.641800643087
0.807403123193 0.0 0.871794871795 0.798973481608 0.900321543408
0.62984384037 0.0 0.666666666667 0.474764756202 0.603215434084
0.852515905147 0.0 0.897435897436 0.849443969204 0.967202572347
0.74793956044 0.0 0.828571428571 0.850107066381 0.925020374898
0.633314054367 0.0 0.74358974359 0.682634730539 0.726688102894
0.708502024291 0.0 0.794871794872 0.66124893071 0.72347266881
0.616541353383 0.0 0.641025641026 0.49871685201 0.614147909968
0.620589936379 0.0 0.589743589744 0.367835757057 0.510610932476
0.466165413534 0.0 0.487179487179 0.272882805817 0.363344051447
0.934082397004 0.0 0.870967741935 0.700811359026 0.872359963269
0.456333140544 0.0 0.564102564103 0.463644140291 0.461736334405
0.749063670412 0.111111111111 0.806451612903 0.68154158215 0.831955922865
0.792509363296 0.0 0.838709677419 0.811359026369 0.85766758494
0.647194910353 0.0 0.74358974359 0.674935842601 0.666237942122
0.668913857678 0.0 0.741935483871 0.649087221095 0.662993572084
0.547715442452 0.0 0.538461538462 0.342172797263 0.436655948553
0.513591671486 0.0 0.641025641026 0.603934987169 0.56077170418
0.752059925094 0.0 0.741935483871 0.610547667343 0.702479338843
0.752059925094 0.0 0.741935483871 0.610547667343 0.702479338843
0.552920763447 0.0 0.564102564103 0.4499572284 0.520257234727
0.861423220974 0.0555555555556 0.870967741935 0.871196754564 0.997245179063
0.764603817235 0.0 0.794871794872 0.688622754491 0.734405144695
0.485829959514 0.0 0.487179487179 0.321642429427 0.39421221865
0.785714285714 0.0 0.771428571429 0.769807280514 0.856560717196
0.475419317525 0.0 0.538461538462 0.405474764756 0.412218649518
0.597455176403 0.0 0.717948717949 0.701454234388 0.650160771704
0.806824754193 0.0 0.871794871795 0.871685201027 0.867524115756
0.908039329092 0.0 0.948717948718 0.981180496151 1.0
0.674450549451 0.0 0.685714285714 0.586723768737 0.632436837816
0.721226142279 0.0 0.769230769231 0.630453378956 0.63922829582
0.495662232504 0.0 0.461538461538 0.19503849444 0.284887459807
0.443609022556 0.0 0.538461538462 0.495295124038 0.455948553055
0.35974551764 0.0 0.384615384615 0.239520958084 0.270096463023
0.661654135338 0.0 0.666666666667 0.556030795552 0.606430868167
0.632554945055 0.0 0.685714285714 0.646680942184 0.648736756316
0.700549450549 0.0 0.628571428571 0.53426124197 0.660961695192
0.913823019086 0.0 0.846153846154 0.682634730539 0.803215434084
0.651243493349 0.0 0.717948717949 0.642429426861 0.627652733119
0.488721804511 0.0 0.512820512821 0.402053036784 0.429581993569
0.587912087912 0.0 0.542857142857 0.405781584582 0.494702526487
0.77038750723 0.0 0.846153846154 0.824636441403 0.792282958199
0.651098901099 0.0 0.685714285714 0.707708779443 0.716381418093
0.798149219202 0.0 0.871794871795 0.838323353293 0.80192926045
0.780906593407 0.0 0.8 0.872591006424 0.889975550122
0.821722846442 0.0 0.838709677419 0.841784989858 0.85766758494
0.64010989011 0.0 0.657142857143 0.551391862955 0.566422167889
0.669642857143 0.0 0.685714285714 0.642398286938 0.657701711491
0.403123192597 0.0 0.461538461538 0.330196749358 0.302893890675
0.503181029497 0.0 0.589743589744 0.543199315654 0.486173633441
0.520532099479 0.0 0.615384615385 0.545765611634 0.477170418006
0.644230769231 0.0 0.714285714286 0.767665952891 0.722901385493
0.412955465587 0.0 0.487179487179 0.428571428571 0.377491961415
0.811235955056 0.111111111111 0.806451612903 0.601419878296 0.739210284665
0.403123192597 0.0 0.512820512821 0.46877673225 0.376848874598
0.60782967033 0.0 0.628571428571 0.556745182013 0.553382233089
0.563186813187 0.0 0.571428571429 0.5 0.508557457213
0.710164835165 0.0 0.714285714286 0.736616702355 0.747351263244
0.432041642568 0.0 0.410256410256 0.170230966638 0.206430868167
0.731636784268 0.0 0.794871794872 0.808383233533 0.75884244373
0.778159340659 0.0 0.8 0.8426124197 0.832925835371
0.551185656449 0.0 0.666666666667 0.619332763045 0.51575562701
0.627747252747 0.0 0.657142857143 0.624197002141 0.60554197229
0.434933487565 0.0 0.435897435897 0.248930710009 0.258520900322
0.623970037453 0.0 0.645161290323 0.556795131846 0.544536271809
0.723214285714 0.0 0.685714285714 0.641327623126 0.685411572942
0.597527472527 0.0 0.628571428571 0.604925053533 0.578647106764
0.586466165414 0.0 0.564102564103 0.511548331908 0.537620578778
0.721804511278 0.0 0.820512820513 0.893926432849 0.798713826367
0.699175824176 0.0 0.657142857143 0.598501070664 0.643846780766
0.710851648352 0.0 0.771428571429 0.832976445396 0.774246128769
0.331983805668 0.0 0.358974358974 0.209580838323 0.183922829582
0.605769230769 0.0 0.542857142857 0.444325481799 0.507742461288
0.755494505495 0.0 0.771428571429 0.873661670236 0.856560717196
0.688186813187 0.0 0.657142857143 0.600642398287 0.629991850041
0.649725274725 0.0 0.657142857143 0.647751605996 0.638141809291
0.695741758242 0.0 0.685714285714 0.715203426124 0.721271393643
0.651785714286 0.0 0.685714285714 0.738758029979 0.700081499593
0.637362637363 0.0 0.628571428571 0.584582441113 0.588427057865
0.589285714286 0.0 0.628571428571 0.629550321199 0.585167074165
0.703296703297 0.0 0.714285714286 0.683083511777 0.666666666667
0.698489010989 0.0 0.742857142857 0.799785867238 0.749796251019
0.865818392134 0.0 0.794871794872 0.699743370402 0.76463022508
0.844418739156 0.0 0.897435897436 0.916167664671 0.855948553055
0.841947565543 0.0555555555556 0.870967741935 0.850912778905 0.868686868687
0.367264314633 0.0 0.435897435897 0.350727117194 0.272025723473
0.418739155581 0.0 0.358974358974 0.129170230967 0.178135048232
0.629120879121 0.0 0.657142857143 0.627408993576 0.58761206194
0.748626373626 0.0 0.685714285714 0.708779443255 0.757946210269
0.769230769231 0.0 0.857142857143 1.0 0.898125509372
0.884615384615 0.0 0.857142857143 0.918629550321 0.930725346373
0.782967032967 0.0 0.714285714286 0.684154175589 0.735941320293
0.638049450549 0.0 0.657142857143 0.677730192719 0.641401792991
0.552197802198 0.0 0.514285714286 0.395074946467 0.41564792176
0.722527472527 0.0 0.714285714286 0.741970021413 0.732681336593
0.557005494505 0.0 0.6 0.626338329764 0.563977180114
0.662774725275 0.0 0.657142857143 0.594218415418 0.580277098615
0.609203296703 0.0 0.571428571429 0.541755888651 0.559087204564
0.615384615385 0.0 0.571428571429 0.506423982869 0.529747351263
0.771291208791 0.0 0.742857142857 0.783725910064 0.79054604727
