0.595625 0.428571428571 0.555555555556 0.452653485952 0.433208489388
0.7225 0.285714285714 0.740740740741 0.586888657648 0.707865168539
0.4475 0.0 0.407407407407 0.312174817898 0.299625468165
0.50375 0.0 0.444444444444 0.32570239334 0.292134831461
0.829375 0.571428571429 0.777777777778 0.652445369407 0.583021223471
0.545625 0.142857142857 0.444444444444 0.327783558793 0.269662921348
0.674375 0.857142857143 0.703703703704 0.308012486993 0.329588014981
0.54125 0.285714285714 0.555555555556 0.370447450572 0.411985018727
0.39875 0.285714285714 0.333333333333 0.160249739854 0.106117353308
0.44 0.428571428571 0.407407407407 0.228928199792 0.274656679151
0.75125 0.428571428571 0.703703703704 0.398543184183 0.421972534332
0.765625 0.285714285714 0.740740740741 0.393340270552 0.426966292135
0.570625 0.285714285714 0.555555555556 0.279916753382 0.314606741573
0.74 0.571428571429 0.740740740741 0.441207075963 0.459425717853
0.613125 0.571428571429 0.62962962963 0.61186264308 0.640449438202
0.526875 0.0 0.481481481481 0.377731529657 0.260923845194
0.62125 0.428571428571 0.666666666667 0.556711758585 0.515605493134
0.629375 0.285714285714 0.62962962963 0.5296566077 0.506866416979
0.385625 0.0 0.37037037037 0.270551508845 0.166042446941
0.628125 0.428571428571 0.666666666667 0.502601456816 0.591760299625
0.7275 0.428571428571 0.703703703704 0.503642039542 0.530586766542
0.693125 0.571428571429 0.666666666667 0.573361082206 0.556803995006
0.569375 0.142857142857 0.518518518519 0.479708636837 0.349563046192
0.69375 0.142857142857 0.62962962963 0.411030176899 0.322097378277
0.541875 0.0 0.444444444444 0.339229968783 0.208489388265
0.793125 0.142857142857 0.814814814815 0.665972944849 0.714107365793
0.8925 0.428571428571 1.0 0.793964620187 0.917602996255
0.55375 0.0 0.481481481481 0.43912591051 0.387016229713
0.57875 0.571428571429 0.592592592593 0.331945889698 0.298377028714
0.635 0.285714285714 0.666666666667 0.425598335068 0.444444444444
0.794375 0.285714285714 0.851851851852 0.583766909469 0.629213483146
0.686875 0.428571428571 0.703703703704 0.441207075963 0.458177278402
0.373125 0.142857142857 0.333333333333 0.33714880333 0.275905118602
0.5825 0.142857142857 0.592592592593 0.466181061394 0.580524344569
0.516875 0.285714285714 0.407407407407 0.25494276795 0.208489388265
0.281875 0.285714285714 0.185185185185 0.103017689906 0.0149812734082
0.83375 0.571428571429 0.851851851852 0.670135275754 0.706616729089
0.39 0.142857142857 0.37037037037 0.242455775234 0.192259675406
0.381875 0.571428571429 0.333333333333 0.103017689906 0.0149812734082
1.0 1.0 1.0 0.726326742976 0.862671660424
0.4375 0.0 0.37037037037 0.357960457856 0.23720349563
0.629375 0.285714285714 0.62962962963 0.5296566077 0.506866416979
0.61125 0.428571428571 0.555555555556 0.371488033299 0.30836454432
0.665 0.428571428571 0.666666666667 0.459937565036 0.455680399501
0.538125 0.428571428571 0.481481481481 0.239334027055 0.233458177278
0.52875 0.0 0.481481481481 0.373569198751 0.358302122347
0.595 0.428571428571 0.62962962963 0.43912591051 0.439450686642
0.66 0.428571428571 0.666666666667 0.513007284079 0.6354556804
0.465 0.285714285714 0.407407407407 0.20395421436 0.202247191011
0.54375 0.571428571429 0.481481481481 0.34547346514 0.297128589263
0.56375 0.571428571429 0.555555555556 0.42767950052 0.500624219725
0.70375 0.714285714286 0.666666666667 0.485952133195 0.560549313358
0.8625 1.0 0.814814814815 0.381893860562 0.431960049938
0.54375 0.0 0.444444444444 0.308012486993 0.154806491885
0.876875 0.0 0.925925925926 0.818938605619 0.830212234707
0.526875 0.0 0.481481481481 0.308012486993 0.233458177278
0.615 0.428571428571 0.666666666667 0.602497398543 0.605493133583
0.635625 0.857142857143 0.592592592593 0.403746097815 0.463171036205
0.576875 0.571428571429 0.518518518519 0.514047866805 0.464419475655
0.495625 0.714285714286 0.444444444444 0.228928199792 0.274656679151
0.755 0.285714285714 0.740740740741 0.44745057232 0.598002496879
0.404375 0.285714285714 0.333333333333 0.199791883455 0.0961298377029
0.483125 0.285714285714 0.407407407407 0.295525494277 0.229712858926
0.5725 0.285714285714 0.481481481481 0.397502601457 0.227215980025
0.485625 0.285714285714 0.37037037037 0.23517169615 0.0898876404494
0.66 0.285714285714 0.592592592593 0.353798126951 0.34581772784
0.909375 0.0 0.962962962963 1.0 0.907615480649
0.893125 0.285714285714 0.888888888889 0.930280957336 0.761548064919
0.45875 0.571428571429 0.444444444444 0.423517169615 0.480649188514
0.66 0.428571428571 0.666666666667 0.513007284079 0.6354556804
0.50375 0.428571428571 0.407407407407 0.371488033299 0.212234706617
0.4025 0.0 0.37037037037 0.283038501561 0.30836454432
0.62125 0.428571428571 0.666666666667 0.556711758585 0.515605493134
0.569375 0.142857142857 0.518518518519 0.479708636837 0.349563046192
0.305 0.0 0.259259259259 0.206035379813 0.196004993758
0.384375 0.0 0.333333333333 0.206035379813 0.196004993758
0.375 0.0 0.333333333333 0.246618106139 0.243445692884
0.256875 0.0 0.185185185185 0.103017689906 0.0149812734082
0.709375 0.714285714286 0.740740740741 0.528616024974 0.533083645443
0.565 0.428571428571 0.555555555556 0.42767950052 0.34581772784
0.525 0.285714285714 0.555555555556 0.540062434964 0.583021223471
0.56625 0.0 0.518518518519 0.414151925078 0.378277153558
0.921875 0.571428571429 0.962962962963 0.809573361082 0.716604244694
0.888125 0.714285714286 0.888888888889 0.653485952133 0.675405742821
0.693125 0.571428571429 0.666666666667 0.573361082206 0.556803995006
0.409375 0.0 0.37037037037 0.206035379813 0.196004993758
0.59375 0.714285714286 0.592592592593 0.303850156087 0.250936329588
0.53375 0.428571428571 0.481481481481 0.229968782518 0.23720349563
0.435 0.0 0.37037037037 0.377731529657 0.260923845194
0.545625 0.142857142857 0.481481481481 0.457856399584 0.349563046192
0.759375 0.571428571429 0.703703703704 0.526534859521 0.515605493134
0.7225 0.714285714286 0.740740740741 0.39646201873 0.449438202247
0.425625 0.285714285714 0.37037037037 0.253902185224 0.252184769039
0.494375 0.285714285714 0.481481481481 0.330905306972 0.343320848939
0.783125 0.571428571429 0.740740740741 0.332986472425 0.379525593009
0.6075 0.285714285714 0.555555555556 0.403746097815 0.32709113608
0.42125 0.142857142857 0.37037037037 0.228928199792 0.193508114856
0.355 0.0 0.296296296296 0.148803329865 0.104868913858
0.4525 0.714285714286 0.407407407407 0.228928199792 0.274656679151
0.4275 0.714285714286 0.37037037037 0.228928199792 0.274656679151
0.4425 0.285714285714 0.37037037037 0.160249739854 0.106117353308
0.585625 0.285714285714 0.481481481481 0.209157127992 0.118601747815
0.693125 0.428571428571 0.703703703704 0.638917793965 0.503121098627
0.47375 0.285714285714 0.407407407407 0.319458896982 0.322097378277
0.699375 0.142857142857 0.62962962963 0.452653485952 0.489388264669
0.5975 0.428571428571 0.555555555556 0.499479708637 0.387016229713
0.55875 0.285714285714 0.555555555556 0.359001040583 0.365792759051
0.291875 0.0 0.222222222222 0.199791883455 0.0961298377029
0.59375 0.714285714286 0.592592592593 0.536940686785 0.476903870162
0.576875 0.285714285714 0.62962962963 0.432882414152 0.498127340824
0.591875 0.714285714286 0.518518518519 0.313215400624 0.239700374532
0.5825 0.142857142857 0.592592592593 0.466181061394 0.580524344569
0.48375 0.285714285714 0.481481481481 0.391259105099 0.416978776529
0.890625 0.571428571429 1.0 0.812695109261 1.0
0.44 0.285714285714 0.37037037037 0.180020811655 0.12734082397
0.8025 0.428571428571 0.851851851852 0.73361082206 0.721598002497
0.569375 0.142857142857 0.518518518519 0.479708636837 0.349563046192
0.45625 0.285714285714 0.481481481481 0.365244536941 0.333333333333
0.59375 0.714285714286 0.592592592593 0.303850156087 0.250936329588
0.7025 0.285714285714 0.703703703704 0.450572320499 0.476903870162
0.666875 0.285714285714 0.703703703704 0.634755463059 0.575530586767
0.415 0.285714285714 0.407407407407 0.25494276795 0.247191011236
0.554375 0.285714285714 0.444444444444 0.25494276795 0.208489388265
0.4875 0.571428571429 0.481481481481 0.36836628512 0.370786516854
0.44625 0.428571428571 0.407407407407 0.382934443288 0.365792759051
0.46 0.714285714286 0.407407407407 0.382934443288 0.365792759051
0.65625 0.142857142857 0.62962962963 0.561914672216 0.508114856429
0.373125 0.142857142857 0.333333333333 0.33714880333 0.275905118602
0.6925 0.714285714286 0.666666666667 0.27471383975 0.318352059925
0.42125 0.428571428571 0.37037037037 0.185223725286 0.101123595506
0.57125 0.428571428571 0.592592592593 0.406867845994 0.45443196005
0.42375 0.142857142857 0.37037037037 0.233090530697 0.157303370787
0.470625 0.428571428571 0.407407407407 0.253902185224 0.187265917603
0.351875 0.142857142857 0.296296296296 0.183142559834 0.103620474407
0.765625 0.285714285714 0.740740740741 0.393340270552 0.426966292135
0.5125 0.428571428571 0.518518518519 0.45889698231 0.555555555556
0.55 0.142857142857 0.592592592593 0.547346514048 0.475655430712
0.500625 0.0 0.518518518519 0.370447450572 0.305867665418
0.611875 0.428571428571 0.666666666667 0.456815816857 0.445692883895
0.636875 0.428571428571 0.62962962963 0.395421436004 0.500624219725
0.5125 0.285714285714 0.444444444444 0.357960457856 0.23720349563
0.730625 0.285714285714 0.703703703704 0.586888657648 0.540574282147
0.4725 0.285714285714 0.444444444444 0.244536940687 0.232209737828
0.55375 0.428571428571 0.555555555556 0.412070759625 0.377028714107
0.6825 0.285714285714 0.666666666667 0.436004162331 0.494382022472
0.6125 0.0 0.666666666667 0.530697190427 0.531835205993
0.6225 0.428571428571 0.592592592593 0.574401664932 0.485642946317
0.83875 1.0 0.925925925926 0.773152965661 0.966292134831
0.726875 0.428571428571 0.740740740741 0.568158168574 0.74531835206
0.54875 0.285714285714 0.592592592593 0.380853277836 0.410736579276
0.554375 0.285714285714 0.444444444444 0.25494276795 0.208489388265
0.44625 0.428571428571 0.407407407407 0.382934443288 0.365792759051
0.5625 0.285714285714 0.592592592593 0.349635796046 0.340823970037
0.735 0.714285714286 0.814814814815 0.597294484912 0.580524344569
0.665625 0.571428571429 0.740740740741 0.476586888658 0.58177278402
0.665625 0.571428571429 0.740740740741 0.476586888658 0.58177278402
0.455 0.285714285714 0.444444444444 0.231009365245 0.176029962547
0.635625 0.714285714286 0.666666666667 0.355879292404 0.401997503121
0.74375 0.428571428571 0.666666666667 0.411030176899 0.322097378277
0.654375 0.571428571429 0.62962962963 0.540062434964 0.570536828964
0.5375 0.714285714286 0.518518518519 0.386056191467 0.32709113608
0.643125 0.714285714286 0.62962962963 0.472424557752 0.464419475655
0.825 1.0 0.814814814815 0.504682622268 0.505617977528
0.541875 0.0 0.444444444444 0.339229968783 0.208489388265
0.765625 0.714285714286 0.740740740741 0.557752341311 0.415730337079
0.87625 0.857142857143 0.925925925926 0.710718002081 0.571785268414
0.5225 0.428571428571 0.444444444444 0.335067637877 0.297128589263
0.54 0.285714285714 0.481481481481 0.242455775234 0.307116104869
0.83125 1.0 0.814814814815 0.555671175858 0.485642946317
0.7525 0.857142857143 0.703703703704 0.480749219563 0.449438202247
0.82625 1.0 0.814814814815 0.66285119667 0.499375780275
0.809375 0.857142857143 0.777777777778 0.58064516129 0.413233458177
0.5425 0.0 0.518518518519 0.267429760666 0.230961298377
0.7025 0.285714285714 0.703703703704 0.450572320499 0.476903870162
0.78 0.428571428571 0.777777777778 0.670135275754 0.642946317104
0.5125 0.857142857143 0.481481481481 0.252861602497 0.330836454432
0.72375 0.285714285714 0.666666666667 0.473465140479 0.486891385768
0.578125 0.571428571429 0.518518518519 0.198751300728 0.154806491885
0.908125 0.571428571429 0.962962962963 0.783558792924 0.8177278402
0.706875 0.428571428571 0.666666666667 0.434963579605 0.430711610487
0.761875 0.285714285714 0.777777777778 0.729448491155 0.591760299625
0.766875 0.428571428571 0.777777777778 0.621227887617 0.681647940075
0.44 0.285714285714 0.407407407407 0.357960457856 0.387016229713
0.636875 0.0 0.703703703704 0.601456815817 0.602996254682
0.645625 0.428571428571 0.666666666667 0.5296566077 0.602996254682
0.43625 0.285714285714 0.444444444444 0.331945889698 0.375780274657
0.664375 0.285714285714 0.666666666667 0.507804370447 0.480649188514
0.4525 0.285714285714 0.407407407407 0.173777315297 0.0986267166042
0.7275 0.0 0.777777777778 0.676378772112 0.680399500624
0.476875 0.142857142857 0.481481481481 0.300728407908 0.335830212235
0.6275 0.0 0.62962962963 0.522372528616 0.480649188514
0.8275 0.142857142857 0.814814814815 0.65452653486 0.656679151061
0.5825 0.142857142857 0.592592592593 0.466181061394 0.580524344569
0.45875 0.0 0.37037037037 0.150884495317 0.0711610486891
0.570625 0.285714285714 0.444444444444 0.260145681582 0.0986267166042
0.435625 0.428571428571 0.407407407407 0.17273673257 0.161048689139
0.6625 0.571428571429 0.703703703704 0.382934443288 0.368289637953
0.7225 1.0 0.740740740741 0.627471383975 0.645443196005
0.4525 0.0 0.481481481481 0.381893860562 0.307116104869
0.568125 0.142857142857 0.555555555556 0.44745057232 0.486891385768
