0.780568407138 0.0 0.814814814815 0.713950762016 0.774886877828
0.740912095175 0.0 0.740740740741 0.708089097304 0.785067873303
0.808988764045 0.0 0.814814814815 0.682297772567 0.75
0.824190350297 0.0 0.851851851852 0.777256740914 0.821266968326
0.688697951091 0.0 0.62962962963 0.514654161782 0.643665158371
0.712491738268 0.0 0.740740740741 0.644783118406 0.68665158371
1.0 0.0 0.962962962963 0.718640093787 0.824660633484
0.69596827495 0.0 0.666666666667 0.535756154748 0.631221719457
0.857237276933 0.0 0.925925925926 0.7796014068 0.773755656109
0.883013879709 0.0 0.888888888889 0.686987104338 0.742081447964
0.760740251157 0.0 0.740740740741 0.581477139508 0.658371040724
0.806345009914 0.0 0.777777777778 0.645955451348 0.72850678733
0.787177792465 0.0 0.851851851852 0.814771395076 0.803167420814
0.943159286186 0.0 0.962962962963 0.831184056272 0.865384615385
0.654990085922 0.0 0.666666666667 0.569753810082 0.611990950226
0.67151354924 0.0 0.666666666667 0.645955451348 0.696832579186
0.621282220753 0.0 0.555555555556 0.427901524033 0.54185520362
0.669530733642 0.0 0.666666666667 0.616647127784 0.66628959276
0.670191672174 0.0 0.703703703704 0.63305978898 0.64592760181
0.807005948447 0.0 0.851851851852 0.766705744431 0.768099547511
0.654329147389 0.0 0.666666666667 0.63305978898 0.662895927602
0.545935228024 0.0 0.518518518519 0.473622508792 0.542986425339
0.545935228024 0.0 0.518518518519 0.473622508792 0.542986425339
0.766027759418 0.0 0.740740740741 0.652989449004 0.719457013575
0.598810310641 0.0 0.592592592593 0.473622508792 0.523755656109
0.682088565763 0.0 0.703703703704 0.662368112544 0.679864253394
0.552544613351 0.0 0.555555555556 0.466588511137 0.504524886878
0.65697290152 0.0 0.666666666667 0.569753810082 0.600678733032
0.594844679445 0.0 0.518518518519 0.427901524033 0.54185520362
0.567746199603 0.0 0.592592592593 0.57796014068 0.589366515837
0.684071381362 0.0 0.666666666667 0.53223915592 0.588235294118
0.684071381362 0.0 0.666666666667 0.53223915592 0.588235294118
0.769993390615 0.0 0.777777777778 0.691676436108 0.720588235294
0.72504957039 0.0 0.703703703704 0.494724501758 0.556561085973
0.614011896894 0.0 0.592592592593 0.445486518171 0.505656108597
0.555188367482 0.0 0.555555555556 0.553341148886 0.587104072398
0.767349636484 0.0 0.777777777778 0.624853458382 0.651583710407
0.6424322538 0.0 0.62962962963 0.473622508792 0.523755656109
0.789821546596 0.0 0.777777777778 0.652989449004 0.700226244344
0.691341705221 0.0 0.703703703704 0.521688159437 0.547511312217
0.868473231989 0.0 0.851851851852 0.641266119578 0.694570135747
0.658294778586 0.0 0.592592592593 0.463071512309 0.56221719457
0.824190350297 0.0 0.851851851852 0.770222743259 0.776018099548
0.594844679445 0.0 0.592592592593 0.553341148886 0.587104072398
0.561797752809 0.0 0.555555555556 0.466588511137 0.504524886878
0.741573033708 0.0 0.703703703704 0.552168815944 0.621040723982
0.59616655651 0.0 0.555555555556 0.473622508792 0.542986425339
0.656311962987 0.0 0.62962962963 0.53223915592 0.588235294118
0.916721744878 0.0 0.962962962963 0.866354044549 0.849547511312
0.976867151355 0.0 1.0 1.0 1.0
0.521480502313 0.0 0.518518518519 0.498241500586 0.526018099548
0.579643093192 0.0 0.555555555556 0.473622508792 0.523755656109
0.678122934567 0.0 0.592592592593 0.450175849941 0.561085972851
0.773959021811 0.0 0.703703703704 0.463071512309 0.56221719457
0.678122934567 0.0 0.62962962963 0.546307151231 0.618778280543
0.826834104428 0.0 0.851851851852 0.786635404455 0.786199095023
0.611368142763 0.0 0.555555555556 0.449003516999 0.529411764706
0.565763384005 0.0 0.555555555556 0.488862837046 0.523755656109
0.805684071381 0.0 0.777777777778 0.526377491208 0.58371040724
0.741573033708 0.0 0.666666666667 0.427901524033 0.530542986425
0.610046265697 0.0 0.555555555556 0.471277842907 0.548642533937
0.627891606081 0.0 0.62962962963 0.553341148886 0.575791855204
0.724388631857 0.0 0.703703703704 0.52754982415 0.574660633484
0.734963648381 0.0 0.703703703704 0.445486518171 0.505656108597
0.653007270324 0.0 0.740740740741 0.709261430246 0.64592760181
0.801057501652 0.0 0.851851851852 0.815943728019 0.787330316742
0.694646397885 0.0 0.703703703704 0.723329425557 0.731900452489
0.701255783212 0.0 0.666666666667 0.471277842907 0.529411764706
0.707865168539 0.0 0.666666666667 0.590855803048 0.650452488688
0.699933906147 0.0 0.666666666667 0.554513481829 0.607466063348
0.693985459352 0.0 0.666666666667 0.52754982415 0.574660633484
0.653668208857 0.0 0.62962962963 0.567409144197 0.608597285068
0.81758096497 0.0 0.740740740741 0.463071512309 0.56221719457
0.678122934567 0.0 0.666666666667 0.62368112544 0.651583710407
0.682088565763 0.0 0.666666666667 0.662368112544 0.692307692308
0.926635822868 0.0 0.814814814815 0.652989449004 0.780542986425
0.70323859881 0.0 0.666666666667 0.46776084408 0.524886877828
0.597488433576 0.0 0.555555555556 0.473622508792 0.531674208145
0.61070720423 0.0 0.62962962963 0.589683470106 0.587104072398
0.784534038334 0.0 0.777777777778 0.750293083236 0.77036199095
0.555188367482 0.0 0.518518518519 0.386869871043 0.441176470588
0.519497686715 0.0 0.481481481481 0.386869871043 0.441176470588
0.614672835426 0.0 0.592592592593 0.559202813599 0.595022624434
0.658294778586 0.0 0.592592592593 0.536928487691 0.615384615385
0.820224719101 0.0 0.777777777778 0.58264947245 0.642533936652
0.652346331791 0.0 0.703703703704 0.562719812427 0.530542986425
0.726371447455 0.0 0.62962962963 0.473622508792 0.584841628959
0.691341705221 0.0 0.62962962963 0.485345838218 0.56221719457
0.592200925314 0.0 0.592592592593 0.491207502931 0.506787330317
0.920026437541 0.0 0.851851851852 0.676436107855 0.759049773756
0.761401189689 0.0 0.814814814815 0.859320046893 0.816742081448
0.705221414408 0.0 0.703703703704 0.62837045721 0.643665158371
0.611368142763 0.0 0.555555555556 0.519343493552 0.585972850679
0.750826173166 0.0 0.703703703704 0.565064478312 0.62556561086
0.64970257766 0.0 0.62962962963 0.488862837046 0.523755656109
0.809649702578 0.0 0.814814814815 0.766705744431 0.772624434389
0.651024454726 0.0 0.62962962963 0.512309495897 0.547511312217
0.747521480502 0.0 0.703703703704 0.516998827667 0.575791855204
0.694646397885 0.0 0.703703703704 0.512309495897 0.52036199095
0.559153998678 0.0 0.518518518519 0.386869871043 0.441176470588
0.72504957039 0.0 0.703703703704 0.671746776084 0.702488687783
0.582947785856 0.0 0.555555555556 0.58264947245 0.616515837104
0.48909451421 0.0 0.444444444444 0.386869871043 0.441176470588
0.574355584931 0.0 0.555555555556 0.491207502931 0.519230769231
0.526107072042 0.0 0.481481481481 0.386869871043 0.441176470588
0.538003965631 0.0 0.592592592593 0.593200468933 0.547511312217
0.879709187046 0.0 0.888888888889 0.747948417351 0.748868778281
0.67151354924 0.0 0.666666666667 0.581477139508 0.595022624434
0.637805684071 0.0 0.666666666667 0.600234466589 0.580316742081
0.541308658295 0.0 0.518518518519 0.411488862837 0.443438914027
0.757435558493 0.0 0.703703703704 0.533411488863 0.596153846154
0.7858559154 0.0 0.777777777778 0.608440797186 0.626696832579
0.598810310641 0.0 0.555555555556 0.466588511137 0.516968325792
0.765366820886 0.0 0.777777777778 0.716295427902 0.710407239819
0.757435558493 0.0 0.666666666667 0.450175849941 0.549773755656
0.528750826173 0.0 0.481481481481 0.386869871043 0.441176470588
0.528750826173 0.0 0.481481481481 0.386869871043 0.441176470588
0.528750826173 0.0 0.481481481481 0.386869871043 0.441176470588
0.643754130866 0.0 0.592592592593 0.473622508792 0.531674208145
0.762723066755 0.0 0.703703703704 0.615474794842 0.678733031674
0.631857237277 0.0 0.555555555556 0.37631887456 0.460407239819
0.565763384005 0.0 0.518518518519 0.386869871043 0.441176470588
0.565763384005 0.0 0.518518518519 0.386869871043 0.441176470588
0.56444150694 0.0 0.592592592593 0.540445486518 0.518099547511
0.605419695968 0.0 0.62962962963 0.559202813599 0.5407239819
0.545935228024 0.0 0.518518518519 0.450175849941 0.481900452489
0.645076007931 0.0 0.62962962963 0.579132473623 0.597285067873
0.590218109716 0.0 0.518518518519 0.365767878077 0.442307692308
0.547918043622 0.0 0.555555555556 0.491207502931 0.487556561086
0.970257766028 0.0 0.962962962963 0.849941383353 0.859728506787
0.532716457369 0.0 0.481481481481 0.386869871043 0.441176470588
0.621282220753 0.0 0.62962962963 0.583821805393 0.578054298643
0.598149372108 0.0 0.592592592593 0.411488862837 0.424208144796
0.779246530073 0.0 0.777777777778 0.589683470106 0.597285067873
0.789821546596 0.0 0.703703703704 0.547479484174 0.635746606335
0.553866490416 0.0 0.518518518519 0.42203985932 0.460407239819
0.475214805023 0.0 0.444444444444 0.411488862837 0.443438914027
0.475214805023 0.0 0.444444444444 0.411488862837 0.443438914027
0.512227362855 0.0 0.481481481481 0.411488862837 0.443438914027
0.52808988764 0.0 0.518518518519 0.411488862837 0.424208144796
0.5353602115 0.0 0.518518518519 0.402110199297 0.421945701357
0.550561797753 0.0 0.555555555556 0.491207502931 0.487556561086
0.677461996034 0.0 0.62962962963 0.432590855803 0.484162895928
0.763384005288 0.0 0.740740740741 0.594372801876 0.618778280543
0.594183740912 0.0 0.518518518519 0.365767878077 0.442307692308
0.585591539987 0.0 0.555555555556 0.411488862837 0.443438914027
0.971579643093 0.0 0.962962962963 0.780773739742 0.7907239819
0.859220092531 0.0 0.851851851852 0.68815943728 0.696832579186
0.664904163913 0.0 0.62962962963 0.501758499414 0.537330316742
0.514871116986 0.0 0.481481481481 0.411488862837 0.443438914027
0.514871116986 0.0 0.481481481481 0.411488862837 0.443438914027
0.694646397885 0.0 0.666666666667 0.589683470106 0.615384615385
0.729015201586 0.0 0.740740740741 0.621336459555 0.609728506787
0.766688697951 0.0 0.740740740741 0.635404454865 0.659502262443
0.524124256444 0.0 0.444444444444 0.365767878077 0.442307692308
0.465300727032 0.0 0.481481481481 0.460726846424 0.442307692308
0.759418374091 0.0 0.703703703704 0.519343493552 0.574660633484
0.502313284865 0.0 0.444444444444 0.386869871043 0.441176470588
0.567746199603 0.0 0.555555555556 0.411488862837 0.424208144796
0.678122934567 0.0 0.666666666667 0.501758499414 0.513574660633
0.758757435558 0.0 0.703703703704 0.513481828839 0.567873303167
0.588235294118 0.0 0.555555555556 0.409144196952 0.441176470588
0.605419695968 0.0 0.518518518519 0.37631887456 0.460407239819
0.704560475876 0.0 0.666666666667 0.526377491208 0.56221719457
0.587574355585 0.0 0.555555555556 0.491207502931 0.519230769231
0.61797752809 0.0 0.592592592593 0.501758499414 0.523755656109
0.649041639128 0.0 0.666666666667 0.686987104338 0.662895927602
0.813615333774 0.0 0.814814814815 0.675263774912 0.671945701357
0.662921348315 0.0 0.592592592593 0.484173505275 0.549773755656
0.528750826173 0.0 0.518518518519 0.415005861665 0.423076923077
0.715796430932 0.0 0.703703703704 0.661195779601 0.66742081448
0.645076007931 0.0 0.592592592593 0.488862837046 0.536199095023
0.645076007931 0.0 0.592592592593 0.488862837046 0.536199095023
0.628552544613 0.0 0.592592592593 0.454865181712 0.487556561086
0.565763384005 0.0 0.555555555556 0.415005861665 0.423076923077
0.522141440846 0.0 0.518518518519 0.404454865182 0.404977375566
0.565763384005 0.0 0.518518518519 0.386869871043 0.429864253394
0.519497686715 0.0 0.481481481481 0.411488862837 0.443438914027
0.81758096497 0.0 0.777777777778 0.697538100821 0.72963800905
0.773298083278 0.0 0.740740740741 0.539273153576 0.569004524887
0.645736946464 0.0 0.666666666667 0.631887456038 0.60407239819
0.735624586913 0.0 0.703703703704 0.589683470106 0.615384615385
0.576999339061 0.0 0.518518518519 0.409144196952 0.460407239819
0.532716457369 0.0 0.518518518519 0.415005861665 0.423076923077
0.777924653007 0.0 0.740740740741 0.541617819461 0.573529411765
0.81031064111 0.0 0.777777777778 0.548651817116 0.576923076923
0.593522802379 0.0 0.555555555556 0.457209847597 0.486425339367
0.653668208857 0.0 0.62962962963 0.540445486518 0.555429864253
0.627230667548 0.0 0.592592592593 0.480656506448 0.506787330317
0.784534038334 0.0 0.740740740741 0.559202813599 0.595022624434
0.58162590879 0.0 0.555555555556 0.488862837046 0.504524886878
0.58162590879 0.0 0.555555555556 0.488862837046 0.504524886878
0.758757435558 0.0 0.740740740741 0.590855803048 0.600678733032
0.584269662921 0.0 0.592592592593 0.502930832356 0.485294117647
0.644415069399 0.0 0.592592592593 0.474794841735 0.515837104072
0.787177792465 0.0 0.740740740741 0.702227432591 0.734162895928
0.723727693325 0.0 0.666666666667 0.627198124267 0.669683257919
0.818241903503 0.0 0.777777777778 0.675263774912 0.702488687783
0.717118307997 0.0 0.703703703704 0.535756154748 0.539592760181
0.766688697951 0.0 0.740740740741 0.606096131301 0.619909502262
