0.813796680498 1.0 0.885714285714 0.894736842105 0.863957597173
0.841804979253 0.25 0.914285714286 0.995462794918 1.0
0.192427385892 0.0 0.114285714286 0.0898366606171 0.0106007067138
1.0 0.25 1.0 0.900181488203 0.801236749117
0.779045643154 0.5 0.828571428571 1.0 0.79593639576
0.958506224066 0.5 0.971428571429 0.80943738657 0.674911660777
0.923755186722 0.75 0.885714285714 0.933756805808 0.895759717314
0.539937759336 1.0 0.542857142857 0.494555353902 0.492932862191
0.910788381743 0.0 0.885714285714 0.829401088929 0.68109540636
0.28734439834 0.5 0.257142857143 0.232304900181 0.175795053004
0.383817427386 0.75 0.371428571429 0.434664246824 0.373674911661
0.231846473029 0.25 0.171428571429 0.110707803993 0.0503533568905
0.948132780083 0.5 0.942857142857 0.968239564428 0.91961130742
0.946576763485 0.5 0.914285714286 0.936479128857 0.862190812721
0.879668049793 0.0 0.942857142857 0.940108892922 0.686395759717
0.857883817427 0.0 0.885714285714 0.923774954628 0.810070671378
0.809128630705 0.0 0.828571428571 0.70054446461 0.626325088339
0.502074688797 0.0 0.542857142857 0.475499092559 0.393992932862
0.76867219917 0.75 0.657142857143 0.461887477314 0.485865724382
0.802904564315 0.75 0.828571428571 0.605263157895 0.66519434629
0.705912863071 0.75 0.685714285714 0.623411978221 0.648409893993
0.202800829876 0.0 0.142857142857 0.139745916515 0.0750883392226
0.857883817427 0.75 0.857142857143 0.885662431942 0.819787985866
0.635373443983 0.75 0.6 0.513611615245 0.57332155477
0.385892116183 0.0 0.4 0.328493647913 0.254416961131
0.647821576763 0.75 0.628571428571 0.569872958258 0.664310954064
0.262966804979 0.25 0.2 0.110707803993 0.0503533568905
0.785788381743 0.0 0.8 0.788566243194 0.757950530035
0.850622406639 0.0 0.857142857143 0.76497277677 0.571554770318
0.409751037344 0.25 0.342857142857 0.225952813067 0.207597173145
0.740663900415 0.0 0.771428571429 0.687840290381 0.610424028269
0.218360995851 0.0 0.171428571429 0.179673321234 0.138692579505
0.79356846473 0.75 0.8 0.738656987296 0.670494699647
0.30601659751 0.25 0.228571428571 0.101633393829 0.0609540636042
0.896265560166 0.5 0.914285714286 0.780399274047 0.749116607774
0.515041493776 0.75 0.457142857143 0.355716878403 0.389575971731
0.213174273859 0.0 0.142857142857 0.0898366606171 0.0106007067138
0.589730290456 0.0 0.628571428571 0.563520871143 0.519434628975
0.399377593361 0.75 0.4 0.457350272232 0.459363957597
0.516078838174 0.0 0.571428571429 0.451905626134 0.433745583039
0.682053941909 0.0 0.742857142857 0.656079854809 0.693462897527
0.296161825726 0.0 0.285714285714 0.246823956443 0.203180212014
0.420124481328 0.0 0.457142857143 0.38112522686 0.306537102473
0.359439834025 0.0 0.371428571429 0.392921960073 0.325088339223
0.233921161826 0.0 0.2 0.139745916515 0.0750883392226
0.604253112033 0.0 0.657142857143 0.625226860254 0.512367491166
0.521265560166 0.75 0.485714285714 0.242286751361 0.239399293286
0.628112033195 0.0 0.685714285714 0.635208711434 0.508833922261
0.746369294606 0.75 0.714285714286 0.619782214156 0.682862190813
0.417012448133 0.0 0.428571428571 0.375680580762 0.299469964664
0.439834024896 0.0 0.485714285714 0.459165154265 0.34628975265
0.831950207469 0.25 0.857142857143 0.958257713249 0.775618374558
0.335580912863 0.0 0.342857142857 0.375680580762 0.332155477032
0.490663900415 0.75 0.428571428571 0.240471869328 0.232332155477
0.192427385892 0.0 0.114285714286 0.0898366606171 0.0106007067138
0.655601659751 0.0 0.714285714286 0.679673321234 0.590989399293
0.383817427386 0.5 0.314285714286 0.170598911071 0.16961130742
0.265041493776 0.0 0.257142857143 0.241379310345 0.18816254417
0.783195020747 0.75 0.742857142857 0.570780399274 0.522084805654
0.463692946058 0.0 0.514285714286 0.570780399274 0.437279151943
0.572095435685 1.0 0.514285714286 0.360254083485 0.371024734982
0.557053941909 0.0 0.6 0.520871143376 0.47703180212
0.338692946058 0.5 0.285714285714 0.230490018149 0.177561837456
0.814315352697 0.5 0.857142857143 0.985480943739 0.71554770318
0.743257261411 0.0 0.771428571429 0.906533575318 0.617491166078
0.593360995851 0.75 0.571428571429 0.369328493648 0.364840989399
0.739626556017 0.75 0.771428571429 0.70780399274 0.651943462898
0.303941908714 0.0 0.228571428571 0.125226860254 0.0318021201413
0.309647302905 0.0 0.314285714286 0.241379310345 0.18816254417
0.38122406639 0.0 0.314285714286 0.0898366606171 0.0106007067138
0.78734439834 0.25 0.8 0.87386569873 0.836572438163
0.884854771784 0.25 0.857142857143 0.899274047187 0.854240282686
0.852178423237 0.25 0.914285714286 0.940108892922 0.874558303887
0.729253112033 0.5 0.714285714286 0.660617059891 0.707597173145
0.732365145228 0.25 0.8 0.856624319419 0.771201413428
0.249481327801 0.0 0.228571428571 0.179673321234 0.138692579505
0.865145228216 0.25 0.857142857143 0.685117967332 0.657243816254
0.264522821577 0.0 0.171428571429 0.125226860254 0.0441696113074
0.714211618257 0.5 0.714285714286 0.726860254083 0.765901060071
0.886410788382 0.25 0.857142857143 0.613430127042 0.467314487633
0.510892116183 0.0 0.4 0.147005444646 0.0503533568905
0.231846473029 0.25 0.171428571429 0.110707803993 0.0503533568905
0.228734439834 0.0 0.171428571429 0.129764065336 0.0742049469965
0.858402489627 0.0 0.885714285714 0.837568058076 0.758833922261
0.760892116183 0.0 0.771428571429 0.794918330309 0.783568904594
0.719398340249 0.25 0.771428571429 0.705989110708 0.565371024735
0.629668049793 0.0 0.6 0.441016333938 0.378975265018
0.330912863071 0.0 0.285714285714 0.175136116152 0.0962897526502
0.679460580913 0.0 0.685714285714 0.523593466425 0.554770318021
0.80031120332 0.5 0.828571428571 0.760435571688 0.696996466431
0.827800829876 0.25 0.857142857143 0.960980036298 0.734982332155
0.544087136929 0.25 0.514285714286 0.597096188748 0.515017667845
0.663381742739 0.25 0.685714285714 0.691470054446 0.636925795053
0.551348547718 0.25 0.542857142857 0.548094373866 0.482332155477
0.788381742739 0.25 0.771428571429 0.64609800363 0.722614840989
0.747925311203 0.25 0.742857142857 0.715063520871 0.743816254417
0.692427385892 0.0 0.628571428571 0.503629764065 0.453180212014
0.672717842324 0.25 0.628571428571 0.555353901996 0.589222614841
0.739107883817 0.5 0.771428571429 0.806715063521 0.820671378092
0.712136929461 0.5 0.742857142857 0.721415607985 0.727915194346
0.686721991701 0.5 0.657142857143 0.496370235935 0.409010600707
0.565352697095 0.25 0.6 0.586206896552 0.537985865724
0.876556016598 0.25 0.857142857143 0.725952813067 0.666961130742
0.584024896266 0.5 0.6 0.447368421053 0.445229681979
0.373962655602 0.0 0.314285714286 0.235934664247 0.221731448763
0.845435684647 0.25 0.8 0.677858439201 0.713780918728
0.760892116183 0.5 0.771428571429 0.743194192377 0.793286219081
0.827800829876 0.0 0.828571428571 0.844827586207 0.754416961131
0.532157676349 0.5 0.485714285714 0.349364791289 0.351590106007
0.660788381743 0.25 0.742857142857 0.801270417423 0.667844522968
0.770746887967 0.25 0.8 0.773139745917 0.631625441696
0.280082987552 0.0 0.2 0.165154264973 0.10777385159
0.757261410788 0.25 0.771428571429 0.671506352087 0.53445229682
0.840767634855 0.0 0.828571428571 0.79219600726 0.753533568905
0.854253112033 0.0 0.857142857143 0.746823956443 0.8074204947
0.247925311203 0.0 0.171428571429 0.137931034483 0.0883392226148
0.3127593361 0.25 0.285714285714 0.312159709619 0.251766784452
0.640560165975 0.25 0.657142857143 0.709618874773 0.58480565371
0.589211618257 0.5 0.571428571429 0.362068965517 0.35777385159
0.753630705394 0.5 0.8 0.864791288566 0.829505300353
0.770746887967 0.25 0.742857142857 0.590744101633 0.621908127208
0.354771784232 0.0 0.285714285714 0.137931034483 0.0795053003534
0.821058091286 0.5 0.828571428571 0.639745916515 0.6925795053
0.654045643154 0.25 0.657142857143 0.649727767695 0.640459363958
0.442946058091 0.25 0.457142857143 0.301270417423 0.227915194346
0.270228215768 0.0 0.228571428571 0.151542649728 0.0600706713781
0.393153526971 0.0 0.342857142857 0.289473684211 0.275618374558
0.498962655602 0.0 0.371428571429 0.250453720508 0.257067137809
0.651970954357 0.25 0.657142857143 0.57168784029 0.528268551237
0.570539419087 0.0 0.571428571429 0.507259528131 0.497349823322
0.314834024896 0.0 0.285714285714 0.191470054446 0.123674911661
0.665975103734 0.25 0.628571428571 0.534482758621 0.543286219081
0.613589211618 0.0 0.571428571429 0.40834845735 0.401943462898
0.778526970954 0.25 0.742857142857 0.578039927405 0.545053003534
0.754149377593 0.25 0.8 0.81941923775 0.729681978799
0.496369294606 0.0 0.457142857143 0.303085299456 0.181978798587
0.448132780083 0.5 0.457142857143 0.41833030853 0.368374558304
0.257780082988 0.25 0.228571428571 0.20054446461 0.178445229682
0.403008298755 0.25 0.342857142857 0.172413793103 0.109540636042
0.81846473029 0.75 0.857142857143 0.89110707804 0.709363957597
0.601141078838 0.25 0.6 0.55444646098 0.507067137809
0.598029045643 0.25 0.571428571429 0.423774954628 0.430212014134
0.624481327801 0.5 0.685714285714 0.654264972777 0.577738515901
0.454875518672 0.0 0.4 0.268602540835 0.213780918728
0.776452282158 0.0 0.714285714286 0.652450090744 0.569787985866
0.79356846473 0.5 0.828571428571 0.868421052632 0.772084805654
0.794605809129 0.25 0.771428571429 0.615245009074 0.605123674912
0.885373443983 0.25 0.857142857143 0.862976406534 0.810954063604
0.570539419087 0.25 0.542857142857 0.541742286751 0.533568904594
0.528526970954 0.25 0.514285714286 0.487295825771 0.475265017668
0.388485477178 0.0 0.314285714286 0.171506352087 0.0618374558304
0.752593360996 0.5 0.8 0.769509981851 0.592756183746
0.639004149378 0.25 0.657142857143 0.503629764065 0.428445229682
0.621887966805 0.25 0.6 0.468239564428 0.530035335689
0.434128630705 0.0 0.4 0.287658802178 0.335689045936
0.278526970954 0.25 0.228571428571 0.294010889292 0.195229681979
0.485477178423 0.5 0.514285714286 0.343920145191 0.340989399293
0.323651452282 0.25 0.314285714286 0.278584392015 0.21554770318
0.342842323651 0.0 0.314285714286 0.221415607985 0.178445229682
0.741182572614 0.5 0.771428571429 0.666969147005 0.562720848057
0.423236514523 0.0 0.4 0.343920145191 0.286219081272
0.381742738589 0.0 0.342857142857 0.215063520871 0.159893992933
0.700726141079 0.75 0.714285714286 0.817604355717 0.748233215548
0.396265560166 0.5 0.4 0.436479128857 0.404593639576
0.435684647303 0.25 0.428571428571 0.400181488203 0.393109540636
0.363589211618 0.25 0.314285714286 0.324863883848 0.297703180212
0.39989626556 0.0 0.314285714286 0.186025408348 0.157243816254
0.479253112033 0.0 0.485714285714 0.515426497278 0.361307420495
0.655601659751 0.0 0.628571428571 0.412885662432 0.288869257951
0.284232365145 0.0 0.228571428571 0.187840290381 0.143992932862
0.432053941909 0.0 0.371428571429 0.293103448276 0.306537102473
0.491701244813 0.25 0.457142857143 0.374773139746 0.41961130742
0.8122406639 0.0 0.828571428571 0.844827586207 0.671378091873
0.326244813278 0.0 0.257142857143 0.161524500907 0.138692579505
0.698651452282 0.75 0.771428571429 0.685117967332 0.560070671378
0.252593360996 0.0 0.2 0.196914700544 0.15371024735
0.557572614108 0.25 0.542857142857 0.467332123412 0.447879858657
0.501556016598 0.0 0.485714285714 0.310344827586 0.168727915194
0.576763485477 0.25 0.542857142857 0.419237749546 0.542402826855
0.644709543568 0.5 0.657142857143 0.519056261343 0.456713780919
0.244294605809 0.0 0.171428571429 0.0898366606171 0.0106007067138
0.852697095436 0.0 0.857142857143 0.878402903811 0.681978798587
0.816908713693 0.25 0.828571428571 0.752268602541 0.729681978799
0.31846473029 0.5 0.285714285714 0.297640653358 0.268551236749
0.79979253112 0.25 0.771428571429 0.629764065336 0.66961130742
0.364626556017 0.0 0.342857142857 0.340290381125 0.317137809187
0.60632780083 0.0 0.542857142857 0.376588021779 0.310954063604
0.294087136929 0.25 0.257142857143 0.2277676951 0.194346289753
0.4377593361 0.0 0.371428571429 0.191470054446 0.133392226148
0.58143153527 0.0 0.542857142857 0.412885662432 0.371908127208
0.593360995851 0.0 0.6 0.589836660617 0.548586572438
0.459543568465 0.0 0.428571428571 0.29945553539 0.344522968198
0.797717842324 0.25 0.8 0.818511796733 0.779151943463
0.64367219917 0.0 0.657142857143 0.637023593466 0.52296819788
0.351141078838 0.0 0.285714285714 0.156987295826 0.0901060070671
0.809128630705 0.25 0.828571428571 0.716878402904 0.651943462898
0.390041493776 0.0 0.342857142857 0.176950998185 0.145759717314
0.465767634855 0.0 0.428571428571 0.271324863884 0.242932862191
0.321576763485 0.25 0.257142857143 0.101633393829 0.0609540636042
0.616182572614 0.5 0.628571428571 0.479128856624 0.503533568905
