0.838570548367 0.166666666667 0.806451612903 0.603217158177 0.482972136223
0.735674676525 0.166666666667 0.645161290323 0.445933869526 0.331269349845
0.60505237215 0.166666666667 0.58064516129 0.438784629133 0.307533539732
0.543438077634 0.0 0.516129032258 0.38963360143 0.232198142415
0.398028342575 0.0 0.290322580645 0.241286863271 0.148606811146
0.396796056685 0.333333333333 0.354838709677 0.332439678284 0.388028895769
0.781885397412 0.166666666667 0.741935483871 0.731009830206 0.559339525284
0.720271102896 0.166666666667 0.645161290323 0.517426273458 0.53560371517
0.727664818238 0.5 0.741935483871 0.707774798928 0.69040247678
0.765865680838 0.333333333333 0.677419354839 0.587131367292 0.672858617131
0.75292667899 0.333333333333 0.709677419355 0.687220732797 0.728586171311
0.993838570548 0.333333333333 1.0 0.914209115282 0.952528379773
0.66112138016 0.333333333333 0.516129032258 0.131367292225 0.163054695562
0.587184226741 0.5 0.451612903226 0.100089365505 0.0712074303406
0.620455945779 0.166666666667 0.516129032258 0.219839142091 0.312693498452
0.423290203327 0.333333333333 0.354838709677 0.224307417337 0.227038183695
0.409118915588 0.333333333333 0.387096774194 0.381590705987 0.463364293086
0.417128773876 0.166666666667 0.41935483871 0.390527256479 0.434468524252
0.765249537893 0.666666666667 0.645161290323 0.466487935657 0.434468524252
0.569932224276 0.333333333333 0.516129032258 0.392314566577 0.329205366357
0.396796056685 0.166666666667 0.354838709677 0.2636282395 0.301341589267
0.34134319162 0.166666666667 0.258064516129 0.175156389634 0.151702786378
0.962415280345 0.833333333333 0.838709677419 0.695263628239 0.744066047472
0.777572396796 0.666666666667 0.677419354839 0.51563896336 0.509803921569
0.466420209489 0.333333333333 0.354838709677 0.100089365505 0.0712074303406
0.298213185459 0.0 0.193548387097 0.088471849866 0.0123839009288
0.711028958718 0.0 0.645161290323 0.354781054513 0.24871001032
0.930375847197 0.166666666667 0.838709677419 0.620196604111 0.450980392157
0.653111521873 0.333333333333 0.645161290323 0.539767649687 0.688338493292
0.52988293284 0.333333333333 0.548387096774 0.508489722967 0.59649122807
0.706099815157 0.333333333333 0.645161290323 0.537980339589 0.608875128999
0.828096118299 0.333333333333 0.774193548387 0.623771224307 0.716202270382
0.778188539741 0.666666666667 0.645161290323 0.332439678284 0.378740970072
0.593345656192 0.666666666667 0.483870967742 0.186773905273 0.210526315789
0.780036968577 0.5 0.741935483871 0.519213583557 0.650154798762
0.710412815773 0.166666666667 0.612903225806 0.23145665773 0.295149638803
0.49044978435 0.166666666667 0.354838709677 0.268096514745 0.167182662539
0.82932840419 0.666666666667 0.741935483871 0.595174262735 0.770897832817
0.689463955638 0.5 0.677419354839 0.734584450402 0.724458204334
0.560690080099 0.166666666667 0.516129032258 0.458445040214 0.458204334365
1.0 0.333333333333 0.967741935484 1.0 0.821465428277
0.910043130006 0.166666666667 0.870967741935 0.848078641644 0.681114551084
0.683302526186 0.166666666667 0.645161290323 0.555853440572 0.594427244582
0.617991373999 0.5 0.548387096774 0.446827524576 0.533539731682
0.801601971657 0.333333333333 0.741935483871 0.604110813226 0.618163054696
0.638324091189 0.5 0.58064516129 0.373547810545 0.338493292054
0.372150338879 0.166666666667 0.258064516129 0.088471849866 0.0123839009288
0.384473197782 0.333333333333 0.290322580645 0.206434316354 0.174406604747
0.667282809612 0.5 0.645161290323 0.621983914209 0.658410732714
0.652495378928 0.333333333333 0.645161290323 0.621983914209 0.658410732714
0.967960566852 0.5 0.967741935484 0.840035746202 1.0
1.0 0.166666666667 0.967741935484 0.798927613941 0.910216718266
0.518176216882 0.333333333333 0.451612903226 0.371760500447 0.40350877193
0.655576093654 0.333333333333 0.58064516129 0.372654155496 0.450980392157
0.749229821319 0.166666666667 0.645161290323 0.469168900804 0.510835913313
0.730745532964 0.333333333333 0.612903225806 0.429848078642 0.43653250774
0.706715958102 0.5 0.709677419355 0.656836461126 0.833849329205
0.796672828096 0.666666666667 0.806451612903 0.808757819482 0.974200206398
0.900800985829 1.0 0.774193548387 0.470956210903 0.533539731682
0.52988293284 0.666666666667 0.483870967742 0.266309204647 0.295149638803
0.408502772643 0.0 0.387096774194 0.303842716711 0.295149638803
0.573012939002 0.333333333333 0.483870967742 0.32618409294 0.415892672859
0.73629081947 0.333333333333 0.774193548387 0.682752457551 0.683178534572
0.347504621072 0.166666666667 0.290322580645 0.255585344057 0.249742002064
0.741219963031 0.666666666667 0.677419354839 0.595174262735 0.701754385965
0.650646950092 0.166666666667 0.548387096774 0.219839142091 0.312693498452
0.481823783118 0.166666666667 0.387096774194 0.26273458445 0.0990712074303
0.640172520025 0.333333333333 0.612903225806 0.441465594281 0.318885448916
0.365988909427 0.333333333333 0.322580645161 0.29490616622 0.298245614035
0.627849661121 0.666666666667 0.516129032258 0.532618409294 0.432404540764
0.918052988293 0.0 0.838709677419 0.583556747096 0.461300309598
0.784349969193 0.5 0.709677419355 0.489722966935 0.615067079463
0.675292667899 0.333333333333 0.548387096774 0.219839142091 0.312693498452
0.675292667899 0.333333333333 0.548387096774 0.219839142091 0.312693498452
0.731977818854 0.166666666667 0.709677419355 0.54691689008 0.537667698658
0.816389402341 0.333333333333 0.774193548387 0.588025022341 0.561403508772
0.409118915588 0.333333333333 0.387096774194 0.381590705987 0.463364293086
0.669747381392 0.666666666667 0.612903225806 0.529937444147 0.700722394221
0.820702402957 0.5 0.645161290323 0.254691689008 0.179566563467
0.820702402957 0.5 0.645161290323 0.254691689008 0.179566563467
