0.698994677705 0.0 0.794871794872 0.657004830918 0.828608247423
0.626256652868 0.0 0.74358974359 0.619967793881 0.740979381443
0.752808988764 0.0 0.846153846154 0.714170692432 0.844072164948
0.672383205204 0.0 0.769230769231 0.598228663446 0.716494845361
0.593140153755 0.0 0.615384615385 0.443639291465 0.617912371134
0.731519810763 0.0 0.74358974359 0.546698872786 0.724871134021
0.609107037256 0.0 0.717948717949 0.606280193237 0.684922680412
0.81371969249 0.0 0.846153846154 0.739935587762 0.884664948454
0.971291866029 0.0 0.9 0.727926078029 0.973973973974
0.637492607924 0.0 0.717948717949 0.615136876006 0.703608247423
0.71318746304 0.0 0.74358974359 0.502415458937 0.637242268041
0.606150206978 0.0 0.692307692308 0.491948470209 0.568298969072
0.719101123596 0.0 0.717948717949 0.509661835749 0.672036082474
0.742164399763 0.0 0.717948717949 0.528180354267 0.710695876289
0.53755174453 0.0 0.641025641026 0.486312399356 0.540592783505
0.56298048492 0.0 0.615384615385 0.462962962963 0.565077319588
0.651685393258 0.0 0.692307692308 0.528180354267 0.64175257732
0.811945594323 0.0 0.820512820513 0.562801932367 0.701675257732
0.543465405086 0.0 0.641025641026 0.56038647343 0.610180412371
0.754385964912 0.0 0.733333333333 0.540041067762 0.705705705706
0.448846836192 0.0 0.564102564103 0.458132045089 0.484536082474
0.734476641041 0.0 0.769230769231 0.566827697262 0.671391752577
0.764172335601 0.0 0.8125 0.61961961962 0.71032357473
0.534003548196 0.0 0.564102564103 0.30998389694 0.418170103093
0.875813128326 0.0 0.846153846154 0.697262479871 0.864690721649
0.558840922531 0.0 0.589743589744 0.434782608696 0.539304123711
0.895328208161 0.0 0.948717948718 0.877616747182 0.957474226804
0.85393258427 0.0 0.820512820513 0.611111111111 0.775773195876
0.806623299823 0.0 0.846153846154 0.766505636071 0.855025773196
0.70036101083 0.0 0.7 0.52131147541 0.649122807018
0.660555884092 0.0 0.641025641026 0.520933977456 0.667525773196
0.712773998488 0.0 0.78125 0.64964964965 0.707241910632
0.475458308693 0.0 0.589743589744 0.494363929147 0.503865979381
0.863985807215 0.0 0.846153846154 0.728663446055 0.869201030928
0.890400604686 0.0 0.9375 0.810810810811 0.885978428351
0.775510204082 0.0 0.75 0.532532532533 0.67719568567
0.744529863986 0.0 0.794871794872 0.653784219002 0.722293814433
0.657599053814 0.0 0.692307692308 0.591787439614 0.673324742268
0.594914251922 0.0 0.692307692308 0.59500805153 0.613402061856
0.554109994086 0.0 0.666666666667 0.584541062802 0.586984536082
0.646363098758 0.0 0.692307692308 0.583735909823 0.652706185567
0.904198698995 0.0 0.948717948718 0.849436392915 0.919458762887
0.718820861678 0.0 0.78125 0.665665665666 0.717257318952
0.898876404494 0.0 0.897435897436 0.816425120773 0.929768041237
0.66351271437 0.0 0.666666666667 0.5 0.60824742268
0.776463630988 0.0 0.794871794872 0.644122383253 0.737113402062
0.948551153164 0.0 0.923076923077 0.724637681159 0.861469072165
0.763453577765 0.0 0.717948717949 0.627214170692 0.782860824742
0.824955647546 0.0 0.871794871795 0.729468599034 0.791881443299
0.57244234181 0.0 0.564102564103 0.328502415459 0.443943298969
0.610733182162 0.0 0.65625 0.495495495495 0.557010785824
0.867724867725 0.0 0.875 0.731731731732 0.831278890601
0.896510940272 0.0 0.923076923077 0.820450885668 0.899484536082
0.589591957422 0.0 0.641025641026 0.507246376812 0.559922680412
0.586043761088 0.0 0.615384615385 0.516103059581 0.590850515464
0.675736961451 0.0 0.75 0.626626626627 0.654853620955
0.603784742756 0.0 0.666666666667 0.535426731079 0.574742268041
0.432288586635 0.0 0.538461538462 0.484702093398 0.479381443299
0.725623582766 0.0 0.75 0.607607607608 0.681047765794
0.675736961451 0.0 0.6875 0.491491491491 0.572419106317
0.721299638989 0.0625 0.8 0.661202185792 0.735964912281
0.499704316972 0.0 0.589743589744 0.472624798712 0.473582474227
0.781557067271 0.0 0.8125 0.692692692693 0.752696456086
0.48787699586 0.0 0.461538461538 0.217391304348 0.332474226804
0.491425192194 0.0 0.538461538462 0.41384863124 0.455541237113
0.694633408919 0.0 0.75 0.585585585586 0.618644067797
0.459491425192 0.0 0.461538461538 0.184380032206 0.269329896907
0.733182161754 0.0 0.78125 0.690690690691 0.728813559322
0.389118864577 0.0 0.487179487179 0.403381642512 0.390463917526
0.54819633353 0.0 0.538461538462 0.287439613527 0.382087628866
0.41159077469 0.0 0.410256410256 0.197262479871 0.281572164948
0.485511531638 0.0 0.512820512821 0.381642512077 0.436855670103
0.707482993197 0.0 0.75 0.627627627628 0.664098613251
0.930810171496 0.0 0.897435897436 0.725442834138 0.837628865979
0.903250188964 0.0 0.90625 0.806806806807 0.882126348228
0.743764172336 0.0 0.71875 0.565565565566 0.666409861325
0.743008314437 0.0 0.8125 0.734734734735 0.740369799692
0.444707273802 0.0 0.461538461538 0.277777777778 0.335695876289
0.783560023655 0.0 0.871794871795 0.743156199678 0.729381443299
0.808012093726 0.0 0.8125 0.66966966967 0.738828967643
0.728647014361 0.0 0.8125 0.758758758759 0.747303543914
0.546422235364 0.0 0.538461538462 0.346215780998 0.425902061856
0.829686575991 0.0 0.794871794872 0.541867954911 0.648195876289
0.897693672383 0.0 0.897435897436 0.876006441224 0.947164948454
0.768775872265 0.166666666667 0.846153846154 0.702093397746 0.859536082474
0.742164399763 0.0 0.820512820513 0.756843800322 0.746134020619
0.45180366647 0.0 0.512820512821 0.361513687601 0.367268041237
0.835600236546 0.0 0.897435897436 0.851046698873 0.855670103093
1.0 0.0 0.96875 0.858858858859 0.956086286595
0.958427815571 0.0 0.9375 0.848848848849 0.935285053929
0.775917065391 0.0 0.733333333333 0.541067761807 0.648648648649
0.50798344175 0.0 0.615384615385 0.588566827697 0.54574742268
0.615268329554 0.0 0.65625 0.479479479479 0.502311248074
0.457717327025 0.0 0.487179487179 0.386473429952 0.42074742268
0.84731670446 0.0 0.8125 0.631631631632 0.729583975347
0.797430083144 0.0 0.84375 0.746746746747 0.763482280431
0.849201655825 0.0 0.897435897436 0.83655394525 0.850515463918
0.662887377173 0.0 0.71875 0.636636636637 0.642526964561
0.768707482993 0.0 0.75 0.64964964965 0.729583975347
0.739229024943 0.0 0.75 0.640640640641 0.690292758089
0.662131519274 0.0 0.75 0.644644644645 0.617103235747
0.735018050542 0.0 0.8 0.656830601093 0.651754385965
0.736842105263 0.0 0.7 0.513347022587 0.60960960961
0.649281934996 0.0 0.71875 0.640640640641 0.630200308166
0.798185941043 0.0 0.78125 0.566566566567 0.641756548536
0.795162509448 0.0 0.84375 0.72972972973 0.738828967643
0.41691306919 0.0 0.461538461538 0.281803542673 0.294458762887
0.681845062093 0.0 0.666666666667 0.42270531401 0.494845360825
0.873771730915 0.0 0.875 0.746746746747 0.801232665639
0.356002365464 0.0 0.410256410256 0.306763285024 0.307345360825
0.82917611489 0.0 0.8125 0.696696696697 0.768104776579
0.465996451804 0.0 0.512820512821 0.409017713366 0.416881443299
0.597833935018 0.125 0.7 0.502732240437 0.579824561404
0.78231292517 0.0 0.8125 0.711711711712 0.735747303544
0.678760393046 0.0 0.75 0.635635635636 0.617873651772
0.596371882086 0.0 0.6875 0.575575575576 0.537750385208
0.36191602602 0.0 0.358974358974 0.222222222222 0.278350515464
0.694633408919 0.0 0.65625 0.522522522523 0.614021571649
0.637188208617 0.0 0.65625 0.489489489489 0.52311248074
0.821660649819 0.0 0.9 0.877595628415 0.851754385965
0.678004535147 0.0 0.6875 0.510510510511 0.553158705701
0.806500377929 0.0 0.84375 0.744744744745 0.758089368259
0.909520993495 0.0 0.897435897436 0.747987117552 0.810567010309
0.798185941043 0.0 0.78125 0.583583583584 0.651001540832
0.69308101715 0.166666666667 0.692307692308 0.449275362319 0.666237113402
0.686575990538 0.0 0.717948717949 0.549114331723 0.566365979381
0.860922146636 0.0 0.875 0.726726726727 0.761171032357
0.689342403628 0.0 0.71875 0.583583583584 0.602465331279
0.761148904006 0.0 0.75 0.561561561562 0.620955315871
0.602010644589 0.0 0.564102564103 0.375201288245 0.461340206186
0.71201814059 0.0 0.75 0.615615615616 0.625577812018
0.380248373743 0.0 0.435897435897 0.297101449275 0.289304123711
0.688586545729 0.0 0.65625 0.383383383383 0.463020030817
0.84126984127 0.0 0.8125 0.645645645646 0.721109399076
0.821617535903 0.0 0.8125 0.723723723724 0.7781201849
0.679516250945 0.0 0.6875 0.552552552553 0.588597842835
0.678760393046 0.0 0.71875 0.632632632633 0.636363636364
0.72940287226 0.0 0.75 0.588588588589 0.61093990755
0.384387936132 0.0 0.358974358974 0.157809983897 0.225515463918
0.718820861678 0.0 0.71875 0.538538538539 0.580123266564
0.807256235828 0.0 0.8125 0.680680680681 0.716486902928
0.416321703134 0.0 0.410256410256 0.242351046699 0.288659793814
0.389710230633 0.0 0.384615384615 0.202093397746 0.247422680412
0.383205204021 0.0 0.410256410256 0.269726247987 0.282860824742
0.44234180958 0.0 0.461538461538 0.301127214171 0.321520618557
0.630396215257 0.0 0.589743589744 0.363123993559 0.442654639175
0.930461073318 0.0 0.9375 0.801801801802 0.833590138675
0.740740740741 0.0 0.78125 0.653653653654 0.651771956857
0.79440665155 0.0 0.84375 0.74974974975 0.738828967643
0.492607924305 0.0 0.512820512821 0.35346215781 0.370489690722
0.78835978836 0.0 0.8125 0.710710710711 0.723420647149
0.718820861678 0.0 0.71875 0.555555555556 0.591679506934
0.802721088435 0.0 0.84375 0.757757757758 0.752696456086
0.711262282691 0.0 0.71875 0.572572572573 0.60092449923
0.823885109599 0.0 0.8125 0.64964964965 0.696456086287
0.845049130763 0.0 0.8125 0.651651651652 0.719568567026
0.991685563114 0.0 0.9375 0.835835835836 0.925269645609
0.364872856298 0.0 0.333333333333 0.131239935588 0.197809278351
0.724111866969 0.0 0.78125 0.697697697698 0.675654853621
0.769463340892 0.0 0.84375 0.807807807808 0.768104776579
0.504435245417 0.0 0.538461538462 0.3961352657 0.396262886598
0.81783824641 0.0 0.8125 0.728728728729 0.768104776579
0.474866942637 0.0 0.410256410256 0.231078904992 0.32925257732
0.890400604686 0.0 0.84375 0.658658658659 0.738828967643
0.787603930461 0.0 0.8125 0.748748748749 0.757318952234
0.746031746032 0.0 0.78125 0.660660660661 0.657935285054
0.720332577475 0.0 0.71875 0.571571571572 0.605546995378
0.731670445956 0.0 0.71875 0.586586586587 0.631741140216
0.764172335601 0.0 0.75 0.628628628629 0.674884437596
0.801444043321 0.125 0.9 0.88306010929 0.941228070175
0.801444043321 0.125 0.9 0.88306010929 0.941228070175
0.441159077469 0.0 0.435897435897 0.18115942029 0.218427835052
0.845049130763 0.0 0.8125 0.644644644645 0.708782742681
0.404494382022 0.0 0.384615384615 0.192431561997 0.242912371134
0.739984882842 0.0 0.78125 0.68968968969 0.67873651772
0.785336356765 0.0 0.75 0.571571571572 0.637134052388
0.806500377929 0.0 0.78125 0.662662662663 0.718027734977
0.97052154195 0.0 1.0 1.0 1.0
0.790627362056 0.0 0.8125 0.753753753754 0.761171032357
0.468361916026 0.0 0.410256410256 0.227858293076 0.315077319588
0.962207105064 0.0 0.875 0.744744744745 0.860554699538
0.826152683296 0.0 0.875 0.82982982983 0.808936825886
0.737717309146 0.0 0.75 0.615615615616 0.630970724191
0.862433862434 0.0 0.875 0.814814814815 0.828967642527
0.907029478458 0.0 0.90625 0.857857857858 0.884437596302
0.436428149024 0.0 0.461538461538 0.326086956522 0.326675257732
0.328799526907 0.0 0.384615384615 0.283413848631 0.253221649485
0.575399172088 0.0 0.615384615385 0.426731078905 0.412371134021
0.377882909521 0.0 0.384615384615 0.184380032206 0.202963917526
0.674225245654 0.0 0.6875 0.516516516517 0.528505392912
0.743008314437 0.0 0.75 0.655655655656 0.673343605547
0.773242630385 0.0 0.8125 0.711711711712 0.696456086287
0.62962962963 0.0 0.6875 0.555555555556 0.520801232666
0.688197767145 0.285714285714 0.733333333333 0.477412731006 0.740740740741
0.943310657596 0.0 0.9375 0.904904904905 0.93374422188
0.674748669426 0.166666666667 0.692307692308 0.482286634461 0.653994845361
0.503252513306 0.0 0.512820512821 0.334943639291 0.34793814433
0.953892668178 0.0 1.0 0.962962962963 0.939137134052
0.670758122744 0.0625 0.766666666667 0.648087431694 0.636842105263
0.702947845805 0.0 0.75 0.623623623624 0.598613251156
