0.576398062528 0.0 0.589743589744 0.568462037638 0.560274828232
0.689564068692 0.0 0.717948717949 0.738481505516 0.743285446596
0.620431527961 0.0 0.717948717949 0.725502920182 0.690818238601
0.420959929546 0.0 0.512820512821 0.539909149903 0.466583385384
0.351827388815 0.0 0.435897435897 0.372485399091 0.329793878826
0.721708498459 0.0 0.692307692308 0.633354964309 0.570268582136
0.543813298107 0.0 0.641025641026 0.571057754705 0.540287320425
0.459269044474 0.0 0.564102564103 0.512654120701 0.465334166146
0.358872743285 0.0 0.384615384615 0.308890330954 0.299188007495
0.363276089828 0.0 0.410256410256 0.35691109669 0.362898188632
0.606340819022 0.0 0.589743589744 0.487994808566 0.396627108057
0.333773667988 0.0 0.410256410256 0.385463984426 0.406620861961
0.788639365918 0.0 0.74358974359 0.666450356911 0.719550281074
0.728753852928 0.0 0.666666666667 0.578195976639 0.597126795753
0.646411272567 0.0 0.794871794872 0.770927968851 0.76514678326
0.917217084985 0.0 0.923076923077 0.805321219987 0.798875702686
0.413033905768 0.0 0.512820512821 0.426995457495 0.447220487196
0.716424482607 0.0 0.717948717949 0.611940298507 0.639600249844
0.403786878027 0.666666666667 0.564102564103 0.478260869565 0.509681449094
0.70761778952 0.0 0.666666666667 0.608695652174 0.606495940037
0.624834874505 0.666666666667 0.615384615385 0.589227774173 0.554028732042
0.339938353148 0.0 0.384615384615 0.30175210902 0.335415365397
0.455306032585 0.0 0.487179487179 0.40622972096 0.422236102436
0.798326728314 0.0 0.794871794872 0.684620376379 0.606495940037
0.670629678556 0.0 0.666666666667 0.646333549643 0.502186133666
0.629238221048 1.0 0.615384615385 0.487345879299 0.540911930044
0.671510347864 0.0 0.74358974359 0.669695003245 0.68519675203
0.641567591369 0.0 0.692307692308 0.614536015574 0.593379138039
0.52796125055 0.0 0.666666666667 0.570408825438 0.645846346034
0.558784676354 0.0 0.512820512821 0.429591174562 0.449094316052
0.638925583443 0.0 0.615384615385 0.55223880597 0.582760774516
0.424482606781 0.333333333333 0.538461538462 0.431537962362 0.445971267958
0.522236900044 0.0 0.589743589744 0.574951330305 0.502186133666
0.420959929546 0.0 0.512820512821 0.447112264763 0.424109931293
0.537648612946 0.0 0.666666666667 0.578195976639 0.589631480325
0.339938353148 0.0 0.384615384615 0.30175210902 0.335415365397
0.518714222809 0.0 0.589743589744 0.64503569111 0.625858838226
0.543813298107 0.0 0.641025641026 0.590525632706 0.573391630231
0.204755614267 0.666666666667 0.25641025641 0.235561323816 0.158650843223
0.292822545134 0.666666666667 0.358974358974 0.317975340688 0.327920049969
0.920739762219 0.333333333333 0.897435897436 0.738481505516 0.79637726421
1.0 0.0 1.0 1.0 1.0
0.598414795244 0.0 0.692307692308 0.637248539909 0.570893191755
0.693527080581 0.666666666667 0.846153846154 0.820246593121 0.821986258588
0.68428005284 0.0 0.820512820513 0.701492537313 0.80886945659
0.560105680317 0.0 0.74358974359 0.756002595717 0.679575265459
0.696609423162 0.0 0.871794871795 0.821544451655 0.8026233604
0.834434169969 1.0 0.74358974359 0.658014276444 0.640849469082
0.510347864377 0.0 0.538461538462 0.543802725503 0.464709556527
0.529282254513 0.666666666667 0.589743589744 0.519792342635 0.562773266708
0.675473359753 0.0 0.666666666667 0.585983127839 0.569019362898
0.838397181858 0.0 0.820512820513 0.672939649578 0.801374141162
0.324086305592 0.0 0.384615384615 0.269305645685 0.254840724547
0.906208718626 0.0 0.897435897436 0.793640493186 0.928794503435
0.44870101277 1.0 0.461538461538 0.378974691759 0.341661461587
0.530603258476 1.0 0.487179487179 0.355613238157 0.40724547158
0.694848084544 0.666666666667 0.641025641026 0.571706683971 0.540287320425
0.293262879789 0.666666666667 0.384615384615 0.402985074627 0.304184884447
0.716424482607 0.666666666667 0.717948717949 0.661258922777 0.615865084322
0.33905768384 0.666666666667 0.410256410256 0.358857884491 0.381011867583
0.975781594011 0.0 1.0 0.888384166126 0.954403497814
0.828269484808 0.0 0.897435897436 0.723556132382 0.755777638976
0.653896961691 0.666666666667 0.538461538462 0.454899415964 0.426608369769
0.617349185381 0.0 0.74358974359 0.741077222583 0.628357276702
0.401585204756 0.666666666667 0.435897435897 0.393900064893 0.378513429107
0.605900484368 0.0 0.692307692308 0.578844905905 0.545908806996
0.364156759137 0.0 0.512820512821 0.514600908501 0.451592754528
0.682959048877 0.0 0.666666666667 0.548994159637 0.519050593379
0.47512109203 0.0 0.435897435897 0.355613238157 0.364772017489
0.428005284016 0.0 0.461538461538 0.368591823491 0.340412242349
0.628357551739 0.0 0.615384615385 0.512005191434 0.533416614616
0.513870541612 0.0 0.564102564103 0.442569759896 0.470955652717
0.724350506385 0.0 0.794871794872 0.754704737184 0.733291692692
0.834434169969 1.0 0.74358974359 0.658014276444 0.640849469082
0.589167767503 0.0 0.615384615385 0.568462037638 0.622111180512
0.661382650815 0.0 0.666666666667 0.489941596366 0.584634603373
0.902686041391 0.0 0.897435897436 0.859831278391 0.77139287945
0.557904007045 0.0 0.615384615385 0.633354964309 0.597751405372
0.578159401145 0.0 0.538461538462 0.449059052563 0.477201748907
0.686481726112 0.333333333333 0.615384615385 0.498377676833 0.528419737664
0.605900484368 0.0 0.692307692308 0.578844905905 0.545908806996
0.70761778952 0.0 0.666666666667 0.608695652174 0.606495940037
0.96345222369 0.0 0.923076923077 0.842310188189 0.830106183635
0.432408630559 0.0 0.589743589744 0.54639844257 0.512804497189
0.569352708058 0.0 0.589743589744 0.527579493835 0.517801374141
0.546014971378 0.0 0.538461538462 0.431537962362 0.401623985009
0.699251431088 0.0 0.615384615385 0.540558079169 0.529044347283
0.833113166006 0.0 0.871794871795 0.831278390655 0.810743285447
0.503302509908 0.0 0.564102564103 0.5009733939 0.459712679575
0.638925583443 0.0 0.615384615385 0.55223880597 0.582760774516
0.292822545134 0.666666666667 0.333333333333 0.320571057755 0.248594628357
0.617789520035 0.0 0.666666666667 0.674237508112 0.513429106808
0.360634081902 0.333333333333 0.435897435897 0.373783257625 0.43222985634
0.681638044914 0.0 0.717948717949 0.641791044776 0.697064334791
0.679436371642 0.0 0.769230769231 0.665801427644 0.652092442224
0.929106120652 0.333333333333 0.846153846154 0.710577547047 0.7532792005
0.58784676354 0.0 0.666666666667 0.64308890331 0.658338538413
0.48524878908 0.0 0.641025641026 0.637897469176 0.621486570893
0.553500660502 1.0 0.564102564103 0.5048669695 0.439725171768
0.560546014971 0.0 0.589743589744 0.539260220636 0.533416614616
0.903126376046 0.0 0.974358974359 0.89357560026 0.926296064959
0.350066050198 0.0 0.384615384615 0.321219987021 0.306683322923
0.809775429326 0.333333333333 0.769230769231 0.710577547047 0.696439725172
0.839718185821 0.0 0.820512820513 0.731992212849 0.797626483448
0.409511228534 0.0 0.487179487179 0.403634003894 0.472829481574
0.307793923382 0.0 0.358974358974 0.30175210902 0.335415365397
0.552179656539 0.0 0.538461538462 0.481505515899 0.455965021861
0.458388375165 0.0 0.538461538462 0.504218040234 0.457214241099
0.515631880229 0.0 0.666666666667 0.585334198572 0.597751405372
0.633201232937 0.0 0.794871794872 0.771576898118 0.745783885072
0.678555702334 0.0 0.666666666667 0.559377027904 0.644597126796
0.50858652576 0.0 0.564102564103 0.529526281635 0.464709556527
0.507705856451 0.0 0.692307692308 0.624918883842 0.643347907558
0.752531924262 0.0 0.74358974359 0.636599610642 0.632104934416
0.33905768384 0.666666666667 0.333333333333 0.288124594419 0.218613366646
0.387054161162 0.0 0.461538461538 0.426995457495 0.397876327295
0.424482606781 0.333333333333 0.538461538462 0.431537962362 0.445971267958
0.429766622633 0.333333333333 0.538461538462 0.429591174562 0.41349156777
0.538969616909 0.0 0.666666666667 0.576898118105 0.560274828232
0.358872743285 0.0 0.487179487179 0.414016872161 0.479075577764
0.633641567591 0.0 0.641025641026 0.622972096042 0.517176764522
0.88727432849 0.0 0.820512820513 0.801427644387 0.762648344785
0.432408630559 0.0 0.589743589744 0.54639844257 0.512804497189
0.532364597094 0.0 0.692307692308 0.680077871512 0.636477201749
0.476882430647 0.0 0.589743589744 0.480207657365 0.468457214241
0.450022016733 0.0 0.564102564103 0.439325113563 0.491567770144
0.638044914135 0.0 0.769230769231 0.715768981181 0.721424109931
0.629238221048 1.0 0.615384615385 0.487345879299 0.540911930044
0.595332452664 0.0 0.641025641026 0.613238157041 0.577139287945
0.699251431088 0.0 0.615384615385 0.540558079169 0.529044347283
0.536767943637 0.0 0.589743589744 0.531473069435 0.510306058713
0.656538969617 0.666666666667 0.666666666667 0.552887735237 0.623985009369
0.819022457067 0.0 0.74358974359 0.624918883842 0.698313554029
0.792162043153 0.0 0.846153846154 0.805970149254 0.85821361649
0.432408630559 0.0 0.589743589744 0.54639844257 0.512804497189
0.714222809335 0.333333333333 0.871794871795 0.872809863725 0.861336664585
0.612065169529 0.0 0.692307692308 0.673588578845 0.579637726421
0.270365477763 0.666666666667 0.307692307692 0.253082414017 0.274203622736
0.565830030823 0.0 0.564102564103 0.529526281635 0.467207995003
0.595772787318 0.0 0.615384615385 0.511356262167 0.493441599001
0.582122413034 0.0 0.589743589744 0.581440622972 0.422860712055
0.63143989432 1.0 0.615384615385 0.483452303699 0.528419737664
0.424482606781 0.0 0.435897435897 0.339390006489 0.420986883198
0.388375165125 0.0 0.410256410256 0.318624269955 0.391630231106
0.339938353148 0.0 0.384615384615 0.30175210902 0.335415365397
0.638925583443 0.0 0.615384615385 0.55223880597 0.582760774516
0.460590048437 0.0 0.487179487179 0.416612589228 0.45034353529
0.652575957728 0.0 0.589743589744 0.523685918235 0.512804497189
0.776309995597 0.0 0.794871794872 0.679428942245 0.687070580887
0.881549977983 0.0 0.871794871795 0.797534068787 0.772642098688
0.530603258476 0.0 0.615384615385 0.477611940299 0.507183010618
0.756054601497 0.666666666667 0.794871794872 0.704737183647 0.702061211743
0.591369440775 0.0 0.615384615385 0.550940947437 0.529044347283
0.507705856451 0.0 0.615384615385 0.573004542505 0.551530293567
0.690885072655 0.333333333333 0.717948717949 0.60155743024 0.622735790131
0.605019815059 0.333333333333 0.717948717949 0.60155743024 0.6052467208
0.330691325407 0.0 0.358974358974 0.300454250487 0.2960649594
0.638044914135 0.0 0.769230769231 0.715768981181 0.721424109931
0.50858652576 0.0 0.564102564103 0.529526281635 0.464709556527
0.813298106561 0.0 0.794871794872 0.667099286178 0.745159275453
0.651695288419 0.0 0.692307692308 0.635301752109 0.577763897564
0.420959929546 0.0 0.512820512821 0.539909149903 0.466583385384
0.620431527961 0.0 0.717948717949 0.725502920182 0.690818238601
0.456186701893 0.0 0.564102564103 0.638546398443 0.519675202998
0.366358432409 0.0 0.384615384615 0.395197923426 0.272329793879
0.862175253192 0.0 0.820512820513 0.790395846853 0.7039350406
0.489652135623 0.0 0.589743589744 0.585983127839 0.515302935665
0.490973139586 0.0 0.589743589744 0.549643088903 0.55527795128
0.327168648173 0.0 0.384615384615 0.321868916288 0.381011867583
0.450902686041 0.0 0.512820512821 0.364049318624 0.251093066833
0.377807133421 0.666666666667 0.461538461538 0.413367942894 0.340412242349
0.79084103919 0.0 0.769230769231 0.685918234912 0.702061211743
0.523998238661 0.0 0.589743589744 0.498377676833 0.50593379138
0.781594011449 0.666666666667 0.794871794872 0.713822193381 0.697064334791
0.608542492294 0.333333333333 0.615384615385 0.486048020766 0.58026233604
0.760457948041 0.0 0.769230769231 0.658014276444 0.687070580887
0.702333773668 0.0 0.692307692308 0.561972744971 0.642723297939
0.595772787318 0.0 0.692307692308 0.656067488644 0.609618988132
0.589167767503 0.0 0.615384615385 0.568462037638 0.622111180512
0.773227653016 0.0 0.897435897436 0.870863075925 0.830730793254
0.629238221048 1.0 0.615384615385 0.487345879299 0.540911930044
0.962571554381 0.0 0.948717948718 0.859831278391 0.86445971268
0.756054601497 0.0 0.794871794872 0.734587929916 0.687695190506
0.612945838838 0.0 0.615384615385 0.590525632706 0.484072454716
0.413033905768 0.0 0.435897435897 0.340687865023 0.397251717676
0.544693967415 0.0 0.564102564103 0.452952628164 0.545284197377
0.413474240423 0.0 0.461538461538 0.415963659961 0.381636477202
0.420959929546 0.0 0.487179487179 0.437378325762 0.452217364147
0.546014971378 0.0 0.487179487179 0.389357560026 0.495315427858
0.650814619111 0.0 0.615384615385 0.531473069435 0.527795128045
0.737120211361 0.0 0.794871794872 0.783257624919 0.688944409744
0.85380889476 0.0 0.871794871795 0.841661258923 0.790755777639
0.471598414795 0.666666666667 0.487179487179 0.407527579494 0.434103685197
0.761338617349 0.666666666667 0.74358974359 0.636599610642 0.675202998126
0.767943637164 0.0 0.820512820513 0.737183646982 0.740162398501
0.740642888595 0.0 0.820512820513 0.807916937054 0.74703310431
0.486129458388 0.0 0.538461538462 0.425697598962 0.362898188632
0.63760457948 0.0 0.641025641026 0.517196625568 0.596502186134
0.288859533245 0.0 0.384615384615 0.30369889682 0.310430980637
0.419638925583 0.0 0.461538461538 0.388059701493 0.418488444722
