0.0986052546221 0.0 0.134615384615 0.0869995056846 0.0838840874428
1.0 0.0 1.0 1.0 1.0
0.107362958158 0.0 0.153846153846 0.0845279288186 0.0345704117946
0.866039571846 1.0 0.865384615385 0.783489866535 0.889679715302
0.115796302303 1.0 0.153846153846 0.0983687592684 0.111845449924
0.925721699643 0.0 0.942307692308 0.989125061789 0.923741738688
0.901070385988 0.0 0.923076923077 0.904102817598 0.940518556177
0.85728186831 0.0 0.884615384615 0.86752347998 0.982714794103
0.561466104444 0.0 0.730769230769 0.695007414731 0.755465175394
0.132338631203 0.0 0.173076923077 0.0919426594167 0.0818505338078
0.830360038923 0.0 0.903846153846 0.847750865052 0.948144382308
0.398313331171 1.0 0.365384615385 0.255561047949 0.370615149975
0.783652286734 0.0 0.865384615385 0.857637172516 0.897813929842
0.803113850146 1.0 0.826923076923 0.782995551162 0.916115912557
0.2218618229 0.0 0.326923076923 0.27582797825 0.275038129131
0.659422640285 0.0 0.807692307692 0.771626297578 0.889679715302
0.232241323386 1.0 0.25 0.154720711814 0.231316725979
0.146286084982 0.0 0.211538461538 0.148788927336 0.181494661922
0.479078819332 0.0 0.634615384615 0.571922886802 0.64768683274
0.122283490107 0.0 0.173076923077 0.123578843302 0.112862226741
0.845604930263 1.0 0.865384615385 0.79041028176 0.908998474835
0.781706130392 0.0 0.807692307692 0.724666337123 0.828164717844
0.204995134609 1.0 0.230769230769 0.178942165101 0.253177427555
0.686993188453 1.0 0.692307692308 0.540286702916 0.710726995425
0.806681803438 0.0 0.846153846154 0.809194265942 0.976105744789
0.134609146935 0.0 0.192307692308 0.120612951063 0.1337061515
0.264028543626 0.0 0.403846153846 0.319822046466 0.355871886121
0.516380149205 1.0 0.461538461538 0.351952545724 0.490086426029
0.44404800519 1.0 0.403846153846 0.250617894217 0.306049822064
0.57216996432 0.0 0.711538461538 0.659911023233 0.690899847483
0.532273759325 0.0 0.673076923077 0.636183885319 0.624809354347
0.166720726565 0.0 0.25 0.173504695996 0.195729537367
0.163477132663 1.0 0.192307692308 0.128027681661 0.174885612608
0.129095037301 1.0 0.153846153846 0.0944142362827 0.12150482969
0.617255919559 0.0 0.75 0.830944142363 0.776817488561
0.295815763866 1.0 0.288461538462 0.197726149283 0.250127097102
0.759325332468 1.0 0.788461538462 0.68413247652 0.714285714286
0.750567628933 0.0 0.826923076923 0.764705882353 0.90289781393
0.452481349335 1.0 0.442307692308 0.294611962432 0.432130147433
0.65034057736 1.0 0.653846153846 0.477014335146 0.723945094052
0.185857930587 1.0 0.211538461538 0.164607019278 0.233350279614
0.6821277976 1.0 0.673076923077 0.554127533366 0.677681748856
0.760298410639 1.0 0.769230769231 0.649036085022 0.70869344179
0.1589361012 0.0 0.230769230769 0.185368264953 0.168784951703
0.743107362958 0.0 0.846153846154 0.84280771132 0.876461616675
0.25364904314 0.0 0.384615384615 0.298566485418 0.380274529741
0.807330522219 1.0 0.846153846154 0.803756796836 0.933401118454
0.807979240999 0.0 0.865384615385 0.842313395947 0.986781901373
0.448264677262 1.0 0.423076923077 0.306969846762 0.445856634469
0.371067142394 0.0 0.519230769231 0.544735541275 0.610574478902
0.541680181641 0.0 0.692307692308 0.723677706377 0.786985256736
0.188128446319 0.0 0.288461538462 0.221453287197 0.235892221657
0.456373662018 0.0 0.615384615385 0.642609985171 0.674631418404
0.732403503081 1.0 0.730769230769 0.629757785467 0.783934926284
0.308141420694 0.0 0.461538461538 0.47305981216 0.503304524657
0.125202724619 1.0 0.173076923077 0.101334651508 0.156583629893
0.345442750568 0.0 0.5 0.489866534849 0.493645144891
0.228024651314 0.0 0.346153846154 0.375679683638 0.353838332486
0.657152124554 0.0 0.769230769231 0.786950074147 0.790035587189
0.289977294843 1.0 0.269230769231 0.165101334652 0.253177427555
0.483944210185 1.0 0.480769230769 0.365299060801 0.497712252161
0.755757379176 1.0 0.75 0.629757785467 0.712252160651
0.474537787869 1.0 0.384615384615 0.239248640633 0.331469242501
0.585468699319 1.0 0.576923076923 0.447849728127 0.569903406202
0.339604281544 1.0 0.307692307692 0.22491349481 0.308083375699
0.311385014596 1.0 0.326923076923 0.226890756303 0.320284697509
0.588712293221 1.0 0.519230769231 0.330696984676 0.43314692425
0.831008757704 0.0 0.865384615385 0.81512605042 0.895780376207
0.499189101524 0.0 0.653846153846 0.683143845774 0.706151499746
0.328576062277 0.0 0.480769230769 0.423133959466 0.492119979664
0.596821277976 1.0 0.615384615385 0.467622343055 0.571428571429
0.39701589361 0.0 0.557692307692 0.518536826495 0.562277580071
0.602011028219 1.0 0.557692307692 0.498269896194 0.611082867311
0.176775867661 0.0 0.269230769231 0.24962926347 0.217081850534
0.243269542653 0.0 0.326923076923 0.312901631241 0.335536349771
0.770353551735 0.0 0.846153846154 0.847256549679 0.951194712761
0.725591955887 0.0 0.769230769231 0.681660899654 0.699542450432
0.205319493999 0.0 0.307692307692 0.269401878398 0.311133706151
0.637366201752 1.0 0.596153846154 0.438457736036 0.535841382816
0.418747972754 0.0 0.576923076923 0.621354424123 0.631926792069
0.28608498216 0.0 0.442307692308 0.402867029165 0.381799694967
0.433019785923 0.0 0.596153846154 0.627780523974 0.620233858668
0.14206941291 0.0 0.153846153846 0.0889767671775 0.0981189628876
0.385987674343 0.0 0.538461538462 0.569451309936 0.5871886121
0.28511190399 0.0 0.423076923077 0.446366782007 0.442297915608
0.251702886799 0.0 0.365384615385 0.285714285714 0.30350788002
0.549789166396 0.0 0.673076923077 0.731092436975 0.812404677173
0.597794356147 1.0 0.634615384615 0.568462679189 0.695475343162
0.351929938372 1.0 0.346153846154 0.227879387049 0.219115404169
0.828089523192 0.0 0.865384615385 0.829955511616 0.841382816472
0.168018164126 0.0 0.25 0.187345526446 0.208947635994
0.695750891988 1.0 0.711538461538 0.557587740979 0.765632943569
0.574764839442 1.0 0.538461538462 0.403361344538 0.500254194204
0.686344469672 0.0 0.788461538462 0.758774097874 0.805287239451
0.646123905287 0.0 0.730769230769 0.646070192783 0.735638027453
0.151800194616 0.0 0.211538461538 0.143845773604 0.201321809863
0.8410638988 0.0 0.826923076923 0.747899159664 0.860701576004
0.640285436263 0.0 0.711538461538 0.667820069204 0.694458566345
0.385338955563 1.0 0.5 0.403361344538 0.517539400102
0.169639961077 0.0 0.211538461538 0.10627780524 0.123029994916
0.764190723321 0.0 0.769230769231 0.626297577855 0.74885612608
0.260784949724 0.0 0.326923076923 0.282748393475 0.292831723437
0.674343172235 0.0 0.711538461538 0.703905091448 0.796644636502
0.353551735323 0.0 0.403846153846 0.301532377657 0.348754448399
0.135582225105 0.0 0.192307692308 0.139891250618 0.155058464667
0.434965942264 0.0 0.538461538462 0.478497281265 0.458566344687
0.164774570224 1.0 0.211538461538 0.130499258527 0.142348754448
0.838144664288 0.0 0.846153846154 0.80425111221 0.874936451449
0.274083684723 0.0 0.403846153846 0.346020761246 0.386883579054
0.747972753811 0.0 0.846153846154 0.849233811172 0.92323335028
0.172883554979 0.0 0.230769230769 0.118141374197 0.162175902389
0.536166072008 0.0 0.576923076923 0.529906080079 0.637010676157
0.818683100876 0.0 0.826923076923 0.759268413248 0.929334011185
0.701589361012 0.0 0.730769230769 0.616905585764 0.743772241993
0.771002270516 0.0 0.788461538462 0.691547207118 0.853075749873
0.458644177749 0.0 0.557692307692 0.530400395452 0.576512455516
0.821277975997 0.0 0.846153846154 0.737518536826 0.857142857143
0.580278949076 0.0 0.653846153846 0.603064755314 0.721403152008
0.629257216996 0.0 0.75 0.744933267425 0.882053889171
0.211806681803 0.0 0.269230769231 0.142857142857 0.184544992374
0.280570872527 1.0 0.326923076923 0.244686109738 0.300457549568
0.778786895881 0.0 0.807692307692 0.734058329214 0.806812404677
0.798572818683 0.0 0.826923076923 0.760751359367 0.843416370107
0.728835549789 0.0 0.769230769231 0.718734552645 0.817488561261
0.156341226078 0.0 0.173076923077 0.113198220465 0.139806812405
0.297761920208 0.0 0.423076923077 0.39594661394 0.397051347229
0.664288031139 0.0 0.711538461538 0.642115669797 0.767666497204
0.484268569575 0.0 0.519230769231 0.399406821552 0.422470767666
0.361336360688 0.0 0.480769230769 0.329214038557 0.447890188104
0.686020110282 0.0 0.769230769231 0.755808205635 0.837315709202
0.607849497243 0.0 0.673076923077 0.595155709343 0.580579562786
0.194939993513 0.0 0.25 0.206129510628 0.244026436197
0.314304249108 0.0 0.403846153846 0.374196737519 0.471784443315
0.415180019462 0.0 0.519230769231 0.52694018784 0.57905439756
0.709049626987 0.0 0.75 0.699950568463 0.800203355363
0.605903340902 0.0 0.634615384615 0.548690064261 0.685307574987
0.493350632501 0.0 0.557692307692 0.506178942165 0.434672089476
0.196561790464 0.0 0.25 0.172021749876 0.236908998475
0.273434965942 0.0 0.365384615385 0.337123084528 0.387391967463
0.268245215699 0.0 0.365384615385 0.383588729609 0.403660396543
0.369120986053 0.0 0.365384615385 0.230845279288 0.240467717336
0.66655854687 0.0 0.673076923077 0.583786455759 0.650228774784
0.218618228998 0.0 0.269230769231 0.2619871478 0.281647178444
0.693480376257 0.0 0.75 0.664359861592 0.729537366548
0.693804735647 0.0 0.788461538462 0.74888779041 0.823589222166
0.31689912423 0.0 0.384615384615 0.269401878398 0.342653787494
0.324359390204 0.0 0.307692307692 0.213049925853 0.286731062532
0.292247810574 1.0 0.346153846154 0.236777063767 0.345195729537
0.425235160558 0.0 0.461538461538 0.363816114681 0.482460599898
0.576062277003 0.0 0.615384615385 0.467622343055 0.537874936451
0.235809276679 0.0 0.288461538462 0.214038556599 0.280630401627
0.493999351281 0.0 0.615384615385 0.560553633218 0.601931875953
0.790788193318 0.0 0.826923076923 0.759268413248 0.837824097611
0.529030165423 1.0 0.557692307692 0.499752842313 0.552618200305
0.14271813169 0.0 0.192307692308 0.135442412259 0.171326893747
0.302951670451 0.0 0.403846153846 0.420168067227 0.455516014235
0.130716834252 0.0 0.153846153846 0.101334651508 0.10523640061
0.715536814791 0.0 0.692307692308 0.559070687098 0.678190137265
0.421991566656 0.0 0.461538461538 0.376668314385 0.485002541942
0.465780084333 0.0 0.596153846154 0.593672763223 0.66395526182
0.124554005838 0.0 0.153846153846 0.0860108749382 0.0843924758516
0.739863769056 0.0 0.807692307692 0.76421156698 0.846466700559
0.320467077522 0.0 0.403846153846 0.326742461691 0.399593289273
0.394421018488 0.0 0.519230769231 0.444883835887 0.467717336045
0.627311060655 0.0 0.596153846154 0.475531389026 0.544992374174
0.374635095686 0.0 0.461538461538 0.430054374691 0.510930350788
0.736944534544 0.0 0.788461538462 0.740978744439 0.852567361464
0.530327602984 0.0 0.538461538462 0.449826989619 0.524656837824
0.756406097957 0.0 0.788461538462 0.706870983688 0.801220132181
0.622121310412 0.0 0.711538461538 0.766683143846 0.793085917641
0.468699318845 0.0 0.576923076923 0.58082056352 0.614641586172
0.719429127473 1.0 0.730769230769 0.606030647553 0.692933401118
0.591955887123 1.0 0.615384615385 0.504201680672 0.55871886121
0.434965942264 0.0 0.5 0.359367276322 0.407727503813
0.232565682777 0.0 0.307692307692 0.24814631735 0.22267412303
0.521894258839 0.0 0.596153846154 0.505684626792 0.595831215048
0.386312033733 1.0 0.442307692308 0.42214532872 0.53024911032
0.548491728836 0.0 0.692307692308 0.713297083539 0.685815963396
0.613687966267 0.0 0.692307692308 0.610479485912 0.697508896797
0.171586117418 0.0 0.230769230769 0.174987642116 0.217081850534
0.249756730457 1.0 0.307692307692 0.244191794365 0.304524656838
0.617904638339 0.0 0.673076923077 0.5793376174 0.556685307575
0.634122607849 0.0 0.673076923077 0.56549678695 0.648703609558
0.483619850795 1.0 0.480769230769 0.311418685121 0.425521098119
0.513136555303 0.0 0.615384615385 0.6070192783 0.669039145907
0.669153421992 0.0 0.75 0.741967375185 0.687341128622
0.656179046383 0.0 0.653846153846 0.526445872467 0.594814438231
0.836522867337 0.0 0.826923076923 0.732575383094 0.817488561261
0.769380473565 0.0 0.807692307692 0.756796836382 0.933909506863
0.458319818359 0.0 0.538461538462 0.437963420662 0.44128113879
0.377229970808 0.0 0.461538461538 0.424616905586 0.517031011693
0.595199481025 0.0 0.576923076923 0.441917943648 0.521098118963
0.383068439831 0.0 0.461538461538 0.389520514088 0.449923741739
0.63509568602 1.0 0.596153846154 0.513593672763 0.661921708185
0.325981187155 0.0 0.403846153846 0.349480968858 0.452465683782
0.479403178722 0.0 0.519230769231 0.432031636184 0.547025927809
0.704832954914 0.0 0.75 0.700939199209 0.779359430605
0.286733700941 1.0 0.307692307692 0.228373702422 0.328418912049
0.546869931885 0.0 0.557692307692 0.47305981216 0.563294356889
0.268569575089 0.0 0.346153846154 0.265447355413 0.322826639553
