0.657514450867 0.0 0.794871794872 0.792576419214 0.806153846154
0.642581888247 0.0 0.769230769231 0.737263464338 0.762461538462
0.654142581888 0.0 0.74358974359 0.766375545852 0.821538461538
0.564547206166 0.0 0.666666666667 0.596797671033 0.653538461538
0.651734104046 0.0 0.74358974359 0.713973799127 0.752615384615
0.65366088632 0.0 0.769230769231 0.703784570597 0.715692307692
0.625722543353 0.0 0.717948717949 0.720524017467 0.752615384615
0.496146435453 0.0 0.564102564103 0.465065502183 0.556923076923
0.827071290944 0.0 0.923076923077 0.866812227074 0.859076923077
0.581888246628 0.0 0.666666666667 0.618631732169 0.668307692308
0.720134874759 0.0 0.871794871795 0.868995633188 0.809230769231
0.583333333333 0.0 0.692307692308 0.692139737991 0.704615384615
0.680154142582 0.0 0.769230769231 0.772925764192 0.788307692308
0.596820809249 0.0 0.692307692308 0.57423580786 0.612307692308
0.560693641618 0.0 0.666666666667 0.620087336245 0.644307692308
0.417148362235 0.0 0.512820512821 0.508733624454 0.566153846154
0.46098265896 0.0 0.564102564103 0.558951965066 0.6
0.767341040462 0.0 0.846153846154 0.814410480349 0.825846153846
0.653179190751 0.0 0.74358974359 0.742358078603 0.756923076923
0.805876685934 0.0 0.871794871795 0.864628820961 0.877538461538
0.405105973025 0.0 0.487179487179 0.413391557496 0.488
0.56021194605 0.0 0.666666666667 0.59461426492 0.612307692308
0.714836223507 0.0 0.717948717949 0.614264919942 0.718769230769
0.724470134875 0.0 0.794871794872 0.785298398836 0.801846153846
0.549614643545 0.0 0.666666666667 0.755458515284 0.741538461538
0.68978805395 0.0 0.769230769231 0.799854439592 0.806769230769
0.582851637765 0.0 0.666666666667 0.655749636099 0.683076923077
0.653179190751 0.0 0.74358974359 0.729985443959 0.736615384615
0.591040462428 0.0 0.666666666667 0.669577874818 0.702153846154
0.673410404624 0.0 0.769230769231 0.774381368268 0.768615384615
0.603082851638 0.0 0.717948717949 0.690684133916 0.681230769231
0.381502890173 0.0 0.461538461538 0.406113537118 0.478769230769
0.554431599229 0.0 0.589743589744 0.521106259098 0.611692307692
0.612716763006 0.0 0.666666666667 0.598253275109 0.656
0.682080924855 0.0 0.769230769231 0.740174672489 0.742769230769
0.604527938343 0.0 0.692307692308 0.738719068413 0.745846153846
0.796242774566 0.0 0.871794871795 0.880640465793 0.869538461538
0.534200385356 0.0 0.666666666667 0.686317321689 0.660923076923
0.769267822736 0.0 0.820512820513 0.804949053857 0.827692307692
0.511560693642 0.0 0.641025641026 0.700873362445 0.676307692308
0.542870905588 0.0 0.641025641026 0.686317321689 0.691692307692
0.528420038536 0.0 0.615384615385 0.529112081514 0.565538461538
0.555394990366 0.0 0.666666666667 0.633187772926 0.630153846154
0.686897880539 0.0 0.794871794872 0.780931586608 0.753846153846
0.644026974952 0.0 0.794871794872 0.738719068413 0.677538461538
0.333333333333 0.0 0.410256410256 0.271470160116 0.36
0.680154142582 0.0 0.769230769231 0.776564774381 0.768
0.549614643545 0.0 0.666666666667 0.691411935953 0.673846153846
0.444123314066 0.0 0.538461538462 0.512372634643 0.544
0.458574181118 0.0 0.512820512821 0.440320232897 0.518769230769
0.559248554913 0.0 0.666666666667 0.603347889374 0.603076923077
0.681117533719 0.0 0.74358974359 0.691411935953 0.713846153846
0.633911368015 0.0 0.717948717949 0.698689956332 0.701538461538
0.388246628131 0.0 0.487179487179 0.457059679767 0.491076923077
0.587186897881 0.0 0.692307692308 0.780203784571 0.755076923077
0.806840077071 0.0 0.794871794872 0.754730713246 0.832
0.749518304432 0.0 0.846153846154 0.85807860262 0.820307692308
0.560693641618 0.0 0.615384615385 0.534206695779 0.589538461538
0.568400770713 0.0 0.666666666667 0.58442503639 0.590153846154
0.775529865125 0.0 0.897435897436 0.896652110626 0.827076923077
0.686897880539 0.0 0.74358974359 0.732168850073 0.752
0.607899807322 0.0 0.717948717949 0.796215429403 0.761230769231
1.0 0.0 1.0 0.975982532751 1.0
0.53612716763 0.0 0.641025641026 0.620087336245 0.616
0.392100192678 0.0 0.487179487179 0.467248908297 0.500923076923
0.646917148362 0.0 0.717948717949 0.669577874818 0.684923076923
0.466281310212 0.0 0.589743589744 0.636826783115 0.616615384615
0.740366088632 0.0 0.820512820513 0.761280931587 0.749538461538
0.809248554913 0.0 0.820512820513 0.788209606987 0.835692307692
0.585741811175 0.0 0.692307692308 0.757641921397 0.730461538462
0.71098265896 0.0 0.794871794872 0.713973799127 0.705846153846
0.646435452794 0.0 0.717948717949 0.623726346434 0.642461538462
0.364161849711 0.0 0.435897435897 0.394468704512 0.459692307692
0.806358381503 0.0 0.923076923077 1.0 0.917538461538
0.429190751445 0.0 0.512820512821 0.434497816594 0.478769230769
0.492774566474 0.0 0.589743589744 0.614264919942 0.619076923077
0.583333333333 0.0 0.641025641026 0.606259097525 0.644307692308
0.480250481696 0.0 0.589743589744 0.563318777293 0.562461538462
0.684971098266 0.0 0.769230769231 0.740902474527 0.729230769231
0.666666666667 0.0 0.794871794872 0.775836972344 0.718153846154
0.444123314066 0.0 0.564102564103 0.529112081514 0.524307692308
0.615125240848 0.0 0.666666666667 0.649927219796 0.684923076923
0.445568400771 0.0 0.564102564103 0.570596797671 0.561230769231
0.781310211946 0.0 0.794871794872 0.747452692868 0.796307692308
0.737475915222 0.0 0.820512820513 0.834061135371 0.806769230769
0.86753371869 0.0 0.897435897436 0.818777292576 0.836307692308
0.798651252408 0.0 0.769230769231 0.740902474527 0.830153846154
0.705202312139 0.0 0.794871794872 0.824599708879 0.792615384615
0.545761078998 0.0 0.615384615385 0.620815138282 0.643692307692
0.627167630058 0.0 0.692307692308 0.617903930131 0.64
0.512524084778 0.0 0.589743589744 0.508733624454 0.539692307692
0.681117533719 0.0 0.794871794872 0.863173216885 0.803692307692
0.563583815029 0.0 0.641025641026 0.626637554585 0.639384615385
0.800578034682 0.0 0.820512820513 0.778748180495 0.812307692308
0.482658959538 0.0 0.589743589744 0.532023289665 0.531076923077
0.66859344894 0.0 0.717948717949 0.66885007278 0.694769230769
0.476878612717 0.0 0.589743589744 0.615720524017 0.598769230769
0.507225433526 0.0 0.615384615385 0.614264919942 0.6
0.48795761079 0.0 0.564102564103 0.523289665211 0.552615384615
0.612235067437 0.0 0.692307692308 0.694323144105 0.690461538462
0.616088631985 0.0 0.692307692308 0.665938864629 0.668923076923
0.408959537572 0.0 0.512820512821 0.486171761281 0.497846153846
0.554431599229 0.0 0.615384615385 0.560407569141 0.595076923077
0.712909441233 0.0 0.769230769231 0.71615720524 0.725538461538
0.517341040462 0.0 0.641025641026 0.649927219796 0.614153846154
0.595375722543 0.0 0.717948717949 0.712518195051 0.664615384615
0.748554913295 0.0 0.820512820513 0.836244541485 0.812307692308
0.466281310212 0.0 0.512820512821 0.484716157205 0.547076923077
0.64161849711 0.0 0.74358974359 0.724890829694 0.691692307692
0.562138728324 0.0 0.692307692308 0.713973799127 0.659692307692
0.617052023121 0.0 0.692307692308 0.732168850073 0.725538461538
0.508188824663 0.0 0.666666666667 0.71615720524 0.636307692308
0.464836223507 0.0 0.564102564103 0.599708879185 0.594461538462
0.491811175337 0.0 0.589743589744 0.527656477438 0.530461538462
0.556358381503 0.0 0.615384615385 0.574963609898 0.604923076923
0.672447013487 0.0 0.769230769231 0.876273653566 0.824615384615
0.590558766859 0.0 0.666666666667 0.634643377001 0.638153846154
0.622350674374 0.0 0.74358974359 0.816593886463 0.751384615385
0.644026974952 0.0 0.717948717949 0.717612809316 0.708923076923
0.628131021195 0.0 0.641025641026 0.459243085881 0.542769230769
0.452793834297 0.0 0.538461538462 0.481077147016 0.502153846154
0.367052023121 0.0 0.487179487179 0.428675400291 0.427692307692
0.769749518304 0.0 0.794871794872 0.740174672489 0.766769230769
0.472061657033 0.0 0.538461538462 0.438136826783 0.481230769231
0.438342967245 0.0 0.538461538462 0.494905385735 0.500307692308
0.623795761079 0.0 0.692307692308 0.694323144105 0.693538461538
0.605973025048 0.0 0.666666666667 0.598981077147 0.618461538462
0.514450867052 0.0 0.615384615385 0.598253275109 0.584615384615
0.467244701349 0.0 0.589743589744 0.586608442504 0.556307692308
0.562620423892 0.0 0.589743589744 0.550946142649 0.611692307692
0.703757225434 0.0 0.74358974359 0.704512372635 0.724307692308
0.513487475915 0.0 0.589743589744 0.578602620087 0.590769230769
0.552504816956 0.0 0.615384615385 0.573508005822 0.596307692308
0.482658959538 0.0 0.615384615385 0.561863173217 0.522461538462
0.624277456647 0.0 0.717948717949 0.751819505095 0.717538461538
0.642581888247 0.0 0.74358974359 0.632459970888 0.604307692308
0.637283236994 0.0 0.717948717949 0.700145560408 0.683692307692
0.782755298651 0.0 0.74358974359 0.680494905386 0.773538461538
0.596820809249 0.0 0.641025641026 0.649199417758 0.676923076923
0.630539499037 0.0 0.717948717949 0.703784570597 0.68
0.662813102119 0.0 0.74358974359 0.731441048035 0.708307692308
0.619942196532 0.0 0.692307692308 0.696506550218 0.688615384615
0.57225433526 0.0 0.692307692308 0.692139737991 0.641230769231
0.498073217726 0.0 0.641025641026 0.738719068413 0.664615384615
0.766377649326 0.0 0.769230769231 0.641193595342 0.697846153846
0.712427745665 0.0 0.769230769231 0.737991266376 0.733538461538
0.616570327553 0.0 0.666666666667 0.661572052402 0.679384615385
0.624759152216 0.0 0.74358974359 0.776564774381 0.712615384615
0.412813102119 0.0 0.487179487179 0.510917030568 0.536615384615
0.613680154143 0.0 0.717948717949 0.727802037846 0.684307692308
0.811657032755 0.0 0.820512820513 0.828238719068 0.852307692308
0.441714836224 0.0 0.538461538462 0.543668122271 0.540923076923
0.552023121387 0.0 0.615384615385 0.582241630277 0.6
0.729768786127 0.0 0.74358974359 0.696506550218 0.736615384615
0.48506743738 0.0 0.589743589744 0.614264919942 0.592
0.700385356455 0.0 0.692307692308 0.634643377001 0.705230769231
0.396917148362 0.0 0.487179487179 0.465065502183 0.480615384615
0.591040462428 0.0 0.692307692308 0.691411935953 0.655384615385
0.434007707129 0.0 0.512820512821 0.491994177584 0.512
0.682562620424 0.0 0.717948717949 0.686317321689 0.708307692308
0.555394990366 0.0 0.615384615385 0.615720524017 0.630769230769
0.550578034682 0.0 0.615384615385 0.585152838428 0.599384615385
0.624277456647 0.0 0.74358974359 0.708879184862 0.649846153846
0.619460500963 0.0 0.692307692308 0.667394468705 0.659076923077
0.500481695568 0.0 0.615384615385 0.569868995633 0.540307692308
0.424373795761 0.0 0.512820512821 0.529839883552 0.536
0.5 0.0 0.615384615385 0.590247452693 0.557538461538
0.485549132948 0.0 0.564102564103 0.544395924309 0.553846153846
0.563102119461 0.0 0.641025641026 0.609898107715 0.606769230769
0.684971098266 0.0 0.769230769231 0.809315866084 0.767384615385
0.455684007707 0.0 0.538461538462 0.5269286754 0.536
0.774566473988 0.0 0.794871794872 0.788937409025 0.805538461538
0.381502890173 0.0 0.487179487179 0.521106259098 0.513230769231
0.591522157996 0.0 0.692307692308 0.713973799127 0.673230769231
0.852119460501 0.0 0.820512820513 0.758369723435 0.824
0.494219653179 0.0 0.589743589744 0.553857350801 0.544
0.549614643545 0.0 0.641025641026 0.588791848617 0.574769230769
0.585260115607 0.0 0.641025641026 0.576419213974 0.596307692308
0.721098265896 0.0 0.769230769231 0.734352256186 0.732923076923
0.661849710983 0.0 0.74358974359 0.714701601164 0.686769230769
0.481695568401 0.0 0.564102564103 0.579330422125 0.579076923077
0.628131021195 0.0 0.692307692308 0.7096069869 0.700923076923
0.733140655106 0.0 0.769230769231 0.725618631732 0.735384615385
0.697495183044 0.0 0.769230769231 0.788209606987 0.757538461538
0.724951830443 0.0 0.769230769231 0.782387190684 0.777230769231
0.436897880539 0.0 0.487179487179 0.440320232897 0.490461538462
0.682080924855 0.0 0.717948717949 0.693595342067 0.710153846154
0.556358381503 0.0 0.641025641026 0.65211062591 0.634461538462
0.565510597303 0.0 0.589743589744 0.525473071325 0.581538461538
0.686416184971 0.0 0.717948717949 0.703056768559 0.721846153846
0.659922928709 0.0 0.692307692308 0.674672489083 0.697230769231
0.604527938343 0.0 0.74358974359 0.780203784571 0.689230769231
0.604527938343 0.0 0.666666666667 0.587336244541 0.594461538462
0.58429672447 0.0 0.641025641026 0.535662299854 0.555692307692
0.571772639692 0.0 0.666666666667 0.716885007278 0.677538461538
0.529383429672 0.0 0.615384615385 0.620087336245 0.603692307692
0.536608863198 0.0 0.589743589744 0.545123726346 0.569230769231
0.639691714836 0.0 0.692307692308 0.68922852984 0.689230769231
0.499518304432 0.0 0.564102564103 0.532751091703 0.549538461538
0.616088631985 0.0 0.641025641026 0.543668122271 0.588923076923
