0.432821497121 0.0 0.594594594595 0.590228526399 0.56600128783
0.628598848369 0.0 0.594594594595 0.591016548463 0.459755312299
0.625719769674 0.0 0.648648648649 0.494089834515 0.589182227946
0.32773512476 0.0 0.459459459459 0.387706855792 0.457179652286
0.39443378119 0.0 0.432432432432 0.278959810875 0.221506761108
0.430422264875 0.0 0.513513513514 0.323877068558 0.336123631681
0.341170825336 0.0 0.459459459459 0.309692671395 0.320669671603
0.262955854127 0.0 0.324324324324 0.192277383767 0.13393432067
0.456333973129 0.0 0.513513513514 0.423955870764 0.331616226658
0.456333973129 0.0 0.513513513514 0.423955870764 0.331616226658
0.284548944338 0.0 0.432432432432 0.450748620961 0.316806181584
0.149232245681 0.0 0.216216216216 0.182033096927 0.079201545396
0.546065259117 0.0 0.567567567568 0.393223010244 0.490663232453
0.279750479846 0.0 0.405405405405 0.286840031521 0.358660656793
0.171785028791 0.0 0.243243243243 0.249802994484 0.138441725692
0.407389635317 0.0 0.594594594595 0.710795902285 0.51191242756
0.243282149712 0.0 0.324324324324 0.303388494878 0.309723116549
0.483685220729 0.0 0.621621621622 0.558707643814 0.64198325821
1.0 0.0 1.0 0.994483845548 1.0
0.884357005758 0.0 0.864864864865 0.704491725768 0.805537669028
0.591650671785 0.0 0.756756756757 0.776201733649 0.771410173857
0.540786948177 0.0 0.675675675676 0.591804570528 0.681262073406
0.765834932821 0.0 0.810810810811 0.73207249803 0.694784288474
0.765834932821 0.0 0.810810810811 0.73207249803 0.694784288474
0.482245681382 0.0 0.594594594595 0.480693459417 0.538312942692
0.217850287908 0.0 0.297297297297 0.270291568164 0.270444301352
0.702495201536 0.0 0.756756756757 0.65011820331 0.652929813265
0.43330134357 0.0 0.594594594595 0.578408195429 0.540888602704
0.556142034549 0.0 0.567567567568 0.41134751773 0.439793947199
0.630038387716 0.0 0.648648648649 0.483845547675 0.51191242756
0.354126679463 0.0 0.513513513514 0.451536643026 0.350289761751
0.571017274472 0.0 0.594594594595 0.479905437352 0.450740502254
0.363723608445 0.0 0.486486486486 0.377462568952 0.3799098519
0.794145873321 0.0 0.837837837838 0.778565799842 0.739858338699
0.609884836852 0.0 0.540540540541 0.416863672183 0.347714101739
0.392034548944 0.0 0.432432432432 0.34988179669 0.248551191243
0.381957773512 0.0 0.567567567568 0.62962962963 0.446877012234
0.33877159309 0.0 0.486486486486 0.518518518519 0.37604636188
0.279750479846 0.0 0.405405405405 0.286840031521 0.358660656793
0.459692898273 0.0 0.567567567568 0.41292356186 0.479072762395
0.427063339731 0.0 0.594594594595 0.611505122143 0.580167417901
0.359404990403 0.0 0.486486486486 0.387706855792 0.457179652286
0.311420345489 0.0 0.432432432432 0.286840031521 0.358660656793
0.726967370441 0.0 0.756756756757 0.754925137904 0.708306503542
0.417946257198 0.0 0.513513513514 0.520094562648 0.434642627173
0.559021113244 0.0 0.756756756757 0.921985815603 0.677398583387
0.928982725528 0.0 0.945945945946 0.818754925138 0.782356728912
0.797504798464 0.0 0.837837837838 0.73207249803 0.694784288474
0.376199616123 0.0 0.513513513514 0.427107959023 0.49001931745
0.359404990403 0.0 0.486486486486 0.387706855792 0.457179652286
0.518234165067 0.0 0.702702702703 0.707643814027 0.560849967804
0.519193857965 0.0 0.675675675676 0.640661938534 0.54990341275
0.499040307102 0.0 0.702702702703 0.757289204098 0.670959433355
0.376199616123 0.0 0.513513513514 0.427107959023 0.49001931745
0.590211132438 0.0 0.72972972973 0.698187549251 0.667739858339
0.458733205374 0.0 0.621621621622 0.611505122143 0.580167417901
0.445297504798 0.0 0.540540540541 0.39243498818 0.347070186735
0.364683301344 0.0 0.513513513514 0.490149724192 0.349645846748
0.567658349328 0.0 0.702702702703 0.630417651694 0.608499678042
0.780230326296 0.0 0.783783783784 0.58707643814 0.670315518352
0.298944337812 0.0 0.405405405405 0.23719464145 0.248551191243
0.449616122841 0.0 0.567567567568 0.508274231678 0.426271732131
0.243282149712 0.0 0.324324324324 0.303388494878 0.309723116549
0.243282149712 0.0 0.324324324324 0.303388494878 0.309723116549
0.509596928983 0.0 0.486486486486 0.409771473601 0.441725692209
0.826295585413 0.0 0.891891891892 0.882584712372 0.903412749517
0.759117082534 0.0 0.783783783784 0.59732072498 0.714745653574
0.485124760077 0.0 0.567567567568 0.43341213554 0.482292337411
0.537428023033 0.0 0.702702702703 0.708431836091 0.712169993561
0.448656429942 0.0 0.567567567568 0.552403467297 0.52607855763
0.764395393474 0.0 0.810810810811 0.785657998424 0.681262073406
0.761516314779 0.0 0.810810810811 0.820330969267 0.701223438506
0.63915547025 0.0 0.648648648649 0.416075650118 0.452672247263
0.456813819578 1.0 0.459459459459 0.403467297084 0.295556986478
0.625239923225 0.0 0.810810810811 1.0 0.817128139086
0.489923224568 0.0 0.594594594595 0.731284475965 0.579523502898
0.220729366603 0.0 0.297297297297 0.235618597321 0.250482936252
0.484165067179 0.0 0.459459459459 0.376674546887 0.402446877012
0.436660268714 0.0 0.513513513514 0.394011032309 0.449452672247
0.702975047985 0.0 0.675675675676 0.500394011032 0.581455247907
