0.406600249066 0.0 0.333333333333 0.233665559247 0.200265251989
0.427770859278 0.4 0.333333333333 0.233665559247 0.200265251989
0.776463262765 1.0 0.666666666667 0.612403100775 0.554376657825
0.646948941469 0.8 0.533333333333 0.416389811739 0.352785145889
0.537359900374 0.6 0.433333333333 0.376522702104 0.444297082228
0.575342465753 0.6 0.533333333333 0.629014396456 0.685676392573
0.504358655044 0.6 0.433333333333 0.430786267996 0.40848806366
0.638231631382 0.6 0.566666666667 0.481727574751 0.480106100796
0.425280199253 0.8 0.366666666667 0.330011074197 0.362068965517
0.46699875467 1.0 0.4 0.356589147287 0.356763925729
0.920298879203 0.2 0.9 0.832779623477 0.798408488064
0.783312577833 0.2 0.766666666667 0.723145071982 0.622015915119
0.800747198007 0.8 0.766666666667 0.858250276855 0.881962864721
0.674346201743 0.6 0.566666666667 0.543743078627 0.397877984085
0.549813200498 0.6 0.466666666667 0.40088593577 0.413793103448
0.531133250311 0.6 0.433333333333 0.299003322259 0.255968169761
1.0 1.0 1.0 1.0 0.992042440318
0.455790784558 0.2 0.433333333333 0.321151716501 0.323607427056
0.919053549191 0.6 0.866666666667 0.872646733112 0.87400530504
0.584059775841 0.4 0.533333333333 0.335548172757 0.419098143236
0.53798256538 0.4 0.433333333333 0.388704318937 0.437665782493
0.644458281445 0.6 0.6 0.517165005537 0.511936339523
0.584059775841 0.4 0.533333333333 0.335548172757 0.419098143236
0.623287671233 0.4 0.5 0.442967884828 0.322281167109
0.604607721046 0.2 0.533333333333 0.418604651163 0.371352785146
0.452054794521 0.0 0.333333333333 0.325581395349 0.200265251989
0.452054794521 0.0 0.333333333333 0.325581395349 0.200265251989
0.43399750934 0.4 0.366666666667 0.240310077519 0.208222811671
0.513075965131 0.4 0.466666666667 0.33665559247 0.359416445623
0.603362391034 0.0 0.533333333333 0.385382059801 0.342175066313
0.744707347447 1.0 0.7 0.619047619048 0.684350132626
0.539850560399 0.0 0.466666666667 0.544850498339 0.477453580902
0.669364881694 0.6 0.633333333333 0.483942414175 0.521220159151
0.486924034869 0.4 0.433333333333 0.304540420819 0.290450928382
0.665628891656 0.2 0.566666666667 0.553709856035 0.583554376658
0.628268991283 0.2 0.533333333333 0.52934662237 0.51724137931
0.645703611457 0.4 0.566666666667 0.408637873754 0.342175066313
0.603362391034 0.0 0.566666666667 0.610188261351 0.518567639257
0.711706102117 0.8 0.633333333333 0.50276854928 0.415119363395
0.615193026152 0.0 0.5 0.40642303433 0.380636604775
0.845579078456 0.2 0.8 0.736434108527 0.724137931034
0.590286425903 0.6 0.6 0.466223698782 0.419098143236
0.694894146949 0.8 0.633333333333 0.544850498339 0.579575596817
0.514943960149 0.6 0.466666666667 0.320044296788 0.356763925729
0.418430884184 0.0 0.366666666667 0.258028792913 0.188328912467
0.435242839352 0.4 0.333333333333 0.234772978959 0.185676392573
0.470734744707 0.4 0.4 0.299003322259 0.311671087533
0.672478206725 0.6 0.633333333333 0.56146179402 0.713527851459
0.65504358655 1.0 0.566666666667 0.34772978959 0.458885941645
0.643212951432 0.4 0.566666666667 0.514950166113 0.442970822281
0.431506849315 0.2 0.4 0.373200442968 0.270557029178
0.485056039851 0.4 0.4 0.332225913621 0.318302387268
0.646948941469 0.8 0.566666666667 0.468438538206 0.393899204244
0.612079701121 0.2 0.566666666667 0.614617940199 0.602122015915
0.397260273973 0.0 0.266666666667 0.148394241417 0.133952254642
0.679327521793 0.6 0.566666666667 0.653377630122 0.53050397878
0.582814445828 0.4 0.466666666667 0.346622369878 0.310344827586
0.328767123288 0.2 0.266666666667 0.24584717608 0.202917771883
0.856787048568 0.2 0.833333333333 0.913621262458 1.0
0.630759651308 0.2 0.533333333333 0.437430786268 0.503978779841
0.565379825654 0.0 0.533333333333 0.408637873754 0.351458885942
0.544831880448 0.6 0.466666666667 0.345514950166 0.279840848806
0.742216687422 0.0 0.666666666667 0.740863787375 0.680371352785
0.347447073474 0.2 0.266666666667 0.255813953488 0.224137931034
0.59402241594 0.6 0.5 0.369878183832 0.275862068966
0.469489414695 0.4 0.366666666667 0.209302325581 0.0928381962865
0.506226650062 0.4 0.466666666667 0.425249169435 0.413793103448
0.564757160648 0.6 0.466666666667 0.343300110742 0.420424403183
0.409090909091 0.4 0.366666666667 0.348837209302 0.273209549072
0.635118306351 0.4 0.6 0.552602436323 0.574270557029
0.455790784558 0.2 0.433333333333 0.321151716501 0.323607427056
0.64196762142 0.2 0.6 0.646733111849 0.594164456233
0.485056039851 0.4 0.4 0.172757475083 0.18700265252
0.457658779577 0.6 0.366666666667 0.124031007752 0.0915119363395
0.465130759651 0.4 0.4 0.397563676633 0.383289124668
0.62204234122 0.4 0.533333333333 0.387596899225 0.409814323607
0.780821917808 1.0 0.7 0.477297895903 0.405835543767
0.600871731009 0.6 0.566666666667 0.388704318937 0.466843501326
0.349315068493 0.4 0.266666666667 0.21926910299 0.208222811671
0.792652552927 0.8 0.766666666667 0.647840531561 0.728116710875
0.529265255293 0.6 0.466666666667 0.489479512735 0.525198938992
0.769613947696 0.6 0.666666666667 0.695459579181 0.692307692308
0.467621419676 0.0 0.4 0.352159468439 0.309018567639
0.379825653798 0.8 0.266666666667 0.158361018826 0.111405835544
0.879825653798 1.0 0.8 0.56699889258 0.580901856764
0.724159402242 0.4 0.633333333333 0.569213732004 0.615384615385
0.65504358655 1.0 0.566666666667 0.34772978959 0.458885941645
0.679327521793 0.6 0.666666666667 0.563676633444 0.746684350133
0.543586550436 0.0 0.466666666667 0.385382059801 0.342175066313
0.605853051059 0.0 0.533333333333 0.482834994463 0.371352785146
0.603362391034 0.0 0.533333333333 0.385382059801 0.342175066313
0.496264009963 0.6 0.466666666667 0.365448504983 0.416445623342
0.668742216687 0.4 0.666666666667 0.553709856035 0.460212201592
0.338729763387 0.0 0.266666666667 0.21926910299 0.208222811671
0.328767123288 0.2 0.266666666667 0.24584717608 0.202917771883
0.548567870486 0.0 0.466666666667 0.351052048726 0.334217506631
0.548567870486 0.8 0.433333333333 0.286821705426 0.274535809019
0.519302615193 0.6 0.433333333333 0.343300110742 0.2824933687
0.66500622665 0.0 0.633333333333 0.552602436323 0.522546419098
0.490660024907 0.2 0.433333333333 0.416389811739 0.476127320955
