0.921793534932 0.2 0.941176470588 1.0 0.88582302569
0.193430656934 0.0 0.117647058824 0.0846153846154 0.011417697431
1.0 0.4 1.0 0.981196581197 0.970504281637
0.777372262774 1.0 0.764705882353 0.706837606838 0.81826831589
0.958289885297 0.4 0.970588235294 0.969230769231 1.0
0.903023983316 0.6 0.911764705882 0.720512820513 0.725975261656
0.233055265902 0.2 0.176470588235 0.104273504274 0.0542340627973
0.953597497393 0.2 1.0 0.858974358974 0.81826831589
0.314389989572 0.4 0.294117647059 0.254700854701 0.259752616556
0.380604796663 0.6 0.382352941176 0.367521367521 0.409134157945
0.566736183525 0.8 0.588235294118 0.42905982906 0.437678401522
0.691345151199 0.8 0.617647058824 0.488034188034 0.6013320647
0.900938477581 0.0 0.852941176471 0.805982905983 0.848715509039
0.864442127216 0.6 0.941176470588 0.869230769231 0.893434823977
0.894681960375 0.4 1.0 0.95641025641 0.937202664129
0.912408759124 0.4 0.970588235294 0.847008547009 0.922930542341
0.734619395203 0.0 0.794117647059 0.576923076923 0.709800190295
0.278415015641 0.2 0.205882352941 0.0957264957265 0.0656517602284
0.832116788321 0.0 0.882352941176 0.679487179487 0.688867745005
0.691866527633 0.6 0.676470588235 0.587179487179 0.698382492864
0.715328467153 0.0 0.676470588235 0.606837606838 0.670789724072
0.83472367049 0.6 0.823529411765 0.700854700855 0.841103710752
0.605318039625 0.0 0.676470588235 0.489743589744 0.543292102759
0.758081334724 0.6 0.705882352941 0.47094017094 0.57564224548
0.670490093848 0.0 0.764705882353 0.647863247863 0.629876308278
0.333680917623 0.0 0.264705882353 0.155555555556 0.116079923882
0.572471324296 0.0 0.617647058824 0.529914529915 0.500475737393
0.306047966632 0.2 0.235294117647 0.104273504274 0.0542340627973
0.809176225235 0.0 0.852941176471 0.806837606838 0.820171265461
0.79197080292 0.0 0.823529411765 0.753846153846 0.74595623216
0.286757038582 0.0 0.205882352941 0.117948717949 0.0475737392959
0.322732012513 0.2 0.264705882353 0.171794871795 0.192197906755
0.859228362878 0.6 0.882352941176 0.687179487179 0.797335870599
0.362877997914 0.0 0.382352941176 0.260683760684 0.225499524263
0.649113660063 0.0 0.735294117647 0.553846153846 0.568030447193
0.20385818561 0.0 0.147058823529 0.131623931624 0.080875356803
0.925443169969 0.2 0.941176470588 0.865811965812 0.875356803045
0.250782064651 0.0 0.205882352941 0.147863247863 0.080875356803
0.656934306569 0.0 0.705882352941 0.548717948718 0.566127497621
0.421272158498 0.0 0.441176470588 0.396581196581 0.362511893435
0.266423357664 0.0 0.264705882353 0.22735042735 0.202664129401
0.351407716371 0.4 0.323529411765 0.300854700855 0.296860133206
0.539624608968 0.0 0.588235294118 0.447008547009 0.411988582303
0.687695516163 0.6 0.647058823529 0.482051282051 0.593720266413
0.516162669447 0.0 0.558823529412 0.505128205128 0.452901998097
0.915015641293 0.2 0.911764705882 0.787179487179 0.80875356803
0.77685088634 0.6 0.823529411765 0.809401709402 0.835394862036
0.787278415016 0.4 0.852941176471 0.837606837607 0.836346336822
0.589155370177 0.4 0.558823529412 0.504273504274 0.550903901047
0.799270072993 0.4 0.794117647059 0.632478632479 0.789724072312
0.593326381648 0.4 0.529411764706 0.435042735043 0.467174119886
0.497914494265 0.4 0.470588235294 0.370085470085 0.420551855376
0.337330552659 0.0 0.352941176471 0.306837606838 0.264509990485
0.219499478624 0.0 0.176470588235 0.169230769231 0.149381541389
0.300834202294 0.0 0.235294117647 0.0846153846154 0.011417697431
0.255995828989 0.0 0.235294117647 0.180341880342 0.133206470029
0.623566214807 0.2 0.617647058824 0.532478632479 0.620361560419
0.544838373306 0.6 0.5 0.306837606838 0.355851569933
0.938998957247 0.2 0.941176470588 0.803418803419 0.803044719315
0.667361835245 0.0 0.617647058824 0.564957264957 0.635585156993
0.475495307612 0.0 0.529411764706 0.383760683761 0.318744053283
0.579249217935 0.0 0.588235294118 0.615384615385 0.516650808754
0.445255474453 0.0 0.470588235294 0.461538461538 0.404376784015
0.240354535975 0.0 0.205882352941 0.169230769231 0.149381541389
0.398331595412 0.6 0.352941176471 0.181196581197 0.176022835395
0.214285714286 0.0 0.147058823529 0.0846153846154 0.011417697431
0.879040667362 0.6 0.911764705882 0.789743589744 0.77164605138
0.802398331595 0.2 0.823529411765 0.747863247863 0.775451950523
0.751824817518 0.6 0.705882352941 0.682051282051 0.760228353949
0.700729927007 0.2 0.764705882353 0.623076923077 0.5337773549
0.871741397289 0.2 0.882352941176 0.762393162393 0.789724072312
0.854535974974 0.2 0.882352941176 0.833333333333 0.820171265461
0.481230448384 0.6 0.441176470588 0.182905982906 0.174119885823
0.287278415016 0.0 0.294117647059 0.22735042735 0.202664129401
0.592805005214 0.0 0.647058823529 0.465811965812 0.496669838249
0.727841501564 0.6 0.735294117647 0.45811965812 0.425309229305
0.64598540146 0.2 0.705882352941 0.669230769231 0.749762131304
0.710114702815 0.2 0.676470588235 0.517094017094 0.603235014272
0.321689259645 0.0 0.323529411765 0.252991452991 0.203615604186
0.193430656934 0.0 0.117647058824 0.0846153846154 0.011417697431
0.542231491137 0.2 0.529411764706 0.336752136752 0.378686964795
0.729405630865 0.4 0.764705882353 0.778632478632 0.809705042816
0.473931178311 0.4 0.411764705882 0.211965811966 0.230256898192
0.399374348279 0.0 0.411764705882 0.323931623932 0.294957183635
0.472888425443 0.0 0.5 0.331623931624 0.306374881066
0.848800834202 0.6 0.882352941176 0.854700854701 0.800190294957
0.725234619395 0.0 0.764705882353 0.632478632479 0.737392959087
0.417101147028 0.4 0.382352941176 0.364102564103 0.382492863939
0.679353493222 0.0 0.676470588235 0.625641025641 0.607040913416
0.689259645464 0.0 0.735294117647 0.652991452991 0.648905803996
0.482273201251 0.0 0.5 0.329914529915 0.27497621313
0.550052137643 0.2 0.558823529412 0.5 0.463368220742
0.23826903024 0.0 0.176470588235 0.122222222222 0.0799238820171
0.243482794578 0.2 0.205882352941 0.151282051282 0.123691722169
0.34984358707 0.0 0.294117647059 0.167521367521 0.163653663178
0.788842544317 0.4 0.794117647059 0.730769230769 0.825880114177
0.753910323253 0.4 0.794117647059 0.735042735043 0.751665080875
0.634515119917 0.0 0.647058823529 0.426495726496 0.476688867745
0.415537017727 0.2 0.382352941176 0.260683760684 0.294005708849
0.638686131387 0.4 0.647058823529 0.633333333333 0.632730732636
