0.655467318265 0.5 0.548387096774 0.309090909091 0.430362116992
0.551618814905 0.25 0.483870967742 0.32 0.406685236769
0.600488698839 1.0 0.58064516129 0.544242424242 0.713091922006
0.533903481979 0.5 0.548387096774 0.636363636364 0.704735376045
0.577275503971 0.0 0.516129032258 0.545454545455 0.344011142061
0.518020769701 0.0 0.483870967742 0.598787878788 0.444289693593
0.320097739768 0.0 0.225806451613 0.12 0.016713091922
0.49602932193 0.0 0.451612903226 0.545454545455 0.344011142061
0.524129505192 0.0 0.483870967742 0.353939393939 0.123955431755
0.662186927306 0.0 0.58064516129 0.430303030303 0.186629526462
0.664019547954 1.0 0.612903225806 0.586666666667 0.83704735376
0.627367135003 0.75 0.548387096774 0.426666666667 0.618384401114
0.675015271839 0.25 0.677419354839 0.772121212121 0.6643454039
0.428222357972 0.25 0.322580645161 0.173333333333 0.116991643454
0.42211362248 0.25 0.354838709677 0.28 0.235376044568
0.480757483201 0.0 0.41935483871 0.292121212121 0.196378830084
0.579718998167 0.25 0.58064516129 0.825454545455 0.764623955432
0.650580329872 0.25 0.677419354839 0.94303030303 0.952646239554
0.806353084911 0.5 0.709677419355 0.539393939394 0.505571030641
0.332315210751 0.0 0.225806451613 0.12 0.016713091922
0.626145387905 0.0 0.548387096774 0.396363636364 0.24791086351
0.516188149053 0.0 0.483870967742 0.420606060606 0.225626740947
0.500916310324 0.5 0.387096774194 0.321212121212 0.33704735376
0.463042150275 0.0 0.41935483871 0.353939393939 0.123955431755
0.417837507636 0.25 0.387096774194 0.452121212121 0.41504178273
0.436163714111 0.25 0.41935483871 0.505454545455 0.515320334262
0.720830788027 0.25 0.612903225806 0.430303030303 0.186629526462
0.745265729994 0.25 0.645161290323 0.430303030303 0.186629526462
0.648136835675 0.0 0.612903225806 0.612121212121 0.445682451253
0.517409896151 0.25 0.451612903226 0.32 0.406685236769
0.664630421503 0.0 0.612903225806 0.741818181818 0.608635097493
0.502138057422 0.0 0.483870967742 0.473939393939 0.325905292479
0.653023824068 0.25 0.58064516129 0.552727272727 0.58356545961
0.761759315822 0.75 0.677419354839 0.545454545455 0.732590529248
0.606597434331 0.75 0.516129032258 0.266666666667 0.306406685237
0.706169822847 0.5 0.548387096774 0.318787878788 0.391364902507
0.488087965791 0.0 0.354838709677 0.196363636364 0.0793871866295
0.565058032987 0.0 0.516129032258 0.353939393939 0.123955431755
0.34086744044 0.25 0.290322580645 0.346666666667 0.33704735376
0.287721441662 0.0 0.225806451613 0.186666666667 0.118384401114
0.849725106903 0.75 0.806451612903 0.907878787879 0.887186629526
0.900427611484 0.5 0.838709677419 0.944242424242 0.951253481894
0.529627367135 0.75 0.483870967742 0.384242424242 0.494428969359
0.495418448381 0.0 0.387096774194 0.229090909091 0.242339832869
0.519242516799 0.25 0.483870967742 0.409696969697 0.384401114206
0.517409896151 0.25 0.41935483871 0.186666666667 0.118384401114
0.543677458766 0.25 0.387096774194 0.196363636364 0.0793871866295
0.512522907758 0.0 0.387096774194 0.196363636364 0.0793871866295
0.572388515577 0.5 0.451612903226 0.242424242424 0.328690807799
0.38546120953 0.0 0.290322580645 0.12 0.016713091922
0.491142333537 0.25 0.41935483871 0.389090909091 0.461002785515
0.454489920586 0.0 0.354838709677 0.229090909091 0.242339832869
0.553451435553 0.0 0.41935483871 0.196363636364 0.0793871866295
0.553451435553 0.0 0.41935483871 0.196363636364 0.0793871866295
0.640806353085 0.5 0.548387096774 0.444848484848 0.491643454039
1.0 1.0 1.0 0.930909090909 1.0
0.549175320709 0.25 0.516129032258 0.513939393939 0.342618384401
0.365302382407 0.25 0.290322580645 0.28 0.235376044568
0.545510079414 0.0 0.451612903226 0.368484848485 0.259052924791
0.453879047037 0.0 0.322580645161 0.196363636364 0.0793871866295
0.753817959682 0.0 0.677419354839 0.57696969697 0.402506963788
0.662186927306 0.25 0.548387096774 0.430303030303 0.186629526462
0.330482590104 0.0 0.290322580645 0.345454545455 0.296657381616
0.395235186316 0.25 0.387096774194 0.476363636364 0.486072423398
0.959071472205 0.5 0.903225806452 0.793939393939 0.778551532033
0.819181429444 0.75 0.774193548387 0.66303030303 0.724233983287
0.771533292608 0.0 0.774193548387 0.978181818182 0.876044568245
0.462431276726 0.0 0.387096774194 0.435151515152 0.360724233983
0.417837507636 0.5 0.387096774194 0.450909090909 0.523676880223
0.613927916921 0.25 0.645161290323 0.752727272727 0.623955431755
0.782529016494 0.25 0.741935483871 0.801212121212 0.768802228412
0.934636530238 0.5 0.870967741935 0.984242424242 0.949860724234
0.456322541234 0.0 0.354838709677 0.12 0.016713091922
0.505192425168 0.25 0.387096774194 0.12 0.016713091922
0.684789248626 0.25 0.612903225806 0.545454545455 0.344011142061
0.531459987783 0.0 0.41935483871 0.26303030303 0.181058495822
0.499694563225 0.0 0.451612903226 0.353939393939 0.123955431755
0.251069028711 0.0 0.161290322581 0.12 0.016713091922
0.845448992059 0.75 0.870967741935 1.0 0.974930362117
0.601710445938 0.25 0.612903225806 0.686060606061 0.522284122563
