0.734432989691 1.0 0.756097560976 0.662584200857 0.686662412253
0.535257731959 1.0 0.585365853659 0.494182486222 0.566049776643
0.329072164948 0.0 0.463414634146 0.443355786895 0.472239948947
0.833402061856 0.0 0.829268292683 0.779546846295 0.839183152521
0.614020618557 1.0 0.658536585366 0.619718309859 0.516911295469
0.547628865979 0.0 0.585365853659 0.543172075934 0.538608806637
0.572783505155 0.0 0.560975609756 0.564605021433 0.562220804084
0.660618556701 0.0 0.634146341463 0.592161665646 0.608168474793
0.687422680412 0.0 0.707317073171 0.608695652174 0.711550733886
0.547628865979 0.0 0.585365853659 0.543172075934 0.538608806637
0.632164948454 0.0 0.682926829268 0.623392529088 0.590938098277
0.493195876289 0.0 0.585365853659 0.538273116963 0.56732610083
0.863092783505 0.0 0.853658536585 0.802816901408 0.877472878111
0.810309278351 0.0 0.80487804878 0.747703612982 0.820038289726
0.436288659794 0.0 0.512195121951 0.421310471525 0.461391193363
0.64 0.0 0.658536585366 0.628291488059 0.693044033184
0.540618556701 0.0 0.536585365854 0.438456827924 0.412890874282
0.561649484536 0.0 0.560975609756 0.478873239437 0.451180599872
0.883298969072 0.0 0.780487804878 0.663196570729 0.719208679004
0.761649484536 0.0 0.682926829268 0.562767911819 0.687938736439
0.977731958763 0.0 0.951219512195 0.847519902021 1.0
0.385154639175 0.0 0.414634146341 0.353337415799 0.388002552648
0.861030927835 0.0 0.926829268293 0.850581751378 0.953414167198
0.276701030928 0.0 0.365853658537 0.377832210655 0.338864071474
0.687422680412 0.0 0.707317073171 0.608695652174 0.711550733886
0.376907216495 0.0 0.439024390244 0.346601347214 0.411614550096
0.52206185567 0.0 0.536585365854 0.469075321494 0.395022335673
0.660618556701 0.0 0.682926829268 0.605021432945 0.589661774091
0.360824742268 0.0 0.463414634146 0.426209430496 0.473516273133
0.429690721649 0.0 0.536585365854 0.460502143295 0.479259731972
0.724536082474 0.0 0.707317073171 0.61114513166 0.647096362476
0.721649484536 0.0 0.682926829268 0.582976117575 0.654116145501
0.75381443299 0.5 0.829268292683 0.740967544397 0.731971920868
0.710103092784 0.5 0.780487804878 0.74219228414 0.72239948947
0.641649484536 0.0 0.707317073171 0.640538885487 0.758136566688
0.743505154639 0.0 0.780487804878 0.720146968769 0.828334396937
0.685360824742 0.0 0.634146341463 0.538885486834 0.571155073389
0.923298969072 0.0 0.90243902439 0.865890998163 0.860242501595
0.284948453608 1.0 0.292682926829 0.202694427434 0.215698787492
0.670103092784 0.0 0.731707317073 0.699938763013 0.76260370134
0.636288659794 0.0 0.560975609756 0.523576240049 0.503509891512
0.820618556701 0.0 0.780487804878 0.734231475811 0.723675813657
0.630515463918 0.0 0.609756097561 0.503980404164 0.455647734525
0.583505154639 0.0 0.634146341463 0.578077158604 0.5794511806
0.639175257732 0.0 0.731707317073 0.673606858543 0.659221442246
0.340618556701 0.0 0.463414634146 0.454990814452 0.472239948947
0.288659793814 0.0 0.390243902439 0.271279853031 0.35417996171
0.675051546392 0.0 0.634146341463 0.535211267606 0.481174218251
0.265979381443 0.0 0.390243902439 0.382118799755 0.378430121251
0.39793814433 0.0 0.487804878049 0.496631965707 0.51308232291
0.416082474227 0.0 0.463414634146 0.411512553582 0.393107849394
0.386391752577 0.0 0.463414634146 0.420085731782 0.405871091257
0.609072164948 0.0 0.658536585366 0.630740967544 0.65985960434
0.783917525773 0.0 0.780487804878 0.696876913656 0.675813656669
0.28824742268 0.0 0.365853658537 0.368034292713 0.356732610083
0.36412371134 0.0 0.512195121951 0.534598897734 0.48500319081
0.572371134021 0.0 0.658536585366 0.647887323944 0.608806636886
0.631340206186 0.0 0.707317073171 0.693815064299 0.689215060625
0.668041237113 0.0 0.707317073171 0.686466625842 0.686662412253
0.552577319588 0.0 0.609756097561 0.59399877526 0.661135928526
0.735670103093 0.0 0.658536585366 0.595835884874 0.634971282706
0.818144329897 0.0 0.707317073171 0.625229638702 0.665603063178
0.43175257732 0.0 0.512195121951 0.48928352725 0.476707083599
0.589278350515 0.0 0.634146341463 0.62461726883 0.618379068283
0.634639175258 0.0 0.731707317073 0.63747703613 0.703892788768
0.332783505155 0.0 0.487804878049 0.415186772811 0.410976388003
0.567835051546 0.0 0.536585365854 0.47581139008 0.48500319081
0.576494845361 0.0 0.585365853659 0.562155541947 0.514358647096
0.440412371134 0.0 0.585365853659 0.587875076546 0.604977664327
0.468865979381 0.0 0.512195121951 0.426209430496 0.495851946394
0.609484536082 0.0 0.585365853659 0.551745254133 0.598596043395
0.71175257732 0.0 0.756097560976 0.728720146969 0.760689215061
0.668041237113 0.0 0.707317073171 0.686466625842 0.686662412253
0.535670103093 0.0 0.585365853659 0.574402939375 0.483088704531
1.0 0.0 0.975609756098 0.918554807103 0.966177409062
0.420618556701 0.0 0.439024390244 0.382731169626 0.368857689853
0.592164948454 0.0 0.609756097561 0.616656460502 0.580727504786
0.451134020619 0.0 0.512195121951 0.47152480098 0.538608806637
0.973608247423 0.0 1.0 1.0 0.936183790683
0.521649484536 0.5 0.609756097561 0.526638089406 0.557115507339
0.427628865979 0.0 0.512195121951 0.412737293325 0.516911295469
0.434226804124 0.0 0.512195121951 0.458052663809 0.550095724314
0.588041237113 0.0 0.536585365854 0.495407225964 0.51308232291
0.622680412371 1.0 0.585365853659 0.503980404164 0.550733886407
0.512577319588 0.0 0.585365853659 0.522351500306 0.452456924059
0.610309278351 0.0 0.634146341463 0.629516227802 0.559668155712
0.960412371134 0.0 0.951219512195 0.875688916105 0.938736439056
0.761237113402 0.0 0.756097560976 0.683404776485 0.79068283344
0.614020618557 1.0 0.658536585366 0.619718309859 0.516911295469
0.314226804124 1.0 0.390243902439 0.350887936314 0.331844288449
0.524536082474 0.0 0.609756097561 0.605633802817 0.611997447352
0.807422680412 0.0 0.90243902439 0.871402327006 0.93363114231
0.385154639175 0.0 0.414634146341 0.353337415799 0.388002552648
0.428041237113 1.0 0.439024390244 0.363135333742 0.395022335673
0.613195876289 0.0 0.560975609756 0.481322718922 0.516911295469
0.319175257732 0.0 0.414634146341 0.440293937538 0.429483088705
0.613195876289 0.0 0.560975609756 0.481322718922 0.516911295469
0.451134020619 0.0 0.512195121951 0.47152480098 0.538608806637
0.451134020619 0.0 0.512195121951 0.47152480098 0.538608806637
0.451134020619 0.0 0.512195121951 0.47152480098 0.538608806637
