0.0846051758461 1.0 0.11320754717 0.0276699029126 0.0393356643357
0.984737889847 0.0 1.0 1.0 0.904283216783
0.086595885866 0.0 0.11320754717 0.0606796116505 0.0581293706294
1.0 1.0 0.981132075472 0.898058252427 1.0
0.992368944924 0.0 0.962264150943 0.883495145631 0.921765734266
0.958195089582 0.0 0.981132075472 0.999029126214 0.953234265734
0.85301924353 0.0 0.88679245283 0.944660194175 0.899475524476
0.154280026543 0.0 0.22641509434 0.16067961165 0.122377622378
0.269409422694 1.0 0.245283018868 0.149029126214 0.167832167832
0.35401459854 0.0 0.490566037736 0.457281553398 0.424825174825
0.613470471135 0.0 0.754716981132 0.708252427184 0.716783216783
0.661579296616 0.0 0.660377358491 0.541262135922 0.646853146853
0.780358327804 0.0 0.830188679245 0.880097087379 0.812062937063
0.84704711347 0.0 0.88679245283 0.876213592233 0.844405594406
0.110816191108 0.0 0.150943396226 0.0868932038835 0.0913461538462
0.836098208361 0.0 0.867924528302 0.783980582524 0.870192307692
0.770736562707 1.0 0.698113207547 0.580582524272 0.591346153846
0.734571997346 0.0 0.77358490566 0.745145631068 0.79020979021
0.680491041805 1.0 0.584905660377 0.468446601942 0.483828671329
0.308560053086 1.0 0.283018867925 0.183495145631 0.230769230769
0.163901791639 1.0 0.188679245283 0.128155339806 0.137674825175
0.70603848706 0.0 0.811320754717 0.840776699029 0.821241258741
0.890510948905 0.0 0.905660377358 0.845631067961 0.862325174825
0.456536164565 1.0 0.452830188679 0.395631067961 0.440996503497
0.300265428003 0.0 0.415094339623 0.36213592233 0.318618881119
0.633709356337 0.0 0.716981132075 0.677669902913 0.739947552448
0.177173191772 0.0 0.245283018868 0.165048543689 0.187062937063
0.927339084273 0.0 0.924528301887 0.892233009709 0.93006993007
0.102189781022 1.0 0.132075471698 0.0480582524272 0.0659965034965
0.321831453218 0.0 0.452830188679 0.394660194175 0.402972027972
0.621433311214 1.0 0.547169811321 0.416504854369 0.414335664336
0.789316522893 1.0 0.735849056604 0.650970873786 0.707604895105
0.905773059058 0.0 0.924528301887 0.86359223301 0.885052447552
0.20703384207 0.0 0.301886792453 0.27427184466 0.247377622378
0.79595222296 0.0 0.849056603774 0.81213592233 0.769667832168
0.102189781022 1.0 0.132075471698 0.0480582524272 0.0659965034965
0.189449236894 0.0 0.283018867925 0.232038834951 0.215909090909
0.144658261447 1.0 0.150943396226 0.071359223301 0.0917832167832
0.593231585932 0.0 0.528301886792 0.464077669903 0.45979020979
0.934306569343 0.0 0.943396226415 0.891747572816 0.873251748252
0.93497013935 1.0 0.88679245283 0.756310679612 0.778409090909
0.146648971466 1.0 0.169811320755 0.0868932038835 0.112325174825
0.746848042468 1.0 0.641509433962 0.519417475728 0.558129370629
0.421698739217 1.0 0.377358490566 0.264563106796 0.322552447552
0.618447246184 0.0 0.679245283019 0.599029126214 0.526660839161
0.879893828799 1.0 0.905660377358 0.817475728155 0.871503496503
0.473125414731 1.0 0.396226415094 0.291262135922 0.263111888112
0.479097544791 0.0 0.584905660377 0.558252427184 0.553321678322
0.828467153285 0.0 0.867924528302 0.83640776699 0.832167832168
0.655607166556 1.0 0.603773584906 0.485436893204 0.545891608392
0.987392169874 0.0 0.962264150943 0.903883495146 0.893793706294
0.235235567352 0.0 0.358490566038 0.331553398058 0.271853146853
0.762773722628 1.0 0.716981132075 0.592718446602 0.616258741259
0.158593231586 0.0 0.207547169811 0.170873786408 0.173513986014
0.380889183809 1.0 0.396226415094 0.315533980583 0.392045454545
0.444923689449 0.0 0.547169811321 0.514077669903 0.571678321678
0.261446582614 1.0 0.320754716981 0.243689320388 0.303758741259
0.809223623092 0.0 0.867924528302 0.91359223301 0.743881118881
0.531519575315 0.0 0.679245283019 0.61213592233 0.621503496503
0.411081619111 0.0 0.415094339623 0.373300970874 0.354895104895
0.72096881221 0.0 0.698113207547 0.630097087379 0.630681818182
0.870935633709 1.0 0.792452830189 0.604368932039 0.72770979021
0.587923025879 0.0 0.735849056604 0.696116504854 0.740384615385
0.252488387525 0.0 0.264150943396 0.194660194175 0.163461538462
0.521897810219 1.0 0.471698113208 0.374757281553 0.394667832168
0.115129396151 0.0 0.150943396226 0.108737864078 0.0957167832168
0.123755806238 0.0 0.169811320755 0.114563106796 0.103583916084
0.887193098872 0.0 0.830188679245 0.688349514563 0.749562937063
0.507631055076 0.0 0.528301886792 0.443689320388 0.444055944056
0.57896483079 0.0 0.641509433962 0.604368932039 0.579982517483
0.600199071002 1.0 0.566037735849 0.471844660194 0.51791958042
0.859323158593 1.0 0.754716981132 0.58786407767 0.683129370629
0.461181154612 0.0 0.490566037736 0.380582524272 0.420891608392
0.462508294625 0.0 0.603773584906 0.581067961165 0.541520979021
0.392833443928 1.0 0.358490566038 0.216504854369 0.276660839161
0.43596549436 1.0 0.433962264151 0.328640776699 0.343094405594
0.835766423358 0.0 0.811320754717 0.726213592233 0.781905594406
0.694426011944 0.0 0.792452830189 0.807766990291 0.731206293706
0.133709356337 0.0 0.188679245283 0.117961165049 0.107517482517
0.971466489715 1.0 0.924528301887 0.842233009709 0.88548951049
0.28599867286 0.0 0.396226415094 0.315533980583 0.338723776224
0.382548108825 0.0 0.471698113208 0.43932038835 0.281031468531
0.973125414731 0.0 0.981132075472 0.929126213592 0.919143356643
0.196416721964 1.0 0.207547169811 0.115048543689 0.133304195804
0.874585268746 0.0 0.811320754717 0.751941747573 0.785402097902
0.803915063039 0.0 0.792452830189 0.764563106796 0.757867132867
0.534173855342 0.0 0.698113207547 0.760194174757 0.69493006993
0.541473125415 1.0 0.622641509434 0.534466019417 0.560751748252
0.886529528865 0.0 0.924528301887 0.890776699029 0.832604895105
0.812873258129 0.0 0.830188679245 0.800485436893 0.736888111888
0.341074983411 0.0 0.471698113208 0.461650485437 0.421328671329
0.426343729263 0.0 0.566037735849 0.616019417476 0.567307692308
0.297942932979 1.0 0.339622641509 0.295631067961 0.324300699301
0.129064366291 0.0 0.169811320755 0.125242718447 0.139423076923
0.901459854015 0.0 0.905660377358 0.923300970874 0.907342657343
0.810550763106 0.0 0.849056603774 0.849514563107 0.77972027972
0.844724618447 0.0 0.77358490566 0.666504854369 0.691870629371
0.322826808228 0.0 0.433962264151 0.33640776699 0.33784965035
0.343729263437 1.0 0.339622641509 0.255825242718 0.277972027972
0.22096881221 0.0 0.320754716981 0.228155339806 0.249562937063
