0.707702888583 0.0 0.75 0.726666666667 0.793103448276
0.940852819807 0.0 0.90625 0.800952380952 0.881069669247
0.805364511692 0.0 0.8125 0.835238095238 0.892329345531
0.989683631362 0.0 0.96875 0.971428571429 1.0
0.65749656121 0.0 0.71875 0.647619047619 0.707952146376
0.784731774415 0.0 0.8125 0.778095238095 0.825475017593
0.82462173315 0.0 0.8125 0.787619047619 0.855735397607
0.799174690509 0.0 0.8125 0.792380952381 0.839549612949
0.814305364512 0.0 0.8125 0.746666666667 0.813511611541
0.651306740028 0.0 0.6875 0.630476190476 0.707248416608
0.729711141678 0.0 0.75 0.674285714286 0.745249824068
0.723521320495 0.0 0.75 0.632380952381 0.705137227305
0.933975240715 0.0 0.96875 1.0 0.966220971147
0.660935350757 0.0 0.6875 0.561904761905 0.655876143561
0.864511691884 0.0 0.875 0.88380952381 0.903589021816
0.709766162311 0.0 0.75 0.67619047619 0.729064039409
0.8507565337 0.0 0.84375 0.861904761905 0.902885292048
0.65818431912 0.0 0.6875 0.622857142857 0.701618578466
0.756533700138 0.0 0.75 0.660952380952 0.750175932442
0.735900962861 0.0 0.78125 0.745714285714 0.774102744546
0.840440165062 0.0 0.875 0.941904761905 0.928219563688
0.759972489684 0.0 0.78125 0.765714285714 0.806474313863
1.0 0.0 1.0 0.998095238095 0.978888106967
0.801237964237 0.0 0.8125 0.749523809524 0.795214637579
0.834938101788 0.0 0.84375 0.734285714286 0.77902885292
0.685694635488 0.0 0.6875 0.538095238095 0.648135116115
0.907840440165 0.0 0.90625 0.9 0.913441238564
0.830123796424 0.0 0.84375 0.84 0.862068965517
0.641678129298 0.0 0.6875 0.560952380952 0.631245601689
0.748968363136 0.0 0.75 0.608571428571 0.695285010556
0.942228335626 0.0 0.90625 0.892380952381 0.933145672062
0.751719394773 0.0 0.78125 0.777142857143 0.807178043631
0.707015130674 0.0 0.75 0.673333333333 0.715693173821
0.691196698762 0.0 0.75 0.670476190476 0.70021111893
0.731086657497 0.0 0.78125 0.689523809524 0.717100633357
0.773727647868 0.0 0.8125 0.768571428571 0.786066150598
0.603851444292 0.0 0.65625 0.554285714286 0.623504574243
0.840440165062 0.0 0.84375 0.868571428571 0.890921885996
0.71939477304 0.0 0.75 0.681904761905 0.730471498944
0.643741403026 0.0 0.65625 0.545714285714 0.64672765658
0.81568088033 0.0 0.84375 0.78 0.795918367347
0.859009628611 0.0 0.84375 0.780952380952 0.830401125968
0.770288858322 0.0 0.8125 0.725714285714 0.7445460943
0.749656121045 0.0 0.75 0.628571428571 0.707248416608
0.71045392022 0.0 0.75 0.686666666667 0.723434201267
0.724896836314 0.0 0.75 0.75619047619 0.792399718508
0.898899587345 0.0 0.875 0.858095238095 0.893736805067
0.720082530949 0.0 0.71875 0.646666666667 0.726952850106
0.722145804677 0.0 0.71875 0.574285714286 0.668543279381
0.688445667125 0.0 0.71875 0.622857142857 0.681914144968
0.688445667125 0.0 0.71875 0.622857142857 0.681914144968
0.64030261348 0.0 0.65625 0.491428571429 0.594651653765
0.802613480055 0.0 0.8125 0.718095238095 0.760731878958
0.711141678129 0.0 0.75 0.739047619048 0.765657987333
0.864511691884 0.0 0.875 0.73619047619 0.764250527797
0.749656121045 0.0 0.78125 0.613333333333 0.661505981703
0.705639614856 0.0 0.75 0.640952380952 0.679099225897
0.83356258597 0.0 0.875 0.930476190476 0.900070372977
0.718707015131 0.0 0.78125 0.707619047619 0.714285714286
0.820495185695 0.0 0.8125 0.758095238095 0.805770584096
0.896836313618 0.0 0.90625 0.930476190476 0.918367346939
0.765474552957 0.0 0.78125 0.713333333333 0.754398311049
0.698762035763 0.0 0.75 0.667619047619 0.69387755102
0.711829436039 0.0 0.75 0.707619047619 0.736805066854
0.716643741403 0.0 0.75 0.667619047619 0.707248416608
0.779229711142 0.0 0.8125 0.86380952381 0.859254046446
0.698074277854 0.0 0.71875 0.664761904762 0.719915552428
0.966299862448 0.0 0.9375 0.958095238095 0.964813511612
0.677441540578 0.0 0.6875 0.500952380952 0.597466572836
0.828060522696 0.0 0.8125 0.754285714286 0.806474313863
0.817056396149 0.0 0.8125 0.788571428571 0.826178747361
0.709766162311 0.0 0.75 0.729523809524 0.752287121745
0.726272352132 0.0 0.75 0.606666666667 0.662913441239
0.72833562586 0.0 0.75 0.673333333333 0.71921182266
0.781980742779 0.0 0.8125 0.87619047619 0.869809992963
0.766162310867 0.0 0.78125 0.722857142857 0.760028149191
0.791609353508 0.0 0.8125 0.79619047619 0.81069669247
0.67537826685 0.0 0.6875 0.642857142857 0.711470795215
0.676066024759 0.0 0.6875 0.549523809524 0.633356790992
0.671251719395 0.0 0.71875 0.750476190476 0.766361717101
0.795735900963 0.0 0.8125 0.830476190476 0.840957072484
0.685006877579 0.0 0.71875 0.629523809524 0.676284306826
0.817056396149 0.0 0.8125 0.795238095238 0.827586206897
0.678129298487 0.0 0.71875 0.647619047619 0.685432793807
0.796423658872 0.0 0.84375 0.807619047619 0.79169598874
0.734525447043 0.0 0.71875 0.635238095238 0.71921182266
0.850068775791 0.0 0.875 0.854285714286 0.84236453202
0.795048143054 0.0 0.8125 0.711428571429 0.740323715693
0.722145804677 0.0 0.75 0.747619047619 0.772695285011
0.703576341128 0.0 0.75 0.613333333333 0.646023926812
0.740027510316 0.0 0.78125 0.747619047619 0.755805770584
0.790233837689 0.0 0.78125 0.725714285714 0.776917663617
0.795048143054 0.0 0.8125 0.757142857143 0.776917663617
0.741403026135 0.0 0.75 0.587619047619 0.653764954258
0.812929848693 0.0 0.78125 0.706666666667 0.778325123153
0.879642365887 0.0 0.875 0.837142857143 0.849401829697
0.764786795048 0.0 0.78125 0.824761904762 0.838142153413
0.892022008253 0.0 0.84375 0.721904761905 0.793103448276
0.861072902338 0.0 0.84375 0.913333333333 0.92751583392
0.770288858322 0.0 0.78125 0.61619047619 0.669247009148
