0.578142076503 0.0 0.764705882353 0.666666666667 0.766243465273
0.437158469945 0.0 0.588235294118 0.44576405384 0.501867064974
0.364480874317 0.0 0.529411764706 0.500395882819 0.467513069455
0.48087431694 0.0 0.617647058824 0.523357086302 0.569081404033
0.607650273224 0.0 0.617647058824 0.601741884402 0.607916355489
0.694535519126 0.0 0.705882352941 0.696753760887 0.661687826736
0.720218579235 0.0 0.882352941176 0.927949326999 0.955190440627
0.528415300546 0.0 0.617647058824 0.577197149644 0.587752053771
0.553551912568 0.0 0.676470588235 0.558194774347 0.611650485437
0.464480874317 0.0 0.617647058824 0.433095803642 0.503360716953
0.416393442623 0.0 0.5 0.331749802059 0.454070201643
0.614207650273 0.0 0.794117647059 0.666666666667 0.766243465273
0.517486338798 0.0 0.617647058824 0.527315914489 0.447348767737
0.653005464481 0.0 0.823529411765 0.709422011085 0.678117998506
0.419672131148 0.0 0.588235294118 0.61757719715 0.54070201643
0.492896174863 0.0 0.588235294118 0.565320665083 0.501120238984
0.485245901639 0.0 0.529411764706 0.409342834521 0.546676624347
0.562841530055 0.0 0.588235294118 0.468725257324 0.615384615385
0.877049180328 0.0 0.911764705882 0.757719714964 1.0
0.728415300546 0.0 0.705882352941 0.53919239905 0.746825989544
0.41912568306 0.0 0.558823529412 0.428345209818 0.587752053771
0.556284153005 0.0 0.676470588235 0.511480601742 0.731142643764
0.71693989071 0.0 0.705882352941 0.566904196358 0.608663181479
0.485245901639 0.0 0.588235294118 0.533650039588 0.50784167289
0.432240437158 0.0 0.558823529412 0.409342834521 0.394324122479
0.231693989071 0.0 0.323529411765 0.285035629454 0.243465272591
0.561202185792 0.0 0.529411764706 0.452889944576 0.453323375653
0.25737704918 0.0 0.352941176471 0.353127474268 0.31217326363
0.228415300546 0.0 0.294117647059 0.233570863025 0.224047796863
0.467759562842 0.0 0.529411764706 0.514647664291 0.488424197162
0.227868852459 0.0 0.294117647059 0.15360253365 0.221807318895
0.314754098361 0.0 0.352941176471 0.18685669042 0.259148618372
0.426229508197 0.0 0.558823529412 0.642913697546 0.424197162061
0.496721311475 0.0 0.705882352941 0.788598574822 0.658700522778
0.677049180328 1.0 0.882352941176 0.96991290578 0.887229275579
0.533879781421 0.0 0.735294117647 0.719714964371 0.569828230022
0.372131147541 0.0 0.470588235294 0.384798099762 0.257654966393
0.278142076503 0.0 0.382352941176 0.323040380048 0.249439880508
0.715846994536 0.0 0.735294117647 0.59936658749 0.646004480956
0.84262295082 0.0 0.882352941176 0.749802058591 0.698282300224
0.842076502732 0.0 0.941176470588 0.969121140143 0.905899925317
0.795081967213 0.0 0.882352941176 0.865399841647 0.833457804332
0.467759562842 0.0 0.617647058824 0.597783056215 0.494398805078
0.467759562842 0.0 0.617647058824 0.597783056215 0.494398805078
0.915846994536 0.0 0.882352941176 0.577197149644 0.798356982823
1.0 0.0 1.0 0.692003167063 0.912621359223
0.756284153005 0.0 0.911764705882 0.960411718131 0.909634055265
0.756284153005 0.0 0.911764705882 0.960411718131 0.909634055265
0.708743169399 0.0 0.735294117647 0.551860649248 0.703510082151
0.654098360656 0.0 0.647058823529 0.364212193191 0.546676624347
0.751366120219 0.0 0.794117647059 0.598574821853 0.823002240478
0.751366120219 0.0 0.794117647059 0.598574821853 0.823002240478
0.412021857923 0.0 0.588235294118 0.64449722882 0.595967139656
0.662295081967 0.0 0.676470588235 0.604117181314 0.654219566841
0.462841530055 0.0 0.617647058824 0.67775138559 0.633308439134
0.466120218579 0.0 0.647058823529 0.729216152019 0.652725914862
0.543715846995 0.0 0.764705882353 0.855106888361 0.787901418969
0.603825136612 0.0 0.823529411765 0.866983372922 0.833457804332
0.328961748634 0.0 0.411764705882 0.250989707047 0.272591486184
0.350273224044 0.0 0.470588235294 0.264449722882 0.405526512323
0.509289617486 0.0 0.705882352941 0.718923198733 0.627333831217
0.704371584699 0.0 0.911764705882 0.972288202692 0.764002987304
0.560655737705 0.0 0.705882352941 0.60253365004 0.588498879761
0.560655737705 0.0 0.705882352941 0.60253365004 0.588498879761
0.419672131148 0.0 0.588235294118 0.61757719715 0.54070201643
0.730601092896 0.0 0.735294117647 0.597783056215 0.593726661688
0.411475409836 0.0 0.529411764706 0.562945368171 0.536967886482
0.593442622951 0.0 0.558823529412 0.46080760095 0.444361463779
0.71912568306 0.0 0.911764705882 0.996832937451 0.91859596714
0.853005464481 0.0 0.794117647059 0.73792557403 0.758775205377
0.628415300546 0.0 0.823529411765 0.814726840855 0.831217326363
0.724043715847 0.0 0.882352941176 0.920823436263 0.943988050784
0.493989071038 0.0 0.617647058824 0.719714964371 0.653472740851
0.555191256831 0.0 0.676470588235 0.784639746635 0.675877520538
0.471038251366 0.0 0.558823529412 0.437846397466 0.577296489918
0.471038251366 0.0 0.558823529412 0.437846397466 0.577296489918
0.231693989071 0.0 0.323529411765 0.285035629454 0.243465272591
0.231693989071 0.0 0.323529411765 0.285035629454 0.243465272591
0.533333333333 0.0 0.676470588235 0.784639746635 0.684092606423
0.687978142077 0.0 0.882352941176 1.0 0.899925317401
