0.5 0.142857142857 0.423076923077 0.458590852905 0.289817232376
0.545691906005 0.142857142857 0.461538461538 0.377008652658 0.369451697128
0.672976501305 0.142857142857 0.692307692308 0.472187886279 0.463446475196
0.689947780679 0.571428571429 0.692307692308 0.529048207664 0.38772845953
0.648825065274 0.285714285714 0.692307692308 0.679851668727 0.530026109661
0.65274151436 0.285714285714 0.538461538462 0.415327564895 0.31592689295
0.400783289817 0.285714285714 0.384615384615 0.339925834363 0.281984334204
0.541775456919 0.0 0.423076923077 0.322620519159 0.210182767624
0.686031331593 0.428571428571 0.615384615385 0.585908529048 0.424281984334
0.686031331593 0.428571428571 0.615384615385 0.585908529048 0.424281984334
0.47911227154 0.571428571429 0.423076923077 0.122373300371 0.0156657963446
0.755874673629 0.571428571429 0.692307692308 0.493201483313 0.404699738903
0.825718015666 0.571428571429 0.807692307692 0.804697156984 0.762402088773
0.389686684073 0.142857142857 0.384615384615 0.364647713226 0.381201044386
0.885117493473 1.0 0.846153846154 0.545117428925 0.490861618799
0.748041775457 0.857142857143 0.730769230769 0.536464771323 0.481723237598
0.450391644909 0.428571428571 0.384615384615 0.150803461063 0.0744125326371
0.599869451697 0.714285714286 0.615384615385 0.357231149567 0.33681462141
0.82637075718 0.714285714286 0.846153846154 0.91347342398 0.860313315927
0.875979112272 1.0 0.923076923077 0.912237330037 0.939947780679
0.445822454308 0.0 0.384615384615 0.233621755253 0.168407310705
0.543080939948 0.285714285714 0.461538461538 0.233621755253 0.168407310705
0.714751958225 0.714285714286 0.769230769231 0.613102595797 0.464751958225
0.8772845953 0.142857142857 0.846153846154 0.714462299135 0.593994778068
0.670365535248 0.714285714286 0.615384615385 0.509270704574 0.519582245431
0.825718015666 0.571428571429 0.769230769231 0.684796044499 0.72454308094
0.441253263708 0.0 0.384615384615 0.414091470952 0.22454308094
0.381201044386 0.571428571429 0.307692307692 0.176761433869 0.109660574413
0.600522193211 0.714285714286 0.576923076923 0.407911001236 0.497389033943
0.825718015666 0.571428571429 0.807692307692 0.804697156984 0.762402088773
0.578981723238 0.285714285714 0.5 0.431396786156 0.292428198433
0.571148825065 0.285714285714 0.538461538462 0.489493201483 0.403394255875
0.611618798956 0.0 0.576923076923 0.593325092707 0.556135770235
0.75 0.714285714286 0.846153846154 0.875154511743 0.83681462141
0.532637075718 0.714285714286 0.5 0.205191594561 0.168407310705
0.624020887728 0.714285714286 0.576923076923 0.262051915946 0.227154046997
0.840078328982 0.285714285714 0.846153846154 0.877626699629 0.810704960836
0.8727154047 0.285714285714 0.923076923077 1.0 1.0
0.56135770235 0.714285714286 0.5 0.248454882571 0.284595300261
0.417754569191 0.0 0.346153846154 0.224969097651 0.159268929504
0.389686684073 0.428571428571 0.307692307692 0.332509270705 0.193211488251
0.689947780679 0.571428571429 0.692307692308 0.529048207664 0.38772845953
0.689947780679 0.571428571429 0.692307692308 0.529048207664 0.38772845953
0.832898172324 0.857142857143 0.769230769231 0.647713226205 0.648825065274
0.654699738903 0.285714285714 0.576923076923 0.336217552534 0.370757180157
0.609007832898 0.285714285714 0.5 0.281829419036 0.276762402089
0.806788511749 0.857142857143 0.769230769231 0.729295426452 0.716710182768
0.567232375979 0.142857142857 0.576923076923 0.300370828183 0.262402088773
0.689947780679 0.571428571429 0.692307692308 0.529048207664 0.38772845953
0.825718015666 0.571428571429 0.807692307692 0.804697156984 0.762402088773
0.663838120104 0.857142857143 0.653846153846 0.396786155748 0.426892950392
0.630548302872 0.714285714286 0.615384615385 0.478368355995 0.545691906005
0.969973890339 0.285714285714 0.961538461538 0.985166872682 0.921671018277
0.733028720627 0.0 0.692307692308 0.550061804697 0.463446475196
0.868146214099 0.571428571429 0.923076923077 0.713226205192 0.728459530026
0.799608355091 0.571428571429 0.769230769231 0.689740420272 0.677545691906
0.783942558747 0.285714285714 0.692307692308 0.402966625464 0.403394255875
0.456919060052 0.285714285714 0.423076923077 0.260815822002 0.197127937337
0.685378590078 0.714285714286 0.692307692308 0.662546353523 0.646214099217
0.624673629243 0.0 0.576923076923 0.515451174289 0.379895561358
0.598563968668 0.571428571429 0.615384615385 0.487021013597 0.497389033943
0.607049608355 0.714285714286 0.615384615385 0.563658838072 0.464751958225
0.611618798956 0.0 0.576923076923 0.593325092707 0.556135770235
0.391644908616 0.0 0.307692307692 0.224969097651 0.159268929504
0.560704960836 0.571428571429 0.5 0.322620519159 0.263707571802
0.687336814621 0.142857142857 0.692307692308 0.615574783684 0.511749347258
0.806788511749 0.857142857143 0.769230769231 0.729295426452 0.716710182768
0.597911227154 0.571428571429 0.653846153846 0.57478368356 0.536553524804
0.791122715405 0.428571428571 0.730769230769 0.510506798517 0.659268929504
0.685378590078 0.428571428571 0.615384615385 0.428924598269 0.567885117493
0.577676240209 0.285714285714 0.576923076923 0.483312731768 0.441253263708
0.524804177546 0.285714285714 0.538461538462 0.420271940667 0.395561357702
0.622062663185 0.714285714286 0.576923076923 0.489493201483 0.425587467363
0.578981723238 0.714285714286 0.538461538462 0.466007416564 0.403394255875
0.740861618799 0.428571428571 0.692307692308 0.553770086527 0.625326370757
0.799608355091 0.571428571429 0.769230769231 0.689740420272 0.677545691906
0.648825065274 0.285714285714 0.692307692308 0.679851668727 0.530026109661
0.578981723238 0.714285714286 0.538461538462 0.466007416564 0.403394255875
0.825718015666 0.571428571429 0.807692307692 0.804697156984 0.762402088773
0.661227154047 0.428571428571 0.576923076923 0.512978986403 0.395561357702
0.612924281984 0.285714285714 0.615384615385 0.78739184178 0.763707571802
0.428851174935 0.428571428571 0.423076923077 0.364647713226 0.381201044386
0.603785900783 0.428571428571 0.615384615385 0.423980222497 0.484334203655
0.352480417755 0.0 0.269230769231 0.224969097651 0.159268929504
1.0 0.714285714286 1.0 0.919653893696 0.812010443864
0.847911227154 0.285714285714 0.807692307692 0.684796044499 0.627937336815
0.47911227154 0.142857142857 0.423076923077 0.317676143387 0.31592689295
0.602480417755 0.142857142857 0.615384615385 0.716934487021 0.574412532637
0.560704960836 0.285714285714 0.576923076923 0.540173053152 0.420365535248
0.499347258486 0.0 0.461538461538 0.330037082818 0.172323759791
0.548955613577 0.571428571429 0.576923076923 0.394313967862 0.392950391645
0.685378590078 0.714285714286 0.653846153846 0.514215080346 0.445169712794
0.643603133159 0.142857142857 0.576923076923 0.569839307787 0.501305483029
0.43407310705 0.0 0.384615384615 0.307787391842 0.32637075718
0.736945169713 0.571428571429 0.692307692308 0.640296662546 0.516971279373
0.506527415144 0.0 0.5 0.489493201483 0.403394255875
0.767624020888 0.571428571429 0.730769230769 0.561186650185 0.498694516971
0.67362924282 0.571428571429 0.692307692308 0.573547589617 0.638381201044
0.624020887728 0.142857142857 0.653846153846 0.695920889988 0.533942558747
0.539817232376 0.428571428571 0.538461538462 0.466007416564 0.403394255875
