0.196192490746 0.0 0.114285714286 0.085566119274 0.0106761565836
0.934955050238 0.25 0.942857142857 1.0 1.0
1.0 0.0 0.914285714286 0.777009507347 0.742882562278
0.804865150714 1.0 0.714285714286 0.569576490925 0.641459074733
0.963511369646 0.0 1.0 0.895419187554 0.904804270463
0.921205711264 0.5 0.885714285714 0.90492653414 0.916370106762
0.8614489688 0.75 0.828571428571 0.724286949006 0.783807829181
0.236382866208 0.25 0.171428571429 0.105445116681 0.0507117437722
0.438921205711 0.75 0.428571428571 0.468452895419 0.455516014235
0.583289264939 1.0 0.542857142857 0.407087294728 0.453736654804
0.329984135378 0.5 0.285714285714 0.313742437338 0.27846975089
0.918032786885 0.0 0.942857142857 0.920484010372 0.798932384342
0.784241142253 0.0 0.8 0.85393258427 0.660142348754
0.888947646748 0.0 0.885714285714 0.816767502161 0.820284697509
0.923320994183 0.25 0.828571428571 0.826274848747 0.839857651246
0.771020624008 0.5 0.742857142857 0.649956784788 0.702846975089
0.873611845584 0.5 0.857142857143 0.730337078652 0.807829181495
0.83606557377 0.25 0.857142857143 0.905790838375 0.881672597865
0.876784769963 0.5 0.885714285714 0.799481417459 0.764234875445
0.798519301957 0.75 0.8 0.696629213483 0.725978647687
0.379164463247 0.5 0.314285714286 0.162489196197 0.179715302491
0.313061872025 0.0 0.257142857143 0.119273984443 0.0320284697509
0.568482284506 0.0 0.6 0.492653414002 0.48665480427
0.626652564781 0.0 0.657142857143 0.525496974935 0.508896797153
0.673188789001 1.0 0.657142857143 0.52290406223 0.64768683274
0.83712321523 0.5 0.857142857143 0.840968020743 0.899466192171
0.611316763617 0.0 0.628571428571 0.620570440795 0.538256227758
0.653093601269 0.5 0.6 0.556611927398 0.537366548043
0.796404019038 0.75 0.771428571429 0.704407951599 0.749110320285
0.335272342676 0.25 0.257142857143 0.105445116681 0.0507117437722
0.758857747224 0.75 0.685714285714 0.71477960242 0.731316725979
0.686938127975 0.25 0.657142857143 0.658599827139 0.630782918149
0.345319936542 0.5 0.285714285714 0.171996542783 0.113879003559
0.641988365944 0.0 0.685714285714 0.691443388073 0.578291814947
0.740349021682 0.0 0.771428571429 0.707000864304 0.693060498221
0.693283976732 1.0 0.628571428571 0.420916162489 0.517793594306
0.794817556848 0.0 0.828571428571 0.737251512532 0.649466192171
0.479640401904 0.75 0.457142857143 0.417458945549 0.451957295374
0.401903754627 0.5 0.342857142857 0.252376836646 0.171708185053
0.55790586991 0.5 0.542857142857 0.501296456353 0.553380782918
0.599153886832 1.0 0.542857142857 0.577355229041 0.637010676157
0.295081967213 0.0 0.228571428571 0.131374243734 0.0889679715302
0.544156530936 0.75 0.514285714286 0.506482281763 0.480427046263
0.747223691169 0.75 0.8 0.740708729473 0.824733096085
0.414066631412 0.0 0.428571428571 0.438202247191 0.392348754448
0.81438392385 0.0 0.742857142857 0.543647363872 0.620996441281
0.206768905341 0.0 0.142857142857 0.133102852204 0.0756227758007
0.32628239027 0.0 0.314285714286 0.319792566984 0.270462633452
0.347435219461 0.0 0.342857142857 0.293863439931 0.269572953737
0.254362771021 0.0 0.228571428571 0.171132238548 0.139679715302
0.909571655209 0.25 0.828571428571 0.649956784788 0.607651245552
0.397673188789 0.0 0.4 0.309420916162 0.28024911032
0.921734531994 0.0 0.885714285714 0.75885911841 0.672597864769
0.356425171867 0.25 0.285714285714 0.0968020743302 0.0613879003559
0.931782125859 0.0 0.857142857143 0.710458081245 0.656583629893
0.850872554204 0.0 0.828571428571 0.683664649957 0.679715302491
0.660497091486 0.0 0.714285714286 0.694036300778 0.674377224199
0.243786356425 0.0 0.2 0.171132238548 0.139679715302
0.527763088313 0.0 0.542857142857 0.350907519447 0.317615658363
0.270227392914 0.0 0.257142857143 0.229904926534 0.189501779359
0.404019037546 0.5 0.371428571429 0.259291270527 0.241103202847
0.453199365415 0.75 0.4 0.248919619706 0.242882562278
0.702802749868 0.0 0.742857142857 0.650821089023 0.481316725979
0.382337387626 0.0 0.371428571429 0.390665514261 0.327402135231
0.292966684294 0.25 0.228571428571 0.169403630078 0.130782918149
0.48757271285 0.0 0.514285714286 0.428694900605 0.391459074733
0.93125330513 0.25 0.8 0.592048401037 0.585409252669
0.217345319937 0.0 0.142857142857 0.085566119274 0.0106761565836
0.222633527234 0.0 0.171428571429 0.171132238548 0.139679715302
0.830248545743 0.25 0.885714285714 0.81158167675 0.822953736655
0.663141195135 0.25 0.628571428571 0.388936905791 0.398576512456
0.280274986779 0.0 0.2 0.166810717373 0.109430604982
0.765732416711 0.25 0.714285714286 0.538461538462 0.525800711744
0.44103648863 0.0 0.457142857143 0.481417458946 0.455516014235
0.283976731888 0.0 0.2 0.085566119274 0.0106761565836
0.292966684294 0.0 0.228571428571 0.133102852204 0.0756227758007
0.709148598625 0.0 0.685714285714 0.452031114952 0.54537366548
0.46589106293 0.0 0.485714285714 0.449438202247 0.369217081851
0.774193548387 0.25 0.771428571429 0.719965427831 0.776690391459
0.294553146483 0.0 0.285714285714 0.229904926534 0.189501779359
0.196192490746 0.0 0.114285714286 0.085566119274 0.0106761565836
0.65150713908 0.25 0.571428571429 0.544511668107 0.581850533808
0.740349021682 0.25 0.742857142857 0.675885911841 0.564946619217
0.424643046007 0.25 0.371428571429 0.229040622299 0.135231316726
0.486515071391 0.75 0.485714285714 0.435609334486 0.447508896797
0.540454785828 0.0 0.571428571429 0.52290406223 0.475978647687
0.366472765732 0.0 0.314285714286 0.277441659464 0.213523131673
0.640930724484 0.25 0.571428571429 0.604148660328 0.682384341637
0.716023268112 0.25 0.685714285714 0.632670700086 0.596085409253
0.433104177684 0.25 0.342857142857 0.197925669836 0.154804270463
0.574828133263 0.25 0.514285714286 0.410544511668 0.414590747331
0.724484399788 0.0 0.657142857143 0.549697493518 0.565836298932
0.377578001058 0.0 0.342857142857 0.182368193604 0.124555160142
0.629825489159 0.25 0.657142857143 0.517718236819 0.497330960854
0.310946589106 0.0 0.257142857143 0.171132238548 0.139679715302
0.361184558435 0.0 0.314285714286 0.212618841832 0.175266903915
0.705446853517 0.25 0.685714285714 0.636992221262 0.600533807829
0.736118455843 0.75 0.714285714286 0.545375972342 0.568505338078
0.373876255949 0.0 0.342857142857 0.28867761452 0.183274021352
0.264939185616 0.0 0.2 0.123595505618 0.0747330960854
