0.897384305835 0.0 0.896551724138 0.858285714286 0.902762430939
1.0 0.0 1.0 1.0 1.0
0.778001341382 0.0 0.758620689655 0.614857142857 0.665193370166
0.865191146881 0.0 0.793103448276 0.657142857143 0.748066298343
0.627766599598 0.0 0.586206896552 0.546285714286 0.611049723757
0.916163648558 0.0 0.862068965517 0.658285714286 0.699447513812
0.641180415828 0.0 0.586206896552 0.546285714286 0.611049723757
0.703554661301 0.0 0.620689655172 0.525714285714 0.612154696133
0.712273641851 0.0 0.655172413793 0.64 0.686187845304
0.745808182428 0.0 0.724137931034 0.723428571429 0.723756906077
0.757209926224 0.0 0.724137931034 0.793142857143 0.797790055249
0.639839034205 0.0 0.586206896552 0.497142857143 0.549171270718
0.782025486251 0.0 0.689655172414 0.566857142857 0.639779005525
0.674714956405 0.0 0.655172413793 0.726857142857 0.725966850829
0.809523809524 0.0 0.758620689655 0.707428571429 0.723756906077
0.828303152247 0.0 0.827586206897 0.864 0.818784530387
0.630449362844 0.0 0.586206896552 0.532571428571 0.566850828729
0.627766599598 0.0 0.551724137931 0.539428571429 0.604419889503
0.553990610329 0.0 0.48275862069 0.461714285714 0.530386740331
0.594232059021 0.0 0.51724137931 0.461714285714 0.530386740331
0.849765258216 0.0 0.793103448276 0.603428571429 0.620994475138
0.771965124078 0.0 0.724137931034 0.561142857143 0.577900552486
0.56338028169 0.0 0.51724137931 0.539428571429 0.573480662983
0.785378940309 0.0 0.724137931034 0.524571428571 0.554696132597
0.704225352113 0.0 0.655172413793 0.501714285714 0.523756906077
0.527162977867 0.0 0.448275862069 0.461714285714 0.530386740331
0.615023474178 0.0 0.51724137931 0.437714285714 0.517127071823
0.690811535882 0.0 0.586206896552 0.432 0.510497237569
0.614352783367 0.0 0.551724137931 0.545142857143 0.581215469613
0.779342723005 0.0 0.689655172414 0.673142857143 0.711602209945
0.801475519785 0.0 0.758620689655 0.773714285714 0.756906077348
0.627766599598 0.0 0.551724137931 0.483428571429 0.530386740331
0.784708249497 0.0 0.724137931034 0.714285714286 0.718232044199
0.68142186452 0.0 0.620689655172 0.602285714286 0.620994475138
0.674044265594 0.0 0.586206896552 0.506285714286 0.553591160221
0.780684104628 0.0 0.724137931034 0.528 0.533701657459
0.661301140174 0.0 0.586206896552 0.483428571429 0.519337016575
0.614352783367 0.0 0.551724137931 0.528 0.552486187845
0.68142186452 0.0 0.620689655172 0.569142857143 0.583425414365
0.780684104628 0.0 0.689655172414 0.562285714286 0.597790055249
0.591549295775 0.0 0.51724137931 0.568 0.602209944751
0.752515090543 0.0 0.655172413793 0.548571428571 0.59226519337
0.65057008719 0.0 0.586206896552 0.569142857143 0.586740331492
0.527162977867 0.0 0.448275862069 0.377142857143 0.430939226519
0.872568745808 0.0 0.827586206897 0.758857142857 0.725966850829
0.567404426559 0.0 0.48275862069 0.377142857143 0.430939226519
0.649228705567 0.0 0.586206896552 0.523428571429 0.537016574586
0.582159624413 0.0 0.51724137931 0.489142857143 0.511602209945
0.701542588867 0.0 0.620689655172 0.528 0.552486187845
0.558685446009 0.0 0.448275862069 0.356571428571 0.432044198895
0.824949698189 0.0 0.689655172414 0.523428571429 0.590055248619
0.674714956405 0.0 0.586206896552 0.489142857143 0.524861878453
0.871898054997 0.0 0.758620689655 0.586285714286 0.62320441989
0.536552649229 0.0 0.448275862069 0.377142857143 0.430939226519
0.536552649229 0.0 0.448275862069 0.377142857143 0.430939226519
0.637156270959 0.0 0.551724137931 0.576 0.605524861878
0.537894030852 0.0 0.448275862069 0.377142857143 0.430939226519
0.730382293763 0.0 0.689655172414 0.748571428571 0.714917127072
0.69885982562 0.0 0.586206896552 0.576 0.624309392265
0.596244131455 0.0 0.51724137931 0.478857142857 0.507182320442
0.529845741113 0.0 0.448275862069 0.377142857143 0.419889502762
0.819584171697 0.0 0.724137931034 0.676571428571 0.689502762431
0.482226693494 0.0 0.413793103448 0.401142857143 0.433149171271
0.54594232059 0.0 0.51724137931 0.533714285714 0.51270718232
0.657276995305 0.0 0.551724137931 0.429714285714 0.480662983425
0.634473507713 0.0 0.551724137931 0.398857142857 0.430939226519
0.749832327297 0.0 0.689655172414 0.688 0.669613259669
0.58081824279 0.0 0.48275862069 0.398857142857 0.449723756906
0.560026827632 0.0 0.48275862069 0.401142857143 0.433149171271
0.469483568075 0.0 0.379310344828 0.377142857143 0.430939226519
0.522468142186 0.0 0.448275862069 0.401142857143 0.433149171271
0.522468142186 0.0 0.448275862069 0.401142857143 0.433149171271
0.48893360161 0.0 0.448275862069 0.394285714286 0.395580110497
0.669349429913 0.0 0.586206896552 0.499428571429 0.52044198895
0.65057008719 0.0 0.586206896552 0.482285714286 0.48729281768
0.549966465459 0.0 0.48275862069 0.476571428571 0.492817679558
0.549966465459 0.0 0.51724137931 0.449142857143 0.432044198895
0.574111334675 0.0 0.48275862069 0.377142857143 0.419889502762
0.58081824279 0.0 0.51724137931 0.401142857143 0.414364640884
0.69416498994 0.0 0.620689655172 0.500571428571 0.507182320442
0.592890677398 0.0 0.551724137931 0.539428571429 0.52044198895
0.639839034205 0.0 0.551724137931 0.449142857143 0.477348066298
0.610328638498 0.0 0.586206896552 0.539428571429 0.501657458564
0.686787391013 0.0 0.620689655172 0.445714285714 0.447513812155
0.585513078471 0.0 0.551724137931 0.469714285714 0.445303867403
0.513749161636 0.0 0.413793103448 0.398857142857 0.449723756906
0.618376928236 0.0 0.551724137931 0.404571428571 0.413259668508
0.455399061033 0.0 0.379310344828 0.401142857143 0.433149171271
0.455399061033 0.0 0.379310344828 0.401142857143 0.433149171271
0.654594232059 0.0 0.551724137931 0.464 0.500552486188
0.536552649229 0.0 0.48275862069 0.478857142857 0.476243093923
0.583501006036 0.0 0.51724137931 0.489142857143 0.493922651934
0.511737089202 0.0 0.448275862069 0.401142857143 0.414364640884
0.533199195171 0.0 0.448275862069 0.401142857143 0.433149171271
0.540576794098 0.0 0.48275862069 0.445714285714 0.447513812155
0.637156270959 0.0 0.551724137931 0.482285714286 0.500552486188
0.55466130114 0.0 0.448275862069 0.387428571429 0.437569060773
0.633802816901 0.0 0.51724137931 0.421714285714 0.472928176796
0.576123407109 0.0 0.51724137931 0.500571428571 0.495027624309
0.507042253521 0.0 0.413793103448 0.411428571429 0.450828729282
