0.661979166667 0.714285714286 0.714285714286 0.627712854758 0.684724689165
0.690104166667 0.571428571429 0.714285714286 0.515025041736 0.64298401421
0.476041666667 0.285714285714 0.457142857143 0.326377295492 0.207815275311
0.653125 0.571428571429 0.628571428571 0.465776293823 0.426287744227
0.568229166667 0.714285714286 0.571428571429 0.330550918197 0.385435168739
0.6703125 0.714285714286 0.714285714286 0.613522537563 0.523090586146
0.818229166667 0.428571428571 0.828571428571 0.74040066778 0.779751332149
0.514583333333 0.428571428571 0.428571428571 0.200333889816 0.198046181172
0.2796875 0.142857142857 0.257142857143 0.246243739566 0.259325044405
0.285416666667 0.142857142857 0.257142857143 0.275459098497 0.278863232682
0.275 0.0 0.228571428571 0.165275459098 0.139431616341
0.311458333333 0.285714285714 0.257142857143 0.238731218698 0.214920071048
0.523958333333 0.142857142857 0.485714285714 0.505843071786 0.36944937833
0.575520833333 0.428571428571 0.514285714286 0.24040066778 0.324156305506
0.479166666667 0.428571428571 0.514285714286 0.580133555927 0.570159857904
0.352604166667 0.142857142857 0.342857142857 0.38898163606 0.310834813499
0.325 0.142857142857 0.285714285714 0.307178631052 0.271758436945
0.563020833333 0.285714285714 0.6 0.550083472454 0.379218472469
0.4140625 0.142857142857 0.4 0.289649415693 0.143872113677
0.2796875 0.142857142857 0.228571428571 0.270450751252 0.196269982238
0.285416666667 0.142857142857 0.257142857143 0.275459098497 0.278863232682
0.4609375 0.285714285714 0.485714285714 0.436560934891 0.347246891652
0.416666666667 0.0 0.314285714286 0.254590984975 0.206927175844
0.609375 0.428571428571 0.6 0.495826377295 0.398756660746
0.792708333333 0.285714285714 0.8 0.868113522538 0.83836589698
0.6125 0.142857142857 0.628571428571 0.696994991653 0.638543516874
0.641145833333 0.285714285714 0.657142857143 0.47245409015 0.392539964476
0.659895833333 0.428571428571 0.657142857143 0.532554257095 0.46269982238
0.6984375 0.428571428571 0.771428571429 0.665275459098 0.660746003552
0.6703125 0.571428571429 0.771428571429 0.77796327212 0.702486678508
0.6828125 0.571428571429 0.685714285714 0.510016694491 0.482238010657
0.71875 0.428571428571 0.628571428571 0.389816360601 0.261101243339
0.6875 0.285714285714 0.657142857143 0.496661101836 0.395204262877
0.640625 0.428571428571 0.628571428571 0.436560934891 0.40674955595
0.568229166667 0.285714285714 0.542857142857 0.353923205342 0.277975133215
0.583854166667 0.285714285714 0.542857142857 0.414858096828 0.278863232682
0.345833333333 0.285714285714 0.342857142857 0.356427378965 0.398756660746
0.513020833333 0.571428571429 0.514285714286 0.367278797997 0.449378330373
0.591666666667 0.285714285714 0.514285714286 0.383973288815 0.301953818828
0.460416666667 0.142857142857 0.371428571429 0.173622704508 0.154529307282
0.4984375 0.142857142857 0.485714285714 0.505008347245 0.382770870337
0.4484375 0.142857142857 0.457142857143 0.510016694491 0.465364120782
0.494791666667 0.428571428571 0.542857142857 0.616861435726 0.634103019538
0.41875 0.285714285714 0.457142857143 0.474958263773 0.513321492007
0.563020833333 0.285714285714 0.6 0.550083472454 0.379218472469
0.3875 0.142857142857 0.371428571429 0.38898163606 0.310834813499
0.7453125 0.857142857143 0.742857142857 0.478297161937 0.579040852575
0.757291666667 0.857142857143 0.685714285714 0.412353923205 0.504440497336
0.615104166667 1.0 0.6 0.47245409015 0.50621669627
0.533854166667 0.571428571429 0.542857142857 0.367278797997 0.449378330373
0.420833333333 0.428571428571 0.342857142857 0.093489148581 0.0612788632327
0.420833333333 0.428571428571 0.342857142857 0.093489148581 0.0612788632327
0.584895833333 0.285714285714 0.628571428571 0.732888146912 0.706039076377
0.6578125 0.285714285714 0.742857142857 0.85141903172 0.820603907638
0.479166666667 0.285714285714 0.428571428571 0.380634390651 0.395204262877
0.253645833333 0.0 0.2 0.128547579299 0.0754884547069
0.550520833333 0.285714285714 0.485714285714 0.263772954925 0.288632326821
0.503645833333 0.428571428571 0.485714285714 0.335559265442 0.348134991119
0.524479166667 0.285714285714 0.542857142857 0.651919866444 0.586145648313
0.524479166667 0.285714285714 0.542857142857 0.651919866444 0.586145648313
0.552604166667 0.428571428571 0.542857142857 0.431552587646 0.264653641208
0.434895833333 0.142857142857 0.428571428571 0.289649415693 0.143872113677
0.3890625 0.142857142857 0.285714285714 0.15776293823 0.154529307282
0.340104166667 0.285714285714 0.314285714286 0.35141903172 0.316163410302
0.5078125 0.571428571429 0.457142857143 0.20367278798 0.200710479574
0.3609375 0.285714285714 0.314285714286 0.30550918197 0.251332149201
1.0 0.571428571429 1.0 1.0 1.0
0.4234375 0.142857142857 0.371428571429 0.224540901503 0.227353463588
0.428645833333 0.285714285714 0.457142857143 0.506677796327 0.494671403197
0.503125 0.142857142857 0.514285714286 0.585976627713 0.502664298401
0.499479166667 0.428571428571 0.457142857143 0.521702838063 0.44404973357
0.2796875 0.142857142857 0.257142857143 0.246243739566 0.259325044405
0.672395833333 0.857142857143 0.628571428571 0.359766277129 0.464476021314
0.455729166667 0.571428571429 0.4 0.20367278798 0.200710479574
0.616145833333 0.142857142857 0.571428571429 0.525041736227 0.515985790409
0.602604166667 0.428571428571 0.571428571429 0.421535893155 0.476909413854
0.541145833333 0.428571428571 0.485714285714 0.417362270451 0.459147424512
0.436979166667 0.428571428571 0.4 0.388146911519 0.380106571936
0.563020833333 0.571428571429 0.542857142857 0.321368948247 0.384547069272
0.480208333333 0.285714285714 0.4 0.159432387312 0.204262877442
