0.638141809291 0.0 0.791666666667 0.72972972973 0.89175257732
0.509259259259 0.0 0.647058823529 0.593984962406 0.758064516129
0.555012224939 0.0 0.75 0.679179179179 0.781443298969
0.667824074074 0.0 0.735294117647 0.557894736842 0.779032258065
0.595486111111 0.0 0.764705882353 0.740601503759 0.843548387097
0.537037037037 0.0 0.705882352941 0.703007518797 0.802419354839
0.436921296296 0.0 0.558823529412 0.466917293233 0.609677419355
0.568287037037 0.0 0.735294117647 0.675939849624 0.76935483871
0.509837962963 0.0 0.676470588235 0.638345864662 0.728225806452
0.606481481481 0.0 0.764705882353 0.675939849624 0.76935483871
0.517638840377 0.0 0.708333333333 0.617117117117 0.677319587629
0.419140761439 0.0 0.604166666667 0.594094094094 0.65206185567
0.582954942368 0.0 0.729166666667 0.664664664665 0.761340206186
0.674118057981 0.0 0.75 0.692692692693 0.858762886598
0.425954198473 0.0 0.54347826087 0.534200113058 0.656753407683
0.441221374046 0.0 0.586956521739 0.572639909553 0.666666666667
0.800925925926 0.0 0.764705882353 0.505263157895 0.781451612903
0.402290076336 0.0 0.521739130435 0.511023176936 0.626394052045
0.300733496333 0.0 0.4375 0.326326326326 0.423711340206
0.643129770992 0.0 0.695652173913 0.56189937818 0.740396530359
0.464547677262 0.0 0.645833333333 0.588588588589 0.637113402062
0.498078938177 0.0 0.6875 0.593593593594 0.628865979381
0.814879497031 0.0 0.875 0.722722722723 0.885567010309
0.823282442748 0.0 0.826086956522 0.674392312041 0.89405204461
0.666087962963 0.0 0.794117647059 0.771428571429 0.864516129032
0.372685993713 0.0 0.541666666667 0.492492492492 0.542783505155
0.292350681104 0.0 0.4375 0.342842842843 0.416494845361
0.691931540342 0.0 0.791666666667 0.685685685686 0.804639175258
0.486203283269 0.0 0.666666666667 0.569069069069 0.606701030928
0.497709923664 0.0 0.565217391304 0.520067834935 0.670384138786
0.51560818084 0.0 0.621621621622 0.479797979798 0.589923469388
0.384212364652 0.0 0.5625 0.518018018018 0.555154639175
0.452671755725 0.0 0.586956521739 0.566986998304 0.64312267658
0.452671755725 0.0 0.586956521739 0.566986998304 0.64312267658
0.452671755725 0.0 0.586956521739 0.566986998304 0.64312267658
0.440097799511 0.0 0.625 0.633633633634 0.657731958763
0.789731051345 0.0 0.833333333333 0.66966966967 0.835051546392
0.773726851852 0.0 0.735294117647 0.515037593985 0.760483870968
0.575969263011 0.0 0.729166666667 0.667167167167 0.720618556701
0.406106870229 0.0 0.5 0.449406444319 0.561338289963
0.874257771568 0.0 0.916666666667 0.814814814815 0.977835051546
0.615740740741 0.0 0.735294117647 0.660902255639 0.74435483871
0.324834090115 0.0 0.458333333333 0.381381381381 0.45
0.316101990919 0.0 0.479166666667 0.420920920921 0.45824742268
0.593782745372 0.0 0.770833333333 0.76976976977 0.789690721649
0.437404580153 0.0 0.54347826087 0.534765404183 0.621437422553
0.626266154384 0.0 0.791666666667 0.736736736737 0.762886597938
0.733845616486 0.0 0.854166666667 0.8003003003 0.870618556701
0.350331819769 0.0 0.458333333333 0.373373373373 0.455670103093
0.600069856794 0.0 0.6875 0.593093093093 0.695360824742
0.62032832693 0.0 0.729166666667 0.558058058058 0.638659793814
0.638858988159 0.0 0.72972972973 0.603174603175 0.697704081633
0.491221374046 0.0 0.586956521739 0.570378745054 0.659851301115
0.694725812085 0.0 0.729166666667 0.538538538539 0.688144329897
0.339504016766 0.0 0.5 0.457957957958 0.480927835052
0.387006636395 0.0 0.520833333333 0.498498498498 0.54793814433
0.805099545931 0.0 0.875 0.685685685686 0.798453608247
0.481700753498 0.0 0.567567567568 0.494227994228 0.59056122449
0.876702759343 0.0 0.979166666667 0.9004004004 0.977319587629
0.624427480916 0.0 0.652173913043 0.55850763143 0.709417596035
0.65 0.0 0.739130434783 0.776710005653 0.866171003717
0.680405169403 0.0 0.75 0.604104104104 0.712886597938
0.777156828502 0.0 0.833333333333 0.71971971972 0.840721649485
0.885784142508 0.0 0.958333333333 0.845845845846 0.95
0.552671755725 0.0 0.630434782609 0.575466365178 0.674101610905
0.348934683898 0.0 0.4375 0.318318318318 0.405670103093
0.689835836535 0.0 0.770833333333 0.699199199199 0.793298969072
0.606027987083 0.0 0.648648648649 0.496392496392 0.628826530612
0.589694656489 0.0 0.652173913043 0.631995477671 0.743494423792
0.345791128187 0.0 0.520833333333 0.503503503504 0.501546391753
0.720922109675 0.0 0.770833333333 0.614614614615 0.735051546392
0.752706950751 0.0 0.770833333333 0.598598598599 0.750515463918
0.777855396437 0.0 0.854166666667 0.81981981982 0.912371134021
0.959832343695 0.0 0.9375 0.780780780781 0.971134020619
0.545717592593 0.0 0.588235294118 0.518045112782 0.642741935484
0.543511450382 0.0 0.608695652174 0.526286037309 0.628252788104
0.713237862382 0.0 0.770833333333 0.636136136136 0.743298969072
0.638141809291 0.0 0.666666666667 0.536036036036 0.672164948454
0.847362906043 0.0 0.895833333333 0.74974974975 0.865463917526
0.722668529514 0.0 0.833333333333 0.733233233233 0.786597938144
0.733496332518 0.0 0.791666666667 0.65965965966 0.764948453608
0.533369214209 0.0 0.621621621622 0.55266955267 0.627551020408
0.669926650367 0.0 0.75 0.672672672673 0.755670103093
0.33320610687 0.0 0.45652173913 0.396269078575 0.434944237918
0.657251908397 0.0 0.673913043478 0.592425098926 0.73667905824
0.538945162417 0.0 0.625 0.587587587588 0.662371134021
0.923856095005 0.0 0.979166666667 0.866366366366 0.971134020619
0.735114503817 0.0 0.695652173913 0.607122668174 0.804832713755
0.409011526371 0.0 0.520833333333 0.444444444444 0.490721649485
0.865525672372 0.0 0.916666666667 0.78978978979 0.896391752577
0.362906042613 0.0 0.479166666667 0.403903903904 0.444845360825
0.398815931109 0.0 0.459459459459 0.344155844156 0.440051020408
0.269465648855 0.0 0.347826086957 0.328434143584 0.40644361834
0.750807319699 0.0 0.810810810811 0.797258297258 0.891581632653
0.289556409361 0.0 0.416666666667 0.336336336336 0.362886597938
0.830247991617 0.0 0.833333333333 0.657657657658 0.80824742268
0.577502691066 0.0 0.675675675676 0.589466089466 0.644770408163
0.568353067815 0.0 0.675675675676 0.665945165945 0.711734693878
0.70398277718 0.0 0.72972972973 0.634920634921 0.762117346939
0.61641221374 0.0 0.695652173913 0.652911249293 0.725526641884
0.531216361679 0.0 0.594594594595 0.52380952381 0.612244897959
0.322916666667 0.0 0.382352941176 0.26992481203 0.362096774194
0.477933261572 0.0 0.540540540541 0.499278499278 0.588010204082
0.591337757597 0.0 0.6875 0.576576576577 0.631443298969
0.893893129771 0.0 0.869565217391 0.824759751272 1.0
0.677083333333 0.0 0.794117647059 0.71954887218 0.753225806452
0.501222493888 0.0 0.5625 0.441941941942 0.530927835052
0.643730352777 0.0 0.666666666667 0.527527527528 0.65412371134
0.384732824427 0.0 0.434782608696 0.375918598078 0.474597273854
0.743625567586 0.0 0.833333333333 0.709209209209 0.768041237113
0.415997205728 0.0 0.583333333333 0.570570570571 0.551546391753
0.765630457562 0.0 0.791666666667 0.630630630631 0.751030927835
0.881592734893 0.0 0.9375 0.81981981982 0.909793814433
0.704505763185 0.0 0.770833333333 0.621621621622 0.700515463918
0.508906741181 0.0 0.5625 0.464964964965 0.55618556701
0.473629060426 0.0 0.604166666667 0.556556556557 0.570618556701
0.657158234661 0.0 0.675675675676 0.575757575758 0.701530612245
0.577017114914 0.0 0.625 0.506006006006 0.60206185567
0.354166666667 0.0 0.411764705882 0.242857142857 0.329032258065
0.395738735592 0.0 0.458333333333 0.385385385385 0.466494845361
0.479389312977 0.0 0.5 0.413227812323 0.535935563817
0.449407965554 0.0 0.486486486486 0.38455988456 0.490433673469
0.75934334614 0.0 0.854166666667 0.764264264264 0.812371134021
0.499236641221 0.0 0.565217391304 0.493499152063 0.570012391574
0.842472930492 0.0 0.875 0.712212212212 0.822164948454
0.571582346609 0.0 0.621621621622 0.529581529582 0.621173469388
0.624327233584 0.0 0.675675675676 0.617604617605 0.707270408163
0.60548977395 0.0 0.702702702703 0.642135642136 0.685586734694
0.534055186867 0.0 0.645833333333 0.534034034034 0.562886597938
0.295717592593 0.0 0.352941176471 0.205263157895 0.287903225806
0.295717592593 0.0 0.352941176471 0.205263157895 0.287903225806
0.48439181916 0.0 0.594594594595 0.558441558442 0.58737244898
0.571374045802 0.0 0.630434782609 0.56076879593 0.640644361834
0.512152777778 0.0 0.529411764706 0.35037593985 0.471774193548
0.534983853606 0.0 0.621621621622 0.503607503608 0.555484693878
0.51345532831 0.0 0.621621621622 0.526695526696 0.556760204082
0.423282442748 0.0 0.54347826087 0.506500847937 0.523543990087
0.674045801527 0.0 0.739130434783 0.721876766535 0.793680297398
0.641011840689 0.0 0.72972972973 0.67316017316 0.721301020408
0.679224973089 0.0 0.756756756757 0.739538239538 0.798469387755
0.466092572659 0.0 0.513513513514 0.470418470418 0.55931122449
0.27025462963 0.0 0.323529411765 0.205263157895 0.287903225806
0.480086114101 0.0 0.567567567568 0.454545454545 0.502551020408
0.458557588805 0.0 0.513513513514 0.419913419913 0.5
0.672228202368 0.0 0.756756756757 0.67316017316 0.723214285714
0.456942949408 0.0 0.567567567568 0.554834054834 0.578443877551
0.708347886832 0.0 0.833333333333 0.804804804805 0.813917525773
0.538751345533 0.0 0.621621621622 0.520923520924 0.572066326531
0.292366412214 0.0 0.326086956522 0.241379310345 0.340768277571
0.442748091603 0.0 0.521739130435 0.523459581685 0.577447335812
0.54427480916 0.0 0.586956521739 0.564725833804 0.654894671623
0.437404580153 0.0 0.521739130435 0.483323911815 0.530978934325
0.200763358779 0.0 0.239130434783 0.165630299604 0.258983890954
0.375190839695 0.0 0.45652173913 0.345958168457 0.395910780669
0.333912037037 0.0 0.382352941176 0.205263157895 0.287903225806
0.265455815578 0.0 0.416666666667 0.392892892893 0.372680412371
0.894166957737 0.0 0.916666666667 0.765765765766 0.874226804124
0.29793922459 0.0 0.395833333333 0.273773773774 0.306701030928
0.550053821313 0.0 0.621621621622 0.530303030303 0.589285714286
0.772569444444 0.0 0.911764705882 0.925563909774 0.916935483871
0.788333915473 0.0 0.895833333333 0.825325325325 0.847422680412
0.300384212365 0.0 0.458333333333 0.446446446446 0.418041237113
0.328676213762 0.0 0.395833333333 0.281781781782 0.34381443299
0.357633587786 0.0 0.413043478261 0.382136800452 0.455390334572
0.652852529602 0.0 0.72972972973 0.710678210678 0.762117346939
0.343171296296 0.0 0.441176470588 0.376691729323 0.406451612903
0.30534351145 0.0 0.347826086957 0.267947993217 0.353159851301
0.727125941873 0.0 0.756756756757 0.651515151515 0.749362244898
0.739434159972 0.0 0.791666666667 0.655655655656 0.730412371134
0.459160305344 0.0 0.521739130435 0.55624646693 0.62019826518
0.409923664122 0.0 0.434782608696 0.361786319955 0.46282527881
0.369847328244 0.0 0.45652173913 0.425098925947 0.464064436183
0.430555555556 0.0 0.588235294118 0.632330827068 0.6
0.579007633588 0.0 0.652173913043 0.690220463539 0.742255266419
0.292748091603 0.0 0.391304347826 0.327303561334 0.353779429988
0.720667384284 0.0 0.756756756757 0.622655122655 0.711096938776
0.800558854349 0.0 0.854166666667 0.754254254254 0.824742268041
0.657003143556 0.0 0.8125 0.802302302302 0.770618556701
0.652314316469 0.0 0.675675675676 0.575036075036 0.675382653061
0.80684596577 0.0 0.8125 0.638138138138 0.75618556701
0.688912809473 0.0 0.756756756757 0.686868686869 0.742346938776
0.58288482239 0.0 0.621621621622 0.463924963925 0.548469387755
0.736813778256 0.0 0.756756756757 0.634199134199 0.737244897959
0.617557251908 0.0 0.608695652174 0.520067834935 0.651796778191
0.534445640474 0.0 0.540540540541 0.39898989899 0.515306122449
0.601722282024 0.0 0.675675675676 0.692640692641 0.741071428571
0.457633587786 0.0 0.478260869565 0.48388920294 0.585501858736
0.604961832061 0.0 0.630434782609 0.604296212549 0.700743494424
0.934683898009 0.0 0.979166666667 0.896896896897 0.974226804124
0.253580160671 0.0 0.3125 0.272772772773 0.335051546392
0.652314316469 0.0 0.756756756757 0.704906204906 0.721301020408
0.500538213132 0.0 0.567567567568 0.424242424242 0.477678571429
0.44359063919 0.0 0.458333333333 0.357357357357 0.462886597938
0.396946564885 0.0 0.434782608696 0.386659129452 0.469021065675
0.454790096878 0.0 0.540540540541 0.502164502165 0.536352040816
0.476856835307 0.0 0.540540540541 0.484126984127 0.540178571429
0.47308934338 0.0 0.567567567568 0.47619047619 0.501275510204
0.246245197345 0.0 0.375 0.328828828829 0.319587628866
0.728202368138 0.0 0.783783783784 0.768398268398 0.832270408163
0.572476423332 0.0 0.583333333333 0.508508508509 0.617010309278
