0.60612244898 0.444444444444 0.625 0.549484536082 0.483490566038
0.869387755102 0.333333333333 0.8125 0.671134020619 0.776729559748
0.796598639456 0.833333333333 0.8125 0.755670103093 0.645440251572
0.634013605442 0.611111111111 0.65625 0.549484536082 0.483490566038
0.568707482993 0.388888888889 0.59375 0.663917525773 0.426100628931
0.697278911565 0.333333333333 0.78125 0.711340206186 0.623427672956
0.668707482993 0.333333333333 0.71875 0.759793814433 0.502358490566
0.642176870748 0.111111111111 0.71875 0.658762886598 0.591194968553
0.574149659864 0.555555555556 0.625 0.440206185567 0.460691823899
0.531292517007 0.166666666667 0.5625 0.553608247423 0.376572327044
0.621088435374 0.222222222222 0.71875 0.703092783505 0.546383647799
0.574149659864 0.111111111111 0.65625 0.675257731959 0.51572327044
0.697959183673 0.555555555556 0.65625 0.501030927835 0.412735849057
0.60612244898 0.444444444444 0.625 0.549484536082 0.483490566038
0.773469387755 0.0 0.75 0.761855670103 0.669025157233
0.859183673469 0.277777777778 0.90625 0.977319587629 0.876572327044
0.586394557823 0.833333333333 0.65625 0.615463917526 0.546383647799
0.557823129252 0.333333333333 0.5 0.436082474227 0.286163522013
0.558503401361 0.444444444444 0.53125 0.419587628866 0.369496855346
0.702040816327 0.0 0.75 0.627835051546 0.656446540881
0.817006802721 0.722222222222 0.8125 0.618556701031 0.695754716981
0.506802721088 0.333333333333 0.5625 0.471134020619 0.39072327044
0.736054421769 0.333333333333 0.8125 0.751546391753 0.687893081761
0.749659863946 0.444444444444 0.84375 0.751546391753 0.687893081761
0.542176870748 0.444444444444 0.5625 0.467010309278 0.403301886792
0.679591836735 0.666666666667 0.6875 0.39793814433 0.470125786164
0.702721088435 0.0555555555556 0.78125 0.716494845361 0.707547169811
0.74693877551 0.277777777778 0.78125 0.669072164948 0.673742138365
0.621088435374 0.277777777778 0.75 0.701030927835 0.564465408805
0.621088435374 0.277777777778 0.75 0.701030927835 0.564465408805
0.710884353741 0.166666666667 0.71875 0.717525773196 0.553459119497
0.88231292517 0.666666666667 0.875 0.746391752577 0.815251572327
0.829931972789 0.0 0.90625 0.915463917526 0.897798742138
0.600680272109 0.111111111111 0.65625 0.480412371134 0.506289308176
0.781632653061 0.0555555555556 0.875 0.846391752577 0.801886792453
0.591156462585 0.222222222222 0.625 0.551546391753 0.542452830189
0.796598639456 0.944444444444 0.78125 0.703092783505 0.679245283019
0.826530612245 0.722222222222 0.875 0.753608247423 0.758647798742
0.659183673469 0.166666666667 0.75 0.545360824742 0.62893081761
0.725170068027 0.111111111111 0.78125 0.714432989691 0.623427672956
0.876870748299 0.777777777778 0.875 0.816494845361 0.729559748428
0.812925170068 0.777777777778 0.8125 0.721649484536 0.702044025157
0.531292517007 0.166666666667 0.5625 0.553608247423 0.376572327044
0.658503401361 0.5 0.71875 0.636082474227 0.602987421384
0.829931972789 0.0 0.90625 0.915463917526 0.897798742138
0.531292517007 0.166666666667 0.5625 0.553608247423 0.376572327044
0.724489795918 0.277777777778 0.78125 0.724742268041 0.625786163522
0.493197278912 0.222222222222 0.53125 0.471134020619 0.39072327044
0.582993197279 0.111111111111 0.59375 0.541237113402 0.392295597484
0.616326530612 0.111111111111 0.625 0.569072164948 0.422955974843
0.78843537415 0.388888888889 0.8125 0.870103092784 0.650943396226
0.78843537415 0.388888888889 0.8125 0.870103092784 0.650943396226
0.751700680272 0.388888888889 0.75 0.577319587629 0.598270440252
0.668707482993 0.333333333333 0.71875 0.759793814433 0.502358490566
0.800680272109 0.222222222222 0.84375 0.89381443299 0.754716981132
0.634013605442 0.611111111111 0.65625 0.549484536082 0.483490566038
0.838775510204 0.388888888889 0.84375 0.801030927835 0.753144654088
0.859183673469 0.277777777778 0.90625 0.977319587629 0.876572327044
0.729931972789 0.277777777778 0.75 0.645360824742 0.47641509434
0.668027210884 0.777777777778 0.65625 0.422680412371 0.457547169811
0.604761904762 0.277777777778 0.59375 0.517525773196 0.362421383648
0.832653061224 0.666666666667 0.90625 0.822680412371 0.747641509434
0.702721088435 0.0555555555556 0.78125 0.716494845361 0.707547169811
0.730612244898 0.277777777778 0.8125 0.716494845361 0.707547169811
0.621768707483 0.333333333333 0.6875 0.79175257732 0.536949685535
1.0 0.833333333333 1.0 1.0 0.88679245283
0.672789115646 0.166666666667 0.625 0.528865979381 0.455974842767
0.607482993197 0.111111111111 0.6875 0.703092783505 0.546383647799
0.542176870748 0.444444444444 0.5625 0.467010309278 0.403301886792
0.783673469388 0.0 0.8125 0.703092783505 0.661163522013
0.614965986395 0.277777777778 0.65625 0.679381443299 0.438679245283
0.534693877551 0.555555555556 0.59375 0.471134020619 0.39072327044
0.543537414966 0.333333333333 0.53125 0.434020618557 0.304245283019
0.543537414966 0.333333333333 0.53125 0.434020618557 0.304245283019
0.657823129252 0.277777777778 0.71875 0.540206185567 0.540094339623
0.638775510204 0.277777777778 0.65625 0.514432989691 0.491352201258
0.730612244898 0.0 0.71875 0.634020618557 0.553459119497
0.727210884354 0.166666666667 0.6875 0.670103092784 0.60141509434
0.502040816327 0.611111111111 0.4375 0.257731958763 0.197327044025
0.660544217687 0.166666666667 0.75 0.650515463918 0.532232704403
0.668707482993 0.777777777778 0.6875 0.5 0.573899371069
0.660544217687 0.111111111111 0.75 0.759793814433 0.59748427673
0.783673469388 0.0 0.8125 0.703092783505 0.661163522013
0.796598639456 0.944444444444 0.78125 0.703092783505 0.679245283019
0.773469387755 0.0 0.75 0.761855670103 0.669025157233
0.557823129252 0.166666666667 0.59375 0.49175257732 0.340408805031
0.634013605442 0.611111111111 0.65625 0.549484536082 0.483490566038
0.785714285714 0.111111111111 0.84375 0.830927835052 0.764937106918
0.689795918367 0.222222222222 0.8125 0.642268041237 0.654088050314
0.67074829932 0.0555555555556 0.71875 0.594845360825 0.632075471698
0.585714285714 0.333333333333 0.625 0.49175257732 0.340408805031
0.647619047619 0.166666666667 0.6875 0.584536082474 0.579402515723
0.622448979592 0.333333333333 0.5625 0.562886597938 0.388364779874
0.622448979592 0.333333333333 0.5625 0.562886597938 0.388364779874
0.78843537415 0.388888888889 0.8125 0.870103092784 0.650943396226
0.622448979592 0.333333333333 0.5625 0.562886597938 0.388364779874
0.569387755102 0.111111111111 0.59375 0.541237113402 0.486635220126
0.672789115646 0.333333333333 0.65625 0.665979381443 0.483490566038
0.699319727891 0.111111111111 0.71875 0.746391752577 0.51572327044
0.814285714286 0.333333333333 0.84375 0.80412371134 0.724056603774
0.548299319728 0.166666666667 0.625 0.628865979381 0.441037735849
0.607482993197 0.222222222222 0.625 0.546391752577 0.525943396226
0.702040816327 0.0 0.75 0.627835051546 0.656446540881
0.669387755102 0.277777777778 0.71875 0.734020618557 0.548742138365
0.747619047619 0.444444444444 0.6875 0.609278350515 0.564465408805
0.747619047619 0.444444444444 0.6875 0.609278350515 0.564465408805
0.669387755102 0.222222222222 0.71875 0.565979381443 0.62106918239
0.63537414966 0.444444444444 0.65625 0.546391752577 0.525943396226
0.550340136054 0.166666666667 0.625 0.579381443299 0.425314465409
0.531292517007 0.166666666667 0.5625 0.553608247423 0.376572327044
0.729931972789 0.277777777778 0.75 0.645360824742 0.47641509434
0.748979591837 0.777777777778 0.78125 0.644329896907 0.571540880503
0.767346938776 0.222222222222 0.8125 0.865979381443 0.724056603774
0.800680272109 0.222222222222 0.84375 0.89381443299 0.754716981132
0.708163265306 0.333333333333 0.65625 0.561855670103 0.514150943396
0.813605442177 0.833333333333 0.84375 0.8 0.705974842767
0.559183673469 0.333333333333 0.59375 0.553608247423 0.376572327044
0.548299319728 0.166666666667 0.625 0.628865979381 0.441037735849
0.668707482993 0.777777777778 0.6875 0.5 0.573899371069
0.506802721088 0.333333333333 0.5625 0.471134020619 0.39072327044
0.731972789116 0.833333333333 0.78125 0.689690721649 0.60534591195
0.691836734694 0.333333333333 0.75 0.685567010309 0.574685534591
0.65306122449 0.611111111111 0.71875 0.575257731959 0.532232704403
0.625170068027 0.444444444444 0.6875 0.575257731959 0.532232704403
0.824489795918 0.555555555556 0.875 0.750515463918 0.774371069182
0.655102040816 0.222222222222 0.6875 0.590721649485 0.451257861635
0.66462585034 0.111111111111 0.71875 0.69175257732 0.500786163522
0.602040816327 0.277777777778 0.6875 0.675257731959 0.51572327044
0.714965986395 0.944444444444 0.6875 0.576288659794 0.554245283019
0.678231292517 0.0555555555556 0.71875 0.639175257732 0.611635220126
0.607482993197 0.222222222222 0.625 0.546391752577 0.525943396226
0.607482993197 0.222222222222 0.625 0.546391752577 0.525943396226
0.668707482993 0.777777777778 0.6875 0.5 0.573899371069
0.524489795918 0.333333333333 0.46875 0.40824742268 0.255503144654
0.63537414966 0.444444444444 0.65625 0.546391752577 0.525943396226
0.533333333333 0.333333333333 0.59375 0.59587628866 0.460691823899
0.729931972789 0.277777777778 0.75 0.645360824742 0.47641509434
0.757142857143 0.222222222222 0.8125 0.779381443299 0.610062893082
0.578231292517 0.444444444444 0.5625 0.453608247423 0.334119496855
0.730612244898 0.0 0.71875 0.634020618557 0.553459119497
0.602040816327 0.444444444444 0.625 0.518556701031 0.495283018868
0.652380952381 0.444444444444 0.71875 0.621649484536 0.590408805031
0.863265306122 0.0 0.9375 0.943298969072 0.928459119497
0.670068027211 0.333333333333 0.625 0.501030927835 0.412735849057
0.68231292517 0.666666666667 0.71875 0.69381443299 0.588836477987
0.830612244898 0.944444444444 0.9375 0.936082474227 0.73820754717
0.557823129252 0.166666666667 0.59375 0.49175257732 0.340408805031
0.914285714286 0.777777777778 0.96875 0.996907216495 1.0
0.843537414966 0.277777777778 0.8125 0.781443298969 0.618710691824
0.625850340136 0.222222222222 0.65625 0.523711340206 0.466981132075
0.729931972789 0.277777777778 0.75 0.645360824742 0.47641509434
0.729931972789 0.277777777778 0.75 0.645360824742 0.47641509434
0.886394557823 0.777777777778 0.875 0.867010309278 0.785377358491
0.763945578231 0.333333333333 0.75 0.701030927835 0.62893081761
0.727891156463 0.833333333333 0.75 0.585567010309 0.558962264151
0.592517006803 0.222222222222 0.625 0.49587628866 0.436320754717
0.639455782313 0.333333333333 0.625 0.638144329897 0.452830188679
0.622448979592 0.333333333333 0.5625 0.562886597938 0.388364779874
0.531292517007 0.166666666667 0.5625 0.553608247423 0.376572327044
0.655102040816 0.166666666667 0.6875 0.639175257732 0.497641509434
0.585714285714 0.5 0.53125 0.436082474227 0.286163522013
0.585714285714 0.5 0.53125 0.436082474227 0.286163522013
0.636054421769 0.333333333333 0.59375 0.470103092784 0.450471698113
0.636054421769 0.333333333333 0.59375 0.470103092784 0.450471698113
0.548299319728 0.166666666667 0.625 0.628865979381 0.441037735849
0.57619047619 0.333333333333 0.65625 0.628865979381 0.441037735849
0.844217687075 0.111111111111 0.90625 0.89175257732 0.883647798742
0.540816326531 0.111111111111 0.5625 0.39587628866 0.404088050314
0.65306122449 0.277777777778 0.75 0.781443298969 0.582547169811
0.625170068027 0.111111111111 0.71875 0.781443298969 0.582547169811
0.702040816327 0.111111111111 0.71875 0.645360824742 0.47641509434
0.702040816327 0.111111111111 0.71875 0.645360824742 0.47641509434
0.736054421769 0.166666666667 0.71875 0.701030927835 0.62893081761
0.736054421769 0.166666666667 0.71875 0.701030927835 0.62893081761
0.576870748299 0.166666666667 0.65625 0.517525773196 0.389150943396
0.668707482993 0.333333333333 0.71875 0.759793814433 0.502358490566
0.669387755102 0.111111111111 0.78125 0.763917525773 0.595911949686
0.640136054422 0.333333333333 0.65625 0.523711340206 0.466981132075
0.574149659864 0.222222222222 0.59375 0.518556701031 0.495283018868
0.607482993197 0.222222222222 0.625 0.546391752577 0.525943396226
0.607482993197 0.222222222222 0.625 0.546391752577 0.525943396226
0.783673469388 0.611111111111 0.71875 0.610309278351 0.532232704403
0.796598639456 0.833333333333 0.8125 0.755670103093 0.645440251572
0.650340136054 0.444444444444 0.625 0.694845360825 0.467767295597
0.781632653061 0.0555555555556 0.875 0.846391752577 0.801886792453
0.791836734694 0.666666666667 0.84375 0.750515463918 0.655660377358
0.572108843537 0.222222222222 0.59375 0.630927835052 0.477201257862
0.612244897959 0.388888888889 0.71875 0.645360824742 0.555031446541
0.639455782313 0.444444444444 0.65625 0.577319587629 0.514150943396
0.687074829932 0.166666666667 0.65625 0.586597938144 0.448899371069
0.885714285714 1.0 0.96875 0.862886597938 0.868710691824
0.607482993197 0.222222222222 0.625 0.546391752577 0.525943396226
0.660544217687 0.388888888889 0.65625 0.59175257732 0.498427672956
0.632653061224 0.222222222222 0.625 0.59175257732 0.498427672956
0.687074829932 0.111111111111 0.6875 0.501030927835 0.526729559748
0.643537414966 1.0 0.65625 0.561855670103 0.489779874214
0.792517006803 0.0 0.8125 0.787628865979 0.717767295597
0.68843537415 0.777777777778 0.71875 0.563917525773 0.667452830189
0.602721088435 0.333333333333 0.6875 0.567010309278 0.404874213836
0.574829931973 0.166666666667 0.65625 0.567010309278 0.404874213836
