0.900508762012 0.5 0.90243902439 1.0 0.9941596366
0.28321085359 0.0 0.268292682927 0.111475409836 0.111615833874
0.940079140757 0.375 0.975609756098 0.945081967213 1.0
1.0 0.375 1.0 0.945901639344 0.958468526931
0.662521198417 1.0 0.756097560976 0.827868852459 0.70408825438
0.343697003957 0.0 0.292682926829 0.105737704918 0.110966904607
0.299604296213 0.0 0.268292682927 0.0762295081967 0.118105126541
0.698699830413 0.75 0.80487804878 0.827868852459 0.768981181051
0.937252685133 0.125 0.951219512195 0.938524590164 0.95262816353
0.951950254381 0.25 0.90243902439 0.826229508197 0.858533419857
0.43697003957 0.375 0.463414634146 0.322950819672 0.265412070084
0.31882419446 0.125 0.317073170732 0.245901639344 0.168721609345
0.345958168457 0.25 0.365853658537 0.259836065574 0.227125243348
0.924816280384 0.0 0.829268292683 0.675409836066 0.735885788449
0.570378745054 0.75 0.682926829268 0.745901639344 0.64698247891
0.872244205766 0.625 0.926829268293 0.939344262295 0.836469824789
0.615036743923 0.5 0.707317073171 0.662295081967 0.581440622972
0.555115884681 0.625 0.658536585366 0.718852459016 0.560674886437
0.854154889768 0.5 0.878048780488 0.858196721311 0.902660609994
0.910118711136 0.0 0.926829268293 0.881147540984 0.947436729396
0.310910118711 0.0 0.292682926829 0.167213114754 0.175210902012
0.371961560204 0.0 0.292682926829 0.123770491803 0.157040882544
0.856416054268 0.0 0.90243902439 0.87131147541 0.877352368592
0.345958168457 0.0 0.390243902439 0.286885245902 0.221933809215
0.752967778406 0.625 0.829268292683 0.884426229508 0.846852693056
0.315997738836 0.0 0.341463414634 0.196721311475 0.14600908501
0.895986433013 0.0 0.878048780488 0.843442622951 0.982478909799
0.381006218202 0.0 0.463414634146 0.372131147541 0.34717715769
0.354437535331 0.25 0.341463414634 0.217213114754 0.249188838417
0.429621254946 0.125 0.390243902439 0.22131147541 0.288124594419
0.56076879593 0.0 0.658536585366 0.647540983607 0.663205710578
0.409836065574 0.125 0.439024390244 0.354098360656 0.359506813757
0.346523459582 0.0 0.414634146341 0.345901639344 0.282284231019
0.888637648389 0.0 0.878048780488 0.789344262295 0.790395846853
0.399660825325 0.125 0.414634146341 0.304098360656 0.29980532122
0.452798191068 0.25 0.536585365854 0.519672131148 0.485399091499
0.8004522329 0.0 0.853658536585 0.830327868852 0.925373134328
0.325607687959 0.0 0.292682926829 0.148360655738 0.138221933809
0.319389485585 0.0 0.317073170732 0.21393442623 0.152498377677
0.728094968909 0.0 0.80487804878 0.739344262295 0.843608046723
0.460712266817 0.0 0.560975609756 0.549180327869 0.463335496431
0.535895986433 0.25 0.609756097561 0.545901639344 0.574951330305
0.55737704918 0.625 0.658536585366 0.708196721311 0.606099935107
0.4036178632 0.0 0.487804878049 0.430327868852 0.371187540558
0.511023176936 0.0 0.609756097561 0.559016393443 0.547047371836
0.435274166196 0.0 0.536585365854 0.518032786885 0.460090850097
0.522328999435 0.125 0.560975609756 0.500819672131 0.537962362103
0.793668739401 0.5 0.853658536585 0.754918032787 0.829331602855
0.365743357829 0.0 0.439024390244 0.344262295082 0.352368591823
0.5963821368 0.0 0.707317073171 0.69262295082 0.665801427644
0.64217071792 0.0 0.731707317073 0.705737704918 0.74561972745
0.766534765404 0.0 0.829268292683 0.689344262295 0.75730045425
0.456189937818 0.375 0.512195121951 0.39262295082 0.442569759896
0.680610514415 0.625 0.780487804878 0.848360655738 0.775470473718
0.528547201809 0.0 0.634146341463 0.586885245902 0.668397144711
0.68117580554 0.0 0.780487804878 0.731147540984 0.775470473718
0.700960994912 0.375 0.731707317073 0.622950819672 0.626216742375
0.809496890899 0.25 0.878048780488 0.927868852459 0.927968851395
0.6031656303 0.25 0.634146341463 0.513114754098 0.513951979234
0.528547201809 0.375 0.585365853659 0.460655737705 0.515898767034
0.336913510458 0.0 0.365853658537 0.243442622951 0.186891628812
0.788581119276 0.5 0.829268292683 0.822950819672 0.802076573653
0.462973431317 0.0 0.585365853659 0.517213114754 0.619727449708
0.401921989825 0.0 0.512195121951 0.539344262295 0.460090850097
0.577162238553 0.0 0.682926829268 0.548360655738 0.622323166775
0.670435274166 0.0 0.756097560976 0.758196721311 0.754704737184
0.775014132278 0.0 0.780487804878 0.72131147541 0.89357560026
0.334087054833 0.0 0.341463414634 0.200819672131 0.207657365347
0.465799886942 0.0 0.439024390244 0.18606557377 0.188838416613
0.880158281515 0.0 0.853658536585 0.731967213115 0.809214795587
0.548897682306 0.25 0.487804878049 0.316393442623 0.387410772226
0.795364612776 0.125 0.853658536585 0.909016393443 0.866969500324
0.842283776145 0.125 0.878048780488 0.903278688525 0.936404931862
0.382136800452 0.0 0.341463414634 0.177049180328 0.212199870214
0.620689655172 0.0 0.658536585366 0.545081967213 0.540558079169
0.362916902205 0.0 0.317073170732 0.131147540984 0.234263465282
0.426794799322 0.0 0.439024390244 0.232786885246 0.322517845555
0.383267382702 0.0 0.390243902439 0.206557377049 0.259571706684
0.413227812323 0.0 0.487804878049 0.438524590164 0.40622972096
0.79932165065 0.375 0.853658536585 0.895901639344 0.883841661259
0.83719615602 0.125 0.853658536585 0.803278688525 0.913043478261
0.472018089316 0.25 0.487804878049 0.401639344262 0.45360155743
0.422272470322 0.0 0.463414634146 0.368852459016 0.310837118754
0.861503674392 0.25 0.780487804878 0.568852459016 0.709928617781
0.392877331826 0.0 0.439024390244 0.309016393443 0.328358208955
0.501413227812 0.0 0.463414634146 0.340163934426 0.467229072031
0.492368569813 0.25 0.512195121951 0.389344262295 0.512005191434
0.659694742793 0.0 0.707317073171 0.631967213115 0.618429591175
0.903335217637 0.0 0.878048780488 0.763114754098 0.779364049319
0.847371396269 0.0 0.829268292683 0.775409836066 0.798182998053
0.631430186546 0.125 0.707317073171 0.666393442623 0.670343932511
0.350480497456 0.0 0.292682926829 0.119672131148 0.142115509409
0.817976257773 0.25 0.878048780488 0.934426229508 0.95262816353
0.407009609949 0.0 0.414634146341 0.254918032787 0.292667099286
0.489542114189 0.25 0.512195121951 0.477049180328 0.479558728099
0.476540418315 0.0 0.536585365854 0.498360655738 0.425048669695
0.67665347654 0.125 0.682926829268 0.563114754098 0.655418559377
0.446579988694 0.0 0.463414634146 0.318032786885 0.337443218689
0.867156585642 0.0 0.853658536585 0.748360655738 0.771576898118
0.893159977388 0.25 0.878048780488 0.825409836066 0.920830629461
0.934426229508 0.375 0.90243902439 0.765573770492 0.857884490591
0.834934991521 0.25 0.853658536585 0.854918032787 0.931213497729
0.747314867157 0.0 0.707317073171 0.60737704918 0.674886437378
0.531373657434 0.0 0.585365853659 0.455737704918 0.419857235561
0.692481628038 0.25 0.756097560976 0.813114754098 0.833225178456
0.678349349915 0.5 0.780487804878 0.836885245902 0.726800778715
0.738835500283 0.0 0.80487804878 0.724590163934 0.862426995457
0.80384397965 0.0 0.780487804878 0.639344262295 0.765087605451
0.764838892029 0.0 0.756097560976 0.672131147541 0.785853341986
0.790842283776 0.0 0.780487804878 0.64262295082 0.712524334848
0.43923120407 0.0 0.512195121951 0.484426229508 0.411421155094
0.356133408705 0.0 0.365853658537 0.24262295082 0.286177806619
0.644997173544 0.125 0.707317073171 0.670491803279 0.69630110318
0.859242509893 0.125 0.80487804878 0.688524590164 0.852693056457
0.387789711702 0.0 0.390243902439 0.216393442623 0.271252433485
0.565856416054 0.125 0.609756097561 0.576229508197 0.582089552239
0.487280949689 0.0 0.439024390244 0.353278688525 0.399091499027
0.395138496326 0.0 0.390243902439 0.226229508197 0.314730694354
0.829847371396 0.125 0.829268292683 0.80737704918 0.876054510058
0.909553420011 0.125 0.926829268293 0.930327868852 0.913043478261
0.610514414924 0.0 0.634146341463 0.447540983607 0.634652822842
0.613906161673 0.25 0.707317073171 0.736885245902 0.740428293316
0.514414923686 0.0 0.560975609756 0.427049180328 0.4931862427
0.344827586207 0.0 0.341463414634 0.194262295082 0.243997404283
0.551158846806 0.0 0.487804878049 0.272950819672 0.300454250487
0.832108535896 0.125 0.878048780488 0.794262295082 0.888384166126
0.945732052007 0.25 0.878048780488 0.75737704918 0.829980532122
0.564160542679 0.0 0.585365853659 0.277868852459 0.378974691759
0.36009044658 0.0 0.341463414634 0.229508196721 0.277741726152
0.888637648389 0.0 0.853658536585 0.773770491803 0.940947436729
0.72357263991 0.125 0.780487804878 0.784426229508 0.839065541856
0.351611079706 0.0 0.341463414634 0.159836065574 0.178455548345
0.872809496891 0.125 0.829268292683 0.66393442623 0.732641142116
0.365743357829 0.0 0.390243902439 0.272131147541 0.310188189487
0.669304691916 0.125 0.707317073171 0.61393442623 0.673588578845
0.334652345958 0.0 0.292682926829 0.150819672131 0.172615184945
0.548332391181 0.0 0.560975609756 0.452459016393 0.526930564568
0.733182589033 0.125 0.780487804878 0.683606557377 0.591174561973
0.715658564161 0.125 0.682926829268 0.558196721311 0.636599610642
0.710005652911 0.0 0.731707317073 0.71393442623 0.754055807917
0.583380440927 0.0 0.609756097561 0.486885245902 0.612589227774
0.651215375919 0.125 0.658536585366 0.486885245902 0.595068137573
0.604296212549 0.0 0.560975609756 0.297540983607 0.475665152498
0.773883550028 0.375 0.80487804878 0.695901639344 0.812459441921
0.375353306953 0.0 0.414634146341 0.314754098361 0.317975340688
0.339174674958 0.125 0.341463414634 0.248360655738 0.236859182349
0.580553985302 0.0 0.585365853659 0.375409836066 0.393900064893
0.526286037309 0.0 0.560975609756 0.463114754098 0.554834523037
0.827020915772 0.0 0.80487804878 0.752459016393 0.868916288125
0.324477105709 0.0 0.317073170732 0.163114754098 0.184295911746
0.641605426795 0.125 0.609756097561 0.410655737705 0.59961064244
0.825890333522 0.375 0.780487804878 0.653278688525 0.767683322518
0.521198417185 0.125 0.609756097561 0.525409836066 0.5009733939
0.330695308084 0.0 0.341463414634 0.22868852459 0.179753406879
0.446014697569 0.0 0.414634146341 0.295081967213 0.373783257625
0.456755228943 0.0 0.463414634146 0.269672131148 0.380272550292
0.726964386659 0.5 0.80487804878 0.668032786885 0.719013627515
0.574901074053 0.25 0.634146341463 0.541803278689 0.583387410772
0.767665347654 0.0 0.80487804878 0.776229508197 0.877352368592
0.43697003957 0.0 0.487804878049 0.333606557377 0.365996106424
0.444884115319 0.25 0.487804878049 0.418032786885 0.446463335496
0.712266817411 0.0 0.707317073171 0.65737704918 0.683322517846
0.749576031656 0.0 0.731707317073 0.512295081967 0.630759247242
0.706613906162 0.125 0.756097560976 0.787704918033 0.823491239455
0.48275862069 0.125 0.536585365854 0.43606557377 0.428942245295
0.547767100057 0.0 0.487804878049 0.359016393443 0.378325762492
0.654041831543 0.0 0.658536585366 0.600819672131 0.64892926671
0.64217071792 0.0 0.585365853659 0.504918032787 0.65282284231
0.735443753533 0.0 0.707317073171 0.620491803279 0.611291369241
0.674392312041 0.0 0.756097560976 0.701639344262 0.746917585983
0.871113623516 0.125 0.853658536585 0.770491803279 0.841661258923
0.32108535896 0.125 0.341463414634 0.209016393443 0.156391953277
0.686828716789 0.0 0.658536585366 0.49262295082 0.55613238157
0.672696438666 0.0 0.658536585366 0.469672131148 0.547047371836
0.448841153194 0.0 0.487804878049 0.360655737705 0.384166125892
0.71905031091 0.0 0.731707317073 0.531967213115 0.581440622972
0.705483323912 0.375 0.756097560976 0.797540983607 0.814406229721
0.590729225551 0.0 0.682926829268 0.62131147541 0.70408825438
0.797625777275 0.0 0.80487804878 0.694262295082 0.819597663855
0.560203504805 0.0 0.487804878049 0.329508196721 0.388059701493
0.652345958168 0.0 0.634146341463 0.441803278689 0.4951330305
0.755228942906 0.0 0.756097560976 0.604098360656 0.689162881246
0.72131147541 0.125 0.756097560976 0.680327868852 0.722907203115
0.382702091577 0.0 0.341463414634 0.189344262295 0.232965606749
0.742792538157 0.125 0.756097560976 0.709016393443 0.777417261518
0.537026568683 0.0 0.560975609756 0.393442622951 0.414016872161
0.589598643301 0.125 0.585365853659 0.481147540984 0.565866320571
0.595251554551 0.0 0.560975609756 0.397540983607 0.519143413368
0.652911249293 0.0 0.658536585366 0.52868852459 0.532121998702
0.482193329565 0.0 0.463414634146 0.263114754098 0.29785853342
0.540983606557 0.125 0.536585365854 0.38606557377 0.44970798183
0.512719050311 0.125 0.536585365854 0.417213114754 0.332251784555
0.470322215941 0.0 0.487804878049 0.408196721311 0.44386761843
0.490672696439 0.25 0.512195121951 0.490163934426 0.505515898767
0.709440361786 0.125 0.707317073171 0.656557377049 0.762491888384
0.702656868287 0.125 0.731707317073 0.537704918033 0.587280986372
0.635952515546 0.0 0.634146341463 0.535245901639 0.647631408177
0.608253250424 0.125 0.634146341463 0.597540983607 0.707332900714
0.508196721311 0.125 0.536585365854 0.431967213115 0.471122647631
0.76031656303 0.0 0.731707317073 0.589344262295 0.631408176509
