0.757082152975 0.0 0.794117647059 0.713265306122 0.81308411215
0.718838526912 0.0 0.823529411765 0.761224489796 0.796728971963
0.694050991501 0.0 0.735294117647 0.59387755102 0.691588785047
0.764164305949 0.0 0.852941176471 0.815306122449 0.857476635514
0.729461756374 0.0 0.764705882353 0.645918367347 0.742990654206
0.756373937677 0.0 0.794117647059 0.719387755102 0.810747663551
0.71954674221 0.0 0.735294117647 0.594897959184 0.708722741433
0.923512747875 0.0 0.882352941176 0.79387755102 0.944704049844
0.6388101983 1.0 0.705882352941 0.517346938776 0.657320872274
0.706798866856 0.0 0.764705882353 0.712244897959 0.771028037383
0.778328611898 0.0 0.823529411765 0.783673469388 0.839563862928
0.650849858357 0.0 0.705882352941 0.665306122449 0.720404984424
0.818696883853 1.0 0.852941176471 0.807142857143 0.95015576324
0.764164305949 0.0 0.794117647059 0.730612244898 0.789719626168
0.877478753541 1.0 0.911764705882 0.831632653061 0.957165109034
0.618980169972 0.0 0.735294117647 0.747959183673 0.727414330218
0.732294617564 1.0 0.705882352941 0.518367346939 0.71261682243
0.798158640227 0.0 0.764705882353 0.664285714286 0.775700934579
0.60269121813 1.0 0.647058823529 0.536734693878 0.669781931464
0.808073654391 0.0 0.764705882353 0.665306122449 0.784267912773
0.669971671388 0.0 0.705882352941 0.605102040816 0.654984423676
0.766288951841 0.0 0.823529411765 0.729591836735 0.749221183801
0.859773371105 1.0 0.852941176471 0.789795918367 0.947819314642
0.846317280453 0.0 0.882352941176 0.883673469388 0.916666666667
0.709631728045 1.0 0.735294117647 0.669387755102 0.807632398754
0.625354107649 0.0 0.647058823529 0.530612244898 0.596573208723
0.664305949008 0.0 0.617647058824 0.441836734694 0.571651090343
0.753541076487 0.0 0.735294117647 0.579591836735 0.672897196262
0.701133144476 1.0 0.764705882353 0.675510204082 0.772585669782
0.832861189802 0.0 0.852941176471 0.85612244898 0.901090342679
0.890226628895 0.0 0.882352941176 0.855102040816 0.922118380062
0.850566572238 1.0 0.882352941176 0.816326530612 0.929127725857
0.703966005666 0.0 0.705882352941 0.570408163265 0.642523364486
0.731586402266 0.0 0.764705882353 0.676530612245 0.714174454829
0.675637393768 0.0 0.705882352941 0.630612244898 0.676012461059
0.742209631728 0.0 0.823529411765 0.839795918367 0.827881619938
0.895892351275 0.0 0.941176470588 0.984693877551 0.994548286604
0.688385269122 1.0 0.764705882353 0.64693877551 0.725856697819
0.792492917847 0.0 0.735294117647 0.671428571429 0.791277258567
0.742209631728 0.0 0.735294117647 0.661224489796 0.735202492212
0.777620396601 1.0 0.764705882353 0.636734693878 0.795950155763
0.721671388102 0.0 0.764705882353 0.708163265306 0.732866043614
0.665722379603 0.0 0.735294117647 0.755102040816 0.757788161994
0.82223796034 0.0 0.823529411765 0.75612244898 0.81308411215
0.784702549575 0.0 0.794117647059 0.767346938776 0.819314641745
0.616855524079 1.0 0.647058823529 0.436734693878 0.56308411215
0.706798866856 1.0 0.764705882353 0.680612244898 0.771028037383
0.652266288952 0.0 0.647058823529 0.569387755102 0.644080996885
0.688385269122 1.0 0.705882352941 0.588775510204 0.718068535826
0.697592067989 0.0 0.705882352941 0.644897959184 0.698598130841
0.831444759207 0.0 0.852941176471 0.80612244898 0.834112149533
0.756373937677 1.0 0.764705882353 0.655102040816 0.785825545171
0.786827195467 0.0 0.794117647059 0.718367346939 0.763239875389
0.686260623229 0.0 0.676470588235 0.508163265306 0.578660436137
0.788243626062 0.0 0.794117647059 0.767346938776 0.81308411215
0.794617563739 0.0 0.764705882353 0.737755102041 0.817757009346
0.620396600567 0.0 0.647058823529 0.541836734694 0.580218068536
0.714589235127 0.0 0.705882352941 0.598979591837 0.663551401869
0.670679886686 0.0 0.705882352941 0.691836734694 0.715732087227
0.808781869688 0.0 0.764705882353 0.678571428571 0.769470404984
0.839235127479 0.0 0.823529411765 0.774489795918 0.834112149533
0.657932011331 0.0 0.705882352941 0.692857142857 0.704828660436
0.769830028329 0.0 0.794117647059 0.760204081633 0.785046728972
0.812322946176 0.0 0.794117647059 0.747959183673 0.811526479751
0.659348441926 0.0 0.617647058824 0.429591836735 0.529595015576
0.923512747875 0.0 0.941176470588 0.982653061224 1.0
0.82507082153 0.0 0.794117647059 0.715306122449 0.789719626168
0.842776203966 0.0 0.823529411765 0.765306122449 0.826323987539
0.803824362606 0.0 0.911764705882 1.0 0.93691588785
0.777620396601 1.0 0.852941176471 0.871428571429 0.92523364486
0.597733711048 0.0 0.705882352941 0.711224489796 0.664330218069
0.854107648725 0.0 0.794117647059 0.768367346939 0.866822429907
0.896600566572 0.0 0.911764705882 0.948979591837 0.968068535826
0.674220963173 0.0 0.735294117647 0.723469387755 0.715732087227
0.790368271955 0.0 0.794117647059 0.733673469388 0.771806853583
0.643767705382 0.0 0.705882352941 0.64693877551 0.639408099688
0.64164305949 0.0 0.647058823529 0.558163265306 0.607476635514
0.868271954674 0.0 0.882352941176 0.854081632653 0.8746105919
0.599858356941 0.0 0.705882352941 0.659183673469 0.611370716511
0.730878186969 0.0 0.794117647059 0.786734693878 0.769470404984
0.689093484419 0.0 0.705882352941 0.642857142857 0.67523364486
0.684135977337 1.0 0.647058823529 0.512244897959 0.680685358255
0.676345609065 1.0 0.735294117647 0.701020408163 0.774143302181
0.773371104816 0.0 0.794117647059 0.740816326531 0.760124610592
0.830028328612 0.0 0.794117647059 0.723469387755 0.794392523364
0.703966005666 0.0 0.735294117647 0.694897959184 0.708722741433
0.801699716714 0.0 0.794117647059 0.731632653061 0.775700934579
0.688385269122 0.0 0.676470588235 0.554081632653 0.61214953271
1.0 1.0 1.0 0.862244897959 0.963395638629
0.725212464589 1.0 0.705882352941 0.589795918367 0.734423676012
0.873229461756 0.0 0.794117647059 0.672448979592 0.780373831776
0.725920679887 0.0 0.647058823529 0.555102040816 0.67523364486
0.759915014164 0.0 0.705882352941 0.622448979592 0.714174454829
0.711756373938 0.0 0.647058823529 0.540816326531 0.647196261682
0.764872521246 0.0 0.735294117647 0.677551020408 0.743769470405
0.606940509915 0.0 0.588235294118 0.428571428571 0.497663551402
0.67492917847 1.0 0.764705882353 0.69693877551 0.733644859813
0.75283286119 0.0 0.764705882353 0.69693877551 0.721183800623
0.75566572238 1.0 0.764705882353 0.70612244898 0.816199376947
0.675637393768 0.0 0.676470588235 0.566326530612 0.608255451713
0.707507082153 0.0 0.735294117647 0.682653061224 0.694704049844
0.789660056657 0.0 0.764705882353 0.663265306122 0.720404984424
0.703966005666 0.0 0.764705882353 0.773469387755 0.751557632399
0.8888101983 0.0 0.852941176471 0.80612244898 0.863707165109
0.691926345609 0.0 0.676470588235 0.634693877551 0.689252336449
0.750708215297 0.0 0.735294117647 0.686734693878 0.735981308411
0.70821529745 0.0 0.705882352941 0.578571428571 0.617601246106
0.657223796034 1.0 0.617647058824 0.412244897959 0.576323987539
0.766997167139 1.0 0.764705882353 0.676530612245 0.792834890966
0.826487252125 0.0 0.823529411765 0.844897959184 0.873052959502
0.660764872521 0.0 0.676470588235 0.585714285714 0.609034267913
0.745750708215 1.0 0.794117647059 0.69693877551 0.763239875389
0.620396600567 0.0 0.588235294118 0.438775510204 0.513239875389
0.706090651558 0.0 0.735294117647 0.664285714286 0.669781931464
0.876062322946 1.0 0.882352941176 0.861224489796 0.957165109034
0.711756373938 0.0 0.735294117647 0.712244897959 0.721183800623
0.805949008499 1.0 0.823529411765 0.766326530612 0.855919003115
0.900141643059 0.0 0.852941176471 0.835714285714 0.897975077882
0.745750708215 0.0 0.735294117647 0.624489795918 0.663551401869
0.691926345609 0.0 0.735294117647 0.674489795918 0.664330218069
0.743626062323 0.0 0.764705882353 0.704081632653 0.711059190031
0.720254957507 0.0 0.647058823529 0.502040816327 0.605140186916
0.705382436261 1.0 0.735294117647 0.65306122449 0.73753894081
0.796033994334 0.0 0.735294117647 0.607142857143 0.690809968847
0.78611898017 0.0 0.764705882353 0.727551020408 0.772585669782
0.733711048159 0.0 0.705882352941 0.595918367347 0.651869158879
0.653682719547 0.0 0.647058823529 0.514285714286 0.556074766355
0.794617563739 1.0 0.823529411765 0.770408163265 0.847352024922
0.572946175637 1.0 0.647058823529 0.570408163265 0.621495327103
0.737960339943 0.0 0.735294117647 0.69693877551 0.726635514019
0.716005665722 0.0 0.735294117647 0.676530612245 0.686137071651
0.692634560907 0.0 0.735294117647 0.615306122449 0.603582554517
0.558073654391 1.0 0.617647058824 0.521428571429 0.58800623053
0.628186968839 1.0 0.647058823529 0.471428571429 0.572429906542
0.682011331445 1.0 0.676470588235 0.544897959184 0.665109034268
0.833569405099 0.0 0.794117647059 0.818367346939 0.8753894081
0.730878186969 0.0 0.735294117647 0.692857142857 0.714953271028
0.78611898017 0.0 0.794117647059 0.75306122449 0.766355140187
0.864730878187 0.0 0.823529411765 0.730612244898 0.785825545171
0.655807365439 0.0 0.647058823529 0.576530612245 0.617601246106
0.725212464589 0.0 0.735294117647 0.672448979592 0.68769470405
0.696175637394 0.0 0.764705882353 0.760204081633 0.718847352025
0.781869688385 0.0 0.823529411765 0.837755102041 0.815420560748
0.643059490085 0.0 0.676470588235 0.613265306122 0.611370716511
0.653682719547 0.0 0.676470588235 0.691836734694 0.69937694704
0.764872521246 1.0 0.764705882353 0.683673469388 0.78738317757
0.74433427762 1.0 0.794117647059 0.742857142857 0.798286604361
0.717422096317 0.0 0.705882352941 0.557142857143 0.592679127726
0.701841359773 0.0 0.735294117647 0.718367346939 0.710280373832
0.766288951841 0.0 0.764705882353 0.64387755102 0.665109034268
0.737252124646 0.0 0.705882352941 0.681632653061 0.734423676012
0.658640226629 0.0 0.676470588235 0.547959183673 0.558411214953
0.735127478754 0.0 0.735294117647 0.722448979592 0.743769470405
0.679886685552 0.0 0.676470588235 0.55612244898 0.585669781931
0.587818696884 0.0 0.676470588235 0.644897959184 0.590342679128
0.698300283286 0.0 0.705882352941 0.647959183673 0.664330218069
0.779745042493 0.0 0.794117647059 0.751020408163 0.753115264798
0.711756373938 0.0 0.735294117647 0.759183673469 0.757788161994
0.810906515581 0.0 0.794117647059 0.777551020408 0.807632398754
0.679178470255 0.0 0.735294117647 0.717346938776 0.686137071651
0.615439093484 0.0 0.588235294118 0.440816326531 0.498442367601
0.754249291785 0.0 0.705882352941 0.648979591837 0.714953271028
0.696883852691 0.0 0.676470588235 0.542857142857 0.585669781931
0.765580736544 0.0 0.705882352941 0.590816326531 0.665887850467
0.648725212465 0.0 0.735294117647 0.713265306122 0.651869158879
0.796033994334 0.0 0.823529411765 0.825510204082 0.809968847352
0.833569405099 0.0 0.852941176471 0.795918367347 0.785046728972
0.650141643059 0.0 0.676470588235 0.557142857143 0.555295950156
0.785410764873 0.0 0.794117647059 0.711224489796 0.714953271028
0.661473087819 1.0 0.764705882353 0.712244897959 0.715732087227
0.655099150142 1.0 0.705882352941 0.60612244898 0.661214953271
0.660056657224 0.0 0.647058823529 0.501020408163 0.535825545171
0.598441926346 0.0 0.647058823529 0.580612244898 0.559190031153
0.779745042493 0.0 0.735294117647 0.651020408163 0.706386292835
0.739376770538 0.0 0.735294117647 0.664285714286 0.682242990654
0.758498583569 0.0 0.735294117647 0.710204081633 0.745327102804
0.703966005666 0.0 0.735294117647 0.678571428571 0.663551401869
0.699008498584 0.0 0.705882352941 0.617346938776 0.626947040498
0.597733711048 0.0 0.647058823529 0.584693877551 0.560747663551
0.746458923513 0.0 0.794117647059 0.832653061224 0.796728971963
0.796742209632 0.0 0.794117647059 0.721428571429 0.731308411215
0.660764872521 0.0 0.647058823529 0.509183673469 0.542056074766
0.686260623229 0.0 0.735294117647 0.683673469388 0.651090342679
0.665014164306 0.0 0.705882352941 0.613265306122 0.590342679128
0.763456090652 0.0 0.794117647059 0.75612244898 0.734423676012
0.573654390935 0.0 0.617647058824 0.538775510204 0.520249221184
0.737960339943 0.0 0.735294117647 0.65 0.663551401869
0.727337110482 0.0 0.705882352941 0.685714285714 0.718068535826
0.734419263456 0.0 0.705882352941 0.638775510204 0.677570093458
0.759915014164 0.0 0.735294117647 0.655102040816 0.68769470405
0.687677053824 0.0 0.705882352941 0.667346938776 0.66277258567
0.711756373938 0.0 0.647058823529 0.583673469388 0.658878504673
0.716005665722 0.0 0.735294117647 0.729591836735 0.720404984424
0.628895184136 0.0 0.617647058824 0.502040816327 0.530373831776
0.656515580737 0.0 0.676470588235 0.631632653061 0.626168224299
0.692634560907 0.0 0.735294117647 0.689795918367 0.657320872274
0.67209631728 0.0 0.676470588235 0.616326530612 0.623052959502
0.630311614731 0.0 0.676470588235 0.613265306122 0.579439252336
0.776203966006 0.0 0.764705882353 0.708163265306 0.718847352025
0.675637393768 0.0 0.705882352941 0.666326530612 0.644080996885
