0.481946624804 0.571428571429 0.451612903226 0.24236453202 0.19918699187
0.481946624804 0.571428571429 0.451612903226 0.24236453202 0.19918699187
0.63579277865 0.428571428571 0.612903225806 0.368472906404 0.458536585366
0.657770800628 0.428571428571 0.677419354839 0.393103448276 0.508943089431
0.603610675039 0.142857142857 0.58064516129 0.368472906404 0.458536585366
0.66169544741 0.428571428571 0.709677419355 0.465024630542 0.575609756098
0.646781789639 0.285714285714 0.709677419355 0.544827586207 0.566666666667
0.588697017268 0.0 0.58064516129 0.448275862069 0.449593495935
0.858712715856 0.285714285714 0.903225806452 0.948768472906 0.880487804878
0.909733124019 0.571428571429 0.903225806452 0.903448275862 0.845528455285
0.60125588697 0.428571428571 0.612903225806 0.609852216749 0.420325203252
0.62715855573 0.428571428571 0.709677419355 0.706403940887 0.537398373984
0.750392464678 0.0 0.741935483871 0.609852216749 0.717073170732
0.758241758242 0.142857142857 0.709677419355 0.56157635468 0.619512195122
0.788069073783 0.285714285714 0.709677419355 0.529064039409 0.526829268293
0.788069073783 0.285714285714 0.709677419355 0.529064039409 0.526829268293
0.596546310832 0.428571428571 0.58064516129 0.368472906404 0.481300813008
0.55808477237 0.428571428571 0.548387096774 0.341871921182 0.449593495935
0.835949764521 0.0 0.741935483871 0.60197044335 0.617073170732
0.835949764521 0.0 0.741935483871 0.60197044335 0.617073170732
0.520408163265 0.571428571429 0.483870967742 0.268965517241 0.230894308943
0.947409733124 0.142857142857 0.935483870968 0.827586206897 0.826829268293
0.651491365777 0.571428571429 0.645161290323 0.368472906404 0.458536585366
0.613029827316 0.571428571429 0.612903225806 0.341871921182 0.426829268293
0.631868131868 0.142857142857 0.645161290323 0.501477832512 0.426829268293
0.625588697017 0.428571428571 0.645161290323 0.474876847291 0.39512195122
0.55180533752 0.428571428571 0.516129032258 0.31724137931 0.39918699187
0.55808477237 0.428571428571 0.548387096774 0.341871921182 0.449593495935
0.63579277865 0.428571428571 0.612903225806 0.368472906404 0.458536585366
0.63579277865 0.428571428571 0.612903225806 0.368472906404 0.458536585366
0.820251177394 0.428571428571 0.741935483871 0.529064039409 0.526829268293
0.858712715856 0.428571428571 0.774193548387 0.555665024631 0.558536585366
0.449764521193 0.285714285714 0.41935483871 0.24236453202 0.19918699187
0.475667189953 0.285714285714 0.516129032258 0.338916256158 0.316260162602
0.570643642072 0.428571428571 0.483870967742 0.271921182266 0.364227642276
0.564364207221 0.714285714286 0.483870967742 0.245320197044 0.332520325203
0.782574568289 0.285714285714 0.774193548387 0.609852216749 0.717073170732
0.782574568289 0.285714285714 0.774193548387 0.609852216749 0.717073170732
0.724489795918 0.0 0.645161290323 0.513300492611 0.6
0.724489795918 0.0 0.645161290323 0.513300492611 0.6
0.865777080063 0.142857142857 0.935483870968 0.816748768473 0.986178861789
0.897959183673 0.428571428571 0.967741935484 0.816748768473 0.986178861789
0.55808477237 0.428571428571 0.548387096774 0.341871921182 0.449593495935
0.55808477237 0.428571428571 0.548387096774 0.341871921182 0.449593495935
0.78885400314 0.571428571429 0.741935483871 0.450246305419 0.563414634146
0.752747252747 0.285714285714 0.677419354839 0.378325123153 0.49674796748
0.751962323391 0.285714285714 0.838709677419 0.72118226601 0.791869918699
0.71978021978 0.0 0.806451612903 0.72118226601 0.791869918699
0.788069073783 0.285714285714 0.709677419355 0.529064039409 0.526829268293
0.810047095761 0.285714285714 0.774193548387 0.553694581281 0.577235772358
0.961538461538 0.0 0.967741935484 0.888669950739 0.968292682927
1.0 0.0 1.0 0.915270935961 1.0
0.858712715856 0.285714285714 0.903225806452 0.948768472906 0.880487804878
0.858712715856 0.285714285714 0.903225806452 0.948768472906 0.880487804878
0.756671899529 0.285714285714 0.677419354839 0.513300492611 0.6
0.724489795918 0.0 0.645161290323 0.513300492611 0.6
0.76295133438 0.571428571429 0.645161290323 0.353694581281 0.446341463415
0.746467817896 0.571428571429 0.677419354839 0.351724137931 0.465040650407
0.751962323391 0.285714285714 0.838709677419 0.72118226601 0.791869918699
0.71978021978 0.0 0.806451612903 0.72118226601 0.791869918699
0.874411302983 0.0 0.774193548387 0.628571428571 0.648780487805
0.900313971743 0.0 0.870967741935 0.725123152709 0.765853658537
0.66169544741 0.428571428571 0.709677419355 0.661083743842 0.50243902439
0.66169544741 0.428571428571 0.709677419355 0.661083743842 0.50243902439
0.903453689168 0.285714285714 0.967741935484 1.0 0.962601626016
0.877551020408 0.285714285714 0.870967741935 0.903448275862 0.845528455285
0.532182103611 0.428571428571 0.451612903226 0.245320197044 0.332520325203
0.532182103611 0.428571428571 0.451612903226 0.245320197044 0.332520325203
0.752747252747 0.285714285714 0.677419354839 0.378325123153 0.49674796748
0.746467817896 0.571428571429 0.677419354839 0.351724137931 0.465040650407
0.71978021978 0.0 0.806451612903 0.72118226601 0.791869918699
0.71978021978 0.0 0.806451612903 0.72118226601 0.791869918699
0.645211930926 1.0 0.451612903226 0.219704433498 0.260975609756
0.613029827316 0.714285714286 0.41935483871 0.219704433498 0.260975609756
0.532182103611 0.428571428571 0.451612903226 0.245320197044 0.332520325203
0.805337519623 0.857142857143 0.806451612903 0.848275862069 0.650406504065
0.866562009419 0.142857142857 0.774193548387 0.569458128079 0.759349593496
0.892464678179 0.142857142857 0.870967741935 0.666009852217 0.876422764228
0.586342229199 0.714285714286 0.548387096774 0.269950738916 0.382926829268
0.586342229199 0.714285714286 0.548387096774 0.269950738916 0.382926829268
