0.884057971014 0.0 0.882352941176 0.67681498829 0.925123152709
0.713250517598 0.0 0.735294117647 0.536299765808 0.709359605911
0.679606625259 0.0 0.735294117647 0.63700234192 0.766502463054
0.802795031056 0.0 0.823529411765 0.503512880562 0.660098522167
0.716873706004 0.0 0.705882352941 0.47931303669 0.643349753695
0.62215320911 0.0 0.558823529412 0.331772053084 0.534975369458
0.75 0.0 0.764705882353 0.502732240437 0.624630541872
0.531055900621 0.0 0.5 0.393442622951 0.556650246305
0.678053830228 0.0 0.735294117647 0.505854800937 0.577339901478
0.629399585921 0.0 0.676470588235 0.514441842311 0.592118226601
0.538302277433 0.0 0.588235294118 0.450429352069 0.51921182266
0.606107660455 0.0 0.617647058824 0.435597189696 0.540886699507
0.612836438923 0.0 0.676470588235 0.554254488681 0.604926108374
0.665631469979 0.0 0.705882352941 0.689305230289 0.760591133005
0.786231884058 0.0 0.794117647059 0.611241217799 0.714285714286
0.416149068323 0.0 0.441176470588 0.306791569087 0.385221674877
0.674430641822 0.0 0.676470588235 0.489461358314 0.582266009852
0.551242236025 0.0 0.529411764706 0.326307572209 0.432512315271
0.684265010352 0.0 0.705882352941 0.469945355191 0.529064039409
0.645962732919 0.0 0.705882352941 0.601092896175 0.615763546798
0.795031055901 0.0 0.794117647059 0.696330991413 0.770443349754
0.649585921325 0.0 0.676470588235 0.613583138173 0.650246305419
0.820836098208 0.0 0.821428571429 0.655637254902 0.718599033816
0.76397515528 0.0 0.764705882353 0.500390320062 0.562561576355
0.734989648033 0.0 0.794117647059 0.743169398907 0.746798029557
0.741207697412 0.0 0.642857142857 0.512254901961 0.67270531401
0.7100199071 0.0 0.642857142857 0.537990196078 0.666666666667
0.556418219462 0.0 0.617647058824 0.501951600312 0.501477832512
0.468944099379 0.0 0.5 0.379391100703 0.407881773399
0.859213250518 0.0 0.823529411765 0.596409055425 0.690640394089
0.730848861284 0.0 0.735294117647 0.387978142077 0.441379310345
0.360766045549 0.0 0.382352941176 0.265417642467 0.298522167488
0.873706004141 0.0 0.852941176471 0.637782982045 0.713300492611
0.418737060041 0.0 0.411764705882 0.292740046838 0.353694581281
0.632505175983 0.0 0.647058823529 0.475409836066 0.514285714286
0.493788819876 0.0 0.529411764706 0.388758782201 0.4039408867
0.359213250518 0.0 0.352941176471 0.27712724434 0.331034482759
0.47049689441 0.0 0.470588235294 0.354410616706 0.397044334975
0.510869565217 0.0 0.470588235294 0.252146760343 0.334975369458
0.597213005972 0.0 0.5 0.447303921569 0.578502415459
0.63702720637 0.0 0.535714285714 0.447303921569 0.578502415459
0.681486396815 0.0 0.714285714286 0.680147058824 0.675120772947
0.6516563147 0.0 0.647058823529 0.483216237315 0.515270935961
0.54917184265 0.0 0.5 0.258391881343 0.334975369458
0.839416058394 0.0 0.75 0.524509803922 0.641304347826
0.568679495687 0.0 0.5 0.469362745098 0.565217391304
0.567805383023 0.0 0.588235294118 0.335675253708 0.341871921182
0.505175983437 0.0 0.558823529412 0.411397345824 0.384236453202
0.314182194617 0.0 0.323529411765 0.265417642467 0.281773399015
0.561380225614 0.0 0.5 0.495098039216 0.579710144928
0.417701863354 0.0 0.411764705882 0.265417642467 0.292610837438
0.867285998673 0.0 0.785714285714 0.574754901961 0.676328502415
0.596790890269 0.0 0.647058823529 0.548009367681 0.51724137931
0.8599867286 0.0 0.785714285714 0.580882352941 0.67270531401
0.557398805574 0.0 0.535714285714 0.487745098039 0.526570048309
0.653209109731 0.0 0.617647058824 0.402029664325 0.453201970443
0.879893828799 0.0 0.821428571429 0.688725490196 0.762077294686
0.563370935634 0.0 0.535714285714 0.520833333333 0.561594202899
0.554744525547 0.0 0.5 0.404411764706 0.471014492754
0.391304347826 0.0 0.411764705882 0.277907884465 0.266995073892
0.521566025216 0.0 0.464285714286 0.404411764706 0.471014492754
0.656314699793 0.0 0.647058823529 0.431693989071 0.450246305419
0.670205706702 0.0 0.642857142857 0.571078431373 0.607487922705
0.587923025879 0.0 0.571428571429 0.604166666667 0.62922705314
0.845388188454 0.0 0.785714285714 0.644607843137 0.712560386473
0.288302277433 0.0 0.294117647059 0.207650273224 0.209852216749
0.433747412008 0.0 0.382352941176 0.2037470726 0.263054187192
0.463250517598 0.0 0.411764705882 0.304449648712 0.362561576355
0.264492753623 0.0 0.264705882353 0.207650273224 0.209852216749
0.755806237558 0.0 0.714285714286 0.710784313725 0.753623188406
0.834107498341 0.0 0.75 0.529411764706 0.614734299517
0.56403450564 0.0 0.5 0.487745098039 0.55193236715
1.0 0.0 1.0 1.0 1.0
0.543463835435 0.0 0.5 0.430147058824 0.473429951691
0.802919708029 0.0 0.785714285714 0.794117647059 0.81038647343
0.751824817518 0.0 0.714285714286 0.571078431373 0.607487922705
0.532183145322 0.0 0.464285714286 0.404411764706 0.471014492754
0.623755806238 0.0 0.607142857143 0.600490196078 0.614734299517
0.592568015926 0.0 0.5 0.382352941176 0.472222222222
0.660915726609 0.0 0.642857142857 0.621323529412 0.636473429952
0.429606625259 0.0 0.470588235294 0.345823575332 0.301477832512
0.388198757764 0.0 0.323529411765 0.180327868852 0.241379310345
0.616456536165 0.0 0.571428571429 0.513480392157 0.554347826087
0.64698075647 0.0 0.571428571429 0.542892156863 0.613526570048
0.464499004645 0.0 0.392857142857 0.404411764706 0.471014492754
0.779483600837 0.0 0.785714285714 0.791120080727 0.779359430605
0.514266755143 0.0 0.464285714286 0.430147058824 0.473429951691
0.514266755143 0.0 0.464285714286 0.430147058824 0.473429951691
0.587923025879 0.0 0.535714285714 0.430147058824 0.473429951691
0.607830126078 0.0 0.571428571429 0.610294117647 0.63768115942
0.550099535501 0.0 0.5 0.513480392157 0.554347826087
0.516921035169 0.0 0.464285714286 0.430147058824 0.473429951691
0.668878566689 0.0 0.607142857143 0.487745098039 0.539855072464
0.541473125415 0.0 0.464285714286 0.404411764706 0.471014492754
0.737226277372 0.0 0.714285714286 0.605392156863 0.617149758454
0.7100199071 0.0 0.678571428571 0.649509803922 0.669082125604
0.666887856669 0.0 0.642857142857 0.605392156863 0.617149758454
0.383540372671 0.0 0.323529411765 0.210772833724 0.258128078818
0.718646317186 0.0 0.642857142857 0.454656862745 0.51690821256
0.683477106835 0.0 0.678571428571 0.69362745098 0.684782608696
0.800928998009 0.0 0.785714285714 0.741421568627 0.742753623188
0.521566025216 0.0 0.464285714286 0.430147058824 0.473429951691
0.536828135368 0.0 0.5 0.430147058824 0.452898550725
0.79097544791 0.0 0.75 0.822303921569 0.849033816425
0.64499004645 0.0 0.607142857143 0.430147058824 0.452898550725
0.523556735236 0.0 0.5 0.446078431373 0.452898550725
0.523556735236 0.0 0.5 0.446078431373 0.452898550725
0.79296615793 0.0 0.75 0.752450980392 0.777777777778
0.608493696085 0.0 0.535714285714 0.404411764706 0.458937198068
0.801592568016 0.0 0.714285714286 0.660539215686 0.728260869565
0.529528865295 0.0 0.5 0.422794117647 0.432367149758
0.548108825481 0.0 0.464285714286 0.427696078431 0.49154589372
0.808891838089 0.0 0.75 0.672794117647 0.711352657005
0.683477106835 0.0 0.678571428571 0.588235294118 0.572463768116
0.500517598344 0.0 0.470588235294 0.285714285714 0.294581280788
0.501658925017 0.0 0.428571428571 0.441176470588 0.492753623188
0.612475116125 0.0 0.535714285714 0.404411764706 0.458937198068
0.522229595222 0.0 0.464285714286 0.463235294118 0.498792270531
0.668878566689 0.0 0.607142857143 0.561274509804 0.600241545894
0.538818845388 0.0 0.464285714286 0.441176470588 0.492753623188
0.538818845388 0.0 0.464285714286 0.441176470588 0.492753623188
0.612475116125 0.0 0.535714285714 0.398284313725 0.451690821256
0.497677504977 0.0 0.464285714286 0.422794117647 0.432367149758
0.726609157266 0.0 0.642857142857 0.620098039216 0.679951690821
0.660252156603 0.0 0.571428571429 0.452205882353 0.51690821256
0.658925016589 0.0 0.607142857143 0.511029411765 0.538647342995
0.534837425348 0.0 0.464285714286 0.337009803922 0.382850241546
0.603185136032 0.0 0.571428571429 0.438725490196 0.445652173913
1.0 0.0 1.0 1.0 0.975088967972
0.627737226277 0.0 0.571428571429 0.427696078431 0.458937198068
0.541473125415 0.0 0.464285714286 0.427696078431 0.479468599034
0.814200398142 0.0 0.785714285714 0.791666666667 0.794685990338
0.541473125415 0.0 0.464285714286 0.441176470588 0.492753623188
0.357660455487 0.0 0.352941176471 0.226385636222 0.204926108374
0.557398805574 0.0 0.5 0.441176470588 0.472222222222
0.696084936961 0.0 0.607142857143 0.535539215686 0.597826086957
0.601857996019 0.0 0.5 0.401960784314 0.477053140097
0.686131386861 0.0 0.607142857143 0.427696078431 0.479468599034
0.516921035169 0.0 0.464285714286 0.339460784314 0.364734299517
0.627737226277 0.0 0.607142857143 0.553921568627 0.547101449275
0.58195089582 0.0 0.5 0.404411764706 0.458937198068
0.659588586596 0.0 0.642857142857 0.55637254902 0.544685990338
0.585268745853 0.0 0.535714285714 0.477941176471 0.498792270531
0.691439946914 0.0 0.607142857143 0.453431372549 0.50845410628
0.587923025879 0.0 0.535714285714 0.430147058824 0.452898550725
0.666887856669 0.0 0.607142857143 0.517156862745 0.547101449275
0.678168546782 0.0 0.607142857143 0.513480392157 0.554347826087
0.435419440746 0.0 0.392857142857 0.299559471366 0.311868686869
0.815527538155 0.0 0.821428571429 0.905637254902 0.869565217391
0.618447246184 0.0 0.535714285714 0.427696078431 0.479468599034
0.578157349896 0.0 0.5 0.303669008587 0.350738916256
0.678168546782 0.0 0.714285714286 0.638480392157 0.571256038647
0.654280026543 0.0 0.607142857143 0.647058823529 0.663043478261
0.629727936297 0.0 0.535714285714 0.415441176471 0.478260869565
0.585932315859 0.0 0.5 0.404411764706 0.458937198068
0.672196416722 0.0 0.642857142857 0.602941176471 0.600241545894
0.519575315196 0.0 0.464285714286 0.422794117647 0.445652173913
0.486396814864 0.0 0.428571428571 0.339460784314 0.364734299517
0.607830126078 0.0 0.535714285714 0.441176470588 0.480676328502
0.612475116125 0.0 0.571428571429 0.479166666667 0.486714975845
0.724618447246 0.0 0.678571428571 0.72181372549 0.734299516908
0.667551426676 0.0 0.678571428571 0.718137254902 0.67270531401
0.584605175846 0.0 0.571428571429 0.481617647059 0.460144927536
0.57597876576 0.0 0.571428571429 0.578431372549 0.548309178744
0.301759834369 0.0 0.264705882353 0.169398907104 0.171428571429
0.340579710145 0.0 0.352941176471 0.24355971897 0.1960591133
0.540145985401 0.0 0.5 0.414215686275 0.419082125604
0.625746516257 0.0 0.571428571429 0.441176470588 0.460144927536
0.726609157266 0.0 0.678571428571 0.541666666667 0.554347826087
0.497677504977 0.0 0.428571428571 0.350490196078 0.384057971014
0.462050599201 0.0 0.392857142857 0.297356828194 0.330808080808
0.706702057067 0.0 0.642857142857 0.564950980392 0.592995169082
0.646317186463 0.0 0.607142857143 0.524509803922 0.527777777778
0.490378234904 0.0 0.428571428571 0.339460784314 0.364734299517
0.555408095554 0.0 0.464285714286 0.404411764706 0.458937198068
0.647644326476 0.0 0.535714285714 0.419117647059 0.493961352657
0.760451227605 0.0 0.714285714286 0.541666666667 0.550724637681
0.698739216987 0.0 0.642857142857 0.549019607843 0.567632850242
0.483078964831 0.0 0.392857142857 0.350490196078 0.403381642512
0.78500331785 0.0 0.785714285714 0.642156862745 0.6038647343
0.4200398142 0.0 0.357142857143 0.339460784314 0.364734299517
0.4200398142 0.0 0.357142857143 0.339460784314 0.364734299517
0.4200398142 0.0 0.357142857143 0.339460784314 0.364734299517
0.618447246184 0.0 0.571428571429 0.519607843137 0.528985507246
0.578633045786 0.0 0.535714285714 0.561274509804 0.566425120773
0.545454545455 0.0 0.5 0.470588235294 0.478260869565
0.560716655607 0.0 0.5 0.422794117647 0.445652173913
0.527538155275 0.0 0.464285714286 0.339460784314 0.364734299517
0.548108825481 0.0 0.464285714286 0.337009803922 0.382850241546
0.865424430642 0.0 0.852941176471 0.654176424668 0.628571428571
0.391486392184 0.0 0.357142857143 0.343087790111 0.339264531435
0.391486392184 0.0 0.357142857143 0.343087790111 0.339264531435
0.528201725282 0.0 0.464285714286 0.339460784314 0.364734299517
0.614465826145 0.0 0.571428571429 0.536764705882 0.541062801932
0.705374917054 0.0 0.642857142857 0.696078431373 0.719806763285
0.457199734572 0.0 0.392857142857 0.339460784314 0.364734299517
0.457199734572 0.0 0.392857142857 0.339460784314 0.364734299517
0.477770404778 0.0 0.392857142857 0.337009803922 0.382850241546
0.572660915727 0.0 0.5 0.350490196078 0.384057971014
0.698739216987 0.0 0.607142857143 0.460784313725 0.513285024155
