0.756571428571 0.0 0.846153846154 0.720030935808 0.808227465215
0.710285714286 0.0 0.74358974359 0.551430781129 0.695704779189
0.736225895317 0.0 0.852941176471 0.747431506849 0.802150537634
0.736225895317 0.0 0.852941176471 0.747431506849 0.802150537634
0.633142857143 0.0 0.769230769231 0.664346481052 0.668481548699
0.813714285714 0.0 0.846153846154 0.688321732405 0.793103448276
0.782369146006 0.111111111111 0.823529411765 0.623287671233 0.822222222222
0.782369146006 0.111111111111 0.823529411765 0.623287671233 0.822222222222
0.782369146006 0.111111111111 0.823529411765 0.623287671233 0.822222222222
0.782369146006 0.111111111111 0.823529411765 0.623287671233 0.822222222222
0.393142857143 0.0 0.487179487179 0.351121423047 0.38112522686
0.394857142857 0.0 0.461538461538 0.296210363496 0.348457350272
0.694285714286 0.0 0.794871794872 0.726991492653 0.739261947973
0.583428571429 0.0 0.666666666667 0.526682134571 0.547489413188
0.885714285714 0.0 0.897435897436 0.813611755607 0.903811252269
0.465714285714 0.0 0.564102564103 0.424593967517 0.427102238355
0.835786212239 0.0 0.833333333333 0.677730192719 0.773638968481
0.351428571429 0.0 0.358974358974 0.127610208817 0.210526315789
0.743428571429 0.0 0.794871794872 0.69528228925 0.733817301875
0.76 0.0 0.769230769231 0.602474864656 0.683000604961
0.797831138652 0.0 0.8 0.648822269807 0.736389684814
0.547428571429 0.0 0.641025641026 0.53596287703 0.531155474894
0.754285714286 0.0 0.794871794872 0.675947409126 0.723532970357
0.585714285714 0.0 0.692307692308 0.583913379737 0.563823351482
0.679752066116 0.0 0.735294117647 0.640410958904 0.670967741935
0.679752066116 0.0 0.735294117647 0.640410958904 0.670967741935
0.337714285714 0.0 0.384615384615 0.215003866976 0.250453720508
0.627428571429 0.0 0.74358974359 0.653518948183 0.615245009074
0.907428571429 0.0 0.923076923077 0.824439288476 0.882637628554
0.773142857143 0.0 0.769230769231 0.577726218097 0.655172413793
0.492 0.0 0.615384615385 0.498839907193 0.447065940714
0.837142857143 0.0 0.923076923077 0.859242072699 0.840290381125
0.944 0.0 0.948717948718 0.781902552204 0.842710223835
0.905142857143 0.0 0.948717948718 0.861562258314 0.882637628554
0.360571428571 0.0 0.384615384615 0.22969837587 0.266182698125
0.642857142857 0.0 0.692307692308 0.53905645785 0.549304295221
0.469714285714 0.0 0.538461538462 0.37973704563 0.367211131276
0.792 0.0 0.871794871795 0.77494199536 0.750756200847
0.730285714286 0.0 0.820512820513 0.785769528229 0.748336358137
0.836560805577 0.0666666666667 0.933333333333 0.837259100642 0.859598853868
0.655576093654 0.0 0.72972972973 0.775681341719 0.750889679715
0.793388429752 0.111111111111 0.764705882353 0.5625 0.746953405018
0.793388429752 0.111111111111 0.764705882353 0.5625 0.746953405018
0.759641873278 0.111111111111 0.735294117647 0.539383561644 0.718996415771
0.759641873278 0.111111111111 0.735294117647 0.539383561644 0.718996415771
0.321142857143 0.0 0.358974358974 0.218870843001 0.225045372051
0.548367221195 0.0 0.594594594595 0.535639412998 0.53024911032
0.62 0.0 0.717948717949 0.631863882444 0.573502722323
0.625096824167 0.133333333333 0.6 0.354389721627 0.551098376313
0.815646785438 0.0 0.833333333333 0.734475374732 0.754536771729
0.815646785438 0.0 0.833333333333 0.734475374732 0.754536771729
0.815646785438 0.0 0.833333333333 0.734475374732 0.754536771729
0.777691711851 0.0 0.8 0.70556745182 0.717287488061
0.777691711851 0.0 0.8 0.70556745182 0.717287488061
0.777691711851 0.0 0.8 0.70556745182 0.717287488061
0.777691711851 0.0 0.8 0.70556745182 0.717287488061
0.576571428571 0.0 0.641025641026 0.568445475638 0.532970356927
0.485714285714 0.0 0.589743589744 0.522041763341 0.446460980036
0.671595810228 0.0 0.702702702703 0.696016771488 0.691103202847
0.784 0.0 0.74358974359 0.53441608662 0.598306110103
0.566857142857 0.0 0.564102564103 0.377416860015 0.402903811252
0.370857142857 0.0 0.435897435897 0.292343387471 0.248638838475
0.482285714286 0.0 0.512820512821 0.351121423047 0.340592861464
0.349142857143 0.0 0.410256410256 0.298530549111 0.255293405929
0.399428571429 0.0 0.410256410256 0.22815158546 0.234724742892
0.814097598761 0.0 0.766666666667 0.65096359743 0.714422158548
0.553912507702 0.0 0.540540540541 0.461215932914 0.489679715302
0.382857142857 0.0 0.410256410256 0.241299303944 0.228675136116
0.776142525174 0.0 0.733333333333 0.622055674518 0.677172874881
0.776142525174 0.0 0.733333333333 0.622055674518 0.677172874881
0.340571428571 0.0 0.358974358974 0.189481825213 0.169388989716
0.639556377079 0.0 0.702702702703 0.668763102725 0.603558718861
0.661737523105 0.0 0.72972972973 0.780922431866 0.709608540925
0.752571428571 0.0 0.794871794872 0.640371229698 0.59407138536
0.515711645102 0.0 0.567567567568 0.534591194969 0.478291814947
0.731361675909 0.0 0.756756756757 0.777777777778 0.746619217082
0.800929512006 0.133333333333 0.766666666667 0.599571734475 0.761222540592
0.854683195592 0.111111111111 0.882352941176 0.749143835616 0.825806451613
0.530857142857 0.0 0.435897435897 0.204176334107 0.290986085904
0.526285714286 0.0 0.512820512821 0.365042536736 0.369630973987
0.553296364757 0.0 0.594594594595 0.547169811321 0.491103202847
0.675908810844 0.0 0.675675675676 0.617400419287 0.600711743772
0.414285714286 0.0 0.512820512821 0.476411446249 0.359346642468
0.9 0.166666666667 0.897435897436 0.713070378964 0.863278886872
0.592 0.166666666667 0.692307692308 0.571539056458 0.617664851785
0.294857142857 0.0 0.282051282051 0.105955143078 0.0961887477314
0.631546518792 0.0 0.675675675676 0.601677148847 0.532384341637
0.66112138016 0.0 0.594594594595 0.537735849057 0.576512455516
0.334285714286 0.0 0.307692307692 0.133023975251 0.13127646703
0.563154651879 0.0 0.594594594595 0.54821802935 0.483274021352
0.765298218435 0.133333333333 0.8 0.763383297645 0.828080229226
0.531731361676 0.0 0.513513513514 0.43605870021 0.419217081851
0.685767097967 0.0 0.756756756757 0.848008385744 0.738078291815
0.539125077018 0.0 0.567567567568 0.538784067086 0.464056939502
0.764 0.166666666667 0.820512820513 0.763341067285 0.824561403509
0.32 0.0 0.333333333333 0.185614849188 0.124016938899
0.593345656192 0.0 0.621621621622 0.598532494759 0.519572953737
0.326857142857 0.0 0.282051282051 0.0959010054138 0.0883242589232
0.613062230437 0.0 0.675675675676 0.770440251572 0.655516014235
0.621072088725 0.0 0.675675675676 0.766247379455 0.659074733096
