0.772898961284 0.0 0.9 0.777453271028 1.0
0.772898961284 0.0 0.9 0.777453271028 1.0
0.504721435316 0.0 0.6 0.427570093458 0.649874055416
0.835694050992 0.0 0.875 0.685747663551 0.955289672544
0.581680830973 0.0 0.675 0.433995327103 0.639168765743
0.480169971671 0.0 0.575 0.370327102804 0.568639798489
0.480169971671 0.0 0.575 0.370327102804 0.568639798489
0.431067044381 0.0 0.525 0.368574766355 0.567380352645
0.573654390935 0.0 0.7 0.553154205607 0.71725440806
0.43059490085 0.0 0.525 0.396028037383 0.588161209068
0.556657223796 0.0 0.65 0.409462616822 0.600755667506
0.474976392823 0.0 0.55 0.393107476636 0.598866498741
0.628423040604 0.0 0.7 0.468457943925 0.676322418136
0.426817752597 0.0 0.575 0.457943925234 0.586272040302
0.340415486308 0.0 0.45 0.333528037383 0.5
0.386685552408 0.0 0.5 0.360981308411 0.520780856423
0.617936565804 0.0 0.75 0.667366211962 0.791152263374
0.562322946176 0.0 0.675 0.61214953271 0.753778337531
0.808309726157 0.0 0.825 0.613901869159 0.845717884131
0.5435654393 0.0 0.708333333333 0.657397691501 0.722222222222
0.636449480642 0.0 0.75 0.693341121495 0.808564231738
0.642115203022 0.0 0.725 0.53738317757 0.680100755668
0.858184469559 0.0 0.895833333333 0.734522560336 0.921810699588
0.519139628144 0.0 0.645833333333 0.582371458552 0.673868312757
0.430185927816 0.0 0.604166666667 0.55036726128 0.593621399177
0.356940509915 0.0 0.475 0.41238317757 0.509445843829
0.535410764873 0.0 0.675 0.652453271028 0.724181360202
0.745042492918 0.0 0.725 0.479556074766 0.710327455919
0.334749763928 0.0 0.45 0.36214953271 0.451511335013
0.574553408677 0.0 0.729166666667 0.688877229801 0.735082304527
0.410683515221 0.0 0.485714285714 0.290181818182 0.414769230769
0.834617127322 0.0 0.875 0.743393602225 0.895128552097
0.580751002552 0.0 0.729166666667 0.759706190976 0.799897119342
0.549161758043 0.0 0.7 0.695410292072 0.732746955345
0.453518045935 0.0 0.5 0.342077649528 0.481481481481
0.506137865911 0.0 0.65 0.592289719626 0.634130982368
0.338526912181 0.0 0.4 0.302570093458 0.425062972292
0.403208166241 0.0 0.5625 0.534102833158 0.558127572016
0.905099150142 0.0 0.875 0.728387850467 0.938287153652
0.860717658168 0.0 0.9 0.672897196262 0.811712846348
0.504192489974 0.0 0.666666666667 0.676285414481 0.689300411523
0.445862194677 0.0 0.604166666667 0.596537250787 0.612654320988
0.484870579657 0.0 0.645833333333 0.655299055614 0.668209876543
0.35835694051 0.0 0.475 0.391355140187 0.447103274559
0.445854100589 0.0 0.525 0.440890125174 0.533152909337
0.874225300766 0.0 0.854166666667 0.703043022036 0.892489711934
0.253372220197 0.0 0.375 0.311647429171 0.358024691358
0.604893520616 0.0 0.725 0.7719054242 0.81799729364
0.663361661945 0.0 0.7 0.570677570093 0.697732997481
0.616113744076 0.0 0.6875 0.567156348374 0.6579218107
0.408676631425 0.0 0.583333333333 0.601783840504 0.588991769547
0.69074598678 0.0 0.75 0.636098130841 0.738664987406
0.320816624134 0.0 0.479166666667 0.469569779643 0.47170781893
0.267705382436 0.0 0.325 0.263434579439 0.365869017632
0.374409820585 0.0 0.4 0.288551401869 0.420654911839
0.670304422746 0.0 0.771428571429 0.662545454545 0.717538461538
0.390812978491 0.0 0.541666666667 0.527806925498 0.5329218107
0.340138534451 0.0 0.5 0.496327387198 0.491255144033
0.543909348442 0.0 0.7 0.59988317757 0.597607052897
0.23984891407 0.0 0.3 0.228971962617 0.321788413098
0.663507109005 0.0 0.708333333333 0.6259181532 0.734053497942
0.487650775416 0.0 0.571428571429 0.374545454545 0.443692307692
0.339943342776 0.0 0.4 0.242406542056 0.334382871537
0.462632154575 0.0 0.625 0.675760755509 0.665637860082
0.386438206343 0.0 0.479166666667 0.36149003148 0.420267489712
0.67553773241 0.0 0.8125 0.828961175236 0.843106995885
0.375865840321 0.0 0.520833333333 0.50629590766 0.51183127572
0.781734635267 0.0 0.914285714286 0.824 0.841846153846
0.465249856404 0.0 0.571428571429 0.411636363636 0.454769230769
0.637393767705 0.0 0.8 0.835864485981 0.820528967254
0.637393767705 0.0 0.8 0.835864485981 0.820528967254
0.238432483475 0.0 0.3 0.178738317757 0.263853904282
0.547214353163 0.0 0.575 0.488317757009 0.607052896725
0.305869485964 0.0 0.395833333333 0.348898216159 0.405349794239
0.485353245261 0.0 0.571428571429 0.417454545455 0.474461538462
0.217658168083 0.0 0.275 0.178738317757 0.263853904282
0.680643308443 0.0 0.771428571429 0.648727272727 0.700307692308
0.524972657674 0.0 0.625 0.555613850997 0.597736625514
0.490703609187 0.0 0.5625 0.471143756558 0.541152263374
0.515221137277 0.0 0.6 0.489454545455 0.545230769231
0.762511803588 0.0 0.75 0.574182242991 0.726070528967
0.697874784607 0.0 0.771428571429 0.597818181818 0.662769230769
0.641585295807 0.0 0.742857142857 0.583272727273 0.620307692308
0.708788052843 0.0 0.771428571429 0.662545454545 0.737846153846
0.517444494789 0.0 0.575 0.552851182197 0.632611637348
0.657309515129 0.0 0.708333333333 0.644281217209 0.729938271605
0.693854106835 0.0 0.771428571429 0.696 0.755076923077
0.511200459506 0.0 0.6 0.460363636364 0.507692307692
0.722700498414 0.0 0.75 0.712100139082 0.820027063599
0.562301767105 0.0 0.625 0.598052851182 0.67050067659
0.622757318225 0.0 0.6 0.388434579439 0.545340050378
0.423652016312 0.0 0.525 0.5 0.53247631935
0.497265767408 0.0 0.604166666667 0.538824763903 0.565329218107
0.479609419874 0.0 0.571428571429 0.475636363636 0.516923076923
0.751180358829 0.0 0.775 0.526285046729 0.635390428212
0.632883703974 0.0 0.791666666667 0.785939139559 0.759773662551
0.658812868147 0.0 0.675 0.633518776078 0.749661705007
0.629967189209 0.0 0.770833333333 0.722455403987 0.713477366255
0.535324526134 0.0 0.628571428571 0.519272727273 0.557538461538
0.705482555505 0.0 0.7 0.632823365786 0.767929634641
0.296390812978 0.0 0.375 0.298006295908 0.348765432099
0.714910681735 0.0 0.8125 0.800104931794 0.831790123457
0.780532263945 0.0 0.833333333333 0.790661070304 0.866255144033
0.630097645032 0.0 0.685714285714 0.615272727273 0.688
0.893911775428 0.0 0.9375 0.881427072403 0.965020576132
0.603987313095 0.0 0.725 0.803198887344 0.809201623816
0.508328546812 0.0 0.628571428571 0.573090909091 0.579076923077
0.19832300401 0.0 0.291666666667 0.225078698846 0.257716049383
0.294203426905 0.0 0.395833333333 0.283315844701 0.307613168724
0.599080987938 0.0 0.657142857143 0.536 0.603692307692
0.782309017806 0.0 0.8 0.587636363636 0.695384615385
0.631246410109 0.0 0.628571428571 0.427636363636 0.555692307692
0.727305869486 0.0 0.8125 0.764428121721 0.804526748971
0.484204480184 0.0 0.542857142857 0.482909090909 0.549538461538
0.655486693401 0.0 0.708333333333 0.592339979014 0.664609053498
0.250091141086 0.0 0.333333333333 0.318992654774 0.360596707819
0.518093049971 0.0 0.628571428571 0.528727272727 0.542769230769
0.353627415239 0.0 0.416666666667 0.303777544596 0.365226337449
0.56762668611 0.0 0.645833333333 0.55351521511 0.599794238683
0.565803864382 0.0 0.625 0.558761804827 0.623971193416
0.541068351522 0.0 0.6 0.491636363636 0.556923076923
0.646754738656 0.0 0.685714285714 0.501090909091 0.584615384615
0.571510626077 0.0 0.657142857143 0.594181818182 0.630769230769
0.415043044857 0.0 0.5 0.532684283727 0.569688768606
0.58414704193 0.0 0.657142857143 0.538181818182 0.587076923077
0.722201968647 0.0 0.729166666667 0.633263378804 0.746913580247
0.90703609187 0.0 0.916666666667 0.843126967471 0.953703703704
0.583572659391 0.0 0.657142857143 0.577454545455 0.624
0.472716829408 0.0 0.571428571429 0.554181818182 0.575384615385
0.687358405075 0.0 0.725 0.662030598053 0.744248985115
0.685238368754 0.0 0.742857142857 0.605090909091 0.667076923077
0.707064905227 0.0 0.742857142857 0.583272727273 0.667076923077
0.660539919586 0.0 0.685714285714 0.606545454545 0.700923076923
0.502010338886 0.0 0.6 0.564363636364 0.585846153846
0.915722700498 0.0 0.875 0.786509040334 0.946549391069
0.659132336857 0.0 0.666666666667 0.570828961175 0.682613168724
0.718552556002 0.0 0.8 0.672727272727 0.710153846154
0.655944859276 0.0 0.714285714286 0.626909090909 0.687384615385
0.673748819641 0.0 0.7 0.577102803738 0.669395465995
0.498414136837 0.0 0.6 0.631432545202 0.648173207037
0.920160827111 0.0 0.971428571429 0.896 0.963076923077
0.667432510052 0.0 0.714285714286 0.604363636364 0.675692307692
0.541642734061 0.0 0.628571428571 0.541818181818 0.572923076923
0.733868027707 0.0 0.770833333333 0.685729275971 0.76646090535
0.575531303848 0.0 0.685714285714 0.593454545455 0.600615384615
0.705916140149 0.0 0.771428571429 0.623272727273 0.675076923077
0.849434925264 0.0 0.875 0.817418677859 0.908436213992
0.796208530806 0.0 0.875 0.863588667366 0.901234567901
0.920889537003 0.0 0.9375 0.869884575026 0.969650205761
0.272329566168 0.0 0.354166666667 0.290661070304 0.325102880658
0.542818305392 0.0 0.65 0.703059805285 0.711772665765
0.542818305392 0.0 0.65 0.703059805285 0.711772665765
0.581332125057 0.0 0.7 0.757997218359 0.755074424899
0.451695224207 0.0 0.520833333333 0.42444910808 0.470679012346
0.369216241737 0.0 0.5 0.485981308411 0.47040302267
0.624353819644 0.0 0.714285714286 0.601454545455 0.626461538462
0.828654757565 0.0 0.8125 0.726652675761 0.857510288066
0.231862923806 0.0 0.333333333333 0.236096537251 0.248971193416
0.92492917847 0.0 0.975 0.882593457944 0.946473551637
0.646180356117 0.0 0.742857142857 0.700363636364 0.716923076923
0.745548535325 0.0 0.8 0.682909090909 0.741538461538
0.529580700747 0.0 0.6 0.550545454545 0.592615384615
0.647329121195 0.0 0.714285714286 0.588363636364 0.632615384615
0.526795479402 0.0 0.6875 0.703043022036 0.65329218107
0.670304422746 0.0 0.8 0.711272727273 0.692307692308
0.61688684664 0.0 0.714285714286 0.639272727273 0.652307692308
0.820269777616 0.0 0.791666666667 0.717733473242 0.856481481481
0.685812751292 0.0 0.714285714286 0.617454545455 0.699076923077
0.887629839471 0.0 1.0 1.0 0.997481108312
0.887629839471 0.0 1.0 1.0 0.997481108312
0.887629839471 0.0 1.0 1.0 0.997481108312
0.644457208501 0.0 0.742857142857 0.6 0.610461538462
0.638139000574 0.0 0.714285714286 0.540363636364 0.572923076923
0.881152023332 0.0 0.854166666667 0.695173137461 0.830761316872
0.82711085583 0.0 0.914285714286 0.848 0.868923076923
0.730040206778 0.0 0.771428571429 0.639272727273 0.705846153846
0.641010913268 0.0 0.685714285714 0.533818181818 0.596923076923
0.595634692705 0.0 0.657142857143 0.491636363636 0.537846153846
0.860371855633 0.0 0.854166666667 0.733473242392 0.847222222222
0.226759022968 0.0 0.270833333333 0.161070304302 0.224279835391
0.582423894314 0.0 0.657142857143 0.538181818182 0.570461538462
0.892453518046 0.0 0.958333333333 0.875655823715 0.916666666667
0.515129420343 0.0 0.583333333333 0.444386149003 0.483024691358
0.548158640227 0.0 0.55 0.42523364486 0.530226700252
0.603676048248 0.0 0.657142857143 0.546181818182 0.599384615385
0.626651349799 0.0 0.714285714286 0.636363636364 0.655384615385
0.658242389431 0.0 0.685714285714 0.569454545455 0.648615384615
0.631820792648 0.0 0.685714285714 0.562181818182 0.614769230769
0.624134159679 0.0 0.6875 0.565582371459 0.60853909465
0.578403216542 0.0 0.657142857143 0.545454545455 0.572923076923
0.606547960942 0.0 0.685714285714 0.553454545455 0.580307692308
0.642159678346 0.0 0.742857142857 0.642181818182 0.647384615385
0.767375071798 0.0 0.8 0.629090909091 0.702153846154
0.726593911545 0.0 0.771428571429 0.664727272727 0.725538461538
0.451841359773 0.0 0.5 0.411799065421 0.469143576826
0.709362435382 0.0 0.771428571429 0.626181818182 0.669538461538
0.694428489374 0.0 0.771428571429 0.704 0.732307692308
0.493389990557 0.0 0.525 0.439836448598 0.51322418136
0.633144475921 0.0 0.75 0.605140186916 0.593198992443
0.383886255924 0.0 0.541666666667 0.573976915005 0.520576131687
