0.80661907852 0.0 0.851851851852 0.696216216216 0.846597462514
0.89357560026 0.0 0.962962962963 0.656216216216 0.724336793541
0.638546398443 0.0 0.666666666667 0.558918918919 0.653979238754
0.761904761905 0.0 0.78125 0.590361445783 0.685039370079
0.827242524917 0.0 0.8125 0.652455977757 0.779527559055
0.678780012979 0.0 0.62962962963 0.394594594595 0.552479815456
0.892277741726 0.0 0.925925925926 0.692972972973 0.76585928489
0.814406229721 0.0 0.851851851852 0.734054054054 0.801614763552
0.762491888384 0.0 0.740740740741 0.552432432432 0.674740484429
0.750162232317 0.0 0.777777777778 0.641081081081 0.713956170704
0.572355613238 0.0 0.555555555556 0.436756756757 0.553633217993
0.65282284231 0.0 0.592592592593 0.415135135135 0.572087658593
0.739130434783 0.0 0.740740740741 0.677837837838 0.769319492503
0.590525632706 0.0 0.592592592593 0.515675675676 0.606689734717
0.766334440753 0.0 0.78125 0.524559777572 0.602362204724
0.548994159637 0.0 0.555555555556 0.43027027027 0.514417531719
1.0 0.0 0.962962962963 0.873513513514 1.0
0.844905905256 0.0 0.814814814815 0.562162162162 0.675893886967
0.645684620376 0.0 0.666666666667 0.552432432432 0.61476355248
0.705386112914 0.0 0.740740740741 0.668108108108 0.715109573241
0.904607397794 0.0 0.851851851852 0.644324324324 0.778546712803
0.60350421804 0.0 0.592592592593 0.515675675676 0.606689734717
0.581440622972 0.0 0.555555555556 0.436756756757 0.542099192618
0.601882613511 0.0 0.65625 0.658943466172 0.683070866142
0.860480207657 0.0 0.888888888889 0.727567567568 0.776239907728
0.805321219987 0.0 0.851851851852 0.822702702703 0.852364475202
0.691109669046 0.0 0.703703703704 0.552432432432 0.61476355248
0.69435431538 0.0 0.740740740741 0.603243243243 0.629757785467
0.557032115172 0.0 0.625 0.586654309546 0.591535433071
0.807916937054 0.0 0.740740740741 0.457297297297 0.59630911188
0.691109669046 0.0 0.666666666667 0.511351351351 0.606689734717
0.688513951979 0.0 0.703703703704 0.496216216216 0.544405997693
0.674237508112 0.0 0.666666666667 0.540540540541 0.61014994233
0.570408825438 0.0 0.518518518519 0.337297297297 0.450980392157
0.800129785853 0.0 0.851851851852 0.72972972973 0.738177623991
0.770279039585 0.0 0.740740740741 0.633513513514 0.723183391003
0.609993510707 0.0 0.592592592593 0.450810810811 0.527104959631
0.801427644387 0.0 0.777777777778 0.570810810811 0.652825836217
0.687216093446 0.0 0.740740740741 0.583783783784 0.588235294118
0.733290071382 0.0 0.740740740741 0.563243243243 0.613610149942
0.645684620376 0.0 0.666666666667 0.558918918919 0.595155709343
0.537962362103 0.0 0.518518518519 0.452972972973 0.529411764706
0.809214795587 0.0 0.851851851852 0.712432432432 0.726643598616
0.859831278391 0.0 0.851851851852 0.581621621622 0.645905420992
0.773523685918 0.0 0.851851851852 0.845405405405 0.822376009227
0.652173913043 0.0 0.62962962963 0.576216216216 0.652825836217
0.933160285529 0.0 0.925925925926 0.770810810811 0.83044982699
0.678131083712 0.0 0.62962962963 0.504864864865 0.60553633218
0.568462037638 0.0 0.555555555556 0.450810810811 0.514417531719
0.466580142764 0.0 0.444444444444 0.379459459459 0.452133794694
0.635301752109 0.0 0.62962962963 0.473513513514 0.529411764706
0.740863787375 0.0 0.78125 0.618164967563 0.627952755906
0.526930564568 0.0 0.555555555556 0.473513513514 0.493656286044
0.584036340039 0.0 0.518518518519 0.337297297297 0.450980392157
0.639195327709 0.0 0.592592592593 0.419459459459 0.513264129181
0.678131083712 0.0 0.703703703704 0.647567567568 0.668973471742
0.785853341986 0.0 0.777777777778 0.607567567568 0.662053056517
0.691109669046 0.0 0.666666666667 0.472432432432 0.543252595156
0.454250486697 0.0 0.407407407407 0.356756756757 0.449826989619
0.454250486697 0.0 0.407407407407 0.356756756757 0.449826989619
0.704737183647 0.0 0.666666666667 0.431351351351 0.515570934256
0.724205061648 0.0 0.740740740741 0.515675675676 0.544405997693
0.702790395847 0.0 0.703703703704 0.518918918919 0.562860438293
0.600259571707 0.0 0.592592592593 0.4 0.452133794694
0.4931862427 0.0 0.444444444444 0.356756756757 0.449826989619
0.64503569111 0.0 0.62962962963 0.52972972973 0.589388696655
0.735885788449 0.0 0.777777777778 0.576216216216 0.57785467128
0.717066839714 0.0 0.740740740741 0.686486486486 0.705882352941
0.548994159637 0.0 0.518518518519 0.379459459459 0.452133794694
0.443218689163 0.0 0.444444444444 0.372972972973 0.41291810842
0.440622972096 0.0 0.407407407407 0.379459459459 0.452133794694
0.69824789098 0.0 0.62962962963 0.435675675676 0.543252595156
0.618429591175 0.0 0.555555555556 0.431351351351 0.532871972318
0.637248539909 0.0 0.592592592593 0.464864864865 0.547866205306
0.702790395847 0.0 0.666666666667 0.487567567568 0.561707035755
0.924724205062 0.0 0.925925925926 0.687567567568 0.724336793541
0.70408825438 0.0 0.703703703704 0.605405405405 0.643598615917
0.614064230343 0.0 0.53125 0.4328081557 0.553149606299
0.622323166775 0.0 0.592592592593 0.492972972973 0.558246828143
0.731992212849 0.0 0.666666666667 0.487567567568 0.588235294118
0.695652173913 0.0 0.703703703704 0.583783783784 0.61014994233
0.712524334848 0.0 0.740740740741 0.551351351351 0.557093425606
0.52657807309 0.0 0.53125 0.391102873031 0.420275590551
0.713173264114 0.0 0.62962962963 0.379459459459 0.494809688581
0.668397144711 0.0 0.666666666667 0.515675675676 0.549019607843
0.580142764439 0.0 0.592592592593 0.504864864865 0.523644752018
0.617131732641 0.0 0.62962962963 0.407567567568 0.425605536332
0.697598961713 0.0 0.666666666667 0.527567567568 0.588235294118
0.65476963011 0.0 0.62962962963 0.421621621622 0.476355247982
0.85009733939 0.0 0.851851851852 0.684324324324 0.711649365629
0.913621262458 0.0 0.9375 0.85171455051 0.856299212598
0.579493835172 0.0 0.518518518519 0.387027027027 0.476355247982
0.615833874108 0.0 0.555555555556 0.437837837838 0.525951557093
0.518494484101 0.0 0.518518518519 0.48 0.507497116494
0.928617780662 0.0 0.888888888889 0.676756756757 0.742791234141
0.530824140169 0.0 0.481481481481 0.421621621622 0.495963091119
0.613887086308 0.0 0.592592592593 0.444324324324 0.490196078431
0.700442967885 0.0 0.71875 0.600556070436 0.60531496063
0.602206359507 0.0 0.62962962963 0.485405405405 0.480968858131
0.733939000649 0.0 0.703703703704 0.567567567568 0.620530565167
0.864373783258 0.0 0.851851851852 0.646486486486 0.681660899654
0.628163530175 0.0 0.592592592593 0.48972972973 0.547866205306
0.680077871512 0.0 0.703703703704 0.517837837838 0.515570934256
0.461794019934 0.0 0.5 0.451343836886 0.432086614173
0.694352159468 0.0 0.71875 0.542168674699 0.535433070866
0.523685918235 0.0 0.555555555556 0.441081081081 0.42675893887
0.559800664452 0.0 0.53125 0.369786839666 0.415354330709
0.937702790396 0.0 1.0 1.0 0.953863898501
0.440622972096 0.0 0.407407407407 0.299459459459 0.348327566321
0.484750162232 0.0 0.444444444444 0.331891891892 0.387543252595
0.538611291369 0.0 0.481481481481 0.370810810811 0.442906574394
0.68161683278 0.0 0.75 0.637627432808 0.583661417323
0.619727449708 0.0 0.555555555556 0.467027027027 0.545559400231
0.515898767034 0.0 0.481481481481 0.32 0.367935409458
0.93023255814 0.0 0.9375 0.774791473587 0.780511811024
0.717066839714 0.0 0.703703703704 0.483243243243 0.508650519031
0.540558079169 0.0 0.481481481481 0.389189189189 0.459054209919
0.85593770279 0.0 0.814814814815 0.561081081081 0.612456747405
0.795587280986 0.0 0.740740740741 0.535135135135 0.599769319493
0.401038286827 0.0 0.407407407407 0.344864864865 0.347174163783
0.754704737184 0.0 0.666666666667 0.447567567568 0.544405997693
0.410772225827 0.0 0.37037037037 0.299459459459 0.348327566321
0.410772225827 0.0 0.37037037037 0.299459459459 0.348327566321
0.410772225827 0.0 0.37037037037 0.299459459459 0.348327566321
0.410772225827 0.0 0.37037037037 0.299459459459 0.348327566321
0.725502920182 0.0 0.777777777778 0.508108108108 0.463667820069
0.523036988968 0.0 0.481481481481 0.299459459459 0.348327566321
0.738481505516 0.0 0.740740740741 0.571891891892 0.576701268743
0.469824789098 0.0 0.481481481481 0.374054054054 0.369088811995
0.506164828034 0.0 0.444444444444 0.297297297297 0.365628604383
0.564568462038 0.0 0.518518518519 0.372972972973 0.425605536332
0.44970798183 0.0 0.407407407407 0.299459459459 0.348327566321
0.44970798183 0.0 0.407407407407 0.299459459459 0.348327566321
0.750811161583 0.0 0.740740740741 0.518918918919 0.535178777393
0.654485049834 0.0 0.59375 0.493049119555 0.55905511811
0.41196013289 0.0 0.40625 0.318813716404 0.329724409449
0.569759896171 0.0 0.555555555556 0.396756756757 0.415224913495
0.604802076574 0.0 0.666666666667 0.56 0.501730103806
0.70019467878 0.0 0.703703703704 0.603243243243 0.603229527105
0.566515249838 0.0 0.518518518519 0.349189189189 0.400230680507
0.510058403634 0.0 0.444444444444 0.297297297297 0.365628604383
0.569759896171 0.0 0.592592592593 0.524324324324 0.504036908881
0.40038935756 0.0 0.407407407407 0.374054054054 0.369088811995
0.674886437378 0.0 0.666666666667 0.416216216216 0.425605536332
0.669695003245 0.0 0.592592592593 0.28972972973 0.367935409458
0.617780661908 0.0 0.592592592593 0.483243243243 0.508650519031
0.922128487995 0.0 0.925925925926 0.79027027027 0.786620530565
0.4931862427 0.0 0.444444444444 0.299459459459 0.348327566321
0.426346528228 0.0 0.444444444444 0.367567567568 0.349480968858
0.570408825438 0.0 0.481481481481 0.277837837838 0.36678200692
0.761194029851 0.0 0.740740740741 0.564324324324 0.584775086505
0.583387410772 0.0 0.555555555556 0.473513513514 0.500576701269
0.44970798183 0.0 0.444444444444 0.325405405405 0.329873125721
0.421155094095 0.0 0.37037037037 0.299459459459 0.348327566321
0.450356911097 0.0 0.444444444444 0.383783783784 0.387543252595
0.578844905905 0.0 0.555555555556 0.435675675676 0.456747404844
0.447112264763 0.0 0.407407407407 0.331891891892 0.369088811995
0.447112264763 0.0 0.407407407407 0.331891891892 0.369088811995
0.384815055159 0.0 0.333333333333 0.299459459459 0.348327566321
0.384815055159 0.0 0.333333333333 0.299459459459 0.348327566321
0.384815055159 0.0 0.333333333333 0.299459459459 0.348327566321
0.592472420506 0.0 0.592592592593 0.423783783784 0.420991926182
0.658663205711 0.0 0.592592592593 0.424864864865 0.487889273356
0.638546398443 0.0 0.592592592593 0.339459459459 0.381776239908
0.65671641791 0.0 0.555555555556 0.405405405405 0.502883506344
0.460090850097 0.0 0.407407407407 0.299459459459 0.348327566321
0.581949058693 0.0 0.65625 0.582020389249 0.503937007874
0.580142764439 0.0 0.592592592593 0.530810810811 0.514417531719
0.433554817276 0.0 0.40625 0.274328081557 0.297244094488
0.480207657365 0.0 0.407407407407 0.297297297297 0.365628604383
0.423750811162 0.0 0.37037037037 0.299459459459 0.348327566321
0.538611291369 0.0 0.518518518519 0.313513513514 0.328719723183
0.519379844961 0.0 0.5625 0.415199258573 0.367125984252
0.677482154445 0.0 0.666666666667 0.547027027027 0.552479815456
0.730694354315 0.0 0.703703703704 0.528648648649 0.550173010381
0.79493835172 0.0 0.703703703704 0.435675675676 0.521337946943
0.573004542505 0.0 0.518518518519 0.383783783784 0.432525951557
0.501622323167 0.0 0.444444444444 0.349189189189 0.400230680507
0.501622323167 0.0 0.444444444444 0.349189189189 0.400230680507
0.434782608696 0.0 0.37037037037 0.309189189189 0.36678200692
0.512005191434 0.0 0.481481481481 0.4 0.423298731257
0.447397563677 0.0 0.46875 0.45968489342 0.431102362205
0.658663205711 0.0 0.592592592593 0.31027027027 0.367935409458
0.785204412719 0.0 0.777777777778 0.604324324324 0.603229527105
0.551589876703 0.0 0.555555555556 0.429189189189 0.416378316032
0.428293316029 0.0 0.37037037037 0.299459459459 0.348327566321
0.558079169371 0.0 0.592592592593 0.468108108108 0.424452133795
0.670542635659 0.0 0.6875 0.641334569045 0.615157480315
0.635658914729 0.0 0.59375 0.462465245598 0.495078740157
0.60350421804 0.0 0.555555555556 0.374054054054 0.411764705882
0.518494484101 0.0 0.518518518519 0.414054054054 0.40369088812
0.591823491239 0.0 0.555555555556 0.401081081081 0.42675893887
0.529526281635 0.0 0.481481481481 0.331891891892 0.369088811995
0.559377027904 0.0 0.518518518519 0.362162162162 0.392156862745
0.466580142764 0.0 0.407407407407 0.32 0.367935409458
0.466580142764 0.0 0.407407407407 0.32 0.367935409458
0.466580142764 0.0 0.407407407407 0.32 0.367935409458
0.561972744971 0.0 0.518518518519 0.40972972973 0.441753171857
0.54250486697 0.0 0.518518518519 0.323243243243 0.335640138408
0.683605565638 0.0 0.548387096774 0.508379888268 0.63164893617
