0.856462585034 0.833333333333 0.8 0.655172413793 0.848739495798
0.533333333333 0.333333333333 0.48 0.383289124668 0.398319327731
0.856462585034 0.833333333333 0.8 0.655172413793 0.848739495798
0.510884353741 0.5 0.52 0.367374005305 0.379831932773
0.502040816327 0.5 0.48 0.379310344828 0.406722689076
0.639455782313 0.833333333333 0.64 0.558355437666 0.623529411765
0.439455782313 0.0 0.32 0.214854111406 0.0957983193277
0.813605442177 0.333333333333 0.8 0.701591511936 0.672268907563
0.528571428571 0.5 0.48 0.505305039788 0.482352941176
0.713605442177 0.5 0.68 0.640583554377 0.473949579832
0.865986394558 0.333333333333 0.92 0.937665782493 0.83025210084
0.408843537415 0.333333333333 0.32 0.221485411141 0.132773109244
0.474829931973 0.333333333333 0.44 0.332891246684 0.394957983193
0.895238095238 0.333333333333 0.88 0.82625994695 0.880672268908
0.634693877551 0.5 0.56 0.592838196286 0.521008403361
0.938095238095 0.666666666667 0.92 0.818302387268 0.867226890756
0.672108843537 0.5 0.64 0.614058355438 0.467226890756
0.412244897959 0.333333333333 0.32 0.131299734748 0.0201680672269
0.825170068027 0.333333333333 0.88 0.7175066313 0.702521008403
0.885034013605 0.5 0.92 0.905835543767 1.0
0.740816326531 0.333333333333 0.68 0.533156498674 0.36974789916
0.668027210884 0.5 0.6 0.472148541114 0.393277310924
0.429931972789 0.333333333333 0.36 0.201591511936 0.151260504202
0.546258503401 0.0 0.52 0.302387267905 0.157983193277
0.717006802721 0.5 0.76 0.506631299735 0.576470588235
0.538775510204 0.166666666667 0.48 0.423076923077 0.299159663866
0.744897959184 0.833333333333 0.84 0.801061007958 0.894117647059
0.689115646259 0.833333333333 0.6 0.450928381963 0.41512605042
0.624489795918 0.666666666667 0.6 0.424403183024 0.465546218487
0.627891156463 0.666666666667 0.52 0.407161803714 0.349579831933
0.577551020408 0.5 0.52 0.450928381963 0.455462184874
0.365986394558 0.0 0.28 0.131299734748 0.0201680672269
0.636734693878 0.0 0.56 0.523872679045 0.452100840336
0.686394557823 0.5 0.64 0.437665782493 0.509243697479
0.725850340136 0.833333333333 0.72 0.63925729443 0.808403361345
0.737414965986 0.5 0.72 0.652519893899 0.710924369748
0.654421768707 0.0 0.6 0.622015915119 0.603361344538
0.782993197279 0.5 0.8 0.815649867374 0.887394957983
0.546258503401 0.5 0.48 0.320954907162 0.32268907563
0.59387755102 0.333333333333 0.6 0.435013262599 0.515966386555
0.469387755102 0.333333333333 0.48 0.339522546419 0.334453781513
0.654421768707 0.0 0.6 0.622015915119 0.603361344538
0.575510204082 0.333333333333 0.52 0.56100795756 0.527731092437
0.621088435374 0.333333333333 0.56 0.514588859416 0.638655462185
0.420408163265 0.333333333333 0.32 0.131299734748 0.0201680672269
0.40612244898 0.333333333333 0.36 0.262599469496 0.263865546218
0.57619047619 0.0 0.52 0.533156498674 0.524369747899
0.938095238095 0.666666666667 0.92 0.818302387268 0.867226890756
0.510884353741 0.5 0.52 0.367374005305 0.379831932773
0.738095238095 0.666666666667 0.68 0.484084880637 0.339495798319
0.519047619048 0.333333333333 0.44 0.258620689655 0.300840336134
0.661224489796 0.166666666667 0.68 0.45225464191 0.487394957983
0.519047619048 0.333333333333 0.44 0.258620689655 0.300840336134
0.674149659864 0.333333333333 0.64 0.676392572944 0.50756302521
0.514285714286 0.5 0.44 0.401856763926 0.443697478992
0.358503401361 0.333333333333 0.28 0.20424403183 0.142857142857
0.863945578231 0.5 0.8 0.722811671088 0.840336134454
0.563265306122 0.166666666667 0.56 0.457559681698 0.453781512605
0.410204081633 0.333333333333 0.36 0.262599469496 0.263865546218
0.621768707483 0.5 0.6 0.376657824934 0.41512605042
0.471428571429 0.5 0.4 0.291777188329 0.260504201681
0.7 1.0 0.68 0.57824933687 0.611764705882
0.47619047619 0.333333333333 0.4 0.241379310345 0.205042016807
0.555782312925 0.166666666667 0.52 0.485411140584 0.500840336134
0.620408163265 0.5 0.6 0.559681697613 0.591596638655
0.574829931973 0.5 0.56 0.367374005305 0.379831932773
0.510884353741 0.333333333333 0.44 0.189655172414 0.141176470588
0.603401360544 0.5 0.56 0.637931034483 0.640336134454
0.803401360544 0.833333333333 0.8 0.587533156499 0.53781512605
0.363265306122 0.0 0.28 0.201591511936 0.168067226891
0.510204081633 0.833333333333 0.44 0.221485411141 0.238655462185
0.674149659864 0.333333333333 0.64 0.676392572944 0.50756302521
0.320408163265 0.0 0.28 0.20424403183 0.142857142857
0.856462585034 0.833333333333 0.8 0.655172413793 0.848739495798
0.873469387755 0.5 0.88 0.988063660477 0.808403361345
0.548299319728 0.0 0.48 0.423076923077 0.23025210084
0.601360544218 0.333333333333 0.56 0.464190981432 0.361344537815
0.569387755102 0.333333333333 0.52 0.446949602122 0.448739495798
0.455782312925 0.0 0.44 0.444297082228 0.423529411765
0.634693877551 0.5 0.56 0.592838196286 0.521008403361
0.575510204082 0.5 0.48 0.441644562334 0.401680672269
0.653741496599 0.666666666667 0.6 0.458885941645 0.379831932773
0.778911564626 0.333333333333 0.8 0.690981432361 0.489075630252
0.803401360544 0.333333333333 0.84 0.598143236074 0.455462184874
0.672789115646 0.333333333333 0.68 0.567639257294 0.379831932773
0.627210884354 0.333333333333 0.64 0.567639257294 0.379831932773
0.57619047619 0.0 0.52 0.533156498674 0.524369747899
0.533333333333 0.333333333333 0.48 0.383289124668 0.398319327731
0.807482993197 0.333333333333 0.8 0.858090185676 0.734453781513
0.472108843537 0.333333333333 0.4 0.324933687003 0.27731092437
0.866666666667 0.5 0.88 0.854111405836 0.72268907563
0.618367346939 0.333333333333 0.52 0.488063660477 0.405042016807
0.661224489796 0.166666666667 0.68 0.45225464191 0.487394957983
0.499319727891 0.333333333333 0.44 0.274535809019 0.273949579832
0.76462585034 0.166666666667 0.76 0.689655172414 0.663865546218
0.805442176871 0.666666666667 0.76 0.588859416446 0.495798319328
1.0 0.333333333333 1.0 1.0 0.842016806723
0.852380952381 0.333333333333 0.88 0.871352785146 0.690756302521
0.478911564626 0.666666666667 0.4 0.206896551724 0.236974789916
0.625850340136 0.333333333333 0.52 0.42175066313 0.245378151261
