0.791086350975 0.0 0.730769230769 0.597131681877 0.768918918919
0.816155988858 0.0 0.769230769231 0.647979139505 0.795945945946
0.786211699164 0.0 0.730769230769 0.595827900913 0.754054054054
0.848189415042 0.0 0.923076923077 1.0 0.971621621622
0.974233983287 0.0 1.0 0.973924380704 0.991891891892
0.690807799443 0.0 0.730769230769 0.661016949153 0.710810810811
0.791782729805 0.0 0.730769230769 0.576271186441 0.731081081081
0.970752089136 0.0 0.923076923077 0.906127770535 1.0
1.0 0.0 0.923076923077 0.799217731421 0.933783783784
0.713788300836 0.0 0.692307692308 0.666232073012 0.762162162162
0.735376044568 0.0 0.730769230769 0.736636245111 0.804054054054
0.575208913649 0.0 0.538461538462 0.526727509778 0.648648648649
0.855153203343 0.0 0.923076923077 0.984354628422 0.940540540541
0.720055710306 0.0 0.730769230769 0.666232073012 0.72027027027
0.591922005571 0.0 0.576923076923 0.526727509778 0.625675675676
0.825208913649 0.0 0.846153846154 0.928292046936 0.931081081081
0.707520891365 0.0 0.653846153846 0.492829204694 0.624324324324
0.839136490251 0.0 0.769230769231 0.637548891786 0.760810810811
0.729108635097 0.0 0.653846153846 0.629726205997 0.760810810811
0.644846796657 0.0 0.615384615385 0.526727509778 0.625675675676
0.735376044568 0.0 0.653846153846 0.597131681877 0.735135135135
0.647632311978 0.0 0.615384615385 0.621903520209 0.710810810811
0.733983286908 0.0 0.730769230769 0.653194263364 0.708108108108
0.708913649025 0.0 0.692307692308 0.693611473272 0.755405405405
0.867688022284 0.0 0.807692307692 0.723598435463 0.82027027027
0.675487465181 0.0 0.730769230769 0.801825293351 0.77972972973
0.66573816156 0.0 0.653846153846 0.554106910039 0.628378378378
0.860027855153 0.0 0.807692307692 0.767926988266 0.848648648649
0.66852367688 0.0 0.615384615385 0.507170795306 0.625675675676
0.693593314763 0.0 0.653846153846 0.64667535854 0.733783783784
0.755571030641 0.0 0.730769230769 0.61408083442 0.689189189189
0.630222841226 0.0 0.615384615385 0.554106910039 0.628378378378
0.739554317549 0.0 0.653846153846 0.503259452412 0.65
0.681754874652 0.0 0.653846153846 0.616688396349 0.691891891892
0.768105849582 0.0 0.730769230769 0.589308996089 0.674324324324
0.657381615599 0.0 0.653846153846 0.558018252934 0.613513513514
0.658774373259 0.0 0.653846153846 0.602346805737 0.652702702703
0.683844011142 0.0 0.653846153846 0.577574967405 0.652702702703
0.797353760446 0.0 0.692307692308 0.554106910039 0.701351351351
0.769498607242 0.0 0.730769230769 0.787483702738 0.837837837838
0.678272980501 0.0 0.653846153846 0.54889178618 0.614864864865
0.815459610028 0.0 0.769230769231 0.70664928292 0.768918918919
0.722144846797 0.0 0.653846153846 0.524119947849 0.632432432432
0.754178272981 0.0 0.730769230769 0.668839634941 0.713513513514
0.543175487465 0.0 0.5 0.430247718383 0.527027027027
0.692200557103 0.0 0.653846153846 0.582790091265 0.648648648649
0.547353760446 0.0 0.5 0.430247718383 0.527027027027
0.640668523677 0.0 0.615384615385 0.543676662321 0.602702702703
0.612116991643 0.0 0.538461538462 0.406779661017 0.528378378378
0.852367688022 0.0 0.769230769231 0.585397653194 0.687837837838
0.635793871866 0.0 0.615384615385 0.54628422425 0.597297297297
0.742339832869 0.0 0.730769230769 0.674054758801 0.697297297297
0.74860724234 0.0 0.692307692308 0.597131681877 0.671621621622
0.515320334262 0.0 0.461538461538 0.430247718383 0.527027027027
0.515320334262 0.0 0.461538461538 0.430247718383 0.527027027027
0.58495821727 0.0 0.576923076923 0.54628422425 0.582432432432
0.610027855153 0.0 0.576923076923 0.543676662321 0.602702702703
0.728412256267 0.0 0.653846153846 0.649282920469 0.732432432432
0.714484679666 0.0 0.653846153846 0.543676662321 0.627027027027
0.647632311978 0.0 0.615384615385 0.48109517601 0.545945945946
0.626740947075 0.0 0.615384615385 0.54628422425 0.582432432432
0.674094707521 0.0 0.653846153846 0.576271186441 0.616216216216
0.626740947075 0.0 0.615384615385 0.538461538462 0.574324324324
0.66713091922 0.0 0.615384615385 0.61147327249 0.674324324324
0.637186629526 0.0 0.615384615385 0.57887874837 0.617567567568
0.689415041783 0.0 0.615384615385 0.531942633638 0.625675675676
0.552228412256 0.0 0.538461538462 0.54628422425 0.582432432432
0.619777158774 0.0 0.576923076923 0.550195567145 0.612162162162
0.74651810585 0.0 0.730769230769 0.508474576271 0.547297297297
0.50069637883 0.0 0.461538461538 0.457627118644 0.52972972973
0.681058495822 0.0 0.653846153846 0.621903520209 0.656756756757
0.595403899721 0.0 0.576923076923 0.571056062581 0.605405405405
0.623955431755 0.0 0.576923076923 0.55149934811 0.614864864865
0.542479108635 0.0 0.5 0.457627118644 0.52972972973
0.487465181058 0.0 0.423076923077 0.430247718383 0.527027027027
0.728412256267 0.0 0.692307692308 0.621903520209 0.662162162162
0.707520891365 0.0 0.653846153846 0.496740547588 0.57027027027
0.559192200557 0.0 0.538461538462 0.457627118644 0.506756756757
0.759749303621 0.0 0.692307692308 0.563233376793 0.639189189189
0.758356545961 0.0 0.692307692308 0.520208604954 0.6
0.552228412256 0.0 0.461538461538 0.406779661017 0.528378378378
0.598885793872 0.0 0.576923076923 0.54628422425 0.582432432432
0.718662952646 0.0 0.615384615385 0.457627118644 0.57972972973
0.633008356546 0.0 0.538461538462 0.406779661017 0.528378378378
0.661559888579 0.0 0.615384615385 0.48109517601 0.545945945946
0.563370473538 0.0 0.538461538462 0.457627118644 0.506756756757
0.594011142061 0.0 0.5 0.406779661017 0.528378378378
0.572423398329 0.0 0.5 0.455019556714 0.55
0.533426183844 0.0 0.461538461538 0.455019556714 0.55
0.533426183844 0.0 0.461538461538 0.455019556714 0.55
0.630222841226 0.0 0.615384615385 0.585397653194 0.606756756757
0.689415041783 0.0 0.653846153846 0.535853976532 0.581081081081
0.550139275766 0.0 0.5 0.455019556714 0.527027027027
0.658774373259 0.0 0.615384615385 0.564537157757 0.613513513514
0.472841225627 0.0 0.423076923077 0.457627118644 0.52972972973
0.514623955432 0.0 0.461538461538 0.457627118644 0.52972972973
0.655292479109 0.0 0.576923076923 0.430247718383 0.527027027027
0.683147632312 0.0 0.653846153846 0.508474576271 0.547297297297
0.475626740947 0.0 0.461538461538 0.449804432855 0.483783783784
0.759749303621 0.0 0.730769230769 0.749674054759 0.754054054054
