0.207726763718 0.0 0.125 0.0940170940171 0.0129589632829
0.723964165733 1.0 0.65625 0.584995251662 0.693304535637
1.0 0.75 1.0 0.773029439696 0.833693304536
0.857222844345 0.5 0.90625 1.0 0.983801295896
0.968645016797 0.5 0.96875 0.894586894587 1.0
0.516237402016 0.75 0.5 0.469135802469 0.517278617711
0.964725643897 0.0 0.96875 0.771130104463 0.771058315335
0.678611422172 1.0 0.625 0.567901234568 0.61555075594
0.936170212766 0.25 0.84375 0.634377967711 0.754859611231
0.366181410974 0.5 0.3125 0.190883190883 0.136069114471
0.261478163494 0.25 0.21875 0.168091168091 0.140388768898
0.960806270997 0.0 1.0 0.973409306743 0.894168466523
0.89529675252 0.0 0.90625 0.98195631529 0.874730021598
0.754199328108 0.75 0.75 0.754985754986 0.855291576674
0.933930571109 0.75 0.9375 0.842355175689 0.936285097192
0.349384098544 0.25 0.25 0.167141500475 0.0896328293737
0.774916013438 0.0 0.84375 0.74358974359 0.77969762419
0.875139977604 0.5 0.84375 0.626780626781 0.679265658747
0.34882418813 0.25 0.28125 0.115859449193 0.061555075594
0.561590145577 0.75 0.59375 0.617283950617 0.715982721382
0.639977603583 0.0 0.6875 0.564102564103 0.493520518359
0.790593505039 0.75 0.78125 0.666666666667 0.818574514039
0.822508398656 0.0 0.875 0.811965811966 0.866090712743
0.930571108623 0.0 0.9375 0.8081671415 0.79373650108
0.422172452408 0.0 0.4375 0.296296296296 0.214902807775
0.927211646137 0.75 0.90625 0.679012345679 0.801295896328
0.841545352744 0.25 0.90625 0.861348528015 0.872570194384
0.679171332587 0.5 0.5625 0.474833808167 0.640388768898
0.712206047032 0.75 0.6875 0.697056030389 0.723542116631
0.538633818589 0.0 0.59375 0.502374169041 0.465442764579
0.613101903695 0.0 0.65625 0.570750237417 0.541036717063
0.442329227324 0.5 0.375 0.128205128205 0.123110151188
0.814669652856 0.25 0.875 0.70465337132 0.868250539957
0.278835386338 0.25 0.21875 0.219373219373 0.182505399568
0.711086226204 0.0 0.78125 0.63722697056 0.553995680346
0.269316909295 0.0 0.25 0.210826210826 0.152267818575
0.870100783875 0.75 0.8125 0.576448243115 0.609071274298
0.724524076148 0.25 0.65625 0.430199430199 0.502159827214
0.784994400896 0.0 0.8125 0.735992402659 0.772138228942
0.308510638298 0.0 0.3125 0.252611585945 0.230021598272
0.586226203807 0.75 0.53125 0.246913580247 0.246220302376
0.51679731243 0.5 0.4375 0.264007597341 0.312095032397
0.218924972004 0.0 0.15625 0.146248812915 0.0917926565875
0.464725643897 0.0 0.5 0.377967711301 0.341252699784
0.521836506159 0.0 0.5625 0.408357075024 0.374730021598
0.907054871221 0.25 0.90625 0.792972459639 0.83909287257
0.306270996641 0.25 0.25 0.115859449193 0.061555075594
0.322508398656 0.0 0.25 0.131054131054 0.0388768898488
0.688129899216 1.0 0.71875 0.689458689459 0.833693304536
0.804031354983 0.25 0.875 0.834757834758 0.958963282937
0.485442329227 0.5 0.40625 0.179487179487 0.151187904968
0.258118701008 0.0 0.21875 0.135802469136 0.0907127429806
0.405375139978 0.0 0.40625 0.308641975309 0.343412526998
0.235722284434 0.0 0.1875 0.188034188034 0.169546436285
0.720044792833 0.25 0.75 0.652421652422 0.588552915767
0.686450167973 0.0 0.71875 0.602089268756 0.68898488121
0.336506159015 0.0 0.34375 0.322886989554 0.308855291577
0.574468085106 0.0 0.625 0.624881291548 0.619870410367
0.291713325868 0.0 0.28125 0.210826210826 0.152267818575
0.356662933931 0.25 0.34375 0.280151946819 0.315334773218
0.543673012318 0.0 0.4375 0.241215574549 0.186825053996
0.436170212766 0.0 0.375 0.146248812915 0.0917926565875
0.494400895857 0.0 0.4375 0.489078822412 0.475161987041
0.8359462486 0.0 0.84375 0.792022792023 0.808855291577
0.479843225084 0.5 0.46875 0.451092117759 0.408207343413
0.480963045913 0.0 0.375 0.0940170940171 0.0129589632829
0.230123180291 0.0 0.15625 0.0940170940171 0.0129589632829
0.252519596865 0.0 0.1875 0.0940170940171 0.0129589632829
0.425531914894 0.0 0.375 0.302943969611 0.275377969762
0.673572228443 0.0 0.75 0.735992402659 0.806695464363
0.588465845465 0.0 0.53125 0.412155745489 0.38444924406
0.803471444569 0.5 0.84375 0.698005698006 0.915766738661
0.698208286674 0.25 0.625 0.385565052232 0.369330453564
0.670212765957 0.5 0.6875 0.729344729345 0.655507559395
0.485442329227 0.0 0.53125 0.359924026591 0.341252699784
0.810190369541 0.5 0.8125 0.758784425451 0.941684665227
0.740761478163 0.0 0.65625 0.49477682811 0.625269978402
0.628779395297 0.0 0.5625 0.39886039886 0.416846652268
0.41601343785 0.25 0.3125 0.143399810066 0.11555075594
0.535834266517 0.0 0.53125 0.519468186135 0.439524838013
0.857222844345 0.25 0.90625 0.819563152896 0.88444924406
0.597424412094 0.0 0.59375 0.516619183286 0.565874730022
0.45352743561 0.0 0.46875 0.411206077873 0.379049676026
0.207726763718 0.0 0.125 0.0940170940171 0.0129589632829
0.849384098544 0.0 0.84375 0.716049382716 0.719222462203
0.800671892497 0.0 0.8125 0.692307692308 0.746220302376
0.367861142217 0.0 0.375 0.411206077873 0.379049676026
0.363941769317 0.0 0.3125 0.214624881292 0.194384449244
0.388577827548 0.25 0.375 0.281101614435 0.262419006479
0.917133258679 0.0 0.90625 0.734093067426 0.671706263499
0.691489361702 0.25 0.65625 0.354226020893 0.344492440605
0.575587905935 0.0 0.59375 0.55175688509 0.51403887689
0.623740201568 0.25 0.625 0.445394112061 0.41252699784
0.659574468085 0.0 0.59375 0.36277302944 0.329373650108
0.558790593505 0.0 0.53125 0.30579297246 0.359611231102
0.535834266517 0.0 0.46875 0.335232668566 0.354211663067
0.593505039194 0.25 0.59375 0.606837606838 0.666306695464
0.761478163494 0.25 0.71875 0.581196581197 0.759179265659
0.768197088466 0.25 0.84375 0.830009496676 0.82505399568
0.627099664054 0.0 0.65625 0.595441595442 0.598272138229
