0.590405904059 0.4 0.533333333333 0.445198836081 0.567164179104
0.686346863469 0.8 0.666666666667 0.568380213385 0.723306544202
0.822263222632 0.4 0.733333333333 0.597478176528 0.734787600459
0.69741697417 0.4 0.633333333333 0.597478176528 0.657864523536
0.563345633456 0.0 0.5 0.365664403492 0.244546498278
0.563345633456 0.0 0.5 0.365664403492 0.244546498278
0.522755227552 0.2 0.533333333333 0.541222114452 0.432835820896
0.616851168512 0.4 0.566666666667 0.669253152279 0.637198622273
1.0 0.6 1.0 1.0 1.0
0.789667896679 0.2 0.766666666667 0.741028128031 0.688863375431
0.656211562116 0.2 0.533333333333 0.244422890398 0.251435132032
0.614391143911 0.4 0.5 0.183317167798 0.199770378875
0.527675276753 0.2 0.466666666667 0.437439379243 0.290470723307
0.474169741697 0.6 0.433333333333 0.341416100873 0.432835820896
0.494464944649 0.2 0.433333333333 0.167798254122 0.097588978186
0.688806888069 0.4 0.566666666667 0.210475266731 0.149253731343
0.592250922509 0.4 0.566666666667 0.617846750727 0.652123995408
0.416359163592 0.2 0.4 0.428709990301 0.420206659013
0.511070110701 0.6 0.433333333333 0.213385063046 0.252583237658
0.481549815498 0.2 0.4 0.27352085354 0.300803673938
0.50430504305 0.0 0.5 0.376333656644 0.276693455798
0.60086100861 0.2 0.633333333333 0.547041707081 0.539609644087
0.622386223862 0.4 0.6 0.583899127061 0.626865671642
0.494464944649 0.2 0.466666666667 0.327837051406 0.419058553387
0.547970479705 0.2 0.566666666667 0.504364694471 0.456946039036
0.659901599016 0.0 0.633333333333 0.41028128031 0.378874856487
0.584255842558 0.6 0.566666666667 0.43258971872 0.515499425947
0.447724477245 0.4 0.4 0.320077594568 0.360505166475
0.40098400984 0.2 0.333333333333 0.149369544132 0.097588978186
0.40098400984 0.2 0.333333333333 0.149369544132 0.097588978186
0.644526445264 0.4 0.533333333333 0.183317167798 0.199770378875
0.59532595326 0.2 0.5 0.183317167798 0.199770378875
0.573800738007 0.4 0.566666666667 0.547041707081 0.650975889782
0.639606396064 0.8 0.666666666667 0.650824442289 0.755453501722
0.265067650677 0.0 0.2 0.149369544132 0.097588978186
0.265067650677 0.0 0.2 0.149369544132 0.097588978186
0.782287822878 0.6 0.733333333333 0.516973811833 0.650975889782
0.857933579336 0.6 0.766666666667 0.463627546072 0.644087256028
0.774292742927 0.2 0.666666666667 0.512124151309 0.414466130884
0.851168511685 0.4 0.766666666667 0.644034917556 0.649827784156
0.839483394834 0.8 0.733333333333 0.420950533463 0.561423650976
0.807503075031 0.6 0.766666666667 0.4898157129 0.701492537313
0.425584255843 0.2 0.333333333333 0.0960232783705 0.0137772675086
0.39852398524 0.2 0.3 0.0960232783705 0.0137772675086
0.476014760148 0.4 0.5 0.485935984481 0.599311136625
0.258917589176 0.0 0.2 0.192046556741 0.180252583238
0.652521525215 0.2 0.533333333333 0.129970902037 0.115958668197
0.846863468635 0.6 0.833333333333 0.837051406402 0.771526980482
0.324108241082 0.0 0.233333333333 0.0960232783705 0.0137772675086
0.432964329643 0.6 0.333333333333 0.160038797284 0.16877152698
0.530750307503 0.4 0.5 0.475266731329 0.567164179104
0.546125461255 0.2 0.466666666667 0.300678952473 0.211251435132
0.371463714637 0.4 0.3 0.213385063046 0.252583237658
0.463714637146 0.4 0.4 0.279340446169 0.329506314581
0.488314883149 0.4 0.5 0.43258971872 0.515499425947
0.476014760148 0.4 0.433333333333 0.304558680892 0.33524684271
0.425584255843 0.2 0.333333333333 0.0960232783705 0.0137772675086
0.289667896679 0.0 0.2 0.0960232783705 0.0137772675086
0.507995079951 0.2 0.466666666667 0.537342386033 0.427095292767
0.283517835178 0.0 0.233333333333 0.192046556741 0.180252583238
0.820418204182 0.2 0.733333333333 0.570320077595 0.425947187141
0.775522755228 1.0 0.633333333333 0.429679922405 0.381171067738
0.421894218942 0.2 0.333333333333 0.251212415131 0.220436280138
0.379458794588 0.2 0.366666666667 0.315227934045 0.336394948335
0.685731857319 0.4 0.566666666667 0.183317167798 0.199770378875
0.521525215252 0.4 0.433333333333 0.149369544132 0.097588978186
0.668511685117 0.0 0.6 0.541222114452 0.424799081515
0.265067650677 0.0 0.2 0.149369544132 0.097588978186
0.568880688807 0.2 0.5 0.437439379243 0.290470723307
0.437884378844 0.4 0.333333333333 0.0960232783705 0.0137772675086
0.428659286593 0.2 0.333333333333 0.285160038797 0.245694603904
0.728167281673 0.2 0.666666666667 0.62657613967 0.522388059701
0.692496924969 0.2 0.633333333333 0.356935014549 0.295063145809
0.69864698647 0.6 0.6 0.265761396702 0.354764638347
0.450184501845 0.4 0.333333333333 0.0960232783705 0.0137772675086
0.462484624846 0.4 0.366666666667 0.149369544132 0.097588978186
0.552275522755 0.4 0.466666666667 0.167798254122 0.097588978186
0.552275522755 0.4 0.466666666667 0.167798254122 0.097588978186
0.489544895449 0.0 0.4 0.303588748788 0.296211251435
0.59594095941 0.4 0.533333333333 0.496605237633 0.567164179104
