0.632424877708 0.0526315789474 0.617647058824 0.561264822134 0.504706734251
0.66107617051 0.736842105263 0.617647058824 0.436758893281 0.551049963794
0.85464709993 0.263157894737 0.794117647059 0.720355731225 0.606082548878
0.635220125786 0.157894736842 0.558823529412 0.438735177866 0.388124547429
0.689727463312 0.105263157895 0.705882352941 0.745059288538 0.588703837799
0.835080363382 0.157894736842 0.823529411765 0.844861660079 0.650253439537
0.668763102725 0.315789473684 0.617647058824 0.637351778656 0.460535843592
0.705101327743 0.526315789474 0.617647058824 0.47233201581 0.430847212165
0.818308874913 0.0 0.794117647059 0.73814229249 0.671976828385
0.932215234102 0.684210526316 0.882352941176 0.875494071146 0.794351918899
0.505939902166 0.473684210526 0.558823529412 0.520750988142 0.368573497466
0.638015373864 0.157894736842 0.558823529412 0.522727272727 0.438812454743
0.778476589797 0.736842105263 0.705882352941 0.672924901186 0.596669080377
0.840670859539 0.421052631579 0.705882352941 0.644268774704 0.494569152788
0.698113207547 0.473684210526 0.647058823529 0.588932806324 0.45546705286
0.704402515723 0.315789473684 0.617647058824 0.506916996047 0.443881245474
0.716981132075 0.263157894737 0.676470588235 0.585968379447 0.446777697321
0.716981132075 0.263157894737 0.676470588235 0.585968379447 0.446777697321
0.650593990217 0.210526315789 0.558823529412 0.442687747036 0.381607530775
0.841369671558 0.105263157895 0.764705882353 0.828063241107 0.605358435916
0.670859538784 0.421052631579 0.647058823529 0.483201581028 0.409847936278
0.533193570929 0.263157894737 0.441176470588 0.353754940711 0.278783490224
0.650593990217 0.263157894737 0.617647058824 0.571146245059 0.478638667632
0.716282320056 0.684210526316 0.705882352941 0.666007905138 0.552498189718
0.621243885395 0.263157894737 0.588235294118 0.509881422925 0.431571325127
0.655485674354 0.263157894737 0.617647058824 0.536561264822 0.45981173063
0.598881900769 0.684210526316 0.588235294118 0.623517786561 0.341057204924
0.767994409504 0.578947368421 0.735294117647 0.607707509881 0.57132512672
0.607267645003 0.210526315789 0.676470588235 0.626482213439 0.541636495293
0.531097134871 0.947368421053 0.529411764706 0.402173913043 0.413468501086
0.812019566737 0.263157894737 0.676470588235 0.644268774704 0.494569152788
0.829489867226 0.263157894737 0.735294117647 0.716403162055 0.553946415641
0.589098532495 0.736842105263 0.647058823529 0.558300395257 0.583635047067
0.75751222921 0.210526315789 0.676470588235 0.561264822134 0.515568428675
0.630328441649 0.894736842105 0.588235294118 0.491106719368 0.444605358436
0.505939902166 0.473684210526 0.558823529412 0.520750988142 0.368573497466
0.797344514326 0.263157894737 0.705882352941 0.646245059289 0.603186097031
0.811320754717 0.368421052632 0.735294117647 0.646245059289 0.603186097031
1.0 0.631578947368 1.0 1.0 1.0
0.643605870021 0.315789473684 0.647058823529 0.481225296443 0.456191165822
0.836477987421 0.789473684211 0.852941176471 0.839920948617 0.732802317161
0.881201956674 0.684210526316 0.823529411765 0.795454545455 0.569876900797
0.698113207547 0.315789473684 0.647058823529 0.729249011858 0.482983345402
0.834381551363 0.842105263158 0.735294117647 0.652173913043 0.673425054308
0.681341719078 0.526315789474 0.705882352941 0.663043478261 0.51774076756
0.633123689727 0.368421052632 0.617647058824 0.638339920949 0.472845763939
0.715583508036 0.368421052632 0.823529411765 0.926877470356 0.682114409848
0.651292802236 0.157894736842 0.617647058824 0.679841897233 0.443157132513
0.698113207547 0.315789473684 0.647058823529 0.729249011858 0.482983345402
0.67784765898 0.315789473684 0.735294117647 0.830039525692 0.577842143374
0.728860936408 0.0 0.647058823529 0.561264822134 0.515568428675
0.728860936408 0.0 0.647058823529 0.561264822134 0.515568428675
0.793151642208 0.0 0.764705882353 0.76581027668 0.685010861694
0.904262753319 0.894736842105 0.823529411765 0.78162055336 0.640115858074
0.656184486373 0.421052631579 0.558823529412 0.474308300395 0.374366401159
0.767295597484 0.736842105263 0.735294117647 0.660079051383 0.676321506155
0.79035639413 0.263157894737 0.764705882353 0.857707509881 0.65604634323
0.77428371768 0.0526315789474 0.647058823529 0.556324110672 0.58942795076
0.846960167715 0.210526315789 0.823529411765 0.73814229249 0.671976828385
0.812718378756 0.210526315789 0.794117647059 0.711462450593 0.643736422882
0.777078965758 0.210526315789 0.735294117647 0.585968379447 0.560463432295
0.75751222921 0.210526315789 0.676470588235 0.561264822134 0.515568428675
0.712788259958 0.105263157895 0.794117647059 0.841897233202 0.692976104272
0.62893081761 0.842105263158 0.558823529412 0.340909090909 0.35264301231
0.556254367575 0.315789473684 0.529411764706 0.399209486166 0.385228095583
0.760307477289 1.0 0.705882352941 0.569169960474 0.548153511948
0.647099930119 0.526315789474 0.676470588235 0.636363636364 0.489500362056
0.647099930119 0.526315789474 0.676470588235 0.636363636364 0.489500362056
0.845562543676 0.0 0.764705882353 0.647233201581 0.653149891383
0.735849056604 0.315789473684 0.705882352941 0.716403162055 0.62490948588
0.681341719078 0.526315789474 0.705882352941 0.663043478261 0.51774076756
0.66107617051 0.263157894737 0.647058823529 0.561264822134 0.504706734251
0.638015373864 0.157894736842 0.558823529412 0.522727272727 0.438812454743
0.666666666667 0.368421052632 0.588235294118 0.522727272727 0.438812454743
0.572327044025 0.842105263158 0.558823529412 0.399209486166 0.443881245474
0.69392033543 0.421052631579 0.676470588235 0.679841897233 0.443157132513
0.899371069182 0.789473684211 0.852941176471 0.7104743083 0.690079652426
0.665269042628 0.263157894737 0.647058823529 0.679841897233 0.443157132513
0.61285814116 0.263157894737 0.558823529412 0.47233201581 0.391020999276
0.621942697414 0.421052631579 0.529411764706 0.447628458498 0.346125995655
0.587700908456 0.368421052632 0.588235294118 0.533596837945 0.400434467777
0.553459119497 0.368421052632 0.558823529412 0.506916996047 0.372194062274
0.679245283019 0.736842105263 0.647058823529 0.521739130435 0.440984793628
0.840670859539 0.421052631579 0.705882352941 0.644268774704 0.494569152788
0.561844863732 0.210526315789 0.558823529412 0.342885375494 0.400434467777
0.716282320056 0.684210526316 0.705882352941 0.666007905138 0.552498189718
0.82180293501 0.0 0.823529411765 0.810276679842 0.731354091238
0.663871418588 0.210526315789 0.705882352941 0.830039525692 0.577842143374
0.825296995108 0.157894736842 0.794117647059 0.876482213439 0.741491672701
0.666666666667 0.368421052632 0.588235294118 0.522727272727 0.438812454743
0.696715583508 0.315789473684 0.676470588235 0.835968379447 0.527878349022
0.712788259958 0.0 0.705882352941 0.70256916996 0.581462708182
0.542278127184 0.210526315789 0.5 0.399209486166 0.385228095583
0.542278127184 0.210526315789 0.5 0.399209486166 0.385228095583
0.868623340321 0.842105263158 0.794117647059 0.884387351779 0.629978276611
0.811320754717 0.368421052632 0.735294117647 0.646245059289 0.603186097031
0.755415793152 0.894736842105 0.705882352941 0.703557312253 0.587255611875
0.764500349406 0.105263157895 0.647058823529 0.5395256917 0.429398986242
0.542278127184 0.210526315789 0.5 0.399209486166 0.385228095583
0.79105520615 0.263157894737 0.735294117647 0.72628458498 0.569152787835
0.62823200559 0.105263157895 0.617647058824 0.49604743083 0.485879797248
0.681341719078 0.526315789474 0.705882352941 0.663043478261 0.51774076756
0.650593990217 0.0526315789474 0.617647058824 0.534584980237 0.422881969587
0.607267645003 0.473684210526 0.558823529412 0.482213438735 0.277335264301
0.793151642208 0.210526315789 0.735294117647 0.686758893281 0.598841419261
0.651991614256 0.105263157895 0.588235294118 0.52766798419 0.461259956553
0.694619147449 0.263157894737 0.588235294118 0.585968379447 0.427226647357
0.681341719078 0.526315789474 0.705882352941 0.663043478261 0.51774076756
0.863731656184 0.263157894737 0.823529411765 0.819169960474 0.645908761767
0.844164919637 0.263157894737 0.764705882353 0.794466403162 0.601013758146
0.840670859539 0.421052631579 0.705882352941 0.644268774704 0.494569152788
0.731656184486 0.684210526316 0.647058823529 0.654150197628 0.504706734251
0.721174004193 0.210526315789 0.823529411765 0.953557312253 0.710354815351
0.721174004193 0.210526315789 0.823529411765 0.953557312253 0.710354815351
0.623340321454 0.210526315789 0.647058823529 0.534584980237 0.489500362056
0.571628232006 0.0 0.529411764706 0.437747035573 0.385228095583
0.756114605171 0.157894736842 0.735294117647 0.731225296443 0.499637943519
0.780573025856 0.315789473684 0.764705882353 0.667984189723 0.574221578566
0.687631027254 0.210526315789 0.647058823529 0.689723320158 0.596669080377
0.764500349406 0.526315789474 0.735294117647 0.716403162055 0.62490948588
0.845562543676 0.368421052632 0.764705882353 0.672924901186 0.631426502534
0.845562543676 0.368421052632 0.764705882353 0.672924901186 0.631426502534
0.650593990217 0.210526315789 0.558823529412 0.442687747036 0.381607530775
0.650593990217 0.210526315789 0.558823529412 0.442687747036 0.381607530775
0.755415793152 0.0526315789474 0.705882352941 0.650197628458 0.567704561912
0.730957372467 0.157894736842 0.647058823529 0.525691699605 0.495293265749
0.730957372467 0.157894736842 0.647058823529 0.525691699605 0.495293265749
0.67784765898 0.421052631579 0.647058823529 0.70256916996 0.454742939899
0.533193570929 0.368421052632 0.558823529412 0.421936758893 0.388848660391
0.533193570929 0.368421052632 0.558823529412 0.421936758893 0.388848660391
0.585604472397 0.210526315789 0.529411764706 0.509881422925 0.4018826937
0.587700908456 0.368421052632 0.588235294118 0.533596837945 0.400434467777
0.510132774284 0.263157894737 0.529411764706 0.48023715415 0.396813902969
0.763102725367 0.421052631579 0.735294117647 0.679841897233 0.605358435916
0.714185883997 0.736842105263 0.617647058824 0.411067193676 0.414916727009
0.663871418588 0.210526315789 0.705882352941 0.830039525692 0.577842143374
0.692522711391 0.105263157895 0.647058823529 0.681818181818 0.540912382332
0.712089447939 0.105263157895 0.705882352941 0.70652173913 0.585807385952
0.681341719078 0.526315789474 0.705882352941 0.663043478261 0.51774076756
0.681341719078 0.526315789474 0.705882352941 0.663043478261 0.51774076756
0.638714185884 0.789473684211 0.647058823529 0.54347826087 0.566256335988
0.699510831586 0.0526315789474 0.647058823529 0.593873517787 0.559739319334
0.723270440252 0.0526315789474 0.676470588235 0.71837944664 0.547429398986
0.593291404612 0.263157894737 0.5 0.447628458498 0.346125995655
0.761006289308 0.315789473684 0.705882352941 0.643280632411 0.529326574946
0.743535988819 0.0 0.676470588235 0.613636363636 0.551774076756
0.647798742138 0.368421052632 0.676470588235 0.739130434783 0.539464156408
0.814814814815 0.157894736842 0.823529411765 0.816205533597 0.745112237509
0.588399720475 0.315789473684 0.558823529412 0.309288537549 0.326574945692
0.574423480084 0.210526315789 0.529411764706 0.309288537549 0.326574945692
0.655485674354 0.263157894737 0.617647058824 0.536561264822 0.45981173063
0.668763102725 0.315789473684 0.617647058824 0.637351778656 0.460535843592
0.893780573026 0.315789473684 0.911764705882 0.904150197628 0.708906589428
0.731656184486 0.894736842105 0.735294117647 0.575098814229 0.58942795076
0.900069881202 0.526315789474 0.852941176471 0.889328063241 0.625633598841
0.51572327044 0.368421052632 0.5 0.349802371542 0.329471397538
0.67784765898 0.421052631579 0.647058823529 0.70256916996 0.454742939899
0.698113207547 0.473684210526 0.647058823529 0.588932806324 0.45546705286
0.835779175402 0.684210526316 0.764705882353 0.70652173913 0.693700217234
0.811320754717 0.368421052632 0.735294117647 0.646245059289 0.603186097031
0.728860936408 0.0 0.647058823529 0.561264822134 0.515568428675
0.728860936408 0.0 0.647058823529 0.561264822134 0.515568428675
0.77428371768 0.0526315789474 0.647058823529 0.556324110672 0.58942795076
0.765897973445 0.157894736842 0.764705882353 0.826086956522 0.685010861694
0.793151642208 0.210526315789 0.735294117647 0.686758893281 0.598841419261
0.799440950384 0.105263157895 0.823529411765 0.869565217391 0.828385228096
0.604472396925 0.315789473684 0.529411764706 0.477272727273 0.419985517741
0.779175401817 0.684210526316 0.764705882353 0.672924901186 0.572773352643
0.835080363382 0.263157894737 0.764705882353 0.741106719368 0.598841419261
0.840670859539 0.421052631579 0.705882352941 0.644268774704 0.494569152788
0.694619147449 0.368421052632 0.647058823529 0.628458498024 0.532223026792
0.531097134871 0.947368421053 0.529411764706 0.402173913043 0.413468501086
0.670160726765 0.789473684211 0.588235294118 0.399209486166 0.357711803041
0.772886093641 0.842105263158 0.705882352941 0.694664031621 0.550325850833
0.593291404612 0.263157894737 0.5 0.447628458498 0.346125995655
0.719776380154 0.736842105263 0.647058823529 0.405138339921 0.446777697321
0.593291404612 0.263157894737 0.5 0.447628458498 0.346125995655
0.705101327743 0.315789473684 0.764705882353 0.721343873518 0.563359884142
0.721872816212 0.210526315789 0.676470588235 0.716403162055 0.62490948588
0.635220125786 0.0 0.558823529412 0.458498023715 0.298334540188
0.457023060797 0.210526315789 0.441176470588 0.335968379447 0.393193338161
0.647099930119 0.526315789474 0.676470588235 0.636363636364 0.489500362056
0.721174004193 0.210526315789 0.823529411765 0.953557312253 0.710354815351
0.738644304682 0.0526315789474 0.705882352941 0.603754940711 0.616944243302
0.840670859539 0.421052631579 0.705882352941 0.644268774704 0.494569152788
0.700908455625 0.368421052632 0.617647058824 0.549407114625 0.467052860246
0.607966457023 0.631578947368 0.617647058824 0.48814229249 0.473569876901
0.958770090846 0.894736842105 0.911764705882 0.884387351779 0.784938450398
0.714884696017 0.736842105263 0.676470588235 0.639328063241 0.519913106445
0.793151642208 0.210526315789 0.735294117647 0.686758893281 0.598841419261
0.799440950384 0.157894736842 0.735294117647 0.820158102767 0.645908761767
0.810621942697 0.631578947368 0.764705882353 0.656126482213 0.6698044895
0.651292802236 0.157894736842 0.617647058824 0.679841897233 0.443157132513
0.651292802236 0.157894736842 0.617647058824 0.679841897233 0.443157132513
0.715583508036 0.473684210526 0.735294117647 0.799407114625 0.559015206372
0.698113207547 0.315789473684 0.647058823529 0.729249011858 0.482983345402
0.627533193571 0.315789473684 0.588235294118 0.478260869565 0.441708906589
0.738644304682 0.0526315789474 0.705882352941 0.603754940711 0.616944243302
0.728860936408 0.0 0.647058823529 0.561264822134 0.515568428675
0.728860936408 0.0 0.647058823529 0.561264822134 0.515568428675
