1.0 0.333333333333 0.947368421053 0.85824742268 0.879263301501
0.833646028768 1.0 0.894736842105 1.0 0.881309686221
0.322701688555 0.0 0.289473684211 0.115979381443 0.0798090040928
0.961851156973 1.0 1.0 0.935567010309 0.890177353342
0.9205753596 0.0 0.921052631579 0.829896907216 1.0
0.410881801126 0.0 0.342105263158 0.103092783505 0.154160982265
0.91994996873 0.666666666667 0.921052631579 0.904639175258 0.955661664393
0.925578486554 0.833333333333 0.947368421053 0.982817869416 0.929058663029
0.969355847405 0.5 0.973684210526 0.859965635739 0.922919508868
0.398999374609 0.333333333333 0.394736842105 0.28264604811 0.210777626194
0.415259537211 0.166666666667 0.368421052632 0.253436426117 0.219645293315
0.510318949343 0.5 0.552631578947 0.422680412371 0.442019099591
0.606003752345 0.666666666667 0.657894736842 0.55412371134 0.505457025921
0.994996873046 0.166666666667 0.947368421053 0.842783505155 0.845839017735
0.607254534084 0.833333333333 0.684210526316 0.675257731959 0.579126875853
0.359599749844 0.0 0.315789473684 0.134020618557 0.162346521146
0.95559724828 0.0 0.894736842105 0.823024054983 0.885402455662
0.382113821138 0.0 0.315789473684 0.105670103093 0.0852660300136
0.382739212008 0.0 0.342105263158 0.266323024055 0.152796725784
0.986241400876 0.166666666667 0.973684210526 0.908075601375 0.93929058663
0.908067542214 0.166666666667 0.947368421053 0.882302405498 0.843792633015
0.391494684178 0.0 0.368421052632 0.248281786942 0.169849931787
0.838649155722 0.666666666667 0.868421052632 0.863402061856 0.854024556617
0.471544715447 0.0 0.368421052632 0.180412371134 0.25306957708
0.405253283302 0.333333333333 0.421052631579 0.306701030928 0.295361527967
0.480925578487 0.166666666667 0.447368421053 0.310137457045 0.353342428377
0.420888055034 0.0 0.394736842105 0.197594501718 0.278990450205
0.576610381488 0.166666666667 0.526315789474 0.396907216495 0.49727148704
0.583489681051 0.5 0.605263157895 0.516323024055 0.566848567531
0.861788617886 0.0 0.894736842105 0.827319587629 0.925648021828
0.501563477173 0.166666666667 0.473684210526 0.264604810997 0.352660300136
0.558474046279 0.0 0.631578947368 0.519759450172 0.615961800819
0.409005628518 0.0 0.447368421053 0.390034364261 0.362892223738
0.525953721076 0.0 0.578947368421 0.553264604811 0.531377899045
0.682301438399 0.0 0.763157894737 0.658934707904 0.714188267394
0.599124452783 0.0 0.657894736842 0.573883161512 0.599590723056
0.739837398374 0.833333333333 0.815789473684 0.763745704467 0.696452933151
0.452782989368 0.0 0.526315789474 0.440721649485 0.418826739427
0.445278298937 0.166666666667 0.5 0.390034364261 0.394952251023
0.422764227642 0.0 0.473684210526 0.418384879725 0.390177353342
0.643527204503 0.666666666667 0.710526315789 0.735395189003 0.706002728513
0.763602251407 0.0 0.815789473684 0.801546391753 0.772169167804
0.772983114447 0.5 0.789473684211 0.643470790378 0.708731241473
0.594746716698 0.333333333333 0.631578947368 0.502577319588 0.454979536153
0.636647904941 0.0 0.710526315789 0.602233676976 0.665757162347
0.404627892433 0.0 0.342105263158 0.200171821306 0.206002728513
0.716072545341 0.5 0.736842105263 0.603951890034 0.665075034106
0.476547842402 0.0 0.552631578947 0.46735395189 0.454297407913
0.439649781113 0.0 0.368421052632 0.18470790378 0.224420190996
0.689180737961 0.833333333333 0.763157894737 0.798109965636 0.719645293315
0.62789243277 0.0 0.684210526316 0.550687285223 0.611869031378
0.764853033146 0.0 0.789473684211 0.725945017182 0.710095497954
0.393996247655 0.0 0.421052631579 0.32560137457 0.276944065484
0.806754221388 0.666666666667 0.842105263158 0.828178694158 0.768758526603
0.889305816135 0.0 0.868421052632 0.754295532646 0.864256480218
0.807379612258 0.0 0.842105263158 0.797250859107 0.800818553888
0.908067542214 0.5 0.921052631579 0.9235395189 0.911323328786
0.697936210131 0.0 0.736842105263 0.60824742268 0.628922237381
0.393996247655 0.0 0.368421052632 0.316151202749 0.18758526603
0.62851782364 0.5 0.578947368421 0.398625429553 0.508867667121
0.523452157598 0.0 0.605263157895 0.516323024055 0.506821282401
0.943714821764 0.0 0.868421052632 0.70704467354 0.914051841746
0.429643527205 0.0 0.5 0.46735395189 0.399727148704
0.65478424015 0.0 0.605263157895 0.351374570447 0.344474761255
0.874921826141 0.333333333333 0.894736842105 0.807560137457 0.817871759891
0.901188242652 0.166666666667 0.842105263158 0.61941580756 0.789222373806
0.93808630394 0.0 0.894736842105 0.819587628866 0.856753069577
0.406504065041 0.0 0.368421052632 0.234536082474 0.195088676671
0.465916197624 0.0 0.5 0.40206185567 0.426330150068
0.515322076298 0.0 0.526315789474 0.273195876289 0.400409276944
0.502814258912 0.0 0.421052631579 0.224226804124 0.209413369714
0.494058786742 0.0 0.421052631579 0.240549828179 0.280354706685
0.685428392745 0.0 0.526315789474 0.300687285223 0.405866302865
0.490931832395 0.0 0.447368421053 0.281786941581 0.308321964529
0.503439649781 0.0 0.447368421053 0.226804123711 0.243519781719
0.930581613508 0.0 0.894736842105 0.725085910653 0.755798090041
0.49593495935 0.0 0.526315789474 0.321305841924 0.461800818554
0.484677923702 0.0 0.5 0.412371134021 0.447476125512
0.842401500938 0.0 0.842105263158 0.716494845361 0.899727148704
0.781113195747 0.0 0.789473684211 0.57560137457 0.668485675307
0.50406504065 0.0 0.447368421053 0.249140893471 0.267394270123
0.454033771107 0.0 0.473684210526 0.334192439863 0.368349249659
0.841150719199 0.166666666667 0.842105263158 0.835910652921 0.870395634379
0.458411507192 0.0 0.447368421053 0.289518900344 0.243519781719
0.854909318324 0.0 0.763157894737 0.560996563574 0.635743519782
0.562226391495 0.0 0.578947368421 0.403780068729 0.489768076398
0.569731081926 0.0 0.552631578947 0.243986254296 0.272851296044
0.662288930582 0.333333333333 0.710526315789 0.670962199313 0.68485675307
0.851156973108 0.0 0.763157894737 0.633161512027 0.781036834925
0.707317073171 0.333333333333 0.736842105263 0.770618556701 0.764665757162
0.448405253283 0.0 0.447368421053 0.387457044674 0.382673942701
0.913070669168 0.166666666667 0.894736842105 0.776632302405 0.786493860846
0.831144465291 0.0 0.815789473684 0.589347079038 0.742837653479
0.539086929331 0.0 0.552631578947 0.471649484536 0.495907230559
0.439649781113 0.0 0.447368421053 0.360824742268 0.333560709413
0.845528455285 0.166666666667 0.842105263158 0.666666666667 0.761255115962
0.749218261413 0.0 0.736842105263 0.582474226804 0.62278308322
0.762351469669 0.0 0.684210526316 0.470790378007 0.649386084584
0.877423389619 0.166666666667 0.842105263158 0.710481099656 0.894270122783
0.776110068793 0.0 0.736842105263 0.625429553265 0.697135061392
0.711069418386 0.166666666667 0.763157894737 0.76116838488 0.774215552524
0.656660412758 0.0 0.657894736842 0.583333333333 0.658253751705
0.574734208881 0.0 0.605263157895 0.458762886598 0.472032742156
0.891181988743 0.0 0.868421052632 0.687285223368 0.837653478854
0.800500312695 0.166666666667 0.815789473684 0.743986254296 0.829467939973
0.434646654159 0.0 0.394736842105 0.323883161512 0.320600272851
0.484052532833 0.0 0.473684210526 0.29381443299 0.298772169168
0.475297060663 0.0 0.421052631579 0.252577319588 0.256480218281
0.909943714822 0.0 0.815789473684 0.651202749141 0.804911323329
0.503439649781 0.0 0.473684210526 0.254295532646 0.304911323329
0.521575984991 0.0 0.473684210526 0.267182130584 0.331514324693
0.534709193246 0.0 0.578947368421 0.450171821306 0.483628922237
0.766103814884 0.333333333333 0.789473684211 0.73883161512 0.738062755798
0.544715447154 0.0 0.552631578947 0.341065292096 0.412005457026
0.590368980613 0.0 0.578947368421 0.366838487973 0.43929058663
0.757973733583 0.166666666667 0.789473684211 0.660652920962 0.666439290587
0.753595997498 0.0 0.736842105263 0.568728522337 0.68894952251
0.745465916198 0.333333333333 0.763157894737 0.60824742268 0.671896316508
0.786741713571 0.0 0.736842105263 0.583333333333 0.723738062756
0.676672920575 0.0 0.605263157895 0.407216494845 0.572987721692
0.736085053158 0.0 0.736842105263 0.784364261168 0.736016371078
0.824890556598 0.5 0.842105263158 0.790378006873 0.899045020464
0.88492808005 0.166666666667 0.894736842105 0.6735395189 0.778308321965
0.552220137586 0.0 0.552631578947 0.375429553265 0.476125511596
0.702939337086 0.0 0.710526315789 0.533505154639 0.708049113233
0.820512820513 0.0 0.842105263158 0.837628865979 0.864256480218
0.575984990619 0.0 0.578947368421 0.433848797251 0.515688949523
0.881175734834 0.166666666667 0.868421052632 0.764604810997 0.778990450205
0.95559724828 0.166666666667 0.894736842105 0.79381443299 0.859481582538
0.797998749218 0.166666666667 0.736842105263 0.54295532646 0.613915416098
0.554096310194 0.0 0.578947368421 0.379725085911 0.466575716235
0.819262038774 0.0 0.815789473684 0.669243986254 0.675989085948
0.632895559725 0.0 0.631578947368 0.362542955326 0.387448840382
0.803627267042 0.333333333333 0.815789473684 0.735395189003 0.823328785812
0.668542839275 0.0 0.631578947368 0.487972508591 0.583219645293
0.44215134459 0.0 0.421052631579 0.337628865979 0.324693042292
0.736710444028 0.5 0.789473684211 0.748281786942 0.726466575716
0.691682301438 0.166666666667 0.736842105263 0.629725085911 0.607776261937
0.622889305816 0.0 0.605263157895 0.475945017182 0.542974079127
0.444652908068 0.0 0.447368421053 0.371993127148 0.37517053206
0.474046278924 0.0 0.5 0.328178694158 0.412005457026
0.894934333959 0.0 0.842105263158 0.592783505155 0.787858117326
0.914946841776 0.333333333333 0.894736842105 0.731958762887 0.803547066849
0.428392745466 0.0 0.447368421053 0.3264604811 0.317871759891
0.773608505316 0.0 0.763157894737 0.594501718213 0.661664392906
0.798624140088 0.0 0.789473684211 0.755154639175 0.831514324693
0.871169480926 0.333333333333 0.789473684211 0.652920962199 0.761255115962
0.641025641026 0.166666666667 0.605263157895 0.341924398625 0.480218281037
0.687304565353 0.0 0.631578947368 0.493127147766 0.598908594816
0.730456535335 0.0 0.684210526316 0.459621993127 0.547748976808
0.629143214509 0.0 0.578947368421 0.464776632302 0.56139154161
0.62851782364 0.0 0.552631578947 0.345360824742 0.421555252387
0.430268918074 0.166666666667 0.5 0.421821305842 0.37380627558
0.54909318324 0.333333333333 0.631578947368 0.678694158076 0.545020463847
0.508442776735 0.166666666667 0.552631578947 0.449312714777 0.482264665757
0.69918699187 0.0 0.684210526316 0.487113402062 0.534106412005
0.811131957473 0.166666666667 0.842105263158 0.795532646048 0.839699863574
0.79612257661 0.0 0.763157894737 0.567869415808 0.663028649386
0.828017510944 0.166666666667 0.842105263158 0.78264604811 0.825375170532
0.674171357098 0.0 0.631578947368 0.548969072165 0.643929058663
0.72607879925 0.166666666667 0.684210526316 0.383161512027 0.553888130969
0.729831144465 0.166666666667 0.789473684211 0.720790378007 0.674624829468
0.790494058787 0.166666666667 0.710526315789 0.497422680412 0.639154160982
0.868042526579 0.0 0.894736842105 0.781786941581 0.793997271487
0.7698561601 0.0 0.763157894737 0.677835051546 0.720327421555
0.816760475297 0.0 0.789473684211 0.68470790378 0.791268758527
0.727329580988 0.5 0.763157894737 0.701030927835 0.729195088677
0.501563477173 0.0 0.5 0.29295532646 0.399045020464
0.624140087555 0.0 0.578947368421 0.513745704467 0.577080491132
0.722951844903 0.166666666667 0.710526315789 0.506872852234 0.537517053206
0.648530331457 0.5 0.684210526316 0.691580756014 0.667121418827
0.793621013133 0.0 0.763157894737 0.680412371134 0.801500682128
0.751719824891 0.0 0.657894736842 0.444158075601 0.610504774898
0.748592870544 0.333333333333 0.736842105263 0.558419243986 0.584583901774
0.864290181363 0.0 0.815789473684 0.591924398625 0.75102319236
0.591619762351 0.166666666667 0.657894736842 0.637457044674 0.601637107776
0.614133833646 0.166666666667 0.631578947368 0.483676975945 0.577080491132
0.719824890557 0.333333333333 0.736842105263 0.692439862543 0.733969986357
0.585991244528 0.0 0.605263157895 0.452749140893 0.507503410641
0.809255784866 0.166666666667 0.842105263158 0.830756013746 0.809004092769
0.616635397123 0.333333333333 0.657894736842 0.698453608247 0.606412005457
0.678549093183 0.0 0.657894736842 0.503436426117 0.633015006821
0.568480300188 0.333333333333 0.578947368421 0.451030927835 0.510914051842
0.646654158849 0.0 0.552631578947 0.417525773196 0.56002728513
0.647904940588 0.0 0.684210526316 0.528350515464 0.642564802183
0.815509693558 0.0 0.763157894737 0.639175257732 0.768076398363
0.459036898061 0.0 0.5 0.38058419244 0.31377899045
0.662914321451 0.0 0.657894736842 0.5 0.583901773533
0.604127579737 0.0 0.605263157895 0.496563573883 0.523192360164
0.470293933709 0.0 0.473684210526 0.389175257732 0.391541609823
0.742338961851 0.0 0.736842105263 0.634879725086 0.75306957708
0.617886178862 0.0 0.631578947368 0.481099656357 0.549795361528
0.714196372733 0.0 0.657894736842 0.427835051546 0.515688949523
0.6110068793 0.333333333333 0.657894736842 0.535223367698 0.548431105048
0.674171357098 0.0 0.710526315789 0.560137457045 0.699181446112
0.696060037523 0.0 0.684210526316 0.469931271478 0.523874488404
0.595997498437 0.0 0.526315789474 0.36941580756 0.474761255116
0.72545340838 0.166666666667 0.710526315789 0.569587628866 0.731241473397
0.589743589744 0.0 0.605263157895 0.401202749141 0.488403819918
0.838649155722 0.166666666667 0.842105263158 0.675257731959 0.746248294679
