0.650416933932 0.0 0.742857142857 0.706652126499 0.759780907668
0.593329057088 0.5 0.714285714286 0.669574700109 0.72613458529
0.586914688903 0.0 0.685714285714 0.729552889858 0.70813771518
0.621552277101 0.0 0.685714285714 0.69465648855 0.693270735524
0.645926876203 0.0 0.742857142857 0.814612868048 0.758998435055
0.621552277101 0.0 0.714285714286 0.791712104689 0.737871674491
0.740218088518 0.5 0.8 0.747001090513 0.820813771518
0.708787684413 0.5 0.714285714286 0.687022900763 0.813771517997
0.593970493906 0.0 0.657142857143 0.679389312977 0.652582159624
0.736369467607 0.0 0.828571428571 0.957470010905 0.864632237872
0.682488774856 0.0 0.742857142857 0.838604143948 0.791079812207
0.720974983964 0.0 0.828571428571 0.968375136314 0.850547730829
0.731879409878 0.0 0.771428571429 0.818974918212 0.788732394366
0.711353431687 0.0 0.742857142857 0.708833151581 0.700312989045
0.597177677999 0.0 0.628571428571 0.570338058888 0.579029733959
0.682488774856 0.5 0.771428571429 0.847328244275 0.851330203443
0.734445157152 0.0 0.742857142857 0.726281352236 0.734741784038
0.644002565747 0.0 0.714285714286 0.740458015267 0.684663536776
0.631815266196 0.0 0.685714285714 0.655398037077 0.625978090767
0.617062219371 0.0 0.657142857143 0.599781897492 0.58607198748
0.630532392559 0.0 0.714285714286 0.753544165758 0.674491392801
0.55035279025 0.0 0.6 0.528898582334 0.512519561815
0.633739576652 0.0 0.714285714286 0.747001090513 0.668231611894
0.637588197563 0.0 0.628571428571 0.598691384951 0.629107981221
0.650416933932 0.0 0.771428571429 0.92693565976 0.782472613459
0.593329057088 0.0 0.542857142857 0.43947655398 0.531298904538
0.694676074407 0.0 0.742857142857 0.894220283533 0.826291079812
0.740859525337 0.0 0.771428571429 0.823336968375 0.782472613459
0.564464400257 0.5 0.628571428571 0.611777535442 0.651017214397
0.629249518922 0.0 0.685714285714 0.699018538713 0.642410015649
0.753046824888 0.5 0.857142857143 0.836423118866 0.805164319249
0.787684413085 0.5 0.8 0.717557251908 0.792644757433
0.813341885824 0.0 0.828571428571 0.900763358779 0.856807511737
0.674791533034 0.5 0.742857142857 0.657579062159 0.683881064163
0.695317511225 0.0 0.714285714286 0.696837513631 0.674491392801
0.724823604875 0.5 0.771428571429 0.798255179935 0.823943661972
0.675432969852 0.0 0.714285714286 0.76881134133 0.712832550861
0.828736369468 0.5 0.914285714286 0.941112322792 0.906103286385
0.543938422065 0.5 0.628571428571 0.549618320611 0.565727699531
0.578576010263 0.0 0.628571428571 0.601962922574 0.550860719875
0.558050032072 0.0 0.657142857143 0.675027262814 0.564162754304
0.572803078897 0.0 0.6 0.537622682661 0.517214397496
0.608723540731 0.0 0.714285714286 0.752453653217 0.62441314554
0.973701090443 0.5 1.0 0.98800436205 1.0
0.703656189865 0.5 0.771428571429 0.704471101418 0.712050078247
0.667094291212 0.0 0.714285714286 0.766630316249 0.693270735524
0.752405388069 0.5 0.828571428571 0.724100327154 0.718309859155
0.610006414368 0.0 0.685714285714 0.678298800436 0.586854460094
0.733162283515 0.0 0.771428571429 0.745910577972 0.682316118936
0.67222578576 0.0 0.685714285714 0.687022900763 0.654929577465
0.703014753047 0.0 0.685714285714 0.628135223555 0.633802816901
0.563822963438 0.0 0.6 0.529989094875 0.494522691706
0.576651699808 0.0 0.6 0.616139585605 0.582159624413
0.798588838999 0.0 0.857142857143 0.993456924755 0.87323943662
0.663245670301 0.5 0.714285714286 0.680479825518 0.700312989045
0.573444515715 0.0 0.628571428571 0.6346782988 0.56338028169
0.73123797306 0.0 0.8 0.920392584515 0.796557120501
0.758819756254 0.0 0.8 0.936750272628 0.837245696401
0.67222578576 0.0 0.685714285714 0.684841875682 0.646322378717
0.669660038486 0.0 0.714285714286 0.776444929117 0.693270735524
0.580500320718 0.0 0.542857142857 0.480916030534 0.519561815336
0.681847338037 0.0 0.714285714286 0.706652126499 0.64475743349
0.656831302117 0.0 0.657142857143 0.632497273719 0.612676056338
0.561257216164 0.0 0.657142857143 0.593238822246 0.48200312989
0.627966645285 0.5 0.685714285714 0.730643402399 0.730046948357
0.760102629891 0.5 0.742857142857 0.705561613959 0.782472613459
0.679923027582 0.5 0.657142857143 0.611777535442 0.706572769953
0.77293136626 0.0 0.771428571429 0.793893129771 0.75117370892
0.585631815266 0.5 0.657142857143 0.604143947655 0.602503912363
0.866581141758 0.5 0.914285714286 0.811341330425 0.805946791862
0.644002565747 0.0 0.742857142857 0.842966194111 0.69014084507
0.715202052598 0.5 0.771428571429 0.735005452563 0.72848200313
0.67222578576 0.0 0.685714285714 0.703380588877 0.651799687011
0.579217447081 0.0 0.6 0.617230098146 0.569640062598
0.64720974984 0.5 0.685714285714 0.6586695747 0.679186228482
0.558050032072 0.0 0.6 0.598691384951 0.532081377152
0.807568954458 0.5 0.8 0.623773173391 0.694835680751
0.704939063502 0.0 0.771428571429 0.838604143948 0.715179968701
0.622835150738 0.5 0.685714285714 0.680479825518 0.672143974961
0.511225144323 0.0 0.485714285714 0.37840785169 0.406885758998
0.543296985247 0.0 0.571428571429 0.600872410033 0.545383411581
0.778062860808 0.5 0.828571428571 0.756815703381 0.748043818466
0.551635663887 0.5 0.542857142857 0.440567066521 0.532081377152
0.68890314304 0.5 0.714285714286 0.676117775354 0.701877934272
0.545221295702 0.0 0.6 0.592148309706 0.507824726135
0.782552918538 0.0 0.8 0.791712104689 0.718309859155
0.708787684413 0.0 0.714285714286 0.76772082879 0.708920187793
0.758819756254 0.5 0.771428571429 0.766630316249 0.79186228482
0.599743425273 0.0 0.628571428571 0.661941112323 0.593114241002
0.815907633098 0.0 0.8 0.934569247546 0.874021909233
0.653624118024 0.5 0.714285714286 0.729552889858 0.71048513302
0.859525336754 0.0 0.885714285714 1.0 0.886541471049
0.667735728031 0.0 0.714285714286 0.747001090513 0.646322378717
0.536241180244 0.0 0.571428571429 0.543075245365 0.480438184664
0.612572161642 0.5 0.685714285714 0.699018538713 0.669014084507
0.554842847979 0.5 0.571428571429 0.532170119956 0.579812206573
0.566388710712 0.0 0.542857142857 0.423118865867 0.433489827856
0.645926876203 0.0 0.628571428571 0.611777535442 0.590766823161
0.812700449006 0.0 0.828571428571 0.87786259542 0.787167449139
0.88646568313 1.0 0.942857142857 0.847328244275 0.902973395931
0.702373316228 0.5 0.714285714286 0.704471101418 0.73082942097
0.872354073124 1.0 0.942857142857 0.948745910578 0.974960876369
0.594611930725 0.0 0.6 0.556161395856 0.515649452269
0.652982681206 0.5 0.714285714286 0.663031624864 0.643192488263
0.531751122514 0.0 0.571428571429 0.607415485278 0.525039123631
0.644002565747 0.0 0.685714285714 0.70774263904 0.607981220657
0.590121872996 0.5 0.714285714286 0.802617230098 0.698748043818
0.741500962155 0.5 0.771428571429 0.733914940022 0.733959311424
0.776138550353 0.0 0.8 0.909487459106 0.800469483568
0.669660038486 0.5 0.714285714286 0.757906215921 0.739436619718
0.638229634381 0.0 0.657142857143 0.675027262814 0.60172143975
0.555484284798 0.5 0.657142857143 0.711014176663 0.640845070423
0.6805644644 0.0 0.685714285714 0.659760087241 0.60172143975
0.722899294419 0.5 0.685714285714 0.652126499455 0.729264475743
0.625400898012 0.0 0.714285714286 0.76772082879 0.610328638498
0.785118665811 0.5 0.8 0.741548527808 0.753521126761
0.660679923028 0.5 0.8 0.92693565976 0.788732394366
0.62604233483 0.5 0.714285714286 0.761177753544 0.695618153365
0.649134060295 0.0 0.685714285714 0.79280261723 0.683098591549
0.734445157152 0.0 0.714285714286 0.762268266085 0.713615023474
0.835150737652 0.5 0.828571428571 0.681570338059 0.721439749609
0.619627966645 0.0 0.628571428571 0.616139585605 0.557120500782
0.608082103913 0.5 0.6 0.507088331516 0.570422535211
0.662604233483 0.0 0.685714285714 0.726281352236 0.637715179969
0.656831302117 0.5 0.685714285714 0.6826608506 0.68544600939
0.666452854394 0.5 0.714285714286 0.744820065431 0.719874804382
0.559332905709 0.0 0.571428571429 0.571428571429 0.513302034429
0.583707504811 0.5 0.628571428571 0.567066521265 0.567292644757
0.555484284798 0.0 0.571428571429 0.558342420938 0.496870109546
0.65105837075 0.5 0.685714285714 0.593238822246 0.599374021909
0.961513790892 0.5 0.971428571429 0.969465648855 0.950704225352
0.602309172547 0.0 0.657142857143 0.688113413304 0.569640062598
0.505452212957 0.5 0.542857142857 0.41439476554 0.440532081377
0.636946760744 0.0 0.6 0.557251908397 0.546948356808
0.515073765234 0.5 0.571428571429 0.558342420938 0.545383411581
0.697883258499 0.0 0.685714285714 0.71973827699 0.662754303599
0.577293136626 0.0 0.6 0.549618320611 0.47965571205
0.797305965362 0.5 0.828571428571 0.900763358779 0.866197183099
0.60936497755 1.0 0.657142857143 0.482006543075 0.577464788732
0.837075048108 1.0 0.857142857143 0.739367502726 0.828638497653
0.677357280308 0.0 0.685714285714 0.71973827699 0.640062597809
0.772289929442 0.5 0.857142857143 0.849509269357 0.766823161189
0.639512508018 0.0 0.685714285714 0.789531079607 0.661971830986
0.835150737652 0.5 0.857142857143 0.968375136314 0.932707355243
0.622193713919 0.0 0.628571428571 0.645583424209 0.576682316119
0.513790891597 0.5 0.571428571429 0.489640130862 0.481220657277
0.747273893521 0.5 0.771428571429 0.750272628135 0.741001564945
0.686337395767 0.5 0.685714285714 0.642311886587 0.672143974961
0.684413085311 0.5 0.714285714286 0.727371864776 0.715179968701
0.696600384862 0.0 0.685714285714 0.79280261723 0.721439749609
0.622835150738 0.0 0.628571428571 0.608505997819 0.544600938967
0.849903784477 0.5 0.857142857143 0.809160305344 0.808294209703
0.584348941629 0.0 0.6 0.600872410033 0.527386541471
0.592687620269 0.5 0.6 0.513631406761 0.550860719875
0.601667735728 0.0 0.542857142857 0.415485278081 0.440532081377
0.604233483002 0.5 0.628571428571 0.592148309706 0.600938967136
0.755612572162 0.5 0.828571428571 0.798255179935 0.73082942097
0.675432969852 0.0 0.628571428571 0.58560523446 0.574334898279
0.670942912123 0.5 0.771428571429 0.81679389313 0.717527386541
0.499679281591 0.5 0.542857142857 0.425299890949 0.434272300469
0.738935214881 0.5 0.771428571429 0.539803707743 0.543818466354
0.751122514432 0.5 0.8 0.782988004362 0.737871674491
0.545221295702 0.5 0.571428571429 0.557251908397 0.564162754304
0.590121872996 0.0 0.571428571429 0.575790621592 0.532863849765
0.610647851187 0.0 0.628571428571 0.561613958561 0.483568075117
0.580500320718 0.5 0.685714285714 0.702290076336 0.608763693271
0.608723540731 0.0 0.6 0.664122137405 0.598591549296
0.763951250802 0.5 0.8 0.740458015267 0.71048513302
0.707504810776 0.5 0.771428571429 0.888767720829 0.810641627543
0.559332905709 0.5 0.628571428571 0.558342420938 0.51799687011
0.636946760744 0.5 0.6 0.535441657579 0.60406885759
0.720333547146 1.0 0.771428571429 0.705561613959 0.754303599374
0.645926876203 0.0 0.657142857143 0.642311886587 0.556338028169
0.613855035279 1.0 0.685714285714 0.618320610687 0.657276995305
0.615779345734 0.0 0.657142857143 0.649945474373 0.532081377152
0.804361770366 0.5 0.828571428571 0.764449291167 0.740219092332
0.705580500321 0.5 0.714285714286 0.726281352236 0.722222222222
0.656189865298 0.0 0.657142857143 0.747001090513 0.655712050078
0.850545221296 1.0 0.8 0.64667393675 0.803599374022
0.547145606158 0.0 0.514285714286 0.492911668484 0.468701095462
0.574085952534 0.5 0.657142857143 0.666303162486 0.593896713615
0.676074406671 0.5 0.714285714286 0.738276990185 0.701095461659
1.0 0.5 0.914285714286 0.813522355507 0.891236306729
0.58819756254 0.0 0.571428571429 0.477644492912 0.438184663537
0.792815907633 0.5 0.857142857143 0.805888767721 0.732394366197
0.48749198204 0.0 0.457142857143 0.311886586696 0.306729264476
0.608723540731 0.0 0.657142857143 0.725190839695 0.58607198748
0.614496472097 0.0 0.6 0.543075245365 0.490610328638
0.76459268762 0.5 0.828571428571 0.793893129771 0.720657276995
0.578576010263 1.0 0.6 0.477644492912 0.579812206573
0.559974342527 1.0 0.542857142857 0.355507088332 0.512519561815
0.624118024375 0.5 0.742857142857 0.756815703381 0.631455399061
0.597819114817 0.5 0.628571428571 0.605234460196 0.588419405321
0.610006414368 0.5 0.6 0.531079607415 0.564945226917
0.821039127646 0.5 0.828571428571 0.766630316249 0.75117370892
0.610006414368 0.5 0.6 0.459105779716 0.500782472613
0.547145606158 0.0 0.628571428571 0.636859323882 0.471048513302
0.574085952534 0.0 0.628571428571 0.665212649945 0.521909233177
0.599101988454 0.5 0.6 0.568157033806 0.582942097027
0.664528543938 0.0 0.657142857143 0.595419847328 0.521909233177
