0.671328671329 0.555555555556 0.571428571429 0.323660714286 0.3896484375
0.700174825175 0.555555555556 0.678571428571 0.433035714286 0.5302734375
0.805944055944 0.333333333333 0.75 0.582589285714 0.5751953125
0.770104895105 0.111111111111 0.714285714286 0.582589285714 0.5751953125
0.727272727273 0.111111111111 0.678571428571 0.552455357143 0.537109375
0.727272727273 0.111111111111 0.678571428571 0.552455357143 0.537109375
0.702797202797 0.111111111111 0.75 0.677455357143 0.69140625
0.673951048951 0.111111111111 0.642857142857 0.568080357143 0.55078125
0.59965034965 0.222222222222 0.607142857143 0.455357142857 0.4853515625
0.59965034965 0.222222222222 0.607142857143 0.455357142857 0.4853515625
0.754370629371 0.333333333333 0.785714285714 0.6953125 0.580078125
0.754370629371 0.333333333333 0.785714285714 0.6953125 0.580078125
0.979020979021 0.444444444444 1.0 1.0 0.9794921875
0.972027972028 0.555555555556 1.0 0.969866071429 0.94140625
0.758741258741 0.0 0.678571428571 0.465401785714 0.611328125
0.758741258741 0.0 0.678571428571 0.465401785714 0.611328125
0.861013986014 0.333333333333 0.857142857143 0.741071428571 0.8076171875
0.825174825175 0.111111111111 0.821428571429 0.741071428571 0.8076171875
0.664335664336 0.333333333333 0.642857142857 0.433035714286 0.5302734375
0.664335664336 0.333333333333 0.642857142857 0.433035714286 0.5302734375
0.814685314685 0.111111111111 0.857142857143 0.761160714286 0.8154296875
0.814685314685 0.111111111111 0.857142857143 0.761160714286 0.8154296875
0.782342657343 0.333333333333 0.821428571429 0.831473214286 0.73828125
0.782342657343 0.333333333333 0.821428571429 0.831473214286 0.73828125
0.702797202797 0.111111111111 0.75 0.677455357143 0.69140625
0.702797202797 0.111111111111 0.75 0.677455357143 0.69140625
0.961538461538 0.222222222222 0.964285714286 0.800223214286 1.0
0.961538461538 0.222222222222 0.964285714286 0.800223214286 1.0
0.972027972028 0.555555555556 1.0 0.969866071429 0.94140625
0.972027972028 0.555555555556 1.0 0.969866071429 0.94140625
0.848776223776 0.0 0.857142857143 0.699776785714 0.8662109375
0.848776223776 0.0 0.857142857143 0.699776785714 0.8662109375
0.837412587413 0.555555555556 0.892857142857 0.806919642857 0.6982421875
0.801573426573 0.333333333333 0.857142857143 0.806919642857 0.6982421875
0.848776223776 0.444444444444 0.857142857143 0.735491071429 0.7666015625
0.804195804196 1.0 0.785714285714 0.752232142857 0.53125
0.758741258741 0.555555555556 0.75 0.521205357143 0.595703125
0.765734265734 0.555555555556 0.785714285714 0.549107142857 0.65625
0.848776223776 0.0 0.857142857143 0.699776785714 0.8662109375
0.848776223776 0.0 0.857142857143 0.699776785714 0.8662109375
0.787587412587 0.0 0.785714285714 0.574776785714 0.751953125
0.787587412587 0.0 0.785714285714 0.574776785714 0.751953125
0.930944055944 0.0 0.892857142857 0.810267857143 0.7939453125
0.972027972028 0.555555555556 1.0 0.969866071429 0.94140625
0.903846153846 0.333333333333 0.892857142857 0.771205357143 0.845703125
0.868006993007 0.111111111111 0.857142857143 0.771205357143 0.845703125
0.837412587413 0.555555555556 0.892857142857 0.806919642857 0.6982421875
0.833041958042 0.555555555556 0.857142857143 0.725446428571 0.6181640625
0.882867132867 0.0 0.821428571429 0.785714285714 0.7998046875
0.88548951049 0.0 0.821428571429 0.732142857143 0.7802734375
0.707167832168 0.333333333333 0.678571428571 0.463169642857 0.568359375
0.63548951049 0.333333333333 0.535714285714 0.323660714286 0.3896484375
0.700174825175 0.555555555556 0.678571428571 0.433035714286 0.5302734375
0.63548951049 0.333333333333 0.535714285714 0.323660714286 0.3896484375
0.988636363636 0.555555555556 0.821428571429 0.676339285714 0.6484375
0.729895104895 0.333333333333 0.75 0.549107142857 0.65625
0.823426573427 0.222222222222 0.821428571429 0.574776785714 0.751953125
0.823426573427 0.222222222222 0.821428571429 0.574776785714 0.751953125
0.702797202797 0.111111111111 0.75 0.677455357143 0.69140625
0.702797202797 0.111111111111 0.75 0.677455357143 0.69140625
0.702797202797 0.111111111111 0.75 0.677455357143 0.69140625
0.738636363636 0.333333333333 0.785714285714 0.677455357143 0.69140625
0.913461538462 0.555555555556 1.0 0.844866071429 0.9072265625
0.877622377622 0.444444444444 0.964285714286 0.844866071429 0.9072265625
0.63548951049 0.333333333333 0.535714285714 0.323660714286 0.3896484375
0.63548951049 0.333333333333 0.535714285714 0.323660714286 0.3896484375
0.787587412587 0.0 0.785714285714 0.574776785714 0.751953125
0.787587412587 0.0 0.785714285714 0.574776785714 0.751953125
0.671328671329 0.222222222222 0.75 0.594866071429 0.6640625
0.671328671329 0.222222222222 0.75 0.594866071429 0.6640625
0.642482517483 0.222222222222 0.642857142857 0.485491071429 0.5234375
0.628496503497 0.222222222222 0.714285714286 0.564732142857 0.6259765625
0.806818181818 0.222222222222 0.821428571429 0.667410714286 0.81640625
0.799825174825 0.222222222222 0.785714285714 0.639508928571 0.755859375
1.0 0.222222222222 0.964285714286 0.748883928571 0.9580078125
1.0 0.222222222222 0.964285714286 0.748883928571 0.9580078125
0.784965034965 0.0 0.678571428571 0.501116071429 0.5126953125
0.727272727273 0.111111111111 0.678571428571 0.552455357143 0.537109375
0.997377622378 0.444444444444 1.0 0.800223214286 1.0
0.957167832168 0.222222222222 0.928571428571 0.71875 0.919921875
