0.835251798561 0.25 0.764705882353 0.662745098039 0.699284009547
0.723021582734 0.75 0.588235294118 0.46862745098 0.457438345267
0.78345323741 0.75 0.705882352941 0.662745098039 0.63723150358
0.909352517986 0.6 0.823529411765 0.722549019608 0.803500397772
0.889208633094 0.35 0.794117647059 0.753921568627 0.691328560064
0.689928057554 0.1 0.588235294118 0.469607843137 0.517104216388
0.560431654676 0.2 0.588235294118 0.494117647059 0.574383452665
0.620143884892 0.1 0.558823529412 0.539215686275 0.440731901352
0.71654676259 0.1 0.647058823529 0.705882352941 0.536197295147
0.71654676259 0.1 0.647058823529 0.705882352941 0.536197295147
0.838848920863 0.65 0.735294117647 0.8 0.706443914081
0.725179856115 0.1 0.617647058824 0.496078431373 0.548130469372
0.785611510791 0.25 0.764705882353 0.710784313725 0.729514717582
0.528057553957 0.15 0.411764705882 0.3 0.239459029435
0.78345323741 0.05 0.676470588235 0.71862745098 0.583134447096
0.830215827338 0.2 0.794117647059 0.706862745098 0.848050914877
0.760431654676 0.4 0.794117647059 0.825490196078 0.673031026253
0.742446043165 0.4 0.735294117647 0.753921568627 0.607796340493
0.861151079137 0.1 0.794117647059 0.766666666667 0.740652346858
0.864748201439 0.1 0.823529411765 0.838235294118 0.805887032617
0.656834532374 0.45 0.647058823529 0.613725490196 0.413683373111
0.63309352518 0.45 0.558823529412 0.517647058824 0.299124900557
0.569784172662 0.4 0.558823529412 0.469607843137 0.525059665871
0.589928057554 0.4 0.617647058824 0.494117647059 0.574383452665
0.694244604317 0.1 0.676470588235 0.7 0.525059665871
0.694244604317 0.1 0.676470588235 0.7 0.525059665871
0.911510791367 0.4 0.794117647059 0.791176470588 0.74860779634
0.876258992806 0.4 0.764705882353 0.764705882353 0.717581543357
0.734532374101 0.1 0.735294117647 0.632352941176 0.596658711217
0.756115107914 0.3 0.647058823529 0.567647058824 0.559268098648
0.615827338129 0.4 0.5 0.370588235294 0.331742243437
0.551079136691 0.2 0.441176470588 0.344117647059 0.300715990453
0.718705035971 0.15 0.676470588235 0.539215686275 0.537788385044
0.806474820144 0.4 0.794117647059 0.767647058824 0.696101829753
0.693525179856 0.1 0.529411764706 0.410784313725 0.385043754972
0.651079136691 0.35 0.617647058824 0.563725490196 0.435163086714
0.870503597122 0.25 0.764705882353 0.742156862745 0.691328560064
0.520863309353 0.5 0.470588235294 0.28431372549 0.30230708035
0.879856115108 0.65 0.764705882353 0.555882352941 0.661893396977
0.682014388489 0.4 0.647058823529 0.674509803922 0.496420047733
0.764028776978 0.7 0.764705882353 0.724509803922 0.656324582339
0.572661870504 0.2 0.558823529412 0.638235294118 0.406523468576
0.538129496403 0.45 0.558823529412 0.558823529412 0.352426412092
0.538129496403 0.45 0.558823529412 0.558823529412 0.352426412092
0.859712230216 0.2 0.764705882353 0.753921568627 0.691328560064
0.935971223022 0.2 0.852941176471 0.851960784314 0.836117740652
0.589208633094 0.35 0.529411764706 0.543137254902 0.400954653938
0.788489208633 0.05 0.764705882353 0.742156862745 0.677804295943
0.824460431655 0.1 0.823529411765 0.779411764706 0.847255369928
0.835251798561 0.25 0.764705882353 0.662745098039 0.699284009547
0.76690647482 0.4 0.794117647059 0.756862745098 0.675417661098
0.889208633094 0.35 0.794117647059 0.753921568627 0.691328560064
0.653956834532 0.3 0.647058823529 0.56862745098 0.529037390613
0.653956834532 0.3 0.647058823529 0.56862745098 0.529037390613
0.640287769784 0.3 0.588235294118 0.519607843137 0.327764518695
0.654676258993 0.2 0.588235294118 0.503921568627 0.416070007955
0.985611510791 0.7 0.852941176471 0.762745098039 0.784407319014
0.78345323741 0.05 0.676470588235 0.71862745098 0.583134447096
0.805755395683 0.55 0.676470588235 0.703921568627 0.533810660302
0.83381294964 0.05 0.705882352941 0.674509803922 0.607000795545
0.780575539568 0.85 0.794117647059 0.789215686275 0.76292760541
0.86690647482 0.25 0.794117647059 0.789215686275 0.766905330151
0.689928057554 0.1 0.588235294118 0.469607843137 0.517104216388
0.689928057554 0.1 0.588235294118 0.469607843137 0.517104216388
0.661870503597 0.7 0.617647058824 0.416666666667 0.440731901352
0.814388489209 0.4 0.764705882353 0.703921568627 0.68814638027
0.786330935252 0.25 0.676470588235 0.683333333333 0.566428003182
0.83309352518 0.5 0.705882352941 0.549019607843 0.583134447096
0.592086330935 0.3 0.588235294118 0.587254901961 0.382657120127
0.951798561151 0.1 0.882352941176 0.885294117647 0.88385043755
0.841007194245 0.1 0.735294117647 0.742156862745 0.691328560064
0.870503597122 0.25 0.764705882353 0.742156862745 0.691328560064
0.61726618705 0.2 0.529411764706 0.423529411765 0.546539379475
0.558273381295 0.2 0.588235294118 0.541176470588 0.590294351631
0.931654676259 0.5 0.882352941176 0.830392156863 0.799522673031
0.684892086331 0.2 0.676470588235 0.660784313725 0.650755767701
0.753956834532 0.35 0.735294117647 0.728431372549 0.630071599045
0.648920863309 0.35 0.676470588235 0.612745098039 0.561654733492
0.71726618705 0.2 0.676470588235 0.685294117647 0.717581543357
0.682014388489 0.2 0.647058823529 0.658823529412 0.686555290374
0.760431654676 0.7 0.647058823529 0.548039215686 0.663484486874
0.548920863309 0.15 0.558823529412 0.610784313725 0.504375497216
0.814388489209 0.2 0.823529411765 0.789215686275 0.751789976134
0.825899280576 0.2 0.764705882353 0.719607843137 0.668257756563
0.720143884892 0.35 0.676470588235 0.677450980392 0.57677008751
0.725899280576 0.2 0.676470588235 0.703921568627 0.607796340493
0.760431654676 0.0 0.676470588235 0.673529411765 0.618933969769
0.815827338129 0.0 0.764705882353 0.724509803922 0.699284009547
0.587050359712 0.0 0.558823529412 0.401960784314 0.346062052506
0.592086330935 0.3 0.588235294118 0.587254901961 0.382657120127
0.646762589928 0.35 0.676470588235 0.598039215686 0.467780429594
0.623021582734 0.35 0.588235294118 0.501960784314 0.353221957041
0.879856115108 0.65 0.764705882353 0.555882352941 0.661893396977
0.752517985612 0.7 0.676470588235 0.493137254902 0.611774065235
0.786330935252 0.15 0.705882352941 0.645098039216 0.607796340493
0.846762589928 0.85 0.735294117647 0.642156862745 0.602227525855
0.943165467626 0.4 0.882352941176 0.809803921569 0.903739061257
0.83381294964 0.55 0.764705882353 0.682352941176 0.693715194909
0.712949640288 0.25 0.705882352941 0.753921568627 0.607796340493
0.830215827338 0.2 0.794117647059 0.706862745098 0.848050914877
0.512230215827 0.1 0.470588235294 0.344117647059 0.318217979316
0.763309352518 0.4 0.705882352941 0.619607843137 0.531424025457
0.838129496403 0.2 0.794117647059 0.677450980392 0.69291964996
0.73309352518 0.1 0.647058823529 0.629411764706 0.579952267303
0.760431654676 0.7 0.647058823529 0.548039215686 0.663484486874
0.695683453237 0.15 0.647058823529 0.545098039216 0.591885441527
0.531654676259 0.25 0.617647058824 0.572549019608 0.523468575975
0.584892086331 0.2 0.647058823529 0.63137254902 0.494828957836
0.855395683453 0.25 0.823529411765 0.687254901961 0.74860779634
0.841726618705 0.5 0.764705882353 0.68431372549 0.817024661893
0.853956834532 0.4 0.794117647059 0.708823529412 0.680190930788
0.53381294964 0.05 0.5 0.458823529412 0.379474940334
0.686330935252 0.2 0.617647058824 0.600980392157 0.638822593477
0.651079136691 0.2 0.588235294118 0.574509803922 0.607796340493
0.689928057554 0.1 0.588235294118 0.469607843137 0.517104216388
0.689928057554 0.1 0.588235294118 0.469607843137 0.517104216388
0.897841726619 0.75 0.852941176471 0.830392156863 0.892601431981
0.682014388489 0.4 0.647058823529 0.674509803922 0.496420047733
0.545323741007 0.2 0.470588235294 0.386274509804 0.389021479714
0.672661870504 0.4 0.588235294118 0.517647058824 0.484486873508
0.661870503597 0.7 0.617647058824 0.416666666667 0.440731901352
0.762589928058 1.0 0.794117647059 0.773529411765 0.715990453461
0.734532374101 0.1 0.735294117647 0.632352941176 0.596658711217
0.631654676259 0.1 0.529411764706 0.463725490196 0.486077963405
0.777697841727 0.25 0.735294117647 0.73137254902 0.52108194113
0.725179856115 0.1 0.617647058824 0.496078431373 0.548130469372
0.684172661871 0.4 0.529411764706 0.376470588235 0.353221957041
0.812230215827 0.15 0.764705882353 0.732352941176 0.719968178202
0.612949640288 0.3 0.529411764706 0.421568627451 0.383452665076
0.696402877698 0.25 0.647058823529 0.651960784314 0.534606205251
0.612230215827 0.15 0.617647058824 0.517647058824 0.500397772474
0.682014388489 0.4 0.647058823529 0.674509803922 0.496420047733
0.864028776978 0.65 0.852941176471 0.675490196078 0.876690533015
0.737410071942 0.25 0.676470588235 0.541176470588 0.582338902148
1.0 0.6 1.0 1.0 1.0
0.809352517986 0.7 0.764705882353 0.772549019608 0.75815433572
0.734532374101 0.1 0.735294117647 0.632352941176 0.596658711217
0.643884892086 0.1 0.676470588235 0.653921568627 0.574383452665
0.696402877698 0.25 0.647058823529 0.651960784314 0.534606205251
0.696402877698 0.25 0.647058823529 0.651960784314 0.534606205251
0.76618705036 0.4 0.823529411765 0.85 0.722354813047
0.801438848921 0.4 0.852941176471 0.876470588235 0.75338106603
0.681294964029 0.55 0.588235294118 0.529411764706 0.389021479714
0.720143884892 0.45 0.647058823529 0.627450980392 0.485282418457
0.764748201439 0.05 0.676470588235 0.646078431373 0.563245823389
0.729496402878 0.05 0.647058823529 0.619607843137 0.532219570406
0.725179856115 0.1 0.617647058824 0.496078431373 0.548130469372
0.719424460432 0.25 0.617647058824 0.469607843137 0.517104216388
0.637410071942 0.25 0.529411764706 0.529411764706 0.389021479714
0.787769784173 0.1 0.705882352941 0.578431372549 0.711217183771
0.781294964029 0.2 0.647058823529 0.563725490196 0.505171042164
0.846762589928 0.25 0.735294117647 0.764705882353 0.717581543357
0.689928057554 0.1 0.588235294118 0.469607843137 0.517104216388
0.720143884892 0.9 0.617647058824 0.449019607843 0.587907716786
0.619424460432 0.2 0.617647058824 0.467647058824 0.428798727128
0.526618705036 0.15 0.5 0.423529411765 0.419252187749
0.540287769784 0.15 0.588235294118 0.580392156863 0.439140811456
0.624460431655 0.25 0.676470588235 0.761764705882 0.57199681782
0.814388489209 0.35 0.705882352941 0.527450980392 0.5815433572
0.784892086331 0.15 0.676470588235 0.527450980392 0.5815433572
0.657553956835 0.25 0.588235294118 0.553921568627 0.438345266508
0.657553956835 0.25 0.588235294118 0.553921568627 0.438345266508
0.615827338129 0.4 0.5 0.370588235294 0.331742243437
0.728057553957 0.15 0.735294117647 0.774509803922 0.673031026253
0.704316546763 0.15 0.647058823529 0.656862745098 0.533810660302
0.735251798561 0.6 0.647058823529 0.587254901961 0.564836913286
0.753237410072 0.05 0.705882352941 0.744117647059 0.64200477327
0.739568345324 0.15 0.764705882353 0.798039215686 0.69291964996
0.812949640288 0.25 0.705882352941 0.71862745098 0.583134447096
0.791366906475 0.3 0.676470588235 0.594117647059 0.590294351631
0.670503597122 0.35 0.617647058824 0.65 0.419252187749
0.984892086331 0.7 0.882352941176 0.812745098039 0.887032617343
0.797841726619 0.25 0.705882352941 0.655882352941 0.610978520286
0.788489208633 0.1 0.735294117647 0.680392156863 0.66030230708
0.760431654676 0.7 0.647058823529 0.548039215686 0.663484486874
0.73309352518 0.1 0.647058823529 0.629411764706 0.579952267303
0.715107913669 0.4 0.676470588235 0.604901960784 0.679395385839
0.568345323741 0.25 0.529411764706 0.48137254902 0.444709626094
0.6 0.3 0.588235294118 0.490196078431 0.45107398568
0.635251798561 0.3 0.617647058824 0.516666666667 0.482100238663
0.690647482014 0.75 0.705882352941 0.622549019608 0.680986475736
0.961151079137 0.7 0.941176470588 0.912745098039 0.96260938743
0.741726618705 0.5 0.794117647059 0.86568627451 0.711217183771
0.706474820144 0.5 0.764705882353 0.839215686275 0.680190930788
0.742446043165 0.4 0.735294117647 0.753921568627 0.607796340493
0.702158273381 0.45 0.588235294118 0.555882352941 0.420047732697
0.805755395683 0.1 0.705882352941 0.71568627451 0.66030230708
0.802877697842 0.7 0.794117647059 0.75 0.727128082737
0.44964028777 0.35 0.411764705882 0.323529411765 0.203659506762
0.443884892086 0.55 0.411764705882 0.297058823529 0.172633253779
0.656834532374 0.05 0.617647058824 0.542156862745 0.525855210819
0.66618705036 0.4 0.588235294118 0.543137254902 0.484486873508
0.702158273381 0.45 0.588235294118 0.555882352941 0.420047732697
0.643884892086 0.1 0.647058823529 0.635294117647 0.555290373906
0.652517985612 0.25 0.617647058824 0.674509803922 0.496420047733
0.652517985612 0.25 0.617647058824 0.674509803922 0.496420047733
0.802158273381 0.05 0.676470588235 0.646078431373 0.646778042959
0.806474820144 0.0 0.735294117647 0.700980392157 0.634049323787
0.835251798561 0.25 0.705882352941 0.58431372549 0.610978520286
0.814388489209 0.4 0.764705882353 0.703921568627 0.68814638027
