0.903096330275 0.142857142857 0.974358974359 1.0 0.988219895288
0.767775229358 1.0 0.897435897436 0.939240506329 0.866492146597
0.405389908257 0.0 0.333333333333 0.133333333333 0.164921465969
0.341169724771 0.0 0.307692307692 0.15864978903 0.127617801047
1.0 0.285714285714 1.0 0.978902953586 1.0
0.331995412844 0.0 0.333333333333 0.173839662447 0.101439790576
0.320527522936 0.0 0.333333333333 0.191561181435 0.166230366492
0.960435779817 0.142857142857 0.974358974359 0.910548523207 0.966623036649
0.912270642202 0.571428571429 0.923076923077 0.983966244726 0.984947643979
0.865252293578 0.714285714286 0.974358974359 0.972151898734 0.878926701571
0.435206422018 0.571428571429 0.512820512821 0.433755274262 0.31609947644
0.61754587156 0.857142857143 0.74358974359 0.837974683544 0.630235602094
0.941513761468 0.428571428571 0.948717948718 0.843037974684 0.842931937173
0.330275229358 0.142857142857 0.358974358974 0.222784810127 0.214005235602
0.513188073394 0.714285714286 0.615384615385 0.549367088608 0.51112565445
0.55619266055 0.857142857143 0.692307692308 0.707172995781 0.641361256545
0.948967889908 0.0 0.948717948718 0.860759493671 0.892670157068
0.455848623853 0.428571428571 0.564102564103 0.568776371308 0.465968586387
0.387041284404 0.285714285714 0.461538461538 0.354430379747 0.306282722513
0.892775229358 0.0 0.948717948718 0.984810126582 0.946335078534
0.88130733945 0.142857142857 0.974358974359 0.870886075949 0.96335078534
0.945527522936 0.142857142857 1.0 0.928270042194 0.967931937173
0.917431192661 0.142857142857 0.974358974359 0.942616033755 0.994109947644
0.425458715596 0.0 0.333333333333 0.15611814346 0.208115183246
0.838876146789 0.0 0.923076923077 0.82447257384 0.864528795812
0.321674311927 0.0 0.358974358974 0.286075949367 0.256544502618
0.453555045872 0.0 0.564102564103 0.469198312236 0.462696335079
0.692660550459 0.571428571429 0.820512820513 0.850632911392 0.836387434555
0.481077981651 0.285714285714 0.538461538462 0.386497890295 0.429319371728
0.355504587156 0.0 0.358974358974 0.167088607595 0.162303664921
0.349197247706 0.0 0.410256410256 0.281856540084 0.230366492147
0.870412844037 0.285714285714 0.871794871795 0.702953586498 0.803664921466
0.334862385321 0.0 0.384615384615 0.313080168776 0.310209424084
0.725344036697 0.0 0.820512820513 0.745991561181 0.71335078534
0.395642201835 0.142857142857 0.384615384615 0.199156118143 0.276832460733
0.386467889908 0.0 0.487179487179 0.366244725738 0.413612565445
0.419724770642 0.285714285714 0.461538461538 0.340084388186 0.346204188482
0.935206422018 0.142857142857 0.974358974359 0.856540084388 0.908376963351
0.422018348624 0.0 0.538461538462 0.524050632911 0.454842931937
0.641055045872 0.0 0.769230769231 0.645569620253 0.706806282723
0.682339449541 0.0 0.794871794872 0.765400843882 0.791230366492
0.400229357798 0.285714285714 0.410256410256 0.248945147679 0.311518324607
0.625573394495 0.571428571429 0.717948717949 0.717299578059 0.685209424084
0.411123853211 0.0 0.358974358974 0.150210970464 0.194371727749
0.525802752294 0.571428571429 0.641025641026 0.600843881857 0.576570680628
0.663990825688 0.428571428571 0.769230769231 0.770464135021 0.732329842932
0.818233944954 0.0 0.897435897436 0.756962025316 0.850785340314
0.397362385321 0.0 0.512820512821 0.437130801688 0.376963350785
0.500573394495 0.0 0.615384615385 0.556962025316 0.601439790576
0.752293577982 0.0 0.846153846154 0.772151898734 0.718586387435
0.463302752294 0.0 0.589743589744 0.544303797468 0.502617801047
0.474197247706 0.571428571429 0.564102564103 0.458227848101 0.473167539267
0.514908256881 0.0 0.641025641026 0.64388185654 0.602748691099
0.371559633028 0.0 0.461538461538 0.376371308017 0.341623036649
0.559633027523 0.0 0.692307692308 0.594936708861 0.659031413613
0.540137614679 0.0 0.666666666667 0.648101265823 0.556282722513
0.355504587156 0.0 0.435897435897 0.301265822785 0.298429319372
0.68119266055 0.142857142857 0.666666666667 0.563713080169 0.68390052356
0.725344036697 0.714285714286 0.846153846154 0.822784810127 0.734947643979
0.325114678899 0.0 0.358974358974 0.216877637131 0.185863874346
0.85378440367 0.0 0.923076923077 0.882700421941 0.871727748691
0.619839449541 0.0 0.74358974359 0.680168776371 0.659031413613
0.480504587156 0.428571428571 0.487179487179 0.338396624473 0.373691099476
0.770068807339 0.0 0.871794871795 0.688607594937 0.795157068063
0.825688073394 0.428571428571 0.923076923077 0.967088607595 0.957460732984
0.595183486239 0.0 0.717948717949 0.57552742616 0.61780104712
0.68119266055 0.571428571429 0.794871794872 0.782278481013 0.710732984293
0.553325688073 0.428571428571 0.589743589744 0.454008438819 0.410994764398
0.469036697248 0.0 0.435897435897 0.295358649789 0.360602094241
0.655963302752 0.0 0.641025641026 0.428691983122 0.530104712042
0.346330275229 0.0 0.384615384615 0.240506329114 0.167539267016
0.897935779817 0.0 0.923076923077 0.843037974684 0.931282722513
0.36123853211 0.0 0.410256410256 0.291983122363 0.341623036649
0.785550458716 0.571428571429 0.897435897436 0.891983122363 0.897905759162
0.805619266055 0.571428571429 0.897435897436 0.88776371308 0.88219895288
0.841743119266 0.571428571429 0.923076923077 0.906329113924 0.901178010471
0.600917431193 0.0 0.589743589744 0.4194092827 0.45222513089
0.547591743119 0.142857142857 0.641025641026 0.51223628692 0.561518324607
0.857224770642 0.0 0.846153846154 0.626160337553 0.753926701571
0.636467889908 0.0 0.641025641026 0.405063291139 0.484293193717
0.70126146789 0.0 0.666666666667 0.483544303797 0.596204188482
0.796444954128 0.0 0.871794871795 0.804219409283 0.926701570681
0.827408256881 0.0 0.897435897436 0.86582278481 0.920157068063
0.886467889908 0.142857142857 0.871794871795 0.693670886076 0.800392670157
0.767775229358 0.142857142857 0.846153846154 0.923206751055 0.890052356021
0.552752293578 0.285714285714 0.641025641026 0.640506329114 0.655104712042
0.861811926606 0.0 0.923076923077 0.789873417722 0.891361256545
0.830275229358 0.428571428571 0.923076923077 0.818565400844 0.808246073298
0.579128440367 0.142857142857 0.487179487179 0.270042194093 0.420811518325
0.377866972477 0.0 0.435897435897 0.232911392405 0.308246073298
0.414564220183 0.0 0.461538461538 0.359493670886 0.353403141361
0.529243119266 0.0 0.589743589744 0.459071729958 0.517670157068
0.370986238532 0.0 0.384615384615 0.254008438819 0.242146596859
0.716743119266 0.0 0.769230769231 0.737552742616 0.784685863874
0.745412844037 0.0 0.769230769231 0.666666666667 0.816753926702
0.799885321101 0.0 0.846153846154 0.762025316456 0.830497382199
0.86754587156 0.428571428571 0.923076923077 0.830379746835 0.90445026178
0.759174311927 0.571428571429 0.846153846154 0.810970464135 0.828534031414
0.646788990826 0.142857142857 0.74358974359 0.55611814346 0.583769633508
0.377293577982 0.0 0.384615384615 0.161181434599 0.221858638743
0.482798165138 0.0 0.538461538462 0.398312236287 0.446989528796
0.409403669725 0.0 0.435897435897 0.177215189873 0.291230366492
0.779243119266 0.142857142857 0.846153846154 0.816877637131 0.856020942408
0.844610091743 0.0 0.871794871795 0.725738396624 0.829188481675
0.424311926606 0.0 0.487179487179 0.347679324895 0.359293193717
0.522362385321 0.0 0.564102564103 0.410126582278 0.461387434555
0.33371559633 0.0 0.358974358974 0.185654008439 0.237565445026
0.393348623853 0.0 0.435897435897 0.281012658228 0.351439790576
0.447247706422 0.0 0.461538461538 0.22447257384 0.333769633508
0.559633027523 0.0 0.538461538462 0.340084388186 0.399869109948
0.876146788991 0.0 0.923076923077 0.801687763713 0.908376963351
0.442087155963 0.0 0.487179487179 0.356962025316 0.366492146597
0.602064220183 0.142857142857 0.666666666667 0.659071729958 0.690445026178
0.370986238532 0.0 0.410256410256 0.264135021097 0.248691099476
0.450114678899 0.142857142857 0.461538461538 0.320675105485 0.371727748691
0.541857798165 0.142857142857 0.538461538462 0.247257383966 0.302356020942
0.376146788991 0.0 0.358974358974 0.203375527426 0.264397905759
0.518348623853 0.0 0.538461538462 0.478481012658 0.552356020942
0.90997706422 0.0 0.871794871795 0.715611814346 0.92277486911
0.384747706422 0.0 0.435897435897 0.274261603376 0.30890052356
0.594036697248 0.0 0.641025641026 0.515611814346 0.542539267016
0.490252293578 0.142857142857 0.512820512821 0.383122362869 0.38612565445
0.615252293578 0.0 0.692307692308 0.6194092827 0.668848167539
0.728211009174 0.285714285714 0.794871794872 0.655696202532 0.567408376963
0.790137614679 0.0 0.794871794872 0.705485232068 0.795811518325
0.705848623853 0.0 0.74358974359 0.496202531646 0.573952879581
0.588876146789 0.0 0.589743589744 0.440506329114 0.546465968586
0.740252293578 0.0 0.794871794872 0.708016877637 0.787958115183
0.67373853211 0.0 0.74358974359 0.616033755274 0.723821989529
0.468463302752 0.0 0.487179487179 0.297890295359 0.282068062827
0.505160550459 0.428571428571 0.641025641026 0.632067510549 0.533376963351
0.734518348624 0.0 0.794871794872 0.73417721519 0.780104712042
0.462729357798 0.0 0.487179487179 0.335864978903 0.331151832461
0.629587155963 0.285714285714 0.692307692308 0.502953586498 0.596204188482
0.724770642202 0.285714285714 0.769230769231 0.608438818565 0.622382198953
0.858371559633 0.428571428571 0.948717948718 0.849789029536 0.952879581152
0.876146788991 0.0 0.923076923077 0.783966244726 0.847513089005
0.675458715596 0.0 0.717948717949 0.664978902954 0.76832460733
0.497133027523 0.0 0.564102564103 0.458227848101 0.490183246073
0.686353211009 0.285714285714 0.769230769231 0.688607594937 0.760471204188
0.723623853211 0.142857142857 0.692307692308 0.574683544304 0.672120418848
0.65252293578 0.0 0.692307692308 0.588185654008 0.648560209424
0.577981651376 0.0 0.615384615385 0.557805907173 0.613219895288
0.670298165138 0.0 0.769230769231 0.777215189873 0.748036649215
0.48623853211 0.0 0.487179487179 0.322362869198 0.391361256545
0.676605504587 0.0 0.666666666667 0.610970464135 0.662303664921
0.445527522936 0.0 0.512820512821 0.451476793249 0.409685863874
0.689793577982 0.428571428571 0.794871794872 0.699578059072 0.696335078534
0.764334862385 0.0 0.794871794872 0.671729957806 0.700261780105
0.763188073394 0.142857142857 0.769230769231 0.586497890295 0.679319371728
0.815366972477 0.428571428571 0.897435897436 0.845569620253 0.897251308901
0.666857798165 0.285714285714 0.769230769231 0.755274261603 0.770942408377
0.533256880734 0.285714285714 0.615384615385 0.493670886076 0.477748691099
0.608371559633 0.0 0.641025641026 0.478481012658 0.465314136126
0.505160550459 0.142857142857 0.512820512821 0.396624472574 0.439136125654
0.752293577982 0.285714285714 0.846153846154 0.77805907173 0.772251308901
0.565366972477 0.0 0.615384615385 0.464135021097 0.471858638743
0.596903669725 0.142857142857 0.615384615385 0.53417721519 0.590314136126
0.660550458716 0.0 0.666666666667 0.503797468354 0.542539267016
0.574541284404 0.0 0.589743589744 0.49029535865 0.578534031414
0.774655963303 0.0 0.794871794872 0.647257383966 0.777486910995
0.710435779817 0.285714285714 0.820512820513 0.783122362869 0.739528795812
0.374426605505 0.0 0.358974358974 0.207594936709 0.273560209424
0.345756880734 0.0 0.384615384615 0.293670886076 0.271596858639
0.50745412844 0.0 0.512820512821 0.296202531646 0.379581151832
0.482224770642 0.0 0.461538461538 0.212658227848 0.291884816754
0.686353211009 0.0 0.74358974359 0.691983122363 0.746073298429
0.821100917431 0.0 0.846153846154 0.655696202532 0.821989528796
0.555619266055 0.0 0.538461538462 0.371308016878 0.475785340314
0.405963302752 0.0 0.358974358974 0.172995780591 0.246073298429
0.583142201835 0.142857142857 0.717948717949 0.676793248945 0.620418848168
0.404816513761 0.0 0.384615384615 0.17552742616 0.230366492147
0.755733944954 0.142857142857 0.769230769231 0.618565400844 0.728403141361
0.47878440367 0.142857142857 0.512820512821 0.388185654008 0.437172774869
0.604357798165 0.714285714286 0.74358974359 0.722362869198 0.604712041885
0.495986238532 0.0 0.564102564103 0.448101265823 0.39332460733
0.754013761468 0.0 0.846153846154 0.748523206751 0.780759162304
0.560779816514 0.0 0.641025641026 0.582278481013 0.571335078534
0.446100917431 0.0 0.487179487179 0.330801687764 0.322643979058
0.466169724771 0.0 0.487179487179 0.394092827004 0.417539267016
0.43004587156 0.285714285714 0.512820512821 0.445569620253 0.382853403141
0.354931192661 0.0 0.384615384615 0.201687763713 0.238219895288
0.558486238532 0.142857142857 0.512820512821 0.329957805907 0.390052356021
0.809633027523 0.285714285714 0.820512820513 0.560337552743 0.706151832461
0.431766055046 0.0 0.461538461538 0.301265822785 0.313481675393
0.422018348624 0.0 0.461538461538 0.256540084388 0.275523560209
0.604357798165 0.142857142857 0.615384615385 0.448101265823 0.496727748691
0.823967889908 0.142857142857 0.846153846154 0.652320675105 0.711387434555
0.565940366972 0.285714285714 0.615384615385 0.508860759494 0.48167539267
0.56995412844 0.142857142857 0.641025641026 0.535021097046 0.589005235602
0.744266055046 0.0 0.74358974359 0.577215189873 0.636780104712
0.434059633028 0.0 0.461538461538 0.308016877637 0.36387434555
0.575688073394 0.142857142857 0.641025641026 0.524894514768 0.57002617801
0.779816513761 0.0 0.820512820513 0.711392405063 0.824607329843
0.764908256881 0.0 0.74358974359 0.539240506329 0.63219895288
0.535550458716 0.0 0.641025641026 0.583122362869 0.515706806283
0.69495412844 0.428571428571 0.794871794872 0.732489451477 0.811518324607
0.94495412844 0.0 0.923076923077 0.767932489451 0.852094240838
0.573394495413 0.0 0.564102564103 0.463291139241 0.546465968586
0.713302752294 0.142857142857 0.794871794872 0.720675105485 0.670811518325
