0.790788446526 0.0 0.838709677419 0.676180021954 0.713618677043
0.807181889149 0.0 0.838709677419 0.691547749726 0.739299610895
0.833723653396 0.0 0.838709677419 0.667398463227 0.738521400778
0.713505074161 0.0 0.806451612903 0.768386388584 0.741634241245
0.745511319282 1.0 0.741935483871 0.493962678375 0.656809338521
0.795472287276 0.0 0.870967741935 0.781558726674 0.763424124514
0.754098360656 0.0 0.774193548387 0.688254665203 0.725291828794
0.711943793911 0.0 0.774193548387 0.680570801317 0.677821011673
0.765807962529 0.0 0.838709677419 0.804610318332 0.781322957198
0.749414519906 0.0 0.774193548387 0.613611416026 0.64046692607
0.964090554254 0.0 0.967741935484 0.935236004391 0.96186770428
0.788446526151 1.0 0.806451612903 0.661909989023 0.777431906615
0.793911007026 0.0 0.806451612903 0.803512623491 0.824124513619
0.760343481655 0.0 0.774193548387 0.639956092206 0.666147859922
0.647150663544 0.0 0.645161290323 0.497255762898 0.543190661479
0.621389539422 0.0 0.645161290323 0.439077936334 0.461478599222
0.733021077283 0.0 0.774193548387 0.71020856202 0.698832684825
0.826697892272 0.0 0.838709677419 0.772777167947 0.782879377432
0.862607338017 0.0 0.903225806452 0.807903402854 0.789105058366
0.682279469165 0.0 0.677419354839 0.497255762898 0.537743190661
0.852459016393 0.0 0.806451612903 0.643249176729 0.711284046693
0.993754879001 0.0 1.0 1.0 1.0
0.760343481655 0.0 0.806451612903 0.658616904501 0.64280155642
0.935206869633 0.0 0.935483870968 0.90779363337 0.918287937743
0.72131147541 0.0 0.709677419355 0.519209659715 0.563424124514
0.646370023419 1.0 0.677419354839 0.475301866081 0.573540856031
0.749414519906 0.0 0.774193548387 0.703622392975 0.701167315175
0.740827478532 0.0 0.774193548387 0.693743139407 0.684046692607
0.943013270882 0.0 0.935483870968 0.845225027442 0.862256809339
0.76112412178 0.0 0.709677419355 0.506037321625 0.582101167315
0.968774395004 0.0 0.935483870968 0.840834248079 0.880155642023
0.807181889149 0.0 0.870967741935 0.862788144896 0.813229571984
0.682279469165 0.0 0.774193548387 0.695938529089 0.630350194553
0.733801717408 0.0 0.709677419355 0.54006586169 0.587548638132
0.695550351288 1.0 0.709677419355 0.458836443469 0.566536964981
0.728337236534 1.0 0.806451612903 0.712403951701 0.747859922179
0.729117876659 0.0 0.709677419355 0.522502744237 0.564980544747
0.700234192037 1.0 0.774193548387 0.613611416026 0.656809338521
0.846994535519 0.0 0.870967741935 0.780461031833 0.767315175097
0.792349726776 1.0 0.838709677419 0.669593852909 0.733073929961
0.665105386417 0.0 0.741935483871 0.669593852909 0.615564202335
0.916471506635 1.0 0.903225806452 0.788144895719 0.897276264591
0.676034348165 0.0 0.645161290323 0.477497255763 0.530739299611
0.705698672912 1.0 0.709677419355 0.52579582876 0.635019455253
0.757220921155 0.0 0.774193548387 0.708013172338 0.702723735409
0.697892271663 0.0 0.645161290323 0.463227222832 0.533852140078
0.710382513661 0.0 0.709677419355 0.581778265642 0.598443579767
0.886026541764 1.0 0.903225806452 0.757409440176 0.837354085603
0.832943013271 0.0 0.838709677419 0.772777167947 0.771206225681
0.712724434036 1.0 0.709677419355 0.557628979144 0.666926070039
0.656518345043 0.0 0.645161290323 0.467618002195 0.498054474708
0.839968774395 0.0 0.806451612903 0.69703622393 0.732295719844
0.879781420765 0.0 0.903225806452 0.824368825467 0.8
0.765027322404 0.0 0.741935483871 0.645444566411 0.673929961089
0.768149882904 0.0 0.741935483871 0.569703622393 0.6046692607
0.865729898517 0.0 0.903225806452 0.913282107574 0.870038910506
0.872755659641 0.0 0.838709677419 0.71020856202 0.742412451362
0.822014051522 0.0 0.870967741935 0.785949506037 0.738521400778
0.901639344262 1.0 0.935483870968 0.863885839737 0.915953307393
0.864949258392 1.0 0.838709677419 0.611416026345 0.731517509728
0.815768930523 0.0 0.806451612903 0.634467618002 0.647470817121
0.682279469165 1.0 0.741935483871 0.570801317234 0.616342412451
0.757220921155 0.0 0.741935483871 0.596048298573 0.616342412451
0.92193598751 0.0 0.870967741935 0.837541163557 0.875486381323
0.699453551913 1.0 0.709677419355 0.517014270033 0.609338521401
0.649492583919 1.0 0.677419354839 0.475301866081 0.554085603113
0.765027322404 1.0 0.838709677419 0.659714599341 0.68560311284
0.854800936768 1.0 0.870967741935 0.726673984632 0.8
0.68149882904 1.0 0.709677419355 0.549945115258 0.623346303502
0.934426229508 0.0 0.838709677419 0.659714599341 0.746303501946
0.750975800156 0.0 0.741935483871 0.544456641054 0.55953307393
0.725995316159 0.0 0.741935483871 0.649835345774 0.636575875486
0.712724434036 1.0 0.709677419355 0.437980241493 0.543968871595
0.722092115535 0.0 0.741935483871 0.649835345774 0.632684824903
0.849336455894 0.0 0.903225806452 0.864983534577 0.803891050584
0.825136612022 0.0 0.838709677419 0.738748627881 0.720622568093
0.774395003903 0.0 0.838709677419 0.810098792536 0.742412451362
0.8024980484 0.0 0.870967741935 0.82875960483 0.755642023346
0.788446526151 1.0 0.806451612903 0.672886937431 0.744747081712
0.702576112412 0.0 0.741935483871 0.645444566411 0.608560311284
0.804839968774 0.0 0.838709677419 0.833150384193 0.789883268482
0.811865729899 0.0 0.838709677419 0.785949506037 0.750972762646
0.728337236534 0.0 0.741935483871 0.643249176729 0.628793774319
0.788446526151 0.0 0.806451612903 0.720087815587 0.696498054475
0.825136612022 1.0 0.806451612903 0.680570801317 0.782879377432
0.768149882904 0.0 0.774193548387 0.705817782656 0.693385214008
0.71662763466 1.0 0.709677419355 0.576289791438 0.673151750973
0.88056206089 0.0 0.903225806452 0.850713501647 0.812451361868
0.914910226386 0.0 0.935483870968 0.93413830955 0.892607003891
0.711943793911 0.0 0.709677419355 0.54006586169 0.541634241245
0.832162373146 0.0 0.870967741935 0.822173435785 0.769649805447
0.755659640906 0.0 0.774193548387 0.766190998902 0.735408560311
0.896955503513 1.0 0.967741935484 0.905598243688 0.908949416342
0.765807962529 0.0 0.741935483871 0.541163556531 0.560311284047
0.75956284153 0.0 0.806451612903 0.704720087816 0.650583657588
0.649492583919 0.0 0.677419354839 0.56641053787 0.537743190661
0.745511319282 0.0 0.806451612903 0.779363336992 0.708171206226
0.921155347385 1.0 0.967741935484 0.88144895719 0.906614785992
0.708821233411 0.0 0.774193548387 0.721185510428 0.649027237354
0.905542544887 0.0 0.870967741935 0.744237102086 0.75953307393
0.7993754879 1.0 0.774193548387 0.610318331504 0.715953307393
0.811865729899 0.0 0.838709677419 0.726673984632 0.687159533074
0.807181889149 1.0 0.838709677419 0.715697036224 0.763424124514
0.816549570648 0.0 0.774193548387 0.613611416026 0.64280155642
0.693208430913 0.0 0.677419354839 0.542261251372 0.551750972763
0.792349726776 0.0 0.774193548387 0.597145993414 0.6046692607
0.751756440281 0.0 0.838709677419 0.844127332602 0.743190661479
0.724434035909 1.0 0.806451612903 0.7365532382 0.736964980545
0.808743169399 0.0 0.838709677419 0.787047200878 0.740077821012
0.786104605777 1.0 0.774193548387 0.658616904501 0.746303501946
0.685402029664 0.0 0.677419354839 0.5268935236 0.527626459144
0.697892271663 0.0 0.645161290323 0.477497255763 0.52140077821
0.692427790788 0.0 0.709677419355 0.55323819978 0.529182879377
0.765807962529 0.0 0.774193548387 0.733260153677 0.706614785992
0.896955503513 0.0 0.838709677419 0.716794731065 0.750194552529
0.746291959407 1.0 0.838709677419 0.839736553238 0.821789883268
0.852459016393 1.0 0.838709677419 0.681668496158 0.767315175097
0.765807962529 0.0 0.838709677419 0.874862788145 0.781322957198
0.830601092896 0.0 0.806451612903 0.688254665203 0.691828793774
0.829039812646 0.0 0.838709677419 0.785949506037 0.753307392996
0.832162373146 0.0 0.806451612903 0.708013172338 0.711284046693
0.856362217018 1.0 0.806451612903 0.699231613611 0.815564202335
0.921155347385 1.0 0.935483870968 0.883644346872 0.930739299611
0.829039812646 0.0 0.774193548387 0.620197585071 0.654474708171
0.919594067135 0.0 0.870967741935 0.772777167947 0.792217898833
0.833723653396 0.0 0.838709677419 0.757409440176 0.729182879377
0.749414519906 1.0 0.741935483871 0.562019758507 0.646692607004
0.973458235753 0.0 0.870967741935 0.734357848518 0.803112840467
0.903200624512 0.0 0.903225806452 0.788144895719 0.761089494163
0.753317720531 1.0 0.774193548387 0.581778265642 0.638910505837
0.83606557377 0.0 0.903225806452 0.880351262349 0.787548638132
0.865729898517 0.0 0.838709677419 0.78924259056 0.786770428016
0.71818891491 1.0 0.774193548387 0.699231613611 0.718287937743
0.801717408275 0.0 0.774193548387 0.632272228321 0.638910505837
0.858704137393 0.0 0.838709677419 0.806805708013 0.796108949416
1.0 0.0 1.0 0.965971459934 0.926848249027
0.83918813427 0.0 0.806451612903 0.64434687157 0.653696498054
0.887587822014 0.0 0.838709677419 0.732162458836 0.750972762646
0.740046838407 0.0 0.806451612903 0.768386388584 0.681712062257
0.779078844653 0.0 0.838709677419 0.859495060373 0.773540856031
0.769711163154 1.0 0.774193548387 0.580680570801 0.650583657588
0.981264637002 0.0 0.967741935484 0.929747530187 0.904280155642
0.907103825137 0.0 0.967741935484 0.982436882547 0.887159533074
0.778298204528 1.0 0.806451612903 0.725576289791 0.765758754864
0.891491022639 0.0 0.903225806452 0.873765093304 0.828793774319
0.899297423888 1.0 0.870967741935 0.705817782656 0.796887159533
0.88056206089 0.0 0.903225806452 0.89462129528 0.83813229572
0.811085089774 1.0 0.774193548387 0.613611416026 0.717509727626
0.735362997658 0.0 0.709677419355 0.564215148189 0.570428015564
0.713505074161 0.0 0.709677419355 0.600439077936 0.583657587549
0.718969555035 0.0 0.741935483871 0.652030735456 0.607782101167
0.828259172521 1.0 0.774193548387 0.588364434687 0.705836575875
0.831381733021 1.0 0.903225806452 0.864983534577 0.852918287938
0.868852459016 0.0 0.838709677419 0.751920965971 0.747081712062
0.807962529274 0.0 0.774193548387 0.634467618002 0.639688715953
0.916471506635 0.0 0.903225806452 0.863885839737 0.836575875486
0.797033567525 0.0 0.741935483871 0.610318331504 0.63579766537
0.863387978142 0.0 0.870967741935 0.785949506037 0.743968871595
0.850117096019 0.0 0.774193548387 0.661909989023 0.702723735409
0.873536299766 0.0 0.838709677419 0.698133918771 0.698832684825
0.727556596409 0.0 0.774193548387 0.758507135016 0.68326848249
0.843091334895 1.0 0.870967741935 0.774972557629 0.805447470817
0.779078844653 0.0 0.774193548387 0.708013172338 0.68093385214
0.750195160031 0.0 0.774193548387 0.64434687157 0.594552529183
0.8024980484 0.0 0.774193548387 0.687156970362 0.681712062257
0.815768930523 0.0 0.806451612903 0.676180021954 0.653696498054
0.846994535519 0.0 0.806451612903 0.637760702525 0.64513618677
0.941451990632 0.0 0.903225806452 0.863885839737 0.856031128405
0.870413739266 0.0 0.838709677419 0.735455543359 0.729182879377
0.821233411397 0.0 0.774193548387 0.622392974753 0.636575875486
0.807962529274 1.0 0.870967741935 0.80241492865 0.79766536965
0.982045277127 1.0 0.935483870968 0.793633369923 0.887159533074
0.750195160031 0.0 0.741935483871 0.691547749726 0.666926070039
0.816549570648 0.0 0.870967741935 0.814489571899 0.725291828794
0.829039812646 0.0 0.774193548387 0.622392974753 0.64280155642
0.816549570648 0.0 0.838709677419 0.745334796926 0.688715953307
0.826697892272 0.0 0.870967741935 0.895718990121 0.810116731518
0.852459016393 0.0 0.838709677419 0.745334796926 0.719844357977
0.834504293521 1.0 0.870967741935 0.790340285401 0.807782101167
0.868071818891 1.0 0.870967741935 0.788144895719 0.83579766537
0.765807962529 0.0 0.774193548387 0.661909989023 0.619455252918
0.749414519906 0.0 0.741935483871 0.677277716795 0.648249027237
0.875878220141 0.0 0.870967741935 0.799121844127 0.75953307393
0.758782201405 0.0 0.838709677419 0.812294182217 0.695719844358
0.853239656518 1.0 0.838709677419 0.684961580681 0.750972762646
0.983606557377 0.0 1.0 0.982436882547 0.912062256809
0.829039812646 0.0 0.806451612903 0.743139407245 0.722178988327
0.88056206089 0.0 0.838709677419 0.787047200878 0.780544747082
0.79781420765 0.0 0.838709677419 0.768386388584 0.687937743191
0.870413739266 0.0 0.838709677419 0.816684961581 0.798443579767
0.908665105386 0.0 0.903225806452 0.857299670692 0.812451361868
0.821233411397 0.0 0.806451612903 0.700329308452 0.673151750973
0.885245901639 0.0 0.870967741935 0.852908891328 0.816342412451
0.790007806401 0.0 0.870967741935 0.817782656422 0.697276264591
0.744730679157 0.0 0.806451612903 0.769484083425 0.669260700389
0.76112412178 0.0 0.806451612903 0.735455543359 0.651361867704
0.997658079625 0.0 1.0 0.997804610318 0.935408560311
0.960967993755 0.0 0.903225806452 0.827661909989 0.828793774319
0.882903981265 0.0 0.838709677419 0.835345773875 0.824124513619
0.790788446526 0.0 0.838709677419 0.747530186608 0.657587548638
