0.575853852264 0.6 0.7 0.696759259259 0.594214876033
0.565528196982 0.8 0.633333333333 0.583333333333 0.47520661157
0.685464654488 0.8 0.7 0.569444444444 0.57520661157
0.675138999206 1.0 0.633333333333 0.456018518519 0.456198347107
0.817315329627 0.2 0.866666666667 0.894675925926 0.831404958678
0.810961080222 0.6 0.866666666667 0.863425925926 0.799173553719
0.734710087371 0.4 0.7 0.427083333333 0.490082644628
0.689436060365 0.6 0.633333333333 0.366898148148 0.406611570248
0.802223987292 0.6 0.866666666667 0.99537037037 0.820661157025
0.685464654488 0.8 0.8 0.805555555556 0.635537190083
0.654487688642 0.6 0.8 0.778935185185 0.536363636364
0.693407466243 0.6 0.833333333333 0.810185185185 0.568595041322
0.945194598888 0.6 1.0 1.0 1.0
0.938840349484 0.8 1.0 0.96875 0.967768595041
0.68149324861 0.8 0.666666666667 0.484953703704 0.507438016529
0.675138999206 1.0 0.633333333333 0.456018518519 0.456198347107
0.565528196982 0.8 0.633333333333 0.583333333333 0.47520661157
0.582208101668 1.0 0.633333333333 0.583333333333 0.47520661157
0.43764892772 0.8 0.4 0.168981481481 0.0925619834711
0.447974583002 0.6 0.466666666667 0.282407407407 0.211570247934
0.447974583002 0.6 0.466666666667 0.282407407407 0.211570247934
0.43764892772 0.8 0.4 0.168981481481 0.0925619834711
0.893566322478 0.2 0.866666666667 0.74537037037 0.786776859504
0.867355043685 0.2 0.766666666667 0.631944444444 0.667768595041
0.664019062748 0.8 0.733333333333 0.583333333333 0.57520661157
0.59253375695 0.4 0.666666666667 0.552083333333 0.542975206612
0.582208101668 0.6 0.6 0.438657407407 0.423966942149
0.653693407466 1.0 0.666666666667 0.469907407407 0.456198347107
0.882446386021 0.4 0.866666666667 0.950231481481 0.767768595041
0.849880857824 0.2 0.833333333333 0.950231481481 0.767768595041
0.575853852264 0.6 0.7 0.696759259259 0.594214876033
0.575853852264 0.6 0.7 0.696759259259 0.594214876033
0.854646544877 0.2 0.833333333333 0.71412037037 0.754545454545
0.828435266084 0.2 0.733333333333 0.600694444444 0.635537190083
0.69579030977 0.2 0.633333333333 0.398148148148 0.438842975207
0.656870532168 0.2 0.6 0.366898148148 0.406611570248
0.482922954726 0.6 0.5 0.461805555556 0.266115702479
0.482922954726 0.6 0.5 0.461805555556 0.266115702479
0.652899126291 0.4 0.766666666667 0.805555555556 0.635537190083
0.652899126291 0.4 0.766666666667 0.805555555556 0.635537190083
0.42176330421 0.6 0.366666666667 0.168981481481 0.0925619834711
0.447974583002 0.6 0.466666666667 0.282407407407 0.211570247934
0.68149324861 0.8 0.766666666667 0.721064814815 0.567768595041
0.68149324861 0.8 0.766666666667 0.721064814815 0.567768595041
1.0 0.8 1.0 0.938657407407 0.85041322314
0.989674344718 1.0 0.933333333333 0.825231481481 0.731404958678
0.447974583002 0.6 0.466666666667 0.282407407407 0.211570247934
0.447974583002 0.6 0.466666666667 0.282407407407 0.211570247934
0.575853852264 0.6 0.7 0.696759259259 0.594214876033
0.614773629865 0.6 0.733333333333 0.728009259259 0.626446280992
0.66719618745 0.0 0.666666666667 0.480324074074 0.525619834711
0.706115965052 0.0 0.7 0.511574074074 0.557851239669
0.575853852264 0.6 0.7 0.696759259259 0.594214876033
0.647339158062 1.0 0.766666666667 0.728009259259 0.626446280992
0.867355043685 0.6 0.766666666667 0.571759259259 0.437190082645
0.84511517077 0.0 0.8 0.685185185185 0.556198347107
0.486894360604 0.6 0.5 0.313657407407 0.243801652893
0.447974583002 0.6 0.466666666667 0.282407407407 0.211570247934
0.480540111199 1.0 0.5 0.282407407407 0.211570247934
0.519459888801 1.0 0.533333333333 0.313657407407 0.243801652893
0.42176330421 0.6 0.366666666667 0.168981481481 0.0925619834711
0.42176330421 0.6 0.366666666667 0.168981481481 0.0925619834711
0.68149324861 0.8 0.766666666667 0.721064814815 0.567768595041
0.659253375695 0.8 0.7 0.69212962963 0.51652892562
0.899126290707 0.8 0.9 0.841435185185 0.561983471074
0.899126290707 0.8 0.9 0.841435185185 0.561983471074
0.775218427323 0.4 0.733333333333 0.605324074074 0.486776859504
0.823669579031 0.6 0.8 0.78125 0.712396694215
0.515488482923 1.0 0.5 0.229166666667 0.176033057851
0.515488482923 1.0 0.5 0.229166666667 0.176033057851
0.575853852264 0.6 0.7 0.696759259259 0.594214876033
0.575853852264 0.6 0.7 0.696759259259 0.594214876033
0.486894360604 0.6 0.5 0.313657407407 0.243801652893
0.486894360604 0.6 0.5 0.313657407407 0.243801652893
0.752184273233 0.2 0.733333333333 0.75 0.680165289256
0.817315329627 0.2 0.866666666667 0.894675925926 0.831404958678
0.664019062748 0.8 0.733333333333 0.583333333333 0.57520661157
0.631453534551 0.4 0.7 0.583333333333 0.57520661157
0.689436060365 0.6 0.8 0.725694444444 0.500826446281
0.683081810961 0.8 0.766666666667 0.696759259259 0.44958677686
