0.770068807339 0.0 0.871794871795 0.688607594937 0.795157068063
0.796444954128 0.0 0.871794871795 0.804219409283 0.926701570681
0.559633027523 0.0 0.692307692308 0.594936708861 0.659031413613
0.821100917431 0.0 0.846153846154 0.655696202532 0.821989528796
0.641055045872 0.0 0.769230769231 0.645569620253 0.706806282723
0.67373853211 0.0 0.74358974359 0.616033755274 0.723821989529
0.745412844037 0.0 0.769230769231 0.666666666667 0.816753926702
0.818233944954 0.0 0.897435897436 0.756962025316 0.850785340314
0.90997706422 0.0 0.871794871795 0.715611814346 0.92277486911
0.595183486239 0.0 0.717948717949 0.57552742616 0.61780104712
0.861811926606 0.0 0.923076923077 0.789873417722 0.891361256545
0.500573394495 0.0 0.615384615385 0.556962025316 0.601439790576
0.779816513761 0.0 0.820512820513 0.711392405063 0.824607329843
0.876146788991 0.0 0.923076923077 0.801687763713 0.908376963351
0.774655963303 0.0 0.794871794872 0.647257383966 0.777486910995
0.386467889908 0.0 0.487179487179 0.366244725738 0.413612565445
0.675458715596 0.0 0.717948717949 0.664978902954 0.76832460733
0.409403669725 0.0 0.435897435897 0.177215189873 0.291230366492
0.682339449541 0.0 0.794871794872 0.765400843882 0.791230366492
0.740252293578 0.0 0.794871794872 0.708016877637 0.787958115183
0.377866972477 0.0 0.435897435897 0.232911392405 0.308246073298
0.844610091743 0.0 0.871794871795 0.725738396624 0.829188481675
0.615252293578 0.0 0.692307692308 0.6194092827 0.668848167539
0.754013761468 0.0 0.846153846154 0.748523206751 0.780759162304
0.827408256881 0.0 0.897435897436 0.86582278481 0.920157068063
0.838876146789 0.0 0.923076923077 0.82447257384 0.864528795812
0.447247706422 0.0 0.461538461538 0.22447257384 0.333769633508
0.529243119266 0.0 0.589743589744 0.459071729958 0.517670157068
0.857224770642 0.0 0.846153846154 0.626160337553 0.753926701571
0.705848623853 0.0 0.74358974359 0.496202531646 0.573952879581
0.799885321101 0.0 0.846153846154 0.762025316456 0.830497382199
0.897935779817 0.0 0.923076923077 0.843037974684 0.931282722513
0.393348623853 0.0 0.435897435897 0.281012658228 0.351439790576
0.686353211009 0.0 0.74358974359 0.691983122363 0.746073298429
0.876146788991 0.0 0.923076923077 0.783966244726 0.847513089005
0.588876146789 0.0 0.589743589744 0.440506329114 0.546465968586
0.734518348624 0.0 0.794871794872 0.73417721519 0.780104712042
0.482798165138 0.0 0.538461538462 0.398312236287 0.446989528796
0.453555045872 0.0 0.564102564103 0.469198312236 0.462696335079
0.574541284404 0.0 0.589743589744 0.49029535865 0.578534031414
0.619839449541 0.0 0.74358974359 0.680168776371 0.659031413613
0.65252293578 0.0 0.692307692308 0.588185654008 0.648560209424
0.716743119266 0.0 0.769230769231 0.737552742616 0.784685863874
0.497133027523 0.0 0.564102564103 0.458227848101 0.490183246073
0.36123853211 0.0 0.410256410256 0.291983122363 0.341623036649
0.790137614679 0.0 0.794871794872 0.705485232068 0.795811518325
0.518348623853 0.0 0.538461538462 0.478481012658 0.552356020942
0.522362385321 0.0 0.564102564103 0.410126582278 0.461387434555
0.577981651376 0.0 0.615384615385 0.557805907173 0.613219895288
0.50745412844 0.0 0.512820512821 0.296202531646 0.379581151832
0.555619266055 0.0 0.538461538462 0.371308016878 0.475785340314
0.655963302752 0.0 0.641025641026 0.428691983122 0.530104712042
0.384747706422 0.0 0.435897435897 0.274261603376 0.30890052356
0.790788446526 0.0 0.838709677419 0.676180021954 0.713618677043
0.514908256881 0.0 0.641025641026 0.64388185654 0.602748691099
0.463302752294 0.0 0.589743589744 0.544303797468 0.502617801047
0.636467889908 0.0 0.641025641026 0.405063291139 0.484293193717
0.434059633028 0.0 0.461538461538 0.308016877637 0.36387434555
0.807181889149 0.0 0.838709677419 0.691547749726 0.739299610895
0.70126146789 0.0 0.666666666667 0.483544303797 0.596204188482
0.355504587156 0.0 0.435897435897 0.301265822785 0.298429319372
0.33371559633 0.0 0.358974358974 0.185654008439 0.237565445026
0.833723653396 0.0 0.838709677419 0.667398463227 0.738521400778
0.424311926606 0.0 0.487179487179 0.347679324895 0.359293193717
0.594036697248 0.0 0.641025641026 0.515611814346 0.542539267016
0.573394495413 0.0 0.564102564103 0.463291139241 0.546465968586
0.764908256881 0.0 0.74358974359 0.539240506329 0.63219895288
0.48623853211 0.0 0.487179487179 0.322362869198 0.391361256545
0.670298165138 0.0 0.769230769231 0.777215189873 0.748036649215
0.560779816514 0.0 0.641025641026 0.582278481013 0.571335078534
0.377293577982 0.0 0.384615384615 0.161181434599 0.221858638743
0.354931192661 0.0 0.384615384615 0.201687763713 0.238219895288
0.713505074161 0.0 0.806451612903 0.768386388584 0.741634241245
0.725344036697 0.0 0.820512820513 0.745991561181 0.71335078534
0.94495412844 0.0 0.923076923077 0.767932489451 0.852094240838
0.711943793911 0.0 0.774193548387 0.680570801317 0.677821011673
0.764334862385 0.0 0.794871794872 0.671729957806 0.700261780105
0.744266055046 0.0 0.74358974359 0.577215189873 0.636780104712
0.482224770642 0.0 0.461538461538 0.212658227848 0.291884816754
0.422018348624 0.0 0.461538461538 0.256540084388 0.275523560209
0.85378440367 0.0 0.923076923077 0.882700421941 0.871727748691
0.565366972477 0.0 0.615384615385 0.464135021097 0.471858638743
0.795472287276 0.0 0.870967741935 0.781558726674 0.763424124514
0.754098360656 0.0 0.774193548387 0.688254665203 0.725291828794
0.397362385321 0.0 0.512820512821 0.437130801688 0.376963350785
0.371559633028 0.0 0.461538461538 0.376371308017 0.341623036649
0.442087155963 0.0 0.487179487179 0.356962025316 0.366492146597
0.749414519906 0.0 0.774193548387 0.613611416026 0.64046692607
0.374426605505 0.0 0.358974358974 0.207594936709 0.273560209424
0.765807962529 0.0 0.838709677419 0.804610318332 0.781322957198
0.422018348624 0.0 0.538461538462 0.524050632911 0.454842931937
0.334862385321 0.0 0.384615384615 0.313080168776 0.310209424084
0.621389539422 0.0 0.645161290323 0.439077936334 0.461478599222
0.660550458716 0.0 0.666666666667 0.503797468354 0.542539267016
0.66719618745 0.0 0.666666666667 0.480324074074 0.525619834711
0.466169724771 0.0 0.487179487179 0.394092827004 0.417539267016
0.647150663544 0.0 0.645161290323 0.497255762898 0.543190661479
0.376146788991 0.0 0.358974358974 0.203375527426 0.264397905759
0.88130733945 0.142857142857 0.974358974359 0.870886075949 0.96335078534
0.431766055046 0.0 0.461538461538 0.301265822785 0.313481675393
0.676605504587 0.0 0.666666666667 0.610970464135 0.662303664921
0.414564220183 0.0 0.461538461538 0.359493670886 0.353403141361
0.752293577982 0.0 0.846153846154 0.772151898734 0.718586387435
0.706115965052 0.0 0.7 0.511574074074 0.557851239669
0.760343481655 0.0 0.774193548387 0.639956092206 0.666147859922
0.559633027523 0.0 0.538461538462 0.340084388186 0.399869109948
0.535550458716 0.0 0.641025641026 0.583122362869 0.515706806283
0.682279469165 0.0 0.677419354839 0.497255762898 0.537743190661
0.404816513761 0.0 0.384615384615 0.17552742616 0.230366492147
0.540137614679 0.0 0.666666666667 0.648101265823 0.556282722513
0.793911007026 0.0 0.806451612903 0.803512623491 0.824124513619
0.446100917431 0.0 0.487179487179 0.330801687764 0.322643979058
0.72131147541 0.0 0.709677419355 0.519209659715 0.563424124514
0.469036697248 0.0 0.435897435897 0.295358649789 0.360602094241
0.948967889908 0.0 0.948717948718 0.860759493671 0.892670157068
0.964090554254 0.0 0.967741935484 0.935236004391 0.96186770428
0.760343481655 0.0 0.806451612903 0.658616904501 0.64280155642
0.733021077283 0.0 0.774193548387 0.71020856202 0.698832684825
0.405963302752 0.0 0.358974358974 0.172995780591 0.246073298429
0.682279469165 0.0 0.774193548387 0.695938529089 0.630350194553
0.445527522936 0.0 0.512820512821 0.451476793249 0.409685863874
0.76112412178 0.0 0.709677419355 0.506037321625 0.582101167315
0.370986238532 0.0 0.410256410256 0.264135021097 0.248691099476
0.740827478532 0.0 0.774193548387 0.693743139407 0.684046692607
0.733801717408 0.0 0.709677419355 0.54006586169 0.587548638132
0.729117876659 0.0 0.709677419355 0.522502744237 0.564980544747
0.665105386417 0.0 0.741935483871 0.669593852909 0.615564202335
0.676034348165 0.0 0.645161290323 0.477497255763 0.530739299611
0.749414519906 0.0 0.774193548387 0.703622392975 0.701167315175
0.826697892272 0.0 0.838709677419 0.772777167947 0.782879377432
0.852459016393 0.0 0.806451612903 0.643249176729 0.711284046693
0.862607338017 0.0 0.903225806452 0.807903402854 0.789105058366
0.600917431193 0.0 0.589743589744 0.4194092827 0.45222513089
0.462729357798 0.0 0.487179487179 0.335864978903 0.331151832461
0.608371559633 0.0 0.641025641026 0.478481012658 0.465314136126
0.656518345043 0.0 0.645161290323 0.467618002195 0.498054474708
0.697892271663 0.0 0.645161290323 0.463227222832 0.533852140078
0.892775229358 0.0 0.948717948718 0.984810126582 0.946335078534
0.345756880734 0.0 0.384615384615 0.293670886076 0.271596858639
0.710382513661 0.0 0.709677419355 0.581778265642 0.598443579767
0.807181889149 0.0 0.870967741935 0.862788144896 0.813229571984
0.495986238532 0.0 0.564102564103 0.448101265823 0.39332460733
0.757220921155 0.0 0.774193548387 0.708013172338 0.702723735409
0.846994535519 0.0 0.870967741935 0.780461031833 0.767315175097
0.935206869633 0.0 0.935483870968 0.90779363337 0.918287937743
0.349197247706 0.0 0.410256410256 0.281856540084 0.230366492147
0.943013270882 0.0 0.935483870968 0.845225027442 0.862256809339
0.768149882904 0.0 0.741935483871 0.569703622393 0.6046692607
0.321674311927 0.0 0.358974358974 0.286075949367 0.256544502618
0.993754879001 0.0 1.0 1.0 1.0
0.968774395004 0.0 0.935483870968 0.840834248079 0.880155642023
0.750975800156 0.0 0.741935483871 0.544456641054 0.55953307393
0.765027322404 0.0 0.741935483871 0.645444566411 0.673929961089
0.757220921155 0.0 0.741935483871 0.596048298573 0.616342412451
0.832943013271 0.0 0.838709677419 0.772777167947 0.771206225681
0.815768930523 0.0 0.806451612903 0.634467618002 0.647470817121
0.468463302752 0.0 0.487179487179 0.297890295359 0.282068062827
0.325114678899 0.0 0.358974358974 0.216877637131 0.185863874346
0.722092115535 0.0 0.741935483871 0.649835345774 0.632684824903
0.725995316159 0.0 0.741935483871 0.649835345774 0.636575875486
0.702576112412 0.0 0.741935483871 0.645444566411 0.608560311284
0.370986238532 0.0 0.384615384615 0.254008438819 0.242146596859
0.839968774395 0.0 0.806451612903 0.69703622393 0.732295719844
0.822014051522 0.0 0.870967741935 0.785949506037 0.738521400778
0.547591743119 0.142857142857 0.641025641026 0.51223628692 0.561518324607
0.711943793911 0.0 0.709677419355 0.54006586169 0.541634241245
0.649492583919 0.0 0.677419354839 0.56641053787 0.537743190661
0.728337236534 0.0 0.741935483871 0.643249176729 0.628793774319
0.879781420765 0.0 0.903225806452 0.824368825467 0.8
0.355504587156 0.0 0.358974358974 0.167088607595 0.162303664921
0.872755659641 0.0 0.838709677419 0.71020856202 0.742412451362
0.774395003903 0.0 0.838709677419 0.810098792536 0.742412451362
0.825136612022 0.0 0.838709677419 0.738748627881 0.720622568093
0.765807962529 0.0 0.741935483871 0.541163556531 0.560311284047
0.8024980484 0.0 0.870967741935 0.82875960483 0.755642023346
0.788446526151 0.0 0.806451612903 0.720087815587 0.696498054475
0.865729898517 0.0 0.903225806452 0.913282107574 0.870038910506
0.693208430913 0.0 0.677419354839 0.542261251372 0.551750972763
0.768149882904 0.0 0.774193548387 0.705817782656 0.693385214008
0.708821233411 0.0 0.774193548387 0.721185510428 0.649027237354
0.692427790788 0.0 0.709677419355 0.55323819978 0.529182879377
0.685402029664 0.0 0.677419354839 0.5268935236 0.527626459144
0.849336455894 0.0 0.903225806452 0.864983534577 0.803891050584
0.75956284153 0.0 0.806451612903 0.704720087816 0.650583657588
0.411123853211 0.0 0.358974358974 0.150210970464 0.194371727749
0.811865729899 0.0 0.838709677419 0.785949506037 0.750972762646
0.697892271663 0.0 0.645161290323 0.477497255763 0.52140077821
0.934426229508 0.0 0.838709677419 0.659714599341 0.746303501946
0.804839968774 0.0 0.838709677419 0.833150384193 0.789883268482
0.745511319282 0.0 0.806451612903 0.779363336992 0.708171206226
0.792349726776 0.0 0.774193548387 0.597145993414 0.6046692607
0.755659640906 0.0 0.774193548387 0.766190998902 0.735408560311
0.320527522936 0.0 0.333333333333 0.191561181435 0.166230366492
0.811865729899 0.0 0.838709677419 0.726673984632 0.687159533074
0.92193598751 0.0 0.870967741935 0.837541163557 0.875486381323
0.816549570648 0.0 0.774193548387 0.613611416026 0.64280155642
0.832162373146 0.0 0.870967741935 0.822173435785 0.769649805447
0.751756440281 0.0 0.838709677419 0.844127332602 0.743190661479
0.88056206089 0.0 0.903225806452 0.850713501647 0.812451361868
0.808743169399 0.0 0.838709677419 0.787047200878 0.740077821012
