0.670703575548 0.0 0.74358974359 0.610141313383 0.736469072165
0.77508650519 0.0 0.846153846154 0.73566084788 0.849871134021
0.483852364475 0.0 0.564102564103 0.370739817124 0.471649484536
0.833333333333 0.0 0.871794871795 0.774729842062 0.907216494845
0.667243367935 0.0 0.692307692308 0.478802992519 0.617268041237
0.735870818916 0.0 0.794871794872 0.616791354946 0.719716494845
0.778546712803 0.0 0.846153846154 0.77140482128 0.860180412371
0.645905420992 0.0 0.717948717949 0.560266001663 0.64368556701
0.758938869666 0.0 0.846153846154 0.786367414796 0.850515463918
0.62399077278 0.0 0.692307692308 0.576059850374 0.655283505155
0.595732410611 0.0 0.641025641026 0.501246882793 0.59793814433
0.599192618224 0.0 0.615384615385 0.4821280133 0.601159793814
0.460207612457 0.0 0.487179487179 0.311720698254 0.419458762887
0.656862745098 0.0 0.74358974359 0.629260182876 0.677190721649
0.703575547866 0.0 0.794871794872 0.704073150457 0.747422680412
0.769319492503 0.0 0.820512820513 0.722360764755 0.80412371134
0.579584775087 0.0 0.666666666667 0.598503740648 0.644329896907
0.673010380623 0.0 0.769230769231 0.625103906899 0.661726804124
0.603806228374 0.0 0.717948717949 0.634247714048 0.65206185567
0.60553633218 0.0 0.641025641026 0.441396508728 0.536082474227
0.589388696655 0.0 0.666666666667 0.544472152951 0.594072164948
0.80276816609 0.0 0.846153846154 0.694929343308 0.778350515464
0.432525951557 0.0 0.461538461538 0.305070656692 0.399484536082
0.848327566321 0.0 0.923076923077 0.886949293433 0.932989690722
0.528835063437 0.0 0.615384615385 0.532834580216 0.567010309278
0.580738177624 0.0 0.589743589744 0.500415627598 0.611469072165
0.464821222607 0.0 0.589743589744 0.510390689942 0.505154639175
0.712226066897 0.0 0.717948717949 0.606816292602 0.717139175258
0.72029988466 0.0 0.717948717949 0.577722360765 0.69587628866
0.530565167243 0.0 0.641025641026 0.554447215295 0.558634020619
0.727797001153 0.0 0.717948717949 0.528678304239 0.650128865979
0.620530565167 0.0 0.74358974359 0.660847880299 0.648840206186
0.843137254902 0.0 0.897435897436 0.822942643392 0.877577319588
0.654555940023 0.0 0.717948717949 0.699085619285 0.740335051546
0.434256055363 0.0 0.487179487179 0.34995843724 0.401417525773
0.643021914648 0.0 0.641025641026 0.492103075644 0.596649484536
0.505190311419 0.0 0.615384615385 0.472152950956 0.460051546392
0.780276816609 0.0 0.871794871795 0.769742310889 0.775128865979
0.421568627451 0.0 0.538461538462 0.474646716542 0.453608247423
0.58708189158 0.0 0.589743589744 0.417290108063 0.50837628866
0.537485582468 0.0 0.538461538462 0.45885286783 0.551546391753
0.551903114187 0.0 0.538461538462 0.344970906068 0.451030927835
0.728373702422 0.0 0.74358974359 0.585203657523 0.661082474227
0.442329873126 0.0 0.435897435897 0.282626766417 0.380154639175
0.476355247982 0.0 0.538461538462 0.404821280133 0.433634020619
0.600346020761 0.0 0.641025641026 0.447215295096 0.497422680412
0.753171856978 0.0 0.846153846154 0.817955112219 0.815077319588
0.440599769319 0.0 0.487179487179 0.28927680798 0.32925257732
0.535178777393 0.0 0.487179487179 0.338320864505 0.470360824742
0.562283737024 0.0 0.666666666667 0.63923524522 0.618556701031
0.717416378316 0.0 0.820512820513 0.708229426434 0.688788659794
0.560553633218 0.0 0.538461538462 0.338320864505 0.443943298969
0.66032295271 0.125 0.74358974359 0.615960099751 0.740979381443
0.382352941176 0.0 0.461538461538 0.320033250208 0.319587628866
0.609573241061 0.0 0.666666666667 0.5893599335 0.609536082474
0.700115340254 0.0 0.641025641026 0.492103075644 0.628221649485
0.403114186851 0.0 0.512820512821 0.429758935993 0.39368556701
0.679354094579 0.0 0.769230769231 0.714879467997 0.698453608247
0.571510957324 0.0 0.564102564103 0.363258520366 0.443943298969
0.543252595156 0.0 0.564102564103 0.364921030756 0.414304123711
0.594002306805 0.0 0.589743589744 0.376558603491 0.449742268041
0.783737024221 0.0 0.820512820513 0.670822942643 0.702319587629
0.401384083045 0.0 0.461538461538 0.351620947631 0.358891752577
0.896770472895 0.0 0.897435897436 0.876974231089 0.943298969072
0.632064590542 0.0 0.589743589744 0.358270989194 0.465206185567
0.444059976932 0.0 0.487179487179 0.317539484622 0.336984536082
0.844867358708 0.0 0.897435897436 0.955943474647 0.963273195876
0.395040369089 0.0 0.487179487179 0.424771404821 0.391108247423
0.42675893887 0.0 0.461538461538 0.279301745636 0.301546391753
0.873702422145 0.0 0.923076923077 0.881130507066 0.887886597938
0.829873125721 0.125 0.897435897436 0.838736492103 0.947164948454
0.348327566321 0.0 0.410256410256 0.30174563591 0.288659793814
0.400230680507 0.0 0.435897435897 0.304239401496 0.315077319588
0.404267589389 0.0 0.384615384615 0.210307564422 0.273840206186
0.488465974625 0.0 0.564102564103 0.509559434746 0.476159793814
0.638985005767 0.0 0.666666666667 0.539484621779 0.553479381443
0.584735576923 0.0 0.702702702703 0.762962962963 0.685990338164
0.814878892734 0.0 0.897435897436 0.875311720698 0.831829896907
0.438292964245 0.0 0.564102564103 0.569409808811 0.481958762887
1.0 0.0 0.974358974359 0.870324189526 0.933634020619
0.747981545559 0.0 0.820512820513 0.816292601829 0.780927835052
0.41291810842 0.0 0.487179487179 0.437240232751 0.400128865979
0.61937716263 0.0 0.692307692308 0.627597672485 0.590206185567
0.57785467128 0.0 0.692307692308 0.664172901081 0.585051546392
0.396193771626 0.0 0.384615384615 0.159600997506 0.205541237113
0.391003460208 0.0 0.435897435897 0.295926849543 0.284793814433
0.643021914648 0.0 0.666666666667 0.517040731505 0.522551546392
0.37600922722 0.0 0.384615384615 0.278470490441 0.297036082474
0.9723183391 0.0 0.974358974359 0.876142975894 0.900773195876
0.741637831603 0.125 0.794871794872 0.65170407315 0.75
0.416955017301 0.0 0.410256410256 0.273482959268 0.306701030928
0.475961538462 0.0 0.513513513514 0.395767195767 0.383712905452
0.549019607843 0.0 0.538461538462 0.327514546966 0.362113402062
0.516147635525 0.0 0.461538461538 0.262676641729 0.33956185567
0.409457900807 0.0 0.435897435897 0.294264339152 0.289948453608
0.62860438293 0.0 0.666666666667 0.413133832086 0.394974226804
0.469434832757 0.0 0.435897435897 0.247714048213 0.300902061856
0.5859375 0.0 0.621621621622 0.529100529101 0.512077294686
0.583533653846 0.0 0.594594594595 0.499470899471 0.506556245687
0.332179930796 0.0 0.384615384615 0.272651704073 0.232603092784
0.349480968858 0.0 0.333333333333 0.187863674148 0.215850515464
0.484975961538 0.0 0.486486486486 0.396825396825 0.405797101449
0.683967704729 0.0 0.641025641026 0.433083956775 0.485180412371
0.854671280277 0.125 0.871794871795 0.757273482959 0.873067010309
0.340830449827 0.0 0.358974358974 0.246051537822 0.234536082474
0.682814302191 0.125 0.769230769231 0.72319201995 0.766108247423
0.588341346154 0.0 0.621621621622 0.58835978836 0.55900621118
0.761822376009 0.125 0.820512820513 0.688279301746 0.757087628866
0.658592848904 0.125 0.641025641026 0.463009143807 0.607603092784
0.693194925029 0.125 0.769230769231 0.68744804655 0.737757731959
0.548076923077 0.0 0.648648648649 0.653968253968 0.552795031056
0.557091346154 0.0 0.648648648649 0.657142857143 0.563837129055
0.389273356401 0.0 0.435897435897 0.31421446384 0.265463917526
0.552884615385 0.0 0.621621621622 0.631746031746 0.558316080055
0.811418685121 0.125 0.871794871795 0.797173732336 0.854381443299
0.726066897347 0.0 0.666666666667 0.452202826268 0.503865979381
0.569110576923 0.0 0.621621621622 0.62328042328 0.56176673568
0.650519031142 0.125 0.717948717949 0.679135494597 0.727448453608
0.638822115385 0.0 0.702702702703 0.674074074074 0.600414078675
0.472895040369 0.0 0.461538461538 0.226101413134 0.224871134021
0.825259515571 0.125 0.871794871795 0.781379883624 0.845360824742
0.416378316032 0.0 0.410256410256 0.211970074813 0.203608247423
0.548076923077 0.0 0.621621621622 0.632804232804 0.543133195307
0.621683967705 0.125 0.615384615385 0.413965087282 0.528994845361
0.600961538462 0.0 0.621621621622 0.643386243386 0.605935127674
0.547475961538 0.0 0.594594594595 0.57671957672 0.512077294686
0.795271049596 0.125 0.769230769231 0.680798004988 0.813144329897
0.371972318339 0.0 0.333333333333 0.137988362427 0.158505154639
0.80329218107 0.0 0.896551724138 0.978596908442 0.866732477789
0.624399038462 0.0 0.648648648649 0.628571428571 0.585231193927
0.762962962963 0.0 0.862068965517 0.946492271106 0.828232971372
0.596754807692 0.0 0.621621621622 0.564021164021 0.51966873706
0.643028846154 0.0 0.72972972973 0.830687830688 0.723947550035
0.329873125721 0.0 0.358974358974 0.239401496259 0.188144329897
0.584735576923 0.0 0.621621621622 0.575661375661 0.516218081435
0.591346153846 0.0 0.675675675676 0.680423280423 0.570048309179
0.454440599769 0.0 0.410256410256 0.244389027431 0.262242268041
0.690504807692 0.0 0.675675675676 0.665608465608 0.652864044168
0.58708189158 0.125 0.564102564103 0.399002493766 0.518041237113
0.595552884615 0.0 0.648648648649 0.643386243386 0.56038647343
0.560096153846 0.0 0.675675675676 0.760846560847 0.614906832298
0.46875 0.0 0.513513513514 0.437037037037 0.361628709455
0.6875 0.0 0.702702702703 0.716402116402 0.670117322291
0.642427884615 0.0 0.675675675676 0.681481481481 0.616977225673
0.611303344867 0.125 0.692307692308 0.622610141313 0.635309278351
0.556490384615 0.0 0.621621621622 0.647619047619 0.550034506556
0.333910034602 0.0 0.307692307692 0.15544472153 0.148840206186
0.524639423077 0.0 0.540540540541 0.52380952381 0.474810213941
0.349480968858 0.0 0.333333333333 0.185369908562 0.168170103093
0.5625 0.0 0.621621621622 0.632804232804 0.538992408558
0.545673076923 0.0 0.594594594595 0.604232804233 0.520358868185
0.564903846154 0.0 0.648648648649 0.716402116402 0.597653554175
0.624399038462 0.0 0.702702702703 0.844444444444 0.730848861284
0.596153846154 0.0 0.648648648649 0.707936507937 0.619737750173
0.594350961538 0.0 0.72972972973 0.844444444444 0.672877846791
0.5234375 0.0 0.594594594595 0.592592592593 0.484472049689
0.530649038462 0.0 0.594594594595 0.626455026455 0.524499654934
0.449250288351 0.0 0.384615384615 0.195344970906 0.221649484536
0.639423076923 0.0 0.648648648649 0.633862433862 0.585231193927
0.479815455594 0.0 0.461538461538 0.218620116376 0.195231958763
0.716947115385 0.0 0.702702702703 0.710052910053 0.68253968254
0.542668269231 0.0 0.540540540541 0.511111111111 0.470669427191
0.5625 0.0 0.648648648649 0.65291005291 0.52380952381
0.477163461538 0.0 0.594594594595 0.633862433862 0.473429951691
0.669471153846 0.0 0.72972972973 0.77671957672 0.672187715666
0.631610576923 0.0 0.594594594595 0.550264550265 0.542443064182
0.909457900807 0.125 0.948717948718 0.9285120532 0.969072164948
0.868512110727 0.125 0.923076923077 0.912718204489 0.9375
0.621394230769 0.0 0.567567567568 0.49417989418 0.502415458937
0.645432692308 0.0 0.702702702703 0.716402116402 0.613526570048
0.530048076923 0.0 0.621621621622 0.693121693122 0.555555555556
0.628004807692 0.0 0.702702702703 0.750264550265 0.629399585921
0.544471153846 0.0 0.594594594595 0.608465608466 0.512077294686
0.614182692308 0.0 0.594594594595 0.529100529101 0.502415458937
0.501153402537 0.0 0.512820512821 0.315045719036 0.256443298969
0.561899038462 0.0 0.648648648649 0.710052910053 0.575569358178
0.611177884615 0.0 0.756756756757 0.926984126984 0.733609385783
0.529488859764 0.111111111111 0.555555555556 0.381128584644 0.417372881356
0.591947115385 0.0 0.675675675676 0.741798941799 0.608695652174
0.569110576923 0.0 0.594594594595 0.550264550265 0.474810213941
0.530048076923 0.0 0.594594594595 0.648677248677 0.534161490683
0.550480769231 0.0 0.594594594595 0.551322751323 0.456866804693
0.582932692308 0.0 0.648648648649 0.700529100529 0.583160800552
0.352364475202 0.0 0.282051282051 0.0922693266833 0.110180412371
0.521033653846 0.0 0.567567567568 0.572486772487 0.472739820566
0.692908653846 0.0 0.72972972973 0.77671957672 0.686680469289
0.615985576923 0.0 0.675675675676 0.760846560847 0.647342995169
0.555288461538 0.0 0.621621621622 0.666666666667 0.545893719807
0.585336538462 0.0 0.594594594595 0.565079365079 0.500345065562
0.686298076923 0.0 0.756756756757 0.887830687831 0.761904761905
0.582331730769 0.0 0.675675675676 0.772486772487 0.623188405797
0.538461538462 0.0 0.540540540541 0.520634920635 0.462387853692
0.528846153846 0.0 0.513513513514 0.491005291005 0.449275362319
0.652644230769 0.0 0.72972972973 0.880423280423 0.746031746032
0.704152249135 0.125 0.692307692308 0.602660016625 0.681701030928
0.751441753172 0.125 0.794871794872 0.759767248545 0.783505154639
0.588341346154 0.0 0.621621621622 0.661375661376 0.570048309179
0.682692307692 0.0 0.702702702703 0.701587301587 0.622498274672
0.536057692308 0.0 0.567567567568 0.537566137566 0.446514837819
0.541466346154 0.0 0.594594594595 0.62962962963 0.51690821256
