0.597588545592 0.210526315789 0.633333333333 0.494516450648 0.452999104745
0.597588545592 0.210526315789 0.633333333333 0.494516450648 0.452999104745
0.836473247928 0.105263157895 0.8 0.598205383848 0.54521038496
0.83421250942 0.105263157895 0.8 0.646061814556 0.563115487914
0.786737000754 0.263157894737 0.9 0.654037886341 0.794091316025
0.864355689525 0.842105263158 0.933333333333 0.794616151545 0.824529991047
0.747550866616 0.210526315789 0.766666666667 0.686939182453 0.622202327663
0.798794272796 0.421052631579 0.766666666667 0.555333998006 0.692927484333
0.930670685757 0.421052631579 0.933333333333 0.848454636092 0.806624888093
0.654860587792 0.157894736842 0.6 0.415752741775 0.444046553268
0.730972117558 0.368421052632 0.7 0.65702891326 0.652641002686
0.730972117558 0.368421052632 0.7 0.65702891326 0.652641002686
0.663903541824 0.315789473684 0.633333333333 0.500498504487 0.490599820949
0.596081386586 0.105263157895 0.566666666667 0.473579262213 0.455684870188
0.724189902035 0.315789473684 0.733333333333 0.55333998006 0.634735899731
0.823662396383 0.578947368421 0.866666666667 0.714855433699 0.749328558639
0.576488319518 0.210526315789 0.633333333333 0.541375872383 0.575649059982
0.932177844763 0.263157894737 0.833333333333 0.633100697906 0.695613249776
0.668425018839 0.210526315789 0.733333333333 0.51146560319 0.543419874664
0.63149962321 0.210526315789 0.7 0.484546360917 0.508504923903
0.837980406933 0.315789473684 0.833333333333 0.589232303091 0.810205908684
0.756593820648 0.421052631579 0.766666666667 0.450648055833 0.70993733214
0.691032403919 0.105263157895 0.833333333333 0.742771684945 0.898836168308
0.629238884702 0.210526315789 0.6 0.572283150548 0.469113697404
0.899020346647 0.105263157895 0.9 0.874376869392 0.868397493286
0.899020346647 0.105263157895 0.9 0.874376869392 0.868397493286
0.831198191409 0.842105263158 0.8 0.550348953141 0.750223813787
0.792012057272 0.842105263158 0.8 0.536390827517 0.707251566697
0.749811605124 0.105263157895 0.8 0.577268195414 0.767233661594
0.749811605124 0.105263157895 0.8 0.577268195414 0.767233661594
0.667671439337 0.368421052632 0.8 0.744765702891 0.605192479857
0.773926149209 0.0 0.766666666667 0.608175473579 0.580125335721
0.689525244913 0.263157894737 0.733333333333 0.70887337986 0.610564010743
0.827430293896 0.526315789474 0.833333333333 0.678963110668 0.806624888093
0.738507912585 0.421052631579 0.733333333333 0.663010967099 0.572068039391
0.847776940467 0.789473684211 0.833333333333 0.706879361914 0.752014324082
0.834966088922 0.315789473684 0.8 0.648055832502 0.782452999105
0.798040693293 0.315789473684 0.766666666667 0.621136590229 0.747538048344
0.549359457423 0.473684210526 0.533333333333 0.354935194417 0.325872873769
0.549359457423 0.473684210526 0.533333333333 0.354935194417 0.325872873769
0.972117558402 0.315789473684 1.0 1.0 0.923008057296
0.873398643557 0.315789473684 0.933333333333 0.787637088734 0.787824529991
0.845516201959 1.0 0.9 0.788634097707 0.754700089526
0.826676714393 0.631578947368 0.866666666667 0.651046859422 0.906893464637
0.825923134891 0.0 0.833333333333 0.728813559322 0.735004476276
0.669932177845 0.0 0.666666666667 0.565304087737 0.501342882722
0.747550866616 0.368421052632 0.8 0.568295114656 0.615040286482
0.747550866616 0.368421052632 0.8 0.568295114656 0.615040286482
0.717407686511 0.0 0.766666666667 0.66999002991 0.652641002686
0.845516201959 1.0 0.866666666667 0.732801595214 0.785138764548
0.727957799548 0.210526315789 0.766666666667 0.666001994018 0.581915846016
0.727957799548 0.210526315789 0.766666666667 0.666001994018 0.581915846016
0.781461944235 0.315789473684 0.833333333333 0.722831505484 0.658012533572
0.64581763376 0.263157894737 0.733333333333 0.630109670987 0.567591763653
0.679728711379 0.421052631579 0.666666666667 0.620139581256 0.385854968666
0.673700075358 0.263157894737 0.733333333333 0.717846460618 0.514771709937
0.788997739261 0.105263157895 0.833333333333 0.635094715852 0.848701880036
0.788997739261 0.105263157895 0.833333333333 0.635094715852 0.848701880036
0.724943481537 0.105263157895 0.7 0.479561316052 0.638316920322
0.755840241145 0.315789473684 0.733333333333 0.479561316052 0.638316920322
0.775433308214 0.263157894737 0.766666666667 0.773678963111 0.710832587287
0.781461944235 0.315789473684 0.733333333333 0.483549351944 0.563115487914
0.868123587038 0.0 0.9 0.801595214357 0.88630259624
0.845516201959 1.0 0.866666666667 0.732801595214 0.785138764548
0.9713639789 0.263157894737 0.9 0.770687936191 0.798567591764
0.9713639789 0.263157894737 0.9 0.770687936191 0.798567591764
0.712886209495 0.263157894737 0.8 0.650049850449 0.623992837959
0.923134890731 0.263157894737 1.0 0.941176470588 0.938227394808
0.738507912585 0.210526315789 0.733333333333 0.616151545364 0.706356311549
0.732479276564 0.263157894737 0.8 0.760717846461 0.700984780662
0.655614167295 0.421052631579 0.7 0.60518444666 0.512085944494
0.655614167295 0.421052631579 0.7 0.60518444666 0.512085944494
0.828183873399 0.105263157895 0.833333333333 0.72482552343 0.785138764548
0.718914845516 0.157894736842 0.633333333333 0.551345962114 0.529991047449
0.799547852298 0.210526315789 0.8 0.713858424726 0.699194270367
0.799547852298 0.210526315789 0.8 0.713858424726 0.699194270367
0.618688771665 0.421052631579 0.666666666667 0.578265204387 0.477170993733
0.637528259231 0.421052631579 0.733333333333 0.651046859422 0.550581915846
0.67143933685 0.157894736842 0.766666666667 0.551345962114 0.605192479857
0.67143933685 0.157894736842 0.766666666667 0.551345962114 0.605192479857
0.67143933685 0.157894736842 0.766666666667 0.551345962114 0.605192479857
0.702336096458 0.368421052632 0.8 0.551345962114 0.605192479857
0.755840241145 0.263157894737 0.8 0.640079760718 0.605192479857
0.865862848531 0.736842105263 0.8 0.597208374875 0.715308863026
0.816880180859 0.526315789474 0.9 0.743768693918 0.801253357207
0.781461944235 0.315789473684 0.733333333333 0.483549351944 0.563115487914
0.973624717408 0.263157894737 0.933333333333 0.787637088734 0.828111011638
0.574981160512 0.263157894737 0.6 0.377866400798 0.282900626679
0.689525244913 0.263157894737 0.733333333333 0.70887337986 0.610564010743
0.973624717408 0.0 1.0 0.885343968096 1.0
0.666164280332 0.105263157895 0.733333333333 0.645064805583 0.769919427037
0.685003767898 0.105263157895 0.8 0.717846460618 0.84333034915
0.937452901281 0.421052631579 0.933333333333 0.915254237288 0.850492390331
0.921627731726 0.368421052632 0.933333333333 0.915254237288 0.850492390331
0.724943481537 0.263157894737 0.733333333333 0.57926221336 0.529991047449
0.712886209495 0.263157894737 0.8 0.650049850449 0.623992837959
0.825169555388 0.210526315789 0.8 0.709870388833 0.67054610564
0.813112283346 0.0 0.833333333333 0.782652043868 0.743957027753
0.83421250942 0.105263157895 0.8 0.646061814556 0.563115487914
0.791258477769 0.210526315789 0.766666666667 0.598205383848 0.655326768129
0.752072343632 0.0 0.666666666667 0.49850448654 0.591763652641
0.709118311982 0.157894736842 0.733333333333 0.560319042871 0.544315129812
0.755840241145 0.210526315789 0.766666666667 0.595214356929 0.689346463742
0.718161266014 0.105263157895 0.766666666667 0.639082751745 0.664279319606
0.721175584024 0.0 0.733333333333 0.600199401795 0.659803043868
0.76563677468 0.263157894737 0.733333333333 0.658025922233 0.587287376902
0.953278070836 0.263157894737 0.9 0.658025922233 0.751119068935
0.700828937453 0.263157894737 0.733333333333 0.703888334995 0.589077887198
0.818387339864 0.210526315789 0.866666666667 0.786640079761 0.77260519248
0.668425018839 0.368421052632 0.733333333333 0.72183449651 0.574753804834
0.755840241145 0.0526315789474 0.833333333333 0.768693918245 0.769919427037
0.632253202713 0.263157894737 0.666666666667 0.573280159521 0.531781557744
0.755840241145 0.368421052632 0.8 0.754735792622 0.781557743957
0.718914845516 0.210526315789 0.733333333333 0.615154536391 0.549686660698
0.806330067822 0.263157894737 0.833333333333 0.692921236291 0.775290957923
0.734740015072 0.263157894737 0.733333333333 0.615154536391 0.549686660698
0.748304446119 0.210526315789 0.8 0.66999002991 0.652641002686
0.781461944235 0.210526315789 0.733333333333 0.538384845464 0.529991047449
0.834966088922 0.315789473684 0.8 0.648055832502 0.782452999105
0.748304446119 0.210526315789 0.8 0.66999002991 0.652641002686
0.623963828184 0.315789473684 0.6 0.45962113659 0.447627573859
0.623963828184 0.315789473684 0.6 0.45962113659 0.447627573859
0.929917106255 0.263157894737 0.933333333333 0.874376869392 0.868397493286
0.639788997739 0.210526315789 0.666666666667 0.573280159521 0.590868397493
0.656367746797 0.368421052632 0.7 0.641076769691 0.520143240824
0.656367746797 0.368421052632 0.7 0.641076769691 0.520143240824
0.734740015072 0.263157894737 0.733333333333 0.615154536391 0.549686660698
0.687264506405 0.315789473684 0.7 0.526420737787 0.59982094897
0.695553880934 0.210526315789 0.7 0.543369890329 0.559534467323
0.738507912585 0.421052631579 0.733333333333 0.663010967099 0.572068039391
0.881688018086 0.842105263158 0.866666666667 0.637088733799 0.69024171889
0.755840241145 0.0526315789474 0.833333333333 0.768693918245 0.769919427037
0.831198191409 0.842105263158 0.8 0.550348953141 0.750223813787
0.774679728711 0.263157894737 0.766666666667 0.675972083749 0.730528200537
0.803315749812 0.210526315789 0.866666666667 0.613160518445 0.776186213071
0.772418990203 0.0 0.833333333333 0.613160518445 0.776186213071
0.718914845516 0.263157894737 0.7 0.518444666002 0.523724261415
0.718914845516 0.263157894737 0.7 0.518444666002 0.523724261415
0.766390354182 0.210526315789 0.7 0.574277168495 0.587287376902
0.755086661643 0.0526315789474 0.7 0.562313060818 0.478961504029
0.683496608892 0.789473684211 0.733333333333 0.56630109671 0.637421665175
0.964581763376 0.0 0.866666666667 0.718843469591 0.829006266786
0.936699321778 0.0 0.966666666667 0.858424725823 0.965085049239
0.917859834213 0.0 0.9 0.785643070788 0.891674127126
0.676714393369 0.0 0.666666666667 0.536390827517 0.487914055506
0.634513941221 0.105263157895 0.666666666667 0.570289132602 0.477170993733
0.936699321778 0.263157894737 0.9 0.760717846461 0.793196060877
0.668425018839 0.210526315789 0.733333333333 0.51146560319 0.543419874664
0.676714393369 0.0 0.666666666667 0.536390827517 0.487914055506
0.670685757347 0.210526315789 0.7 0.68594217348 0.52551477171
0.845516201959 1.0 0.866666666667 0.732801595214 0.785138764548
0.866616428033 0.105263157895 0.9 0.751744765703 0.945389435989
0.834966088922 0.315789473684 0.833333333333 0.664007976072 0.704565801253
0.834966088922 0.315789473684 0.833333333333 0.664007976072 0.704565801253
0.718914845516 0.368421052632 0.766666666667 0.727816550349 0.746642793196
0.786737000754 0.526315789474 0.833333333333 0.754735792622 0.781557743957
0.820648078372 0.263157894737 0.9 0.782652043868 0.780662488809
0.820648078372 0.263157894737 0.9 0.782652043868 0.780662488809
0.883948756594 0.789473684211 0.866666666667 0.770687936191 0.774395702775
0.657874905803 0.263157894737 0.7 0.559322033898 0.572068039391
0.843255463451 0.0526315789474 0.833333333333 0.674975074776 0.84333034915
0.716654107008 0.315789473684 0.766666666667 0.461615154536 0.606087735004
0.735493594574 0.421052631579 0.766666666667 0.719840478564 0.49418084154
0.717407686511 0.0 0.766666666667 0.66999002991 0.652641002686
0.607385079126 0.473684210526 0.633333333333 0.406779661017 0.416293643688
0.549359457423 0.473684210526 0.533333333333 0.354935194417 0.325872873769
0.755840241145 0.0526315789474 0.833333333333 0.768693918245 0.769919427037
0.637528259231 0.368421052632 0.633333333333 0.568295114656 0.446732318711
0.668425018839 0.210526315789 0.733333333333 0.51146560319 0.543419874664
0.747550866616 0.736842105263 0.8 0.615154536391 0.653536257833
0.834966088922 0.315789473684 0.833333333333 0.664007976072 0.704565801253
0.834966088922 0.315789473684 0.833333333333 0.664007976072 0.704565801253
0.726450640543 0.315789473684 0.666666666667 0.476570289133 0.602506714414
0.763376036172 0.315789473684 0.7 0.503489531406 0.637421665175
0.627731725697 0.157894736842 0.666666666667 0.593220338983 0.502238137869
0.643556895252 0.157894736842 0.633333333333 0.595214356929 0.481647269472
0.807083647325 0.105263157895 0.8 0.554336989033 0.757385854969
1.0 0.684210526316 0.9 0.642073778664 0.798567591764
0.634513941221 0.105263157895 0.666666666667 0.570289132602 0.477170993733
0.807837226827 0.263157894737 0.833333333333 0.707876370887 0.807520143241
0.733986435569 0.105263157895 0.733333333333 0.616151545364 0.496866606983
0.673700075358 0.263157894737 0.733333333333 0.717846460618 0.514771709937
0.827430293896 0.315789473684 0.9 0.78963110668 0.654431512981
0.821401657875 0.315789473684 0.866666666667 0.764705882353 0.598925693823
0.676714393369 0.421052631579 0.766666666667 0.630109670987 0.567591763653
0.973624717408 0.0 1.0 0.885343968096 1.0
0.576488319518 0.210526315789 0.633333333333 0.541375872383 0.575649059982
0.676714393369 0.0 0.666666666667 0.536390827517 0.487914055506
0.717407686511 0.0 0.766666666667 0.66999002991 0.652641002686
0.83421250942 0.105263157895 0.8 0.646061814556 0.563115487914
0.812358703843 0.368421052632 0.8 0.651046859422 0.729632945389
0.849284099472 0.368421052632 0.833333333333 0.677966101695 0.76454789615
0.694046721929 0.105263157895 0.7 0.57926221336 0.529991047449
0.755840241145 0.263157894737 0.8 0.640079760718 0.605192479857
0.760361718161 0.210526315789 0.733333333333 0.599202392822 0.558639212175
0.936699321778 0.0 0.966666666667 0.858424725823 0.965085049239
0.666164280332 0.105263157895 0.733333333333 0.645064805583 0.769919427037
0.735493594574 0.421052631579 0.766666666667 0.719840478564 0.49418084154
0.602110022607 0.315789473684 0.533333333333 0.402791625125 0.370635631155
0.894498869631 0.684210526316 0.866666666667 0.699900299103 0.739480752014
