0.861994219653 0.0 0.9375 0.864118895966 0.944307944308
0.74710982659 0.0 0.78125 0.629511677282 0.759213759214
0.69436416185 0.0 0.84375 0.821656050955 0.812448812449
0.928468208092 0.0 0.96875 0.900212314225 1.0
0.657514450867 0.0 0.75 0.683651804671 0.733005733006
0.720375722543 0.5 0.78125 0.624203821656 0.800163800164
0.708815028902 0.0 0.71875 0.582802547771 0.710073710074
0.73338150289 0.0 0.8125 0.783439490446 0.829647829648
0.721820809249 0.0 0.8125 0.715498938429 0.751023751024
0.740606936416 0.0 0.84375 0.794055201699 0.808353808354
0.672687861272 0.5 0.6875 0.471337579618 0.678132678133
0.690028901734 0.0 0.78125 0.723991507431 0.749385749386
0.754335260116 0.0 0.84375 0.784501061571 0.808353808354
0.625 0.0 0.6875 0.576433121019 0.63144963145
0.778179190751 0.0 0.84375 0.725053078556 0.773136773137
0.946531791908 0.5 0.96875 0.792993630573 0.973791973792
0.748554913295 0.0 0.71875 0.488322717622 0.635544635545
0.75 0.0 0.75 0.656050955414 0.764946764947
0.883670520231 0.0 0.96875 0.984076433121 0.994266994267
0.873554913295 0.0 0.9375 0.900212314225 0.93447993448
0.740606936416 0.0 0.8125 0.794055201699 0.820638820639
0.76661849711 0.0 0.8125 0.69957537155 0.752661752662
0.776734104046 0.5 0.875 0.767515923567 0.854217854218
0.778179190751 0.0 0.78125 0.682590233546 0.77886977887
0.66112716763 0.5 0.6875 0.478768577495 0.647010647011
0.783959537572 0.0 0.78125 0.597664543524 0.701064701065
0.75289017341 0.0 0.78125 0.682590233546 0.748566748567
0.715317919075 0.0 0.75 0.607218683652 0.666666666667
0.772398843931 0.0 0.84375 0.791932059448 0.806715806716
0.80274566474 0.5 0.84375 0.752653927813 0.891891891892
0.753612716763 0.0 0.8125 0.786624203822 0.812448812449
0.773843930636 0.0 0.8125 0.702760084926 0.751842751843
0.690751445087 0.0 0.71875 0.57855626327 0.642096642097
0.657514450867 0.0 0.71875 0.628450106157 0.654381654382
0.619219653179 0.5 0.71875 0.55838641189 0.638001638002
0.794797687861 0.0 0.8125 0.737791932059 0.805896805897
0.594653179191 0.5 0.625 0.376857749469 0.532350532351
0.705202312139 0.0 0.75 0.668789808917 0.708435708436
0.606213872832 0.0 0.625 0.451167728238 0.524160524161
0.559971098266 0.0 0.625 0.43949044586 0.464373464373
0.888005780347 0.0 0.84375 0.753715498938 0.883701883702
0.741329479769 0.5 0.78125 0.682590233546 0.816543816544
0.669797687861 0.0 0.6875 0.566878980892 0.635544635545
0.794075144509 0.0 0.8125 0.746284501062 0.809172809173
0.62789017341 0.5 0.71875 0.634819532909 0.715806715807
0.757225433526 0.0 0.8125 0.783439490446 0.805896805897
0.797687861272 0.0 0.875 0.823779193206 0.822276822277
0.619219653179 0.0 0.625 0.483014861996 0.565110565111
0.831647398844 0.0 0.84375 0.747346072187 0.815724815725
0.687861271676 0.5 0.78125 0.656050955414 0.733005733006
0.728323699422 0.0 0.78125 0.712314225053 0.73791973792
0.802023121387 0.0 0.84375 0.752653927813 0.786240786241
0.695809248555 0.5 0.75 0.61889596603 0.734643734644
0.708815028902 0.0 0.78125 0.757961783439 0.758394758395
0.813583815029 0.5 0.875 0.822717622081 0.923013923014
0.789739884393 0.0 0.875 0.794055201699 0.777231777232
0.799132947977 0.5 0.875 0.770700636943 0.855855855856
0.604768786127 0.5 0.65625 0.440552016985 0.560196560197
0.675578034682 0.0 0.65625 0.527600849257 0.626535626536
0.677023121387 0.0 0.78125 0.731422505308 0.695331695332
0.67774566474 0.0 0.75 0.658174097665 0.657657657658
0.794797687861 0.0 0.8125 0.66135881104 0.718263718264
0.666907514451 0.0 0.75 0.683651804671 0.669942669943
0.794797687861 0.0 0.8125 0.784501061571 0.8361998362
0.723988439306 0.5 0.75 0.576433121019 0.717444717445
0.670520231214 0.0 0.71875 0.588110403397 0.613431613432
0.791907514451 0.0 0.8125 0.723991507431 0.773955773956
0.700867052023 0.0 0.71875 0.596602972399 0.652743652744
0.580202312139 0.5 0.625 0.398089171975 0.523341523342
0.735549132948 0.0 0.8125 0.795116772824 0.782964782965
0.870664739884 0.0 0.875 0.7983014862 0.862407862408
0.704479768786 0.5 0.71875 0.57855626327 0.72972972973
0.809971098266 0.0 0.875 0.88110403397 0.878787878788
0.636560693642 0.5 0.75 0.631634819533 0.677313677314
0.834537572254 0.0 0.875 0.784501061571 0.810810810811
0.703757225434 0.0 0.71875 0.626326963907 0.683046683047
0.871387283237 0.0 0.84375 0.762208067941 0.859950859951
0.87210982659 0.0 0.90625 0.885350318471 0.914823914824
0.704479768786 0.5 0.8125 0.770700636943 0.817362817363
0.727601156069 0.0 0.75 0.653927813163 0.701883701884
0.745664739884 0.0 0.78125 0.651804670913 0.686322686323
0.69436416185 0.5 0.78125 0.687898089172 0.758394758395
0.846098265896 1.0 0.90625 0.648619957537 0.841113841114
0.901734104046 0.0 0.90625 0.893842887473 0.952497952498
0.756502890173 0.0 0.8125 0.751592356688 0.760032760033
0.693641618497 0.0 0.78125 0.700636942675 0.677313677314
0.773121387283 0.0 0.78125 0.684713375796 0.744471744472
0.699421965318 0.0 0.75 0.675159235669 0.68877968878
0.686416184971 0.0 0.65625 0.507430997877 0.609336609337
0.695809248555 0.0 0.6875 0.535031847134 0.612612612613
0.743497109827 0.0 0.78125 0.66135881104 0.687141687142
0.703034682081 0.0 0.6875 0.595541401274 0.678132678133
0.710260115607 0.5 0.8125 0.777070063694 0.822276822277
0.825867052023 0.0 0.78125 0.686836518047 0.796887796888
0.655346820809 0.0 0.71875 0.631634819533 0.629811629812
0.640895953757 0.0 0.71875 0.63906581741 0.620802620803
0.722543352601 0.0 0.75 0.684713375796 0.717444717445
0.650289017341 0.0 0.6875 0.546709129512 0.573300573301
0.648121387283 0.5 0.625 0.387473460722 0.573300573301
0.661849710983 0.0 0.78125 0.756900212314 0.690417690418
0.913294797688 0.0 0.90625 0.812101910828 0.87714987715
0.742774566474 0.0 0.71875 0.541401273885 0.63144963145
0.725433526012 0.0 0.78125 0.695329087049 0.696150696151
1.0 0.5 0.96875 0.694267515924 0.878787878788
0.758670520231 0.5 0.78125 0.642250530786 0.769860769861
0.724710982659 0.5 0.78125 0.649681528662 0.741195741196
0.833815028902 0.5 0.875 0.766454352442 0.869778869779
0.807803468208 0.0 0.78125 0.647558386412 0.733005733006
0.741329479769 0.5 0.78125 0.688959660297 0.794430794431
0.839595375723 0.0 0.90625 0.927813163482 0.906633906634
0.726156069364 0.0 0.78125 0.712314225053 0.709254709255
0.700144508671 0.0 0.75 0.670912951168 0.674037674038
0.767341040462 0.0 0.875 0.85881104034 0.796068796069
0.692196531792 0.5 0.6875 0.471337579618 0.628992628993
0.689306358382 0.0 0.71875 0.604033970276 0.629811629812
0.817196531792 0.0 0.8125 0.725053078556 0.782964782965
0.723265895954 0.0 0.78125 0.714437367304 0.705978705979
0.671242774566 0.0 0.71875 0.649681528662 0.653562653563
0.791184971098 0.0 0.8125 0.705944798301 0.736281736282
0.763005780347 0.0 0.84375 0.831210191083 0.79524979525
0.840317919075 0.5 0.84375 0.630573248408 0.773955773956
0.643786127168 0.0 0.71875 0.596602972399 0.573300573301
0.878612716763 0.5 0.875 0.764331210191 0.90990990991
0.58887283237 0.0 0.65625 0.53821656051 0.523341523342
0.66401734104 0.0 0.6875 0.539278131635 0.570024570025
0.663294797688 0.5 0.71875 0.614649681529 0.701064701065
0.773843930636 0.0 0.84375 0.773885350318 0.748566748567
0.770953757225 0.0 0.78125 0.695329087049 0.733824733825
0.771676300578 0.0 0.84375 0.768577494692 0.740376740377
0.643063583815 0.0 0.71875 0.575371549894 0.548730548731
0.602601156069 0.0 0.5625 0.425690021231 0.523341523342
0.785404624277 0.5 0.8125 0.730360934183 0.840294840295
0.611994219653 0.0 0.6875 0.601910828025 0.572481572482
0.578034682081 0.5 0.59375 0.361995753715 0.493857493857
0.81936416185 0.0 0.84375 0.821656050955 0.839475839476
0.633670520231 1.0 0.6875 0.506369426752 0.685503685504
0.867774566474 0.0 0.875 0.805732484076 0.841932841933
0.684248554913 0.5 0.75 0.628450106157 0.699426699427
0.849710982659 0.0 0.90625 0.907643312102 0.888615888616
0.630057803468 0.5 0.6875 0.529723991507 0.611793611794
0.648121387283 0.0 0.6875 0.607218683652 0.613431613432
0.687861271676 0.0 0.6875 0.596602972399 0.644553644554
0.668352601156 0.0 0.71875 0.605095541401 0.599508599509
0.625 0.5 0.75 0.725053078556 0.728910728911
0.745664739884 0.0 0.75 0.694267515924 0.733824733825
0.651011560694 0.5 0.78125 0.757961783439 0.755118755119
0.755780346821 0.0 0.8125 0.812101910828 0.792792792793
0.655346820809 0.0 0.6875 0.562632696391 0.574938574939
0.587427745665 0.5 0.65625 0.51804670913 0.584766584767
0.765173410405 0.5 0.78125 0.601910828025 0.72153972154
0.664739884393 0.0 0.6875 0.582802547771 0.602784602785
0.779624277457 0.0 0.8125 0.716560509554 0.722358722359
0.834537572254 0.0 0.90625 0.83864118896 0.800163800164
0.611994219653 0.5 0.625 0.475583864119 0.599508599509
0.753612716763 0.0 0.78125 0.671974522293 0.683865683866
0.963150289017 0.0 1.0 1.0 0.992628992629
0.867052023121 0.0 0.875 0.803609341826 0.831285831286
0.83598265896 0.0 0.84375 0.757961783439 0.786240786241
0.757225433526 0.0 0.8125 0.727176220807 0.705978705979
0.808526011561 0.0 0.875 0.842887473461 0.805896805897
0.718208092486 0.0 0.78125 0.745222929936 0.714168714169
0.756502890173 0.5 0.75 0.581740976645 0.719901719902
0.708092485549 0.0 0.8125 0.770700636943 0.695331695332
0.810693641618 0.0 0.8125 0.792993630573 0.823914823915
0.691473988439 0.0 0.6875 0.510615711253 0.556101556102
0.790462427746 0.0 0.8125 0.692144373673 0.704340704341
0.78323699422 0.5 0.75 0.522292993631 0.68877968878
0.673410404624 0.0 0.78125 0.779193205945 0.697788697789
0.782514450867 0.0 0.78125 0.693205944798 0.728910728911
0.643063583815 0.0 0.6875 0.562632696391 0.553644553645
0.816473988439 0.0 0.75 0.573248407643 0.679770679771
0.690028901734 0.5 0.71875 0.604033970276 0.701064701065
0.632225433526 0.5 0.6875 0.563694267516 0.633906633907
0.74710982659 0.5 0.71875 0.529723991507 0.687141687142
0.729768786127 0.0 0.78125 0.648619957537 0.627354627355
0.804913294798 0.0 0.71875 0.552016985138 0.676494676495
0.718930635838 0.0 0.71875 0.550955414013 0.584766584767
0.67774566474 0.0 0.6875 0.585987261146 0.607698607699
0.734104046243 0.5 0.8125 0.803609341826 0.838656838657
0.74710982659 0.5 0.71875 0.571125265393 0.724815724816
0.813583815029 0.0 0.84375 0.791932059448 0.786240786241
0.714595375723 0.0 0.8125 0.805732484076 0.728091728092
0.58887283237 0.0 0.625 0.472399150743 0.467649467649
0.728323699422 0.0 0.78125 0.665605095541 0.638001638002
0.778901734104 0.0 0.78125 0.727176220807 0.749385749386
0.668352601156 0.5 0.71875 0.569002123142 0.637182637183
0.639450867052 0.0 0.6875 0.625265392781 0.601146601147
0.703757225434 0.0 0.6875 0.469214437367 0.517608517609
0.799132947977 0.0 0.84375 0.76008492569 0.736281736282
0.66401734104 0.0 0.71875 0.605095541401 0.57411957412
0.797687861272 0.0 0.78125 0.78025477707 0.817362817363
0.676300578035 0.0 0.6875 0.601910828025 0.61506961507
0.787572254335 0.5 0.78125 0.651804670913 0.773955773956
0.709537572254 0.5 0.71875 0.612526539278 0.719082719083
0.674132947977 0.0 0.71875 0.617834394904 0.595413595414
0.745664739884 0.5 0.75 0.636942675159 0.747747747748
0.770953757225 0.0 0.78125 0.736730360934 0.745290745291
0.729768786127 0.0 0.75 0.712314225053 0.710073710074
0.813583815029 0.0 0.8125 0.677282377919 0.698607698608
0.756502890173 0.0 0.75 0.643312101911 0.669123669124
