0.320965842167 0.0 0.315789473684 0.165203511572 0.12291249165
0.734982332155 1.0 0.842105263158 0.865921787709 0.827655310621
0.854534746761 0.5 0.921052631579 0.916201117318 1.0
0.345700824499 0.0 0.315789473684 0.111731843575 0.12625250501
1.0 0.166666666667 0.973684210526 0.807661612131 0.950567802271
0.940518256773 0.666666666667 1.0 1.0 0.939879759519
0.974676089517 0.0 1.0 0.861931364725 0.97995991984
0.934040047114 0.5 0.973684210526 0.904229848364 0.915831663327
0.326266195524 0.166666666667 0.342105263158 0.209896249002 0.15297261189
0.751472320377 0.833333333333 0.868421052632 0.851556264964 0.853039412158
0.442873969376 0.5 0.526315789474 0.457302474062 0.421509686039
0.540636042403 1.0 0.684210526316 0.651237031125 0.567134268537
0.551825677267 0.833333333333 0.657894736842 0.541899441341 0.498997995992
0.38457008245 0.333333333333 0.421052631579 0.316839584996 0.342017368069
0.544758539458 0.666666666667 0.684210526316 0.632881085395 0.572478289913
0.93875147232 0.333333333333 1.0 0.793296089385 0.905143620574
0.898704358068 0.333333333333 0.973684210526 0.957701516361 0.947227788911
0.331566548881 0.0 0.342105263158 0.197924980048 0.183700734803
0.358068315665 0.0 0.315789473684 0.127693535515 0.153640614562
0.335100117786 0.166666666667 0.368421052632 0.187549880287 0.160320641283
0.818021201413 0.0 0.921052631579 0.789305666401 0.965263861055
0.829799764429 0.0 0.947368421053 0.83958499601 0.865063460254
0.359246171967 0.0 0.421052631579 0.340782122905 0.305277221109
0.985865724382 0.166666666667 1.0 0.830806065443 0.955911823647
0.491166077739 0.333333333333 0.5 0.28411811652 0.36873747495
0.51531213192 0.0 0.631578947368 0.443735035914 0.488977955912
0.450530035336 0.0 0.552631578947 0.414205905826 0.474281897128
0.414605418139 0.333333333333 0.421052631579 0.220271348763 0.256513026052
0.794464075383 0.666666666667 0.921052631579 0.907422186752 0.809619238477
0.375147232038 0.0 0.394736842105 0.146847565842 0.22578490314
0.39988221437 0.0 0.473684210526 0.354349561053 0.364061456246
0.534746760895 0.5 0.631578947368 0.48683160415 0.513694054776
0.448763250883 0.166666666667 0.394736842105 0.203511572227 0.260521042084
0.957597173145 0.166666666667 0.947368421053 0.78691141261 0.945891783567
0.351590106007 0.0 0.342105263158 0.172386272945 0.150300601202
0.939340400471 0.666666666667 1.0 0.916999201915 0.919171676687
0.355123674912 0.0 0.368421052632 0.209098164405 0.179692718771
0.44581861013 0.0 0.578947368421 0.43415802075 0.505678022712
0.374558303887 0.0 0.447368421053 0.333599361532 0.284569138277
0.378091872792 0.166666666667 0.447368421053 0.297685554669 0.294589178357
0.699057714959 0.5 0.736842105263 0.557063048683 0.640614562458
0.560659599529 0.0 0.684210526316 0.518754988029 0.612558450234
0.623674911661 0.0 0.552631578947 0.300877893057 0.37875751503
0.876325088339 0.666666666667 0.947368421053 0.767757382283 0.769539078156
0.93816254417 0.0 0.921052631579 0.877094972067 0.97327989312
0.499411071849 0.333333333333 0.605263157895 0.582601755786 0.556446225785
0.403415783274 0.0 0.5 0.38148443735 0.362725450902
0.64605418139 0.0 0.763157894737 0.668794892259 0.702738810955
0.746760895171 0.166666666667 0.789473684211 0.628092577813 0.740146960588
0.754416961131 0.0 0.894736842105 0.782122905028 0.843019372077
0.339811542992 0.0 0.394736842105 0.241819632881 0.289913159653
0.694346289753 0.0 0.815789473684 0.672785315243 0.816967267869
0.582449941107 0.0 0.710526315789 0.667198723065 0.685370741483
0.733804475854 0.0 0.868421052632 0.721468475658 0.794255177021
0.651354534747 0.0 0.789473684211 0.731843575419 0.755511022044
0.60011778563 0.0 0.736842105263 0.638467677574 0.676018704075
0.819787985866 0.666666666667 0.894736842105 0.751795690343 0.810955243821
0.431684334511 0.0 0.526315789474 0.476456504389 0.421509686039
0.390459363958 0.0 0.447368421053 0.320031923384 0.213092852371
0.918138987044 0.0 0.921052631579 0.664804469274 0.812959251837
0.568315665489 0.333333333333 0.578947368421 0.38148443735 0.480293921176
0.432862190813 0.166666666667 0.473684210526 0.412609736632 0.384769539078
0.63839811543 0.666666666667 0.763157894737 0.686352753392 0.615898463594
0.689045936396 0.0 0.842105263158 0.683160415004 0.719438877756
0.487632508834 0.0 0.605263157895 0.461292897047 0.516366065464
0.696113074205 0.666666666667 0.815789473684 0.793296089385 0.818303273213
0.539458186101 0.0 0.657894736842 0.570630486832 0.550434201737
0.584216725559 0.5 0.710526315789 0.625698324022 0.615230460922
0.373969375736 0.0 0.421052631579 0.259377494014 0.267201068804
0.482332155477 0.0 0.447368421053 0.183559457302 0.310621242485
0.459952885748 0.0 0.5 0.287310454908 0.269873079492
0.33863368669 0.0 0.342105263158 0.193136472466 0.175684702739
0.928739693757 0.0 0.947368421053 0.853152434158 0.941883767535
0.786219081272 0.333333333333 0.894736842105 0.74221867518 0.76753507014
0.898704358068 0.166666666667 0.947368421053 0.731045490822 0.845691382766
0.804475853946 0.0 0.868421052632 0.691939345571 0.827655310621
0.752650176678 0.0 0.868421052632 0.814046288907 0.908483633935
0.49234393404 0.0 0.526315789474 0.26576217079 0.423513694055
0.412838633687 0.166666666667 0.421052631579 0.229848363927 0.233800935204
0.520612485277 0.0 0.526315789474 0.343176376696 0.442885771543
0.716725559482 0.0 0.736842105263 0.499600957702 0.660654642619
0.382214369847 0.0 0.394736842105 0.166001596169 0.24916499666
0.80035335689 0.166666666667 0.921052631579 0.79728651237 0.928523714095
0.841578327444 0.0 0.868421052632 0.754189944134 0.90046760187
0.468197879859 0.0 0.526315789474 0.368715083799 0.409485637943
0.837455830389 0.0 0.868421052632 0.656823623304 0.782899131597
0.395170789164 0.0 0.421052631579 0.241819632881 0.241148964596
0.424028268551 0.0 0.421052631579 0.217079010375 0.217100868403
0.80800942285 0.0 0.868421052632 0.765363128492 0.858383433534
0.680212014134 0.666666666667 0.815789473684 0.704708699122 0.697394789579
0.601295641932 0.0 0.684210526316 0.577813248204 0.64796259185
0.472909305065 0.0 0.473684210526 0.235434956105 0.291917167669
0.895759717314 0.166666666667 0.921052631579 0.713487629689 0.953907815631
0.495877502945 0.0 0.447368421053 0.252992817239 0.354041416166
0.860424028269 0.5 0.947368421053 0.774940143655 0.975283901136
0.499411071849 0.0 0.552631578947 0.362330407023 0.401469605878
0.765606595995 0.166666666667 0.868421052632 0.738228252195 0.911155644623
0.428739693757 0.0 0.473684210526 0.238627294493 0.35203740815
0.671967020024 0.166666666667 0.763157894737 0.649640861931 0.7374749499
0.649587750294 0.0 0.684210526316 0.446129289705 0.588510354041
0.40753828033 0.0 0.447368421053 0.315243415802 0.317969271877
0.440518256773 0.0 0.447368421053 0.263367916999 0.373413493654
0.744994110718 0.166666666667 0.736842105263 0.549082202713 0.722778891116
0.628386336867 0.0 0.657894736842 0.426975259377 0.607214428858
0.774440518257 0.0 0.842105263158 0.750199521149 0.875751503006
0.478798586572 0.0 0.552631578947 0.379090183559 0.412157648631
0.742638398115 0.166666666667 0.842105263158 0.756584197925 0.887775551102
0.512956419317 0.166666666667 0.605263157895 0.594573024741 0.547094188377
0.641931684335 0.166666666667 0.763157894737 0.707102952913 0.743486973948
0.53062426384 0.166666666667 0.605263157895 0.419792498005 0.457581830327
0.879858657244 0.0 0.894736842105 0.723064644852 0.87374749499
0.402826855124 0.0 0.421052631579 0.252194732642 0.277221108884
0.795641931684 0.0 0.842105263158 0.644054269753 0.931195724783
0.464075382803 0.0 0.5 0.338387869114 0.396125584502
0.636631330978 0.0 0.736842105263 0.524341580208 0.575150300601
0.590694935218 0.166666666667 0.657894736842 0.49481245012 0.623246492986
0.868669022379 0.0 0.894736842105 0.659217877095 0.842351369405
0.421672555948 0.0 0.5 0.34477254589 0.327321309285
0.409893992933 0.333333333333 0.421052631579 0.303272146848 0.334001336005
0.547703180212 0.0 0.473684210526 0.248204309657 0.397461589846
0.68492343934 0.0 0.605263157895 0.292897047087 0.381429525718
0.83097762073 0.166666666667 0.868421052632 0.652833200319 0.849031396126
0.86160188457 0.166666666667 0.868421052632 0.717478052674 0.879091516366
0.73851590106 0.166666666667 0.710526315789 0.481245011971 0.666666666667
0.613074204947 0.0 0.657894736842 0.399840383081 0.464261857047
0.82332155477 0.0 0.842105263158 0.588188347965 0.64128256513
0.889870435807 0.333333333333 0.947368421053 0.768555466879 0.855043420174
0.425206124853 0.0 0.421052631579 0.243415802075 0.319973279893
0.730270906949 0.166666666667 0.789473684211 0.573822825219 0.698730794923
0.609540636042 0.333333333333 0.684210526316 0.529928172386 0.619238476954
0.664310954064 0.0 0.736842105263 0.620909816441 0.730126920508
0.847467608952 0.0 0.789473684211 0.505985634477 0.671342685371
0.788574793875 0.0 0.894736842105 0.728651237031 0.776887107548
0.694346289753 0.0 0.789473684211 0.674381484437 0.836339345357
0.705535924617 0.0 0.710526315789 0.457302474062 0.581162324649
0.489988221437 0.166666666667 0.5 0.345570630487 0.434201736807
0.533568904594 0.0 0.605263157895 0.469273743017 0.567134268537
0.886336866902 0.5 0.947368421053 0.763766959298 0.855043420174
0.605418138987 0.166666666667 0.605263157895 0.387071029529 0.522378089512
0.741460541814 0.0 0.763157894737 0.635275339186 0.802271209085
0.72320376914 0.166666666667 0.763157894737 0.540303272147 0.638610554442
0.638987043581 0.0 0.631578947368 0.325618515563 0.480961923848
0.82332155477 0.166666666667 0.894736842105 0.759776536313 0.885771543086
0.805653710247 0.5 0.894736842105 0.779728651237 0.828991315965
0.587161366313 0.0 0.605263157895 0.437350359138 0.543086172345
0.593639575972 0.0 0.657894736842 0.66320830008 0.631930527722
0.757950530035 0.166666666667 0.763157894737 0.606544293695 0.752171008684
0.391637220259 0.0 0.421052631579 0.30007980846 0.297261189045
0.843934040047 0.166666666667 0.947368421053 0.802075019952 0.941883767535
0.657832744405 0.0 0.710526315789 0.614525139665 0.726786907148
0.486454652532 0.0 0.5 0.224261771748 0.337341349365
0.690223792697 0.166666666667 0.789473684211 0.632881085395 0.75751503006
0.660188457008 0.0 0.684210526316 0.391859537111 0.593854375418
0.780329799764 0.0 0.842105263158 0.665602553871 0.871743486974
0.760306242638 0.0 0.684210526316 0.384676775738 0.468269873079
0.713191990577 0.0 0.736842105263 0.612928970471 0.786239144957
0.709069493522 0.0 0.710526315789 0.509177972865 0.676018704075
0.575382803298 0.0 0.605263157895 0.308060654429 0.436205744823
0.689045936396 0.166666666667 0.631578947368 0.372705506784 0.533066132265
0.552414605418 0.0 0.657894736842 0.538707102953 0.601870407482
0.749705535925 0.166666666667 0.815789473684 0.636073423783 0.714094856379
0.580683156655 0.333333333333 0.631578947368 0.454110135674 0.531730126921
0.435806831567 0.0 0.394736842105 0.204309656824 0.287909151637
0.722614840989 0.166666666667 0.842105263158 0.721468475658 0.746826987308
0.779740871614 0.166666666667 0.842105263158 0.600957701516 0.720106880428
0.737926972909 0.166666666667 0.842105263158 0.837190742219 0.819639278557
0.769729093051 0.0 0.789473684211 0.571428571429 0.796927187709
0.864546525324 0.333333333333 0.894736842105 0.731843575419 0.857715430862
0.660188457008 0.0 0.684210526316 0.535514764565 0.705410821643
0.618963486455 0.0 0.578947368421 0.395051875499 0.497661990648
0.683745583039 0.0 0.736842105263 0.679169992019 0.75083500334
0.563015312132 0.333333333333 0.631578947368 0.505985634477 0.510354041416
0.557714958775 0.0 0.605263157895 0.439744612929 0.563794255177
0.710836277974 0.0 0.736842105263 0.543495610535 0.693386773547
0.488810365135 0.0 0.578947368421 0.427773343974 0.413493653975
0.664899882214 0.0 0.710526315789 0.604948124501 0.707414829659
0.418727915194 0.333333333333 0.5 0.355945730247 0.391449565798
0.528857479388 0.0 0.552631578947 0.359936153232 0.452237808951
0.527090694935 0.0 0.605263157895 0.457302474062 0.501002004008
0.620730270907 0.0 0.710526315789 0.560255387071 0.694054776219
0.872791519435 0.166666666667 0.868421052632 0.68156424581 0.876419505678
0.508244994111 0.166666666667 0.578947368421 0.455706304868 0.549766199065
0.791519434629 0.166666666667 0.763157894737 0.569034317638 0.684034736139
0.60777385159 0.0 0.684210526316 0.461292897047 0.558450233801
0.504122497055 0.0 0.578947368421 0.370311252993 0.470941883768
0.485865724382 0.0 0.526315789474 0.405426975259 0.428189712759
0.565371024735 0.0 0.552631578947 0.308858739026 0.514362057448
0.5382803298 0.166666666667 0.578947368421 0.321628092578 0.427521710087
0.677856301531 0.0 0.736842105263 0.604948124501 0.702070808283
0.611307420495 0.0 0.605263157895 0.432561851556 0.537074148297
0.597173144876 0.166666666667 0.605263157895 0.402234636872 0.579158316633
0.631919905771 0.166666666667 0.710526315789 0.513966480447 0.639278557114
0.702591283863 0.333333333333 0.736842105263 0.569832402235 0.680694722779
0.530035335689 0.0 0.552631578947 0.328810853951 0.390113560454
0.796819787986 0.0 0.789473684211 0.564245810056 0.678022712091
0.768551236749 0.0 0.815789473684 0.648044692737 0.776219104876
0.648998822144 0.0 0.657894736842 0.52114924182 0.629258517034
0.570671378092 0.0 0.631578947368 0.495610534717 0.526386105544
0.585983510012 0.0 0.631578947368 0.422186751796 0.49498997996
0.607184923439 0.0 0.657894736842 0.632881085395 0.655978623914
