0.723839496459 0.0 0.633333333333 0.444561774023 0.466838931955
0.723839496459 0.0 0.633333333333 0.444561774023 0.466838931955
0.782848151062 0.375 0.8 0.737064413939 0.578811369509
0.80487804878 0.5 0.9 0.794086589229 0.728682170543
0.771833202203 0.375 0.7 0.444561774023 0.466838931955
0.778127458694 0.125 0.7 0.473072861668 0.500430663221
0.911880409127 0.25 1.0 0.937697993664 1.0
0.895357985838 0.75 0.966666666667 0.874340021119 0.937984496124
0.802517702596 0.625 0.933333333333 0.9767687434 0.829457364341
0.802517702596 0.625 0.933333333333 0.9767687434 0.829457364341
0.749803304485 0.0 0.733333333333 0.548046462513 0.590869939707
0.723839496459 0.0 0.633333333333 0.444561774023 0.466838931955
0.571990558615 0.375 0.633333333333 0.514255543823 0.519379844961
0.571990558615 0.375 0.633333333333 0.514255543823 0.519379844961
0.499606608969 0.25 0.466666666667 0.360084477297 0.229974160207
0.525570416994 0.25 0.566666666667 0.463569165787 0.354005167959
0.782061369001 0.25 0.766666666667 0.548046462513 0.590869939707
0.739575137687 0.125 0.666666666667 0.444561774023 0.466838931955
0.771833202203 0.375 0.7 0.444561774023 0.466838931955
0.81038552321 0.375 0.733333333333 0.473072861668 0.500430663221
0.813532651456 0.875 0.9 0.955649419219 0.751076658053
0.803304484658 1.0 0.833333333333 0.852164730729 0.627045650301
0.479937057435 0.25 0.433333333333 0.170010559662 0.204134366925
0.538158929976 0.5 0.566666666667 0.273495248152 0.328165374677
0.50590086546 0.25 0.533333333333 0.273495248152 0.328165374677
0.87332808812 0.75 0.933333333333 0.671594508976 0.814814814815
0.826121164437 0.5 0.8 0.527983104541 0.792420327304
0.783634933124 0.375 0.7 0.424498416051 0.668389319552
0.688434303698 0.125 0.766666666667 0.601900739176 0.720068906115
0.688434303698 0.125 0.766666666667 0.601900739176 0.720068906115
0.884343036979 0.25 0.8 0.581837381204 0.714900947459
0.900078678206 0.375 0.833333333333 0.581837381204 0.714900947459
0.826121164437 0.5 0.8 0.527983104541 0.792420327304
0.826121164437 0.5 0.8 0.527983104541 0.792420327304
0.723839496459 0.0 0.633333333333 0.444561774023 0.466838931955
0.723839496459 0.0 0.633333333333 0.444561774023 0.466838931955
0.658536585366 0.625 0.733333333333 0.542766631468 0.552971576227
0.630212431157 0.5 0.766666666667 0.617740232313 0.643410852713
0.749803304485 0.0 0.733333333333 0.548046462513 0.590869939707
0.723839496459 0.0 0.633333333333 0.444561774023 0.466838931955
0.499606608969 0.25 0.466666666667 0.360084477297 0.229974160207
0.499606608969 0.25 0.466666666667 0.360084477297 0.229974160207
0.723839496459 0.0 0.633333333333 0.444561774023 0.466838931955
0.723839496459 0.0 0.633333333333 0.444561774023 0.466838931955
0.879622344611 0.125 0.966666666667 0.971488912355 0.853574504737
0.918174665618 0.125 1.0 1.0 0.887166236003
0.673485444532 0.25 0.633333333333 0.469904963041 0.565030146425
0.673485444532 0.25 0.633333333333 0.469904963041 0.565030146425
0.610542879622 0.375 0.666666666667 0.542766631468 0.552971576227
0.571990558615 0.375 0.633333333333 0.514255543823 0.519379844961
0.852084972463 0.875 0.933333333333 0.984160506864 0.78466838932
0.813532651456 0.875 0.9 0.955649419219 0.751076658053
0.794649881983 0.25 0.7 0.473072861668 0.500430663221
0.739575137687 0.125 0.666666666667 0.444561774023 0.466838931955
0.762391817467 0.0 0.666666666667 0.473072861668 0.500430663221
0.723839496459 0.0 0.633333333333 0.444561774023 0.466838931955
0.845790715972 0.25 0.766666666667 0.553326293559 0.681309216193
0.774193548387 0.25 0.8 0.738120380148 0.657192075797
1.0 0.125 0.966666666667 0.805702217529 0.919035314384
0.935483870968 0.125 0.833333333333 0.673706441394 0.761412575366
0.808025177026 0.125 0.8 0.749736008448 0.749354005168
0.796223446105 0.75 0.933333333333 0.948257655755 0.795865633075
0.479937057435 0.25 0.433333333333 0.170010559662 0.204134366925
0.479937057435 0.25 0.433333333333 0.170010559662 0.204134366925
0.566483084186 0.625 0.533333333333 0.198521647307 0.237726098191
0.550747442958 0.5 0.5 0.198521647307 0.237726098191
0.839496459481 0.0 0.833333333333 0.656810982049 0.805340223945
0.940991345397 0.375 0.933333333333 0.872228088701 0.804478897502
0.518489378442 0.25 0.466666666667 0.198521647307 0.237726098191
0.893784421715 0.75 0.833333333333 0.674762407603 0.607235142119
0.527930763179 0.625 0.5 0.170010559662 0.204134366925
0.538158929976 0.5 0.566666666667 0.273495248152 0.328165374677
0.839496459481 0.0 0.833333333333 0.656810982049 0.805340223945
0.813532651456 0.0 0.733333333333 0.553326293559 0.681309216193
0.630212431157 0.5 0.766666666667 0.617740232313 0.643410852713
0.604248623131 0.5 0.666666666667 0.514255543823 0.519379844961
0.630212431157 0.5 0.766666666667 0.617740232313 0.643410852713
0.630212431157 0.5 0.766666666667 0.617740232313 0.643410852713
0.723839496459 0.0 0.633333333333 0.444561774023 0.466838931955
0.749803304485 0.0 0.733333333333 0.548046462513 0.590869939707
