0.842401500938 0.0 0.842105263158 0.716494845361 0.899727148704
0.702939337086 0.0 0.710526315789 0.533505154639 0.708049113233
0.674171357098 0.0 0.710526315789 0.560137457045 0.699181446112
0.787587412587 0.0 0.785714285714 0.574776785714 0.751953125
0.787587412587 0.0 0.785714285714 0.574776785714 0.751953125
0.787587412587 0.0 0.785714285714 0.574776785714 0.751953125
0.787587412587 0.0 0.785714285714 0.574776785714 0.751953125
0.848776223776 0.0 0.857142857143 0.699776785714 0.8662109375
0.848776223776 0.0 0.857142857143 0.699776785714 0.8662109375
0.848776223776 0.0 0.857142857143 0.699776785714 0.8662109375
0.848776223776 0.0 0.857142857143 0.699776785714 0.8662109375
0.49593495935 0.0 0.526315789474 0.321305841924 0.461800818554
0.9205753596 0.0 0.921052631579 0.829896907216 1.0
0.558474046279 0.0 0.631578947368 0.519759450172 0.615961800819
0.647904940588 0.0 0.684210526316 0.528350515464 0.642564802183
0.650416933932 0.0 0.742857142857 0.706652126499 0.759780907668
0.894934333959 0.0 0.842105263158 0.592783505155 0.787858117326
0.515322076298 0.0 0.526315789474 0.273195876289 0.400409276944
0.831144465291 0.0 0.815789473684 0.589347079038 0.742837653479
0.636647904941 0.0 0.710526315789 0.602233676976 0.665757162347
0.682301438399 0.0 0.763157894737 0.658934707904 0.714188267394
0.943714821764 0.0 0.868421052632 0.70704467354 0.914051841746
0.861788617886 0.0 0.894736842105 0.827319587629 0.925648021828
0.891181988743 0.0 0.868421052632 0.687285223368 0.837653478854
0.62789243277 0.0 0.684210526316 0.550687285223 0.611869031378
0.742338961851 0.0 0.736842105263 0.634879725086 0.75306957708
0.554096310194 0.0 0.578947368421 0.379725085911 0.466575716235
0.864290181363 0.0 0.815789473684 0.591924398625 0.75102319236
0.474046278924 0.0 0.5 0.328178694158 0.412005457026
0.678549093183 0.0 0.657894736842 0.503436426117 0.633015006821
0.501563477173 0.0 0.5 0.29295532646 0.399045020464
0.753595997498 0.0 0.736842105263 0.568728522337 0.68894952251
0.589743589744 0.0 0.605263157895 0.401202749141 0.488403819918
0.562226391495 0.0 0.578947368421 0.403780068729 0.489768076398
0.781113195747 0.0 0.789473684211 0.57560137457 0.668485675307
0.552220137586 0.0 0.552631578947 0.375429553265 0.476125511596
0.762351469669 0.0 0.684210526316 0.470790378007 0.649386084584
0.676672920575 0.0 0.605263157895 0.407216494845 0.572987721692
0.793621013133 0.0 0.763157894737 0.680412371134 0.801500682128
0.786741713571 0.0 0.736842105263 0.583333333333 0.723738062756
0.889305816135 0.0 0.868421052632 0.754295532646 0.864256480218
0.575984990619 0.0 0.578947368421 0.433848797251 0.515688949523
0.599124452783 0.0 0.657894736842 0.573883161512 0.599590723056
0.617886178862 0.0 0.631578947368 0.481099656357 0.549795361528
0.816760475297 0.0 0.789473684211 0.68470790378 0.791268758527
0.662914321451 0.0 0.657894736842 0.5 0.583901773533
0.544715447154 0.0 0.552631578947 0.341065292096 0.412005457026
0.534709193246 0.0 0.578947368421 0.450171821306 0.483628922237
0.586914688903 0.0 0.685714285714 0.729552889858 0.70813771518
0.815509693558 0.0 0.763157894737 0.639175257732 0.768076398363
0.656660412758 0.0 0.657894736842 0.583333333333 0.658253751705
0.585991244528 0.0 0.605263157895 0.452749140893 0.507503410641
0.751719824891 0.0 0.657894736842 0.444158075601 0.610504774898
0.523452157598 0.0 0.605263157895 0.516323024055 0.506821282401
0.798624140088 0.0 0.789473684211 0.755154639175 0.831514324693
0.758741258741 0.0 0.678571428571 0.465401785714 0.611328125
0.758741258741 0.0 0.678571428571 0.465401785714 0.611328125
0.476547842402 0.0 0.552631578947 0.46735395189 0.454297407913
0.621552277101 0.0 0.685714285714 0.69465648855 0.693270735524
0.79612257661 0.0 0.763157894737 0.567869415808 0.663028649386
0.590368980613 0.0 0.578947368421 0.366838487973 0.43929058663
0.851156973108 0.0 0.763157894737 0.633161512027 0.781036834925
0.697936210131 0.0 0.736842105263 0.60824742268 0.628922237381
0.909943714822 0.0 0.815789473684 0.651202749141 0.804911323329
0.465916197624 0.0 0.5 0.40206185567 0.426330150068
0.668542839275 0.0 0.631578947368 0.487972508591 0.583219645293
0.773608505316 0.0 0.763157894737 0.594501718213 0.661664392906
0.420888055034 0.0 0.394736842105 0.197594501718 0.278990450205
0.454033771107 0.0 0.473684210526 0.334192439863 0.368349249659
0.674171357098 0.0 0.631578947368 0.548969072165 0.643929058663
0.452782989368 0.0 0.526315789474 0.440721649485 0.418826739427
0.484677923702 0.0 0.5 0.412371134021 0.447476125512
0.687304565353 0.0 0.631578947368 0.493127147766 0.598908594816
0.622889305816 0.0 0.605263157895 0.475945017182 0.542974079127
0.646654158849 0.0 0.552631578947 0.417525773196 0.56002728513
0.820512820513 0.0 0.842105263158 0.837628865979 0.864256480218
0.629143214509 0.0 0.578947368421 0.464776632302 0.56139154161
0.574734208881 0.0 0.605263157895 0.458762886598 0.472032742156
0.696060037523 0.0 0.684210526316 0.469931271478 0.523874488404
0.730456535335 0.0 0.684210526316 0.459621993127 0.547748976808
0.593329057088 0.0 0.542857142857 0.43947655398 0.531298904538
0.645926876203 0.0 0.742857142857 0.814612868048 0.758998435055
0.597177677999 0.0 0.628571428571 0.570338058888 0.579029733959
0.621552277101 0.0 0.714285714286 0.791712104689 0.737871674491
0.868042526579 0.0 0.894736842105 0.781786941581 0.793997271487
0.807379612258 0.0 0.842105263158 0.797250859107 0.800818553888
0.539086929331 0.0 0.552631578947 0.471649484536 0.495907230559
0.593970493906 0.0 0.657142857143 0.679389312977 0.652582159624
0.7698561601 0.0 0.763157894737 0.677835051546 0.720327421555
0.595997498437 0.0 0.526315789474 0.36941580756 0.474761255116
0.55035279025 0.0 0.6 0.528898582334 0.512519561815
0.776110068793 0.0 0.736842105263 0.625429553265 0.697135061392
0.69918699187 0.0 0.684210526316 0.487113402062 0.534106412005
0.714196372733 0.0 0.657894736842 0.427835051546 0.515688949523
0.525953721076 0.0 0.578947368421 0.553264604811 0.531377899045
0.749218261413 0.0 0.736842105263 0.582474226804 0.62278308322
0.604127579737 0.0 0.605263157895 0.496563573883 0.523192360164
0.617062219371 0.0 0.657142857143 0.599781897492 0.58607198748
0.631815266196 0.0 0.685714285714 0.655398037077 0.625978090767
0.632895559725 0.0 0.631578947368 0.362542955326 0.387448840382
0.711353431687 0.0 0.742857142857 0.708833151581 0.700312989045
0.763602251407 0.0 0.815789473684 0.801546391753 0.772169167804
0.422764227642 0.0 0.473684210526 0.418384879725 0.390177353342
0.637588197563 0.0 0.628571428571 0.598691384951 0.629107981221
0.503439649781 0.0 0.473684210526 0.254295532646 0.304911323329
0.624140087555 0.0 0.578947368421 0.513745704467 0.577080491132
0.734445157152 0.0 0.742857142857 0.726281352236 0.734741784038
0.521575984991 0.0 0.473684210526 0.267182130584 0.331514324693
0.644002565747 0.0 0.714285714286 0.740458015267 0.684663536776
0.682488774856 0.0 0.742857142857 0.838604143948 0.791079812207
0.569731081926 0.0 0.552631578947 0.243986254296 0.272851296044
0.409005628518 0.0 0.447368421053 0.390034364261 0.362892223738
0.428392745466 0.0 0.447368421053 0.3264604811 0.317871759891
0.731879409878 0.0 0.771428571429 0.818974918212 0.788732394366
0.764853033146 0.0 0.789473684211 0.725945017182 0.710095497954
0.572803078897 0.0 0.6 0.537622682661 0.517214397496
0.444652908068 0.0 0.447368421053 0.371993127148 0.37517053206
0.470293933709 0.0 0.473684210526 0.389175257732 0.391541609823
0.630532392559 0.0 0.714285714286 0.753544165758 0.674491392801
0.819262038774 0.0 0.815789473684 0.669243986254 0.675989085948
0.511225144323 0.0 0.485714285714 0.37840785169 0.406885758998
0.429643527205 0.0 0.5 0.46735395189 0.399727148704
0.633739576652 0.0 0.714285714286 0.747001090513 0.668231611894
0.95559724828 0.0 0.894736842105 0.823024054983 0.885402455662
0.580500320718 0.0 0.542857142857 0.480916030534 0.519561815336
0.563822963438 0.0 0.6 0.529989094875 0.494522691706
0.62851782364 0.0 0.552631578947 0.345360824742 0.421555252387
0.629249518922 0.0 0.685714285714 0.699018538713 0.642410015649
0.736369467607 0.0 0.828571428571 0.957470010905 0.864632237872
0.578576010263 0.0 0.628571428571 0.601962922574 0.550860719875
0.695317511225 0.0 0.714285714286 0.696837513631 0.674491392801
0.930581613508 0.0 0.894736842105 0.725085910653 0.755798090041
0.484052532833 0.0 0.473684210526 0.29381443299 0.298772169168
0.448405253283 0.0 0.447368421053 0.387457044674 0.382673942701
0.93808630394 0.0 0.894736842105 0.819587628866 0.856753069577
0.720974983964 0.0 0.828571428571 0.968375136314 0.850547730829
0.740859525337 0.0 0.771428571429 0.823336968375 0.782472613459
0.576651699808 0.0 0.6 0.616139585605 0.582159624413
0.703014753047 0.0 0.685714285714 0.628135223555 0.633802816901
0.558050032072 0.0 0.657142857143 0.675027262814 0.564162754304
0.566388710712 0.0 0.542857142857 0.423118865867 0.433489827856
0.814685314685 0.111111111111 0.857142857143 0.761160714286 0.8154296875
0.814685314685 0.111111111111 0.857142857143 0.761160714286 0.8154296875
0.359599749844 0.0 0.315789473684 0.134020618557 0.162346521146
0.561257216164 0.0 0.657142857143 0.593238822246 0.48200312989
0.610006414368 0.0 0.685714285714 0.678298800436 0.586854460094
0.88548951049 0.0 0.821428571429 0.732142857143 0.7802734375
0.573444515715 0.0 0.628571428571 0.6346782988 0.56338028169
0.854909318324 0.0 0.763157894737 0.560996563574 0.635743519782
0.490931832395 0.0 0.447368421053 0.281786941581 0.308321964529
0.877423389619 0.166666666667 0.842105263158 0.710481099656 0.894270122783
0.675432969852 0.0 0.714285714286 0.76881134133 0.712832550861
0.67222578576 0.0 0.685714285714 0.687022900763 0.654929577465
0.410881801126 0.0 0.342105263158 0.103092783505 0.154160982265
0.961538461538 0.222222222222 0.964285714286 0.800223214286 1.0
0.961538461538 0.222222222222 0.964285714286 0.800223214286 1.0
0.694676074407 0.0 0.742857142857 0.894220283533 0.826291079812
0.656831302117 0.0 0.657142857143 0.632497273719 0.612676056338
0.439649781113 0.0 0.447368421053 0.360824742268 0.333560709413
0.72545340838 0.166666666667 0.710526315789 0.569587628866 0.731241473397
0.393996247655 0.0 0.421052631579 0.32560137457 0.276944065484
0.608723540731 0.0 0.714285714286 0.752453653217 0.62441314554
0.650416933932 0.0 0.771428571429 0.92693565976 0.782472613459
0.558050032072 0.0 0.6 0.598691384951 0.532081377152
0.67222578576 0.0 0.685714285714 0.684841875682 0.646322378717
0.733162283515 0.0 0.771428571429 0.745910577972 0.682316118936
0.459036898061 0.0 0.5 0.38058419244 0.31377899045
0.667094291212 0.0 0.714285714286 0.766630316249 0.693270735524
0.579217447081 0.0 0.6 0.617230098146 0.569640062598
0.543296985247 0.0 0.571428571429 0.600872410033 0.545383411581
0.536241180244 0.0 0.571428571429 0.543075245365 0.480438184664
0.813341885824 0.0 0.828571428571 0.900763358779 0.856807511737
0.681847338037 0.0 0.714285714286 0.706652126499 0.64475743349
0.545221295702 0.0 0.6 0.592148309706 0.507824726135
0.471544715447 0.0 0.368421052632 0.180412371134 0.25306957708
0.439649781113 0.0 0.368421052632 0.18470790378 0.224420190996
0.494058786742 0.0 0.421052631579 0.240549828179 0.280354706685
0.601667735728 0.0 0.542857142857 0.415485278081 0.440532081377
0.44215134459 0.0 0.421052631579 0.337628865979 0.324693042292
0.594611930725 0.0 0.6 0.556161395856 0.515649452269
0.48749198204 0.0 0.457142857143 0.311886586696 0.306729264476
0.72607879925 0.166666666667 0.684210526316 0.383161512027 0.553888130969
0.67222578576 0.0 0.685714285714 0.703380588877 0.651799687011
0.645926876203 0.0 0.628571428571 0.611777535442 0.590766823161
0.50406504065 0.0 0.447368421053 0.249140893471 0.267394270123
0.669660038486 0.0 0.714285714286 0.776444929117 0.693270735524
0.503439649781 0.0 0.447368421053 0.226804123711 0.243519781719
0.599743425273 0.0 0.628571428571 0.661941112323 0.593114241002
0.531751122514 0.0 0.571428571429 0.607415485278 0.525039123631
0.434646654159 0.0 0.394736842105 0.323883161512 0.320600272851
0.77293136626 0.0 0.771428571429 0.793893129771 0.75117370892
0.555484284798 0.0 0.571428571429 0.558342420938 0.496870109546
0.559332905709 0.0 0.571428571429 0.571428571429 0.513302034429
0.823426573427 0.222222222222 0.821428571429 0.574776785714 0.751953125
0.823426573427 0.222222222222 0.821428571429 0.574776785714 0.751953125
0.636946760744 0.0 0.6 0.557251908397 0.546948356808
0.577293136626 0.0 0.6 0.549618320611 0.47965571205
0.882867132867 0.0 0.821428571429 0.785714285714 0.7998046875
0.868006993007 0.111111111111 0.857142857143 0.771205357143 0.845703125
0.736085053158 0.0 0.736842105263 0.784364261168 0.736016371078
