0.859615384615 0.0 0.868421052632 0.730007336757 0.895081967213
0.890384615385 0.0 0.921052631579 0.763756419663 0.88606557377
0.847115384615 0.0 0.894736842105 0.699192956713 0.787704918033
0.570192307692 0.0 0.631578947368 0.524578136464 0.595901639344
0.542307692308 0.0 0.578947368421 0.446074834923 0.527868852459
0.818269230769 0.0 0.868421052632 0.757153338225 0.825409836066
0.646153846154 0.0 0.710526315789 0.58180484226 0.631147540984
0.686057692308 0.0 0.763157894737 0.677182685253 0.703278688525
0.747115384615 0.0 0.815789473684 0.709464416728 0.741803278689
0.885576923077 0.0 0.947368421053 0.835656639765 0.874590163934
0.957692307692 0.0 0.947368421053 0.808510638298 0.918032786885
0.75625 0.0 0.815789473684 0.821716801174 0.859016393443
0.672115384615 0.0 0.710526315789 0.676449009538 0.72131147541
0.577403846154 0.0 0.657894736842 0.509170946442 0.502459016393
0.736707238949 0.0 0.793103448276 0.811188811189 0.820430107527
0.723894939142 0.0 0.758620689655 0.679487179487 0.709677419355
0.607692307692 0.0 0.684210526316 0.56126192223 0.545081967213
0.677884615385 0.0 0.736842105263 0.63683052091 0.636885245902
0.907751441384 0.0 0.896551724138 0.74358974359 0.803225806452
0.68930172966 0.0 0.655172413793 0.590909090909 0.672043010753
0.687379884689 0.0 0.620689655172 0.502331002331 0.615053763441
0.702114029468 0.0 0.655172413793 0.597902097902 0.690322580645
0.735576923077 0.0 0.789473684211 0.742479823918 0.733606557377
0.770192307692 0.0 0.763157894737 0.608950843727 0.659836065574
0.475 0.0 0.526315789474 0.487160674982 0.479508196721
0.740550928892 0.0 0.689655172414 0.597902097902 0.690322580645
0.740550928892 0.0 0.689655172414 0.597902097902 0.690322580645
0.725961538462 0.0 0.789473684211 0.702127659574 0.679508196721
0.820627802691 0.0 0.758620689655 0.618881118881 0.721505376344
0.67264573991 0.0 0.655172413793 0.547785547786 0.605376344086
0.793269230769 0.0 0.842105263158 0.803374908291 0.794262295082
0.961563100577 0.0 0.931034482759 0.871794871795 0.941935483871
0.805893657912 0.0 0.758620689655 0.655011655012 0.740860215054
0.555288461538 0.0 0.605263157895 0.479090242113 0.467213114754
0.759769378603 0.0 0.724137931034 0.677156177156 0.750537634409
0.759769378603 0.0 0.724137931034 0.677156177156 0.750537634409
0.775784753363 0.0 0.689655172414 0.573426573427 0.695698924731
0.85265855221 0.0 0.827586206897 0.681818181818 0.741935483871
0.409615384615 0.0 0.447368421053 0.345561261922 0.34262295082
0.77065983344 0.0 0.724137931034 0.590909090909 0.672043010753
0.718129404228 0.0 0.724137931034 0.70979020979 0.736559139785
0.485576923077 0.0 0.473684210526 0.396918561996 0.439344262295
0.935938500961 0.0 0.896551724138 0.814685314685 0.883870967742
0.657270980141 0.0 0.586206896552 0.511655011655 0.611827956989
0.657270980141 0.0 0.586206896552 0.511655011655 0.611827956989
0.657270980141 0.0 0.586206896552 0.511655011655 0.611827956989
0.337980769231 0.0 0.315789473684 0.257520176082 0.30737704918
0.663677130045 0.0 0.620689655172 0.504662004662 0.575268817204
0.86867392697 0.0 0.862068965517 0.782051282051 0.816129032258
0.984625240231 0.0 0.965517241379 0.777389277389 0.823655913978
0.676489429853 0.0 0.620689655172 0.511655011655 0.593548387097
0.676489429853 0.0 0.620689655172 0.511655011655 0.593548387097
0.872115384615 0.0 0.921052631579 0.910491562729 0.887704918033
0.706598334401 0.0 0.620689655172 0.487179487179 0.598924731183
0.586803331198 0.0 0.586206896552 0.550116550117 0.576344086022
0.586803331198 0.0 0.586206896552 0.550116550117 0.576344086022
0.586803331198 0.0 0.586206896552 0.550116550117 0.576344086022
0.695707879564 0.0 0.620689655172 0.511655011655 0.611827956989
0.839846252402 0.0 0.793103448276 0.664335664336 0.735483870968
0.599615631006 0.0 0.586206896552 0.55710955711 0.594623655914
0.599615631006 0.0 0.586206896552 0.55710955711 0.594623655914
0.599615631006 0.0 0.586206896552 0.55710955711 0.594623655914
0.768097373479 0.0 0.758620689655 0.638694638695 0.672043010753
0.689942344651 0.0 0.655172413793 0.461538461538 0.51935483871
0.697596153846 0.0 0.684210526316 0.663242846662 0.699180327869
0.778347213325 0.0 0.724137931034 0.636363636364 0.712903225806
0.62267777066 0.0 0.620689655172 0.562937062937 0.587096774194
0.625240230621 0.0 0.620689655172 0.550116550117 0.576344086022
0.818065342729 0.0 0.793103448276 0.664335664336 0.710752688172
0.647021140295 0.0 0.586206896552 0.511655011655 0.593548387097
0.647021140295 0.0 0.586206896552 0.511655011655 0.593548387097
0.647021140295 0.0 0.586206896552 0.511655011655 0.593548387097
0.612427930814 0.0 0.586206896552 0.461538461538 0.508602150538
0.711723254324 0.0 0.620689655172 0.487179487179 0.598924731183
0.670083279949 0.0 0.689655172414 0.721445221445 0.722580645161
0.680973734785 0.0 0.655172413793 0.664335664336 0.710752688172
0.618834080717 0.0 0.620689655172 0.636363636364 0.654838709677
0.631646380525 0.0 0.551724137931 0.511655011655 0.611827956989
0.631646380525 0.0 0.551724137931 0.511655011655 0.611827956989
0.631646380525 0.0 0.551724137931 0.511655011655 0.611827956989
0.662395900064 0.0 0.655172413793 0.506993006993 0.534408602151
0.638052530429 0.0 0.620689655172 0.55710955711 0.594623655914
0.839205637412 0.0 0.862068965517 0.806526806527 0.803225806452
0.9125 0.0 0.842105263158 0.658107116654 0.747540983607
0.663677130045 0.0 0.655172413793 0.506993006993 0.534408602151
0.730941704036 0.0 0.689655172414 0.611888111888 0.672043010753
0.67264573991 0.0 0.620689655172 0.504662004662 0.575268817204
0.67264573991 0.0 0.620689655172 0.504662004662 0.575268817204
0.67264573991 0.0 0.620689655172 0.504662004662 0.575268817204
0.734144778988 0.0 0.689655172414 0.590909090909 0.65376344086
0.734144778988 0.0 0.689655172414 0.590909090909 0.65376344086
0.786034593209 0.0 0.758620689655 0.659673659674 0.705376344086
0.85265855221 0.0 0.793103448276 0.716783216783 0.794623655914
0.527403846154 0.0 0.526315789474 0.388114453412 0.40737704918
0.85265855221 0.0 0.827586206897 0.757575757576 0.8
0.666239590006 0.0 0.620689655172 0.590909090909 0.65376344086
0.666239590006 0.0 0.620689655172 0.590909090909 0.65376344086
0.666239590006 0.0 0.620689655172 0.590909090909 0.65376344086
0.741191543882 0.0 0.724137931034 0.641025641026 0.675268817204
0.73734785394 0.0 0.724137931034 0.611888111888 0.641935483871
0.561178731582 0.0 0.551724137931 0.550116550117 0.576344086022
0.561178731582 0.0 0.551724137931 0.550116550117 0.576344086022
0.561178731582 0.0 0.551724137931 0.550116550117 0.576344086022
0.871877001922 0.0 0.862068965517 0.703962703963 0.730107526882
0.670083279949 0.0 0.586206896552 0.511655011655 0.611827956989
0.670083279949 0.0 0.586206896552 0.511655011655 0.611827956989
0.670083279949 0.0 0.586206896552 0.511655011655 0.611827956989
0.670083279949 0.0 0.586206896552 0.511655011655 0.611827956989
0.670083279949 0.0 0.586206896552 0.511655011655 0.611827956989
0.670083279949 0.0 0.586206896552 0.511655011655 0.611827956989
0.72133247918 0.0 0.655172413793 0.511655011655 0.593548387097
0.670083279949 0.0 0.655172413793 0.636363636364 0.666666666667
0.57399103139 0.0 0.551724137931 0.55710955711 0.594623655914
0.761050608584 0.0 0.724137931034 0.635198135198 0.687096774194
0.769378603459 0.0 0.724137931034 0.611888111888 0.672043010753
0.705957719411 0.0 0.620689655172 0.511655011655 0.611827956989
0.792440743113 0.0 0.827586206897 0.807692307692 0.787096774194
0.859064702114 0.0 0.827586206897 0.738927738928 0.784946236559
0.627403846154 0.0 0.657894736842 0.539985326486 0.523770491803
0.777065983344 0.0 0.793103448276 0.787878787879 0.786021505376
0.698910954516 0.0 0.655172413793 0.461538461538 0.51935483871
0.620755925689 0.0 0.586206896552 0.529137529138 0.577419354839
0.620755925689 0.0 0.586206896552 0.529137529138 0.577419354839
0.839846252402 0.0 0.793103448276 0.723776223776 0.783870967742
0.70467648943 0.0 0.655172413793 0.590909090909 0.65376344086
0.443269230769 0.0 0.473684210526 0.382978723404 0.365573770492
0.599615631006 0.0 0.586206896552 0.550116550117 0.576344086022
0.795003203075 0.0 0.793103448276 0.773892773893 0.788172043011
0.633568225496 0.0 0.586206896552 0.536130536131 0.595698924731
0.633568225496 0.0 0.586206896552 0.536130536131 0.595698924731
0.633568225496 0.0 0.586206896552 0.536130536131 0.595698924731
0.851377322229 0.0 0.793103448276 0.693473193473 0.763440860215
0.708520179372 0.0 0.689655172414 0.636363636364 0.666666666667
0.612427930814 0.0 0.586206896552 0.55710955711 0.594623655914
0.676489429853 0.0 0.620689655172 0.526806526807 0.593548387097
0.916720051249 0.0 0.862068965517 0.752913752914 0.818279569892
0.670083279949 0.0 0.620689655172 0.504662004662 0.564516129032
0.659192825112 0.0 0.620689655172 0.529137529138 0.577419354839
0.659192825112 0.0 0.620689655172 0.529137529138 0.577419354839
0.804612427931 0.0 0.793103448276 0.749417249417 0.769892473118
0.929532351057 0.0 0.896551724138 0.723776223776 0.765591397849
0.818065342729 0.0 0.793103448276 0.831002331002 0.864516129032
0.692504804612 0.0 0.655172413793 0.504662004662 0.550537634409
0.55 0.0 0.605263157895 0.566397652238 0.519672131148
0.581037796284 0.0 0.551724137931 0.525641025641 0.563440860215
0.581037796284 0.0 0.551724137931 0.525641025641 0.563440860215
0.581037796284 0.0 0.551724137931 0.525641025641 0.563440860215
0.30625 0.0 0.315789473684 0.249449743213 0.248360655738
0.695067264574 0.0 0.655172413793 0.529137529138 0.577419354839
0.67200512492 0.0 0.620689655172 0.536130536131 0.595698924731
0.67200512492 0.0 0.620689655172 0.536130536131 0.595698924731
0.627802690583 0.0 0.620689655172 0.652680652681 0.667741935484
0.554772581678 0.0 0.51724137931 0.470862470862 0.516129032258
0.554772581678 0.0 0.51724137931 0.470862470862 0.516129032258
0.727738629084 0.0 0.724137931034 0.715617715618 0.72688172043
0.631646380525 0.0 0.620689655172 0.636363636364 0.654838709677
0.73734785394 0.0 0.758620689655 0.734265734266 0.720430107527
0.73734785394 0.0 0.758620689655 0.734265734266 0.720430107527
0.820627802691 0.0 0.758620689655 0.592074592075 0.661290322581
0.643818065343 0.0 0.620689655172 0.611888111888 0.641935483871
0.643818065343 0.0 0.620689655172 0.611888111888 0.641935483871
0.795003203075 0.0 0.689655172414 0.487179487179 0.598924731183
0.757206918642 0.0 0.793103448276 0.811188811189 0.781720430108
0.561178731582 0.0 0.551724137931 0.463869463869 0.479569892473
0.335096153846 0.0 0.342105263158 0.249449743213 0.248360655738
0.670083279949 0.0 0.620689655172 0.539627039627 0.594623655914
0.727738629084 0.0 0.655172413793 0.5337995338 0.611827956989
0.663677130045 0.0 0.620689655172 0.529137529138 0.577419354839
0.674567584881 0.0 0.655172413793 0.602564102564 0.62688172043
0.357692307692 0.0 0.342105263158 0.292002934703 0.312295081967
0.602178090967 0.0 0.51724137931 0.425407925408 0.515053763441
0.602178090967 0.0 0.51724137931 0.425407925408 0.515053763441
0.602178090967 0.0 0.51724137931 0.425407925408 0.515053763441
0.602178090967 0.0 0.51724137931 0.425407925408 0.515053763441
0.602178090967 0.0 0.51724137931 0.425407925408 0.515053763441
0.602178090967 0.0 0.51724137931 0.425407925408 0.515053763441
0.691223574632 0.0 0.655172413793 0.615384615385 0.655913978495
0.642536835362 0.0 0.620689655172 0.550116550117 0.576344086022
0.593209481102 0.0 0.551724137931 0.470862470862 0.516129032258
0.722613709161 0.0 0.655172413793 0.511655011655 0.582795698925
0.638052530429 0.0 0.551724137931 0.425407925408 0.515053763441
0.638052530429 0.0 0.620689655172 0.642191142191 0.662365591398
0.70467648943 0.0 0.724137931034 0.674825174825 0.658064516129
0.837283792441 0.0 0.827586206897 0.82634032634 0.838709677419
0.491346153846 0.0 0.552631578947 0.544387380778 0.485245901639
0.782190903267 0.0 0.724137931034 0.504662004662 0.564516129032
0.287019230769 0.0 0.289473684211 0.249449743213 0.248360655738
0.644458680333 0.0 0.655172413793 0.635198135198 0.625806451613
0.452884615385 0.0 0.5 0.424064563463 0.377868852459
0.702114029468 0.0 0.655172413793 0.625874125874 0.67311827957
0.787956438181 0.0 0.793103448276 0.715617715618 0.710752688172
0.801409352979 0.0 0.827586206897 0.824009324009 0.797849462366
1.0 0.0 1.0 1.0 1.0
0.625240230621 0.0 0.586206896552 0.550116550117 0.588172043011
0.875720691864 0.0 0.862068965517 0.82634032634 0.838709677419
0.839846252402 0.0 0.827586206897 0.65034965035 0.661290322581
0.718770019218 0.0 0.655172413793 0.620046620047 0.681720430108
0.718770019218 0.0 0.655172413793 0.620046620047 0.681720430108
0.623076923077 0.0 0.605263157895 0.38517975055 0.400819672131
0.785096153846 0.0 0.789473684211 0.619955979457 0.613114754098
