0.6344873502 0.375 0.535714285714 0.519823788546 0.472222222222
0.54327563249 0.0 0.464285714286 0.390969162996 0.275252525253
0.54327563249 0.0 0.464285714286 0.508810572687 0.444444444444
0.484687083888 0.375 0.392857142857 0.193832599119 0.104797979798
0.549933422104 0.25 0.428571428571 0.38436123348 0.282828282828
0.612516644474 0.375 0.464285714286 0.265418502203 0.159090909091
0.494673768309 0.125 0.428571428571 0.286343612335 0.30303030303
0.758322237017 0.125 0.678571428571 0.570484581498 0.52904040404
0.652463382157 0.125 0.571428571429 0.422907488987 0.513888888889
0.733688415446 0.375 0.607142857143 0.519823788546 0.541666666667
0.82223701731 0.375 0.785714285714 0.777533039648 0.709595959596
0.669773635153 0.125 0.607142857143 0.628854625551 0.481060606061
0.395472703063 0.125 0.321428571429 0.256607929515 0.194444444444
0.486018641811 0.375 0.392857142857 0.3359030837 0.310606060606
0.625832223702 0.25 0.607142857143 0.471365638767 0.462121212121
0.589880159787 0.25 0.464285714286 0.378854625551 0.239898989899
0.626498002663 0.375 0.5 0.354625550661 0.29797979798
0.661118508655 0.625 0.571428571429 0.34140969163 0.22601010101
0.703728362184 0.375 0.678571428571 0.646475770925 0.652777777778
0.902796271638 0.375 0.821428571429 0.766519823789 0.766414141414
0.698402130493 0.875 0.642857142857 0.439427312775 0.415404040404
0.775632490013 0.0 0.642857142857 0.56718061674 0.493686868687
0.627829560586 0.375 0.535714285714 0.378854625551 0.353535353535
0.541278295606 0.25 0.464285714286 0.430616740088 0.440656565657
0.858854860186 0.625 0.75 0.667400881057 0.540404040404
0.435419440746 0.0 0.392857142857 0.299559471366 0.311868686869
0.629161118509 0.0 0.571428571429 0.442731277533 0.430555555556
0.607190412783 0.25 0.5 0.519823788546 0.387626262626
0.62516644474 0.125 0.571428571429 0.470264317181 0.498737373737
0.358189081225 0.0 0.25 0.157488986784 0.106060606061
0.656458055925 0.375 0.571428571429 0.628854625551 0.481060606061
0.625832223702 0.25 0.607142857143 0.471365638767 0.462121212121
0.687749667111 0.375 0.571428571429 0.397577092511 0.308080808081
0.69707057257 0.25 0.571428571429 0.371145374449 0.313131313131
0.818908122503 0.0 0.678571428571 0.56718061674 0.45202020202
0.796271637816 0.125 0.75 0.691629955947 0.667929292929
0.738348868176 0.125 0.642857142857 0.625550660793 0.570707070707
0.636484687084 0.25 0.535714285714 0.508810572687 0.444444444444
0.390812250333 0.25 0.285714285714 0.169603524229 0.107323232323
0.836218375499 0.125 0.75 0.754405286344 0.647727272727
0.54327563249 0.375 0.464285714286 0.286343612335 0.30303030303
0.593209054594 0.375 0.535714285714 0.302863436123 0.287878787879
0.517310252996 0.375 0.392857142857 0.325991189427 0.251262626263
0.706391478029 0.25 0.642857142857 0.463656387665 0.468434343434
0.669773635153 0.25 0.571428571429 0.679515418502 0.563131313131
0.512649800266 0.375 0.357142857143 0.193832599119 0.104797979798
0.710386151798 0.0 0.642857142857 0.529735682819 0.464646464646
0.503328894807 0.125 0.392857142857 0.339207048458 0.234848484848
0.556591211718 0.125 0.464285714286 0.415198237885 0.392676767677
0.462050599201 0.0 0.392857142857 0.297356828194 0.330808080808
0.564580559254 0.125 0.535714285714 0.485682819383 0.530303030303
1.0 0.375 1.0 1.0 1.0
0.546604527297 0.5 0.464285714286 0.329295154185 0.282828282828
0.918774966711 0.25 0.785714285714 0.675110132159 0.57702020202
0.40878828229 0.0 0.321428571429 0.157488986784 0.106060606061
0.512649800266 0.0 0.357142857143 0.325991189427 0.156565656566
0.60585885486 0.0 0.607142857143 0.458149779736 0.381313131313
0.550599201065 0.5 0.464285714286 0.26872246696 0.268939393939
0.563914780293 0.25 0.464285714286 0.289647577093 0.276515151515
0.678428761651 0.375 0.571428571429 0.392070484581 0.295454545455
0.534620505992 0.0 0.392857142857 0.275330396476 0.0997474747475
0.670439414115 0.0 0.607142857143 0.563876651982 0.410353535354
0.414780292943 0.25 0.321428571429 0.238986784141 0.219696969697
0.457390146471 0.25 0.392857142857 0.232378854626 0.176767676768
0.655126498003 0.25 0.571428571429 0.42731277533 0.395202020202
0.635153129161 0.25 0.535714285714 0.378854625551 0.304292929293
0.563914780293 0.0 0.464285714286 0.497797356828 0.363636363636
0.588548601864 0.25 0.428571428571 0.266519823789 0.135101010101
0.479360852197 0.375 0.392857142857 0.254405286344 0.213383838384
0.455392809587 0.5 0.357142857143 0.339207048458 0.30303030303
0.577230359521 0.125 0.5 0.45704845815 0.501262626263
0.856191744341 1.0 0.75 0.569383259912 0.525252525253
0.459387483356 0.125 0.392857142857 0.376651982379 0.378787878788
0.585885486019 0.125 0.5 0.344713656388 0.414141414141
0.42809587217 0.125 0.357142857143 0.3359030837 0.310606060606
0.949400798935 0.625 0.892857142857 0.713656387665 0.570707070707
0.693741677763 0.0 0.571428571429 0.476872246696 0.329545454545
0.532623169108 0.25 0.392857142857 0.323788546256 0.190656565657
0.563249001332 0.0 0.428571428571 0.305066079295 0.20202020202
0.730359520639 0.125 0.714285714286 0.743392070485 0.592171717172
0.758322237017 0.375 0.642857142857 0.661894273128 0.585858585859
0.552596537949 0.125 0.464285714286 0.31718061674 0.280303030303
0.650466045273 0.375 0.535714285714 0.452643171806 0.369949494949
0.549933422104 0.25 0.428571428571 0.238986784141 0.164141414141
0.864181091877 0.0 0.75 0.709251101322 0.699494949495
0.870838881491 0.0 0.75 0.660792951542 0.608585858586
0.33155792277 0.125 0.25 0.196035242291 0.102272727273
0.776298268975 0.625 0.642857142857 0.404185022026 0.42297979798
0.291611185087 0.0 0.178571428571 0.109030837004 0.0151515151515
0.711051930759 0.625 0.571428571429 0.3359030837 0.356060606061
0.58655126498 0.375 0.5 0.324889867841 0.368686868687
0.5 0.25 0.392857142857 0.218061674009 0.198232323232
0.370838881491 0.375 0.25 0.193832599119 0.104797979798
0.406125166445 0.125 0.357142857143 0.305066079295 0.285353535354
0.577230359521 0.125 0.535714285714 0.40859030837 0.431818181818
0.546604527297 0.125 0.5 0.327092511013 0.318181818182
0.882157123835 0.25 0.785714285714 0.624449339207 0.57196969697
0.481358189081 0.375 0.357142857143 0.254405286344 0.19696969697
0.597869507324 0.25 0.535714285714 0.442731277533 0.430555555556
0.774300932091 0.375 0.678571428571 0.704845814978 0.699494949495
0.563914780293 0.0 0.464285714286 0.497797356828 0.363636363636
0.54327563249 0.375 0.464285714286 0.286343612335 0.30303030303
0.551264980027 0.375 0.428571428571 0.283039647577 0.305555555556
0.566577896138 0.625 0.464285714286 0.412995594714 0.411616161616
0.41810918775 0.375 0.321428571429 0.24449339207 0.193181818182
0.351531291611 0.0 0.25 0.169603524229 0.107323232323
0.577230359521 0.125 0.5 0.45704845815 0.501262626263
0.690412782956 0.375 0.571428571429 0.564977973568 0.474747474747
0.718375499334 0.625 0.607142857143 0.295154185022 0.267676767677
0.510652463382 0.375 0.392857142857 0.353524229075 0.222222222222
0.630492676431 0.375 0.535714285714 0.32268722467 0.232323232323
0.366178428762 0.0 0.25 0.151982378855 0.0631313131313
0.62516644474 0.125 0.535714285714 0.525330396476 0.361111111111
0.838215712383 0.5 0.785714285714 0.719162995595 0.604797979798
0.587217043941 0.0 0.464285714286 0.350220264317 0.184343434343
0.370838881491 0.25 0.285714285714 0.218061674009 0.198232323232
0.446071904128 0.0 0.321428571429 0.269823788546 0.210858585859
0.452729693742 0.0 0.321428571429 0.323788546256 0.190656565657
0.792276964048 0.625 0.678571428571 0.332599118943 0.241161616162
0.818908122503 0.875 0.785714285714 0.609030837004 0.611111111111
0.641810918775 0.25 0.571428571429 0.378854625551 0.410353535354
0.674434087883 0.25 0.535714285714 0.366740088106 0.375
0.515978695073 0.25 0.357142857143 0.219162995595 0.135101010101
0.587882822903 0.375 0.5 0.338105726872 0.205808080808
0.583222370173 0.0 0.428571428571 0.362334801762 0.30303030303
0.466711051931 0.25 0.357142857143 0.256607929515 0.310606060606
0.535952063915 0.125 0.464285714286 0.412995594714 0.424242424242
0.665113182423 0.375 0.571428571429 0.486784140969 0.459595959596
0.533288948069 0.375 0.428571428571 0.264317180617 0.276515151515
0.529960053262 0.25 0.392857142857 0.259911894273 0.185606060606
0.554593874834 0.125 0.428571428571 0.262114537445 0.227272727273
0.858854860186 0.25 0.678571428571 0.514317180617 0.386363636364
0.546604527297 0.5 0.464285714286 0.329295154185 0.282828282828
0.512649800266 0.125 0.428571428571 0.18281938326 0.162878787879
0.670439414115 0.375 0.571428571429 0.515418502203 0.506313131313
0.636484687084 0.25 0.535714285714 0.508810572687 0.444444444444
0.631824234354 0.375 0.535714285714 0.399779735683 0.32702020202
0.563914780293 0.0 0.464285714286 0.497797356828 0.363636363636
0.659121171771 0.625 0.571428571429 0.485682819383 0.578282828283
0.508655126498 0.5 0.464285714286 0.330396475771 0.342171717172
0.376830892144 0.0 0.25 0.151982378855 0.0631313131313
0.395472703063 0.125 0.321428571429 0.24449339207 0.193181818182
0.487350199734 0.25 0.392857142857 0.254405286344 0.127525252525
0.608521970706 0.375 0.535714285714 0.355726872247 0.342171717172
0.503328894807 0.125 0.392857142857 0.339207048458 0.234848484848
0.552596537949 0.25 0.5 0.370044052863 0.435606060606
0.625832223702 0.625 0.535714285714 0.352422907489 0.397727272727
0.453395472703 0.0 0.392857142857 0.26872246696 0.180555555556
0.588548601864 0.25 0.428571428571 0.266519823789 0.135101010101
0.54327563249 0.0 0.464285714286 0.508810572687 0.444444444444
0.510652463382 0.375 0.392857142857 0.353524229075 0.222222222222
0.509986684421 0.25 0.392857142857 0.314977973568 0.237373737374
0.526631158455 0.625 0.464285714286 0.373348017621 0.40404040404
0.517310252996 0.0 0.428571428571 0.310572687225 0.244949494949
0.382157123835 0.125 0.285714285714 0.13436123348 0.0719696969697
0.479360852197 0.25 0.357142857143 0.281938325991 0.212121212121
0.835552596538 0.5 0.75 0.523127753304 0.42297979798
0.762316910786 0.5 0.642857142857 0.448237885463 0.352272727273
0.65845539281 0.125 0.571428571429 0.555066079295 0.465909090909
0.624500665779 0.5 0.571428571429 0.36013215859 0.301767676768
0.486018641811 0.0 0.357142857143 0.305066079295 0.190656565657
0.534620505992 0.0 0.392857142857 0.275330396476 0.0997474747475
0.539280958722 0.25 0.464285714286 0.373348017621 0.357323232323
0.438082556591 0.25 0.321428571429 0.157488986784 0.106060606061
0.796271637816 0.25 0.642857142857 0.558370044053 0.472222222222
0.687749667111 0.375 0.535714285714 0.418502202643 0.29797979798
0.563914780293 0.0 0.464285714286 0.497797356828 0.363636363636
0.710386151798 0.125 0.607142857143 0.450440528634 0.393939393939
0.452729693742 0.375 0.357142857143 0.254405286344 0.213383838384
0.711051930759 0.625 0.571428571429 0.3359030837 0.356060606061
0.533954727031 0.125 0.464285714286 0.340308370044 0.282828282828
0.718375499334 0.25 0.607142857143 0.605726872247 0.52398989899
0.661784287617 0.25 0.535714285714 0.469162995595 0.512626262626
0.574567243675 0.375 0.464285714286 0.233480176211 0.276515151515
0.639147802929 0.75 0.535714285714 0.539647577093 0.569444444444
0.552596537949 0.375 0.5 0.269823788546 0.234848484848
0.521304926764 0.0 0.428571428571 0.3359030837 0.22601010101
0.597869507324 0.25 0.535714285714 0.442731277533 0.430555555556
0.639813581891 0.375 0.535714285714 0.515418502203 0.506313131313
0.581225033289 0.125 0.5 0.371145374449 0.30303030303
0.960719041278 0.625 0.928571428571 0.772026431718 0.667929292929
0.529960053262 0.25 0.428571428571 0.3359030837 0.237373737374
0.566577896138 0.25 0.5 0.329295154185 0.204545454545
0.507989347537 0.0 0.392857142857 0.3359030837 0.191919191919
0.351531291611 0.125 0.285714285714 0.24449339207 0.193181818182
0.481358189081 0.375 0.357142857143 0.254405286344 0.19696969697
0.655792276964 0.375 0.607142857143 0.42731277533 0.431818181818
0.576564580559 0.25 0.464285714286 0.330396475771 0.30303030303
0.512649800266 0.25 0.428571428571 0.215859030837 0.204545454545
0.810252996005 0.625 0.785714285714 0.63436123348 0.608585858586
0.594540612517 0.25 0.5 0.294052863436 0.247474747475
0.496671105193 0.0 0.392857142857 0.411894273128 0.265151515152
0.647802929427 0.0 0.571428571429 0.562775330396 0.414141414141
0.484021304927 0.25 0.357142857143 0.196035242291 0.218434343434
0.552596537949 0.25 0.5 0.370044052863 0.435606060606
0.588548601864 0.25 0.428571428571 0.266519823789 0.135101010101
0.685086551265 0.5 0.678571428571 0.550660792952 0.556818181818
0.896138482024 0.625 0.821428571429 0.590308370044 0.618686868687
0.541278295606 0.0 0.464285714286 0.404185022026 0.359848484848
0.492676431425 0.5 0.428571428571 0.256607929515 0.179292929293
