0.820836098208 0.0 0.821428571429 0.655637254902 0.718599033816
0.741207697412 0.0 0.642857142857 0.512254901961 0.67270531401
0.7100199071 0.0 0.642857142857 0.537990196078 0.666666666667
0.597213005972 0.0 0.5 0.447303921569 0.578502415459
0.63702720637 0.0 0.535714285714 0.447303921569 0.578502415459
0.681486396815 0.0 0.714285714286 0.680147058824 0.675120772947
0.839416058394 0.0 0.75 0.524509803922 0.641304347826
0.568679495687 0.0 0.5 0.469362745098 0.565217391304
0.561380225614 0.0 0.5 0.495098039216 0.579710144928
0.867285998673 0.0 0.785714285714 0.574754901961 0.676328502415
0.8599867286 0.0 0.785714285714 0.580882352941 0.67270531401
0.557398805574 0.0 0.535714285714 0.487745098039 0.526570048309
0.879893828799 0.0 0.821428571429 0.688725490196 0.762077294686
0.563370935634 0.0 0.535714285714 0.520833333333 0.561594202899
0.554744525547 0.0 0.5 0.404411764706 0.471014492754
0.521566025216 0.0 0.464285714286 0.404411764706 0.471014492754
0.670205706702 0.0 0.642857142857 0.571078431373 0.607487922705
0.587923025879 0.0 0.571428571429 0.604166666667 0.62922705314
0.845388188454 0.0 0.785714285714 0.644607843137 0.712560386473
0.755806237558 0.0 0.714285714286 0.710784313725 0.753623188406
0.834107498341 0.0 0.75 0.529411764706 0.614734299517
0.56403450564 0.0 0.5 0.487745098039 0.55193236715
1.0 0.0 1.0 1.0 1.0
0.543463835435 0.0 0.5 0.430147058824 0.473429951691
0.802919708029 0.0 0.785714285714 0.794117647059 0.81038647343
0.751824817518 0.0 0.714285714286 0.571078431373 0.607487922705
0.532183145322 0.0 0.464285714286 0.404411764706 0.471014492754
0.623755806238 0.0 0.607142857143 0.600490196078 0.614734299517
0.592568015926 0.0 0.5 0.382352941176 0.472222222222
0.660915726609 0.0 0.642857142857 0.621323529412 0.636473429952
0.616456536165 0.0 0.571428571429 0.513480392157 0.554347826087
0.64698075647 0.0 0.571428571429 0.542892156863 0.613526570048
0.464499004645 0.0 0.392857142857 0.404411764706 0.471014492754
0.514266755143 0.0 0.464285714286 0.430147058824 0.473429951691
0.514266755143 0.0 0.464285714286 0.430147058824 0.473429951691
0.587923025879 0.0 0.535714285714 0.430147058824 0.473429951691
0.607830126078 0.0 0.571428571429 0.610294117647 0.63768115942
0.550099535501 0.0 0.5 0.513480392157 0.554347826087
0.516921035169 0.0 0.464285714286 0.430147058824 0.473429951691
0.668878566689 0.0 0.607142857143 0.487745098039 0.539855072464
0.541473125415 0.0 0.464285714286 0.404411764706 0.471014492754
0.737226277372 0.0 0.714285714286 0.605392156863 0.617149758454
0.7100199071 0.0 0.678571428571 0.649509803922 0.669082125604
0.666887856669 0.0 0.642857142857 0.605392156863 0.617149758454
0.718646317186 0.0 0.642857142857 0.454656862745 0.51690821256
0.683477106835 0.0 0.678571428571 0.69362745098 0.684782608696
0.800928998009 0.0 0.785714285714 0.741421568627 0.742753623188
0.521566025216 0.0 0.464285714286 0.430147058824 0.473429951691
0.536828135368 0.0 0.5 0.430147058824 0.452898550725
0.79097544791 0.0 0.75 0.822303921569 0.849033816425
0.64499004645 0.0 0.607142857143 0.430147058824 0.452898550725
0.523556735236 0.0 0.5 0.446078431373 0.452898550725
0.523556735236 0.0 0.5 0.446078431373 0.452898550725
0.79296615793 0.0 0.75 0.752450980392 0.777777777778
0.608493696085 0.0 0.535714285714 0.404411764706 0.458937198068
0.801592568016 0.0 0.714285714286 0.660539215686 0.728260869565
0.529528865295 0.0 0.5 0.422794117647 0.432367149758
0.548108825481 0.0 0.464285714286 0.427696078431 0.49154589372
0.808891838089 0.0 0.75 0.672794117647 0.711352657005
0.683477106835 0.0 0.678571428571 0.588235294118 0.572463768116
0.501658925017 0.0 0.428571428571 0.441176470588 0.492753623188
0.612475116125 0.0 0.535714285714 0.404411764706 0.458937198068
0.522229595222 0.0 0.464285714286 0.463235294118 0.498792270531
0.668878566689 0.0 0.607142857143 0.561274509804 0.600241545894
0.538818845388 0.0 0.464285714286 0.441176470588 0.492753623188
0.538818845388 0.0 0.464285714286 0.441176470588 0.492753623188
0.612475116125 0.0 0.535714285714 0.398284313725 0.451690821256
0.497677504977 0.0 0.464285714286 0.422794117647 0.432367149758
0.726609157266 0.0 0.642857142857 0.620098039216 0.679951690821
0.660252156603 0.0 0.571428571429 0.452205882353 0.51690821256
0.658925016589 0.0 0.607142857143 0.511029411765 0.538647342995
0.534837425348 0.0 0.464285714286 0.337009803922 0.382850241546
0.603185136032 0.0 0.571428571429 0.438725490196 0.445652173913
0.627737226277 0.0 0.571428571429 0.427696078431 0.458937198068
0.541473125415 0.0 0.464285714286 0.427696078431 0.479468599034
0.814200398142 0.0 0.785714285714 0.791666666667 0.794685990338
0.541473125415 0.0 0.464285714286 0.441176470588 0.492753623188
0.557398805574 0.0 0.5 0.441176470588 0.472222222222
0.696084936961 0.0 0.607142857143 0.535539215686 0.597826086957
0.601857996019 0.0 0.5 0.401960784314 0.477053140097
0.686131386861 0.0 0.607142857143 0.427696078431 0.479468599034
0.516921035169 0.0 0.464285714286 0.339460784314 0.364734299517
0.627737226277 0.0 0.607142857143 0.553921568627 0.547101449275
0.58195089582 0.0 0.5 0.404411764706 0.458937198068
0.659588586596 0.0 0.642857142857 0.55637254902 0.544685990338
0.585268745853 0.0 0.535714285714 0.477941176471 0.498792270531
0.691439946914 0.0 0.607142857143 0.453431372549 0.50845410628
0.587923025879 0.0 0.535714285714 0.430147058824 0.452898550725
0.666887856669 0.0 0.607142857143 0.517156862745 0.547101449275
0.678168546782 0.0 0.607142857143 0.513480392157 0.554347826087
0.815527538155 0.0 0.821428571429 0.905637254902 0.869565217391
0.618447246184 0.0 0.535714285714 0.427696078431 0.479468599034
0.678168546782 0.0 0.714285714286 0.638480392157 0.571256038647
0.654280026543 0.0 0.607142857143 0.647058823529 0.663043478261
0.629727936297 0.0 0.535714285714 0.415441176471 0.478260869565
0.585932315859 0.0 0.5 0.404411764706 0.458937198068
0.672196416722 0.0 0.642857142857 0.602941176471 0.600241545894
0.519575315196 0.0 0.464285714286 0.422794117647 0.445652173913
0.486396814864 0.0 0.428571428571 0.339460784314 0.364734299517
0.607830126078 0.0 0.535714285714 0.441176470588 0.480676328502
0.612475116125 0.0 0.571428571429 0.479166666667 0.486714975845
0.724618447246 0.0 0.678571428571 0.72181372549 0.734299516908
0.667551426676 0.0 0.678571428571 0.718137254902 0.67270531401
0.584605175846 0.0 0.571428571429 0.481617647059 0.460144927536
0.57597876576 0.0 0.571428571429 0.578431372549 0.548309178744
0.540145985401 0.0 0.5 0.414215686275 0.419082125604
0.625746516257 0.0 0.571428571429 0.441176470588 0.460144927536
0.726609157266 0.0 0.678571428571 0.541666666667 0.554347826087
0.497677504977 0.0 0.428571428571 0.350490196078 0.384057971014
0.706702057067 0.0 0.642857142857 0.564950980392 0.592995169082
0.646317186463 0.0 0.607142857143 0.524509803922 0.527777777778
0.490378234904 0.0 0.428571428571 0.339460784314 0.364734299517
0.555408095554 0.0 0.464285714286 0.404411764706 0.458937198068
0.647644326476 0.0 0.535714285714 0.419117647059 0.493961352657
0.760451227605 0.0 0.714285714286 0.541666666667 0.550724637681
0.698739216987 0.0 0.642857142857 0.549019607843 0.567632850242
0.483078964831 0.0 0.392857142857 0.350490196078 0.403381642512
0.78500331785 0.0 0.785714285714 0.642156862745 0.6038647343
0.4200398142 0.0 0.357142857143 0.339460784314 0.364734299517
0.4200398142 0.0 0.357142857143 0.339460784314 0.364734299517
0.4200398142 0.0 0.357142857143 0.339460784314 0.364734299517
0.618447246184 0.0 0.571428571429 0.519607843137 0.528985507246
0.578633045786 0.0 0.535714285714 0.561274509804 0.566425120773
0.545454545455 0.0 0.5 0.470588235294 0.478260869565
0.560716655607 0.0 0.5 0.422794117647 0.445652173913
0.527538155275 0.0 0.464285714286 0.339460784314 0.364734299517
0.548108825481 0.0 0.464285714286 0.337009803922 0.382850241546
0.528201725282 0.0 0.464285714286 0.339460784314 0.364734299517
0.614465826145 0.0 0.571428571429 0.536764705882 0.541062801932
0.705374917054 0.0 0.642857142857 0.696078431373 0.719806763285
0.457199734572 0.0 0.392857142857 0.339460784314 0.364734299517
0.457199734572 0.0 0.392857142857 0.339460784314 0.364734299517
0.477770404778 0.0 0.392857142857 0.337009803922 0.382850241546
0.572660915727 0.0 0.5 0.350490196078 0.384057971014
0.698739216987 0.0 0.607142857143 0.460784313725 0.513285024155
0.585268745853 0.0 0.5 0.337009803922 0.382850241546
0.594558725946 0.0 0.535714285714 0.530637254902 0.548309178744
0.42402123424 0.0 0.357142857143 0.339460784314 0.364734299517
0.459854014599 0.0 0.392857142857 0.339460784314 0.364734299517
0.459854014599 0.0 0.392857142857 0.339460784314 0.364734299517
0.749834107498 0.0 0.678571428571 0.566176470588 0.595410628019
0.461181154612 0.0 0.392857142857 0.339460784314 0.364734299517
0.686794956868 0.0 0.642857142857 0.473039215686 0.473429951691
0.666224286662 0.0 0.607142857143 0.514705882353 0.530193236715
0.49701393497 0.0 0.464285714286 0.355392156863 0.344202898551
0.407431984074 0.0 0.357142857143 0.398284313725 0.404589371981
0.566688785667 0.0 0.5 0.362745098039 0.385265700483
0.471134704711 0.0 0.392857142857 0.350490196078 0.384057971014
0.668878566689 0.0 0.571428571429 0.460784313725 0.513285024155
0.534837425348 0.0 0.464285714286 0.339460784314 0.364734299517
0.590577305906 0.0 0.535714285714 0.519607843137 0.528985507246
0.463835434638 0.0 0.392857142857 0.339460784314 0.364734299517
0.463835434638 0.0 0.392857142857 0.339460784314 0.364734299517
0.543463835435 0.0 0.428571428571 0.314950980392 0.384057971014
0.579296615793 0.0 0.464285714286 0.314950980392 0.384057971014
0.631718646317 0.0 0.607142857143 0.47181372549 0.450483091787
0.569343065693 0.0 0.5 0.387254901961 0.410628019324
0.700729927007 0.0 0.571428571429 0.416666666667 0.5
0.508294625083 0.0 0.428571428571 0.350490196078 0.384057971014
0.464499004645 0.0 0.392857142857 0.339460784314 0.364734299517
0.464499004645 0.0 0.392857142857 0.339460784314 0.364734299517
0.621101526211 0.0 0.607142857143 0.577205882353 0.544685990338
0.536164565362 0.0 0.464285714286 0.339460784314 0.364734299517
0.5700066357 0.0 0.5 0.395833333333 0.419082125604
0.393497013935 0.0 0.321428571429 0.339460784314 0.364734299517
0.393497013935 0.0 0.321428571429 0.339460784314 0.364734299517
0.393497013935 0.0 0.321428571429 0.339460784314 0.364734299517
0.760451227605 0.0 0.642857142857 0.533088235294 0.6038647343
0.697412076974 0.0 0.642857142857 0.470588235294 0.478260869565
0.50099535501 0.0 0.428571428571 0.339460784314 0.364734299517
0.521566025216 0.0 0.428571428571 0.337009803922 0.382850241546
0.471798274718 0.0 0.428571428571 0.36887254902 0.364734299517
0.702720637027 0.0 0.642857142857 0.5625 0.574879227053
0.658261446583 0.0 0.571428571429 0.459558823529 0.498792270531
0.717319177173 0.0 0.714285714286 0.664215686275 0.619565217391
0.530856005309 0.0 0.5 0.421568627451 0.404589371981
0.534837425348 0.0 0.464285714286 0.362745098039 0.385265700483
0.633709356337 0.0 0.535714285714 0.475490196078 0.525362318841
0.430656934307 0.0 0.357142857143 0.339460784314 0.364734299517
0.430656934307 0.0 0.357142857143 0.339460784314 0.364734299517
0.451227604512 0.0 0.357142857143 0.337009803922 0.382850241546
0.463835434638 0.0 0.392857142857 0.362745098039 0.385265700483
0.649635036496 0.0 0.571428571429 0.475490196078 0.504830917874
0.624419376244 0.0 0.535714285714 0.441176470588 0.480676328502
0.587259455873 0.0 0.535714285714 0.362745098039 0.364734299517
0.697412076974 0.0 0.642857142857 0.49387254902 0.498792270531
0.593895155939 0.0 0.571428571429 0.580882352941 0.553140096618
0.599867285999 0.0 0.535714285714 0.457107843137 0.471014492754
0.537491705375 0.0 0.464285714286 0.422794117647 0.445652173913
0.433311214333 0.0 0.357142857143 0.339460784314 0.364734299517
0.433311214333 0.0 0.357142857143 0.339460784314 0.364734299517
0.558725945587 0.0 0.5 0.544117647059 0.55193236715
0.527538155275 0.0 0.5 0.36887254902 0.345410628019
0.650298606503 0.0 0.607142857143 0.580882352941 0.572463768116
0.879893828799 0.0 0.821428571429 0.632352941176 0.638888888889
0.791639017916 0.0 0.678571428571 0.47181372549 0.532608695652
0.596549435965 0.0 0.5 0.481617647059 0.525362318841
0.704711347047 0.0 0.678571428571 0.615196078431 0.588164251208
0.828135368281 0.0 0.75 0.636029411765 0.659420289855
0.79296615793 0.0 0.714285714286 0.615196078431 0.638888888889
