0.934782608696 1.0 0.911764705882 0.667447306792 0.71921182266
1.0 0.333333333333 1.0 1.0 1.0
0.192028985507 0.0 0.117647058824 0.0772833723653 0.0118226600985
0.884057971014 0.0 0.882352941176 0.67681498829 0.925123152709
0.286749482402 0.666666666667 0.264705882353 0.199843871975 0.1960591133
0.830745341615 0.666666666667 0.823529411765 0.466042154567 0.667980295567
0.372670807453 1.0 0.352941176471 0.316159250585 0.369458128079
0.231366459627 0.333333333333 0.176470588235 0.0952380952381 0.056157635468
0.830227743271 0.666666666667 0.882352941176 0.75956284153 0.904433497537
0.828157349896 0.666666666667 0.882352941176 0.736924277908 0.881773399015
0.70652173913 0.666666666667 0.764705882353 0.715066354411 0.828571428571
0.865424430642 0.0 0.852941176471 0.654176424668 0.628571428571
0.317805383023 0.333333333333 0.235294117647 0.0874316939891 0.0679802955665
0.538302277433 0.0 0.588235294118 0.450429352069 0.51921182266
0.855072463768 0.333333333333 0.852941176471 0.704918032787 0.764532019704
0.697204968944 0.666666666667 0.676470588235 0.362217017955 0.592118226601
0.238612836439 0.0 0.205882352941 0.130366900859 0.0669950738916
0.517598343685 1.0 0.470588235294 0.343481654957 0.457142857143
0.795031055901 1.0 0.823529411765 0.605776736924 0.558620689655
0.853519668737 0.333333333333 0.852941176471 0.747072599532 0.818719211823
0.645962732919 0.0 0.705882352941 0.601092896175 0.615763546798
0.665113871636 1.0 0.647058823529 0.44106167057 0.624630541872
0.734989648033 0.0 0.794117647059 0.743169398907 0.746798029557
0.398550724638 1.0 0.411764705882 0.424668227947 0.489655172414
0.570393374741 0.666666666667 0.529411764706 0.310694769711 0.399014778325
0.603002070393 1.0 0.588235294118 0.383294301327 0.567487684729
0.678053830228 0.0 0.735294117647 0.505854800937 0.577339901478
0.75 0.0 0.764705882353 0.502732240437 0.624630541872
0.429606625259 0.0 0.470588235294 0.345823575332 0.301477832512
0.314182194617 0.0 0.323529411765 0.265417642467 0.281773399015
0.438405797101 1.0 0.441176470588 0.292740046838 0.415763546798
0.612836438923 0.0 0.676470588235 0.554254488681 0.604926108374
0.556418219462 0.0 0.617647058824 0.501951600312 0.501477832512
0.363871635611 0.666666666667 0.323529411765 0.247462919594 0.285714285714
0.802795031056 0.0 0.823529411765 0.503512880562 0.660098522167
0.202380952381 0.0 0.147058823529 0.120218579235 0.0837438423645
0.391304347826 0.0 0.411764705882 0.277907884465 0.266995073892
0.505175983437 0.0 0.558823529412 0.411397345824 0.384236453202
0.468944099379 0.0 0.5 0.379391100703 0.407881773399
0.217908902692 0.0 0.176470588235 0.154566744731 0.154679802956
0.400621118012 0.666666666667 0.382352941176 0.317720530835 0.379310344828
0.246894409938 0.333333333333 0.205882352941 0.129586260734 0.127093596059
0.732919254658 1.0 0.764705882353 0.627634660422 0.762561576355
0.487577639752 1.0 0.5 0.413739266198 0.568472906404
0.674948240166 1.0 0.705882352941 0.545667447307 0.716256157635
0.873706004141 0.0 0.852941176471 0.637782982045 0.713300492611
0.416149068323 0.0 0.441176470588 0.306791569087 0.385221674877
0.596790890269 0.0 0.647058823529 0.548009367681 0.51724137931
0.8033126294 0.333333333333 0.794117647059 0.662763466042 0.754679802956
0.212732919255 0.0 0.147058823529 0.0772833723653 0.0118226600985
0.192028985507 0.0 0.117647058824 0.0772833723653 0.0118226600985
0.580227743271 1.0 0.617647058824 0.404371584699 0.498522167488
0.264492753623 0.0 0.264705882353 0.207650273224 0.209852216749
0.33850931677 0.666666666667 0.294117647059 0.156908665105 0.124137931034
0.248964803313 0.0 0.235294117647 0.173302107728 0.138916256158
0.493788819876 0.0 0.529411764706 0.388758782201 0.4039408867
0.773291925466 0.666666666667 0.735294117647 0.540983606557 0.788177339901
0.774327122153 1.0 0.735294117647 0.504293520687 0.657142857143
0.816770186335 0.333333333333 0.852941176471 0.622170179547 0.677832512315
0.730848861284 0.0 0.735294117647 0.387978142077 0.441379310345
0.360766045549 0.0 0.382352941176 0.265417642467 0.298522167488
0.795031055901 0.0 0.794117647059 0.696330991413 0.770443349754
0.340579710145 0.0 0.352941176471 0.24355971897 0.1960591133
0.581780538302 1.0 0.558823529412 0.298204527713 0.378325123153
0.231366459627 0.333333333333 0.176470588235 0.0952380952381 0.056157635468
0.859213250518 0.0 0.823529411765 0.596409055425 0.690640394089
0.288302277433 0.0 0.294117647059 0.207650273224 0.209852216749
0.827122153209 0.333333333333 0.852941176471 0.750975800156 0.731034482759
0.370600414079 0.0 0.323529411765 0.0772833723653 0.0118226600985
0.403209109731 0.0 0.323529411765 0.107728337237 0.0354679802956
0.758281573499 0.333333333333 0.764705882353 0.661202185792 0.728078817734
0.78364389234 0.333333333333 0.823529411765 0.627634660422 0.738916256158
0.716873706004 0.0 0.705882352941 0.47931303669 0.643349753695
0.789855072464 0.333333333333 0.676470588235 0.366120218579 0.47881773399
0.455486542443 0.333333333333 0.441176470588 0.271662763466 0.374384236453
0.776397515528 0.333333333333 0.823529411765 0.67993754879 0.800985221675
0.508799171843 0.666666666667 0.529411764706 0.52068696331 0.548768472906
0.709109730849 0.333333333333 0.735294117647 0.585480093677 0.707389162562
0.685817805383 0.666666666667 0.705882352941 0.51756440281 0.595073891626
0.700310559006 0.333333333333 0.735294117647 0.565183450429 0.68275862069
0.59265010352 0.666666666667 0.617647058824 0.469164715066 0.631527093596
0.63198757764 0.333333333333 0.617647058824 0.498829039813 0.635467980296
0.713250517598 0.0 0.735294117647 0.536299765808 0.709359605911
0.558488612836 0.666666666667 0.588235294118 0.508196721311 0.589162561576
0.617494824017 0.333333333333 0.705882352941 0.613583138173 0.704433497537
0.483436853002 0.666666666667 0.5 0.459797033568 0.483743842365
0.479296066253 0.0 0.441176470588 0.186572989852 0.16354679803
0.735507246377 0.666666666667 0.735294117647 0.569867291179 0.809852216749
0.705486542443 0.333333333333 0.676470588235 0.360655737705 0.464039408867
0.656314699793 0.0 0.647058823529 0.431693989071 0.450246305419
0.803830227743 0.666666666667 0.764705882353 0.464480874317 0.604926108374
0.51966873706 0.333333333333 0.5 0.420765027322 0.532019704433
0.679606625259 0.0 0.735294117647 0.63700234192 0.766502463054
0.368530020704 0.0 0.323529411765 0.109289617486 0.0423645320197
0.674430641822 0.0 0.676470588235 0.489461358314 0.582266009852
0.528467908903 0.0 0.5 0.370023419204 0.32118226601
0.301759834369 0.0 0.264705882353 0.169398907104 0.171428571429
0.780538302277 0.666666666667 0.764705882353 0.551912568306 0.749753694581
0.649585921325 0.0 0.676470588235 0.613583138173 0.650246305419
0.43685300207 0.0 0.352941176471 0.113192818111 0.056157635468
0.241718426501 0.333333333333 0.205882352941 0.138173302108 0.128078817734
0.295548654244 0.0 0.205882352941 0.104605776737 0.0995073891626
0.567805383023 0.0 0.588235294118 0.335675253708 0.341871921182
0.760869565217 0.333333333333 0.794117647059 0.686963309914 0.755665024631
0.463250517598 0.0 0.411764705882 0.152224824356 0.114285714286
0.254140786749 0.0 0.235294117647 0.164715066354 0.137931034483
0.48602484472 0.0 0.411764705882 0.149102263856 0.135960591133
0.58281573499 0.333333333333 0.617647058824 0.409055425449 0.47881773399
0.439958592133 0.333333333333 0.470588235294 0.372365339578 0.507389162562
0.684782608696 0.333333333333 0.735294117647 0.529274004684 0.663054187192
0.668219461698 0.333333333333 0.647058823529 0.437158469945 0.571428571429
0.76397515528 0.0 0.764705882353 0.500390320062 0.562561576355
0.772256728778 0.0 0.794117647059 0.67993754879 0.607881773399
0.496376811594 0.666666666667 0.470588235294 0.295862607338 0.32118226601
0.640269151139 0.333333333333 0.647058823529 0.524590163934 0.599014778325
0.659937888199 0.333333333333 0.676470588235 0.475409836066 0.657142857143
0.268115942029 0.333333333333 0.235294117647 0.181889149102 0.151724137931
0.463250517598 0.0 0.411764705882 0.304449648712 0.362561576355
0.542960662526 0.333333333333 0.441176470588 0.153005464481 0.181280788177
0.467391304348 0.0 0.411764705882 0.135050741608 0.100492610837
0.418737060041 0.0 0.411764705882 0.292740046838 0.353694581281
0.600931677019 1.0 0.588235294118 0.462919594067 0.612807881773
0.344720496894 0.0 0.264705882353 0.107728337237 0.0492610837438
0.536231884058 0.0 0.470588235294 0.236533957845 0.263054187192
0.56314699793 0.333333333333 0.558823529412 0.329430132709 0.423645320197
0.378364389234 0.333333333333 0.352941176471 0.228727556596 0.302463054187
0.491718426501 0.666666666667 0.470588235294 0.322404371585 0.393103448276
0.519151138716 0.333333333333 0.470588235294 0.427010148322 0.528078817734
0.340579710145 0.333333333333 0.294117647059 0.11787665886 0.0916256157635
0.432194616977 0.333333333333 0.382352941176 0.256830601093 0.313300492611
0.262422360248 0.0 0.205882352941 0.149882903981 0.0758620689655
0.606107660455 0.0 0.617647058824 0.435597189696 0.540886699507
0.62215320911 0.0 0.558823529412 0.331772053084 0.534975369458
0.383540372671 0.0 0.323529411765 0.210772833724 0.258128078818
0.786231884058 0.0 0.794117647059 0.611241217799 0.714285714286
0.512939958592 0.333333333333 0.470588235294 0.24199843872 0.309359605911
0.364389233954 0.0 0.294117647059 0.176424668228 0.187192118227
0.38198757764 0.0 0.352941176471 0.222482435597 0.209852216749
0.47049689441 0.0 0.470588235294 0.354410616706 0.397044334975
0.578157349896 0.0 0.5 0.303669008587 0.350738916256
0.62784679089 0.333333333333 0.647058823529 0.487119437939 0.402955665025
0.405279503106 0.333333333333 0.441176470588 0.3981264637 0.432512315271
0.629399585921 0.0 0.676470588235 0.514441842311 0.592118226601
0.531055900621 0.0 0.5 0.393442622951 0.556650246305
0.475672877847 0.333333333333 0.5 0.310694769711 0.364532019704
0.246894409938 0.0 0.205882352941 0.177985948478 0.172413793103
0.429606625259 0.333333333333 0.352941176471 0.12256049961 0.143842364532
0.500517598344 0.0 0.470588235294 0.285714285714 0.294581280788
0.632505175983 0.0 0.647058823529 0.475409836066 0.514285714286
0.643892339545 0.333333333333 0.588235294118 0.323965651835 0.495566502463
0.71635610766 0.333333333333 0.705882352941 0.444964871194 0.568472906404
0.359213250518 0.0 0.352941176471 0.27712724434 0.331034482759
0.333333333333 0.333333333333 0.323529411765 0.281030444965 0.327093596059
0.5533126294 0.333333333333 0.529411764706 0.315378610461 0.420689655172
0.388198757764 0.0 0.323529411765 0.180327868852 0.241379310345
0.684265010352 0.0 0.705882352941 0.469945355191 0.529064039409
0.796583850932 0.333333333333 0.823529411765 0.621389539422 0.581280788177
0.635093167702 0.333333333333 0.647058823529 0.393442622951 0.56354679803
0.671842650104 0.333333333333 0.735294117647 0.578454332553 0.697536945813
0.417701863354 0.0 0.411764705882 0.265417642467 0.292610837438
0.446169772257 0.0 0.382352941176 0.142076502732 0.120197044335
0.330227743271 0.333333333333 0.323529411765 0.231069476971 0.222660098522
0.54917184265 0.0 0.5 0.258391881343 0.334975369458
0.60817805383 0.333333333333 0.647058823529 0.559718969555 0.643349753695
0.703933747412 0.333333333333 0.676470588235 0.619828259173 0.718226600985
0.738095238095 0.666666666667 0.764705882353 0.555035128806 0.760591133005
0.433747412008 0.0 0.382352941176 0.2037470726 0.263054187192
0.357660455487 0.0 0.352941176471 0.226385636222 0.204926108374
0.746894409938 0.333333333333 0.794117647059 0.576112412178 0.71724137931
0.654244306418 0.333333333333 0.705882352941 0.580796252927 0.617733990148
0.370600414079 0.333333333333 0.323529411765 0.217798594848 0.253201970443
0.665631469979 0.0 0.705882352941 0.689305230289 0.760591133005
0.379917184265 0.333333333333 0.323529411765 0.194379391101 0.231527093596
0.207556935818 0.0 0.147058823529 0.111631537861 0.0827586206897
0.408902691511 0.333333333333 0.352941176471 0.0952380952381 0.056157635468
0.541407867495 0.333333333333 0.529411764706 0.405932864949 0.425615763547
0.465838509317 0.333333333333 0.411764705882 0.156908665105 0.214778325123
0.348861283644 0.0 0.294117647059 0.118657298985 0.0985221674877
0.578157349896 0.333333333333 0.558823529412 0.375487900078 0.542857142857
0.596790890269 0.666666666667 0.617647058824 0.56362217018 0.720197044335
0.502070393375 0.333333333333 0.470588235294 0.357533177205 0.461083743842
0.276397515528 0.0 0.205882352941 0.0772833723653 0.0118226600985
0.452898550725 0.333333333333 0.411764705882 0.15768930523 0.125123152709
0.236542443064 0.0 0.176470588235 0.135050741608 0.100492610837
0.741200828157 0.333333333333 0.794117647059 0.672911787666 0.754679802956
0.517598343685 0.666666666667 0.470588235294 0.259953161593 0.369458128079
0.772774327122 0.333333333333 0.823529411765 0.743950039032 0.80197044335
0.623188405797 0.0 0.558823529412 0.249804839969 0.274876847291
0.30900621118 0.0 0.235294117647 0.150663544106 0.12118226601
0.386645962733 0.333333333333 0.323529411765 0.180327868852 0.232512315271
0.510869565217 0.0 0.470588235294 0.252146760343 0.334975369458
0.596273291925 0.333333333333 0.647058823529 0.582357533177 0.628571428571
0.582298136646 0.333333333333 0.617647058824 0.572989851678 0.698522167488
0.653209109731 0.0 0.617647058824 0.402029664325 0.453201970443
0.532608695652 0.0 0.470588235294 0.227946916472 0.228571428571
0.6516563147 0.0 0.647058823529 0.483216237315 0.515270935961
0.386128364389 0.333333333333 0.382352941176 0.286494925839 0.339901477833
0.551242236025 0.0 0.529411764706 0.326307572209 0.432512315271
0.449792960663 0.333333333333 0.411764705882 0.252146760343 0.277832512315
0.743271221532 0.666666666667 0.705882352941 0.422326307572 0.556650246305
