0.670621074669 0.333333333333 0.535714285714 0.255297679112 0.246737841044
0.76064200977 1.0 0.642857142857 0.353178607467 0.406880189798
0.651081646895 0.666666666667 0.607142857143 0.593340060545 0.653618030842
0.732030704815 0.666666666667 0.678571428571 0.676084762866 0.714116251483
0.523377529658 0.333333333333 0.464285714286 0.34106962664 0.327402135231
0.523377529658 0.333333333333 0.464285714286 0.34106962664 0.327402135231
0.505233775297 0.333333333333 0.392857142857 0.168516649849 0.0806642941874
0.372644801117 0.0 0.25 0.0998990918264 0.0142348754448
0.600837404047 0.0 0.535714285714 0.496468213925 0.361803084223
0.417306350314 0.666666666667 0.285714285714 0.17961654894 0.0960854092527
0.857641311933 0.666666666667 0.714285714286 0.462159434914 0.453143534994
0.830425680391 0.0 0.785714285714 0.686175580222 0.568208778173
0.816468946267 0.333333333333 0.75 0.747729566095 0.714116251483
0.698534542917 0.333333333333 0.571428571429 0.331987891019 0.365361803084
0.605722260991 0.333333333333 0.571428571429 0.522704339051 0.578884934757
0.690858339149 0.0 0.607142857143 0.427850655903 0.38315539739
0.61688764829 0.333333333333 0.5 0.288597376387 0.384341637011
0.697836706211 0.666666666667 0.607142857143 0.386478304743 0.544483985765
0.537334263782 0.666666666667 0.464285714286 0.306760847629 0.35349940688
0.565247732031 0.666666666667 0.571428571429 0.499495459132 0.599051008304
0.57083042568 0.333333333333 0.428571428571 0.201816347124 0.154211150652
0.776692254013 0.666666666667 0.642857142857 0.299697275479 0.332147093713
0.551290997906 0.666666666667 0.5 0.469223007064 0.507710557533
0.716678297278 1.0 0.714285714286 0.627648839556 0.778173190985
0.389392882066 0.333333333333 0.321428571429 0.288597376387 0.287069988138
0.545010467551 0.666666666667 0.464285714286 0.342078708375 0.379596678529
0.7864619679 1.0 0.714285714286 0.519677093845 0.730723606168
0.835310537334 1.0 0.785714285714 0.618567103935 0.798339264531
0.642009769714 0.0 0.535714285714 0.441977800202 0.498220640569
0.983949755757 1.0 0.857142857143 0.628657921292 0.776986951364
0.321702721563 0.0 0.25 0.199798183653 0.186239620403
0.595952547104 0.333333333333 0.464285714286 0.24419778002 0.298932384342
0.706908583391 1.0 0.642857142857 0.522704339051 0.600237247924
0.681786461968 0.666666666667 0.607142857143 0.512613521695 0.506524317912
0.846475924634 1.0 0.714285714286 0.353178607467 0.406880189798
0.7864619679 0.666666666667 0.642857142857 0.299697275479 0.314353499407
0.946266573622 1.0 0.857142857143 0.68213925328 0.85172004745
0.563154221912 0.333333333333 0.464285714286 0.406659939455 0.453143534994
0.417306350314 0.0 0.357142857143 0.298688193744 0.253855278766
0.4382414515 0.0 0.392857142857 0.343087790111 0.339264531435
0.558269364969 0.333333333333 0.428571428571 0.327951564077 0.257413997628
0.779483600837 0.0 0.785714285714 0.791120080727 0.779359430605
0.695045359386 0.666666666667 0.571428571429 0.405650857719 0.432977461447
0.552686671319 0.333333333333 0.464285714286 0.361251261352 0.399762752076
0.651779483601 0.666666666667 0.607142857143 0.47931382442 0.61803084223
0.704815073273 0.666666666667 0.642857142857 0.509586276488 0.619217081851
0.481507327285 0.0 0.392857142857 0.362260343088 0.307236061684
0.479413817167 0.0 0.357142857143 0.263370332997 0.239620403321
0.979064898814 0.333333333333 1.0 0.961654894046 1.0
0.605722260991 0.333333333333 0.571428571429 0.522704339051 0.578884934757
0.430565247732 0.666666666667 0.285714285714 0.177598385469 0.0984578884935
1.0 0.0 1.0 1.0 0.975088967972
0.62805303559 0.333333333333 0.464285714286 0.146316851665 0.067615658363
0.565945568737 0.333333333333 0.392857142857 0.0998990918264 0.0142348754448
0.554082344731 0.0 0.5 0.496468213925 0.361803084223
0.561060711793 0.0 0.5 0.485368314834 0.360616844603
0.488485694348 0.0 0.428571428571 0.298688193744 0.253855278766
0.748778785764 0.0 0.714285714286 0.565085771948 0.428232502966
0.802512212142 1.0 0.785714285714 0.78102926337 0.952550415184
0.802512212142 1.0 0.785714285714 0.78102926337 0.952550415184
0.391486392184 0.0 0.357142857143 0.343087790111 0.339264531435
0.391486392184 0.0 0.357142857143 0.343087790111 0.339264531435
0.704117236567 0.666666666667 0.607142857143 0.321897073663 0.283511269276
0.68318213538 0.666666666667 0.571428571429 0.298688193744 0.230130486358
0.799720865318 0.333333333333 0.642857142857 0.294651866801 0.291814946619
0.941381716678 1.0 0.821428571429 0.530776992936 0.633451957295
0.470341939986 0.666666666667 0.428571428571 0.386478304743 0.447212336892
0.402651779484 0.333333333333 0.357142857143 0.297679112008 0.346381969158
0.663642707606 0.333333333333 0.642857142857 0.674066599395 0.633451957295
0.744591765527 0.333333333333 0.75 0.77194752775 0.79359430605
0.859036985345 0.333333333333 0.857142857143 0.863773965691 0.839857651246
0.733426378227 0.333333333333 0.75 0.817356205853 0.786476868327
0.553384508025 0.666666666667 0.535714285714 0.568113017154 0.575326215896
0.623866015352 0.333333333333 0.571428571429 0.478304742684 0.493475682088
0.614794138172 0.666666666667 0.571428571429 0.485368314834 0.532621589561
0.447313328681 0.0 0.357142857143 0.246215943491 0.239620403321
0.493370551291 0.333333333333 0.428571428571 0.268415741675 0.252669039146
0.410327983252 0.333333333333 0.285714285714 0.144298688194 0.0996441281139
0.528262386602 0.0 0.428571428571 0.362260343088 0.307236061684
0.620376831821 0.333333333333 0.5 0.287588294652 0.220640569395
