0.319642857143 0.0 0.266666666667 0.228373702422 0.223011363636
0.477976190476 0.142857142857 0.366666666667 0.377162629758 0.213068181818
1.0 0.285714285714 1.0 1.0 1.0
0.624404761905 0.571428571429 0.566666666667 0.655132641292 0.65625
0.632738095238 0.428571428571 0.533333333333 0.402537485582 0.522727272727
0.6625 0.285714285714 0.6 0.392156862745 0.482954545455
0.531547619048 0.428571428571 0.466666666667 0.334486735871 0.366477272727
0.659523809524 0.0 0.566666666667 0.437139561707 0.248579545455
0.509523809524 0.285714285714 0.4 0.395617070358 0.204545454545
0.442261904762 0.285714285714 0.433333333333 0.450980392157 0.480113636364
0.339285714286 0.0 0.266666666667 0.329873125721 0.254261363636
0.622023809524 0.285714285714 0.566666666667 0.592848904268 0.440340909091
0.419047619048 0.571428571429 0.4 0.407151095732 0.509943181818
0.630952380952 0.0 0.566666666667 0.57324106113 0.602272727273
0.317857142857 0.142857142857 0.266666666667 0.268742791234 0.21875
0.383333333333 0.142857142857 0.3 0.202998846597 0.117897727273
0.385119047619 0.142857142857 0.3 0.367935409458 0.271306818182
0.508333333333 0.0 0.433333333333 0.325259515571 0.339488636364
0.72380952381 0.857142857143 0.733333333333 0.57324106113 0.717329545455
0.72380952381 1.0 0.666666666667 0.456747404844 0.669034090909
0.619047619048 0.142857142857 0.633333333333 0.456747404844 0.649147727273
0.40119047619 0.0 0.366666666667 0.241061130334 0.251420454545
0.377380952381 0.142857142857 0.333333333333 0.256055363322 0.217329545455
0.407142857143 0.428571428571 0.333333333333 0.205305651672 0.115056818182
0.614880952381 0.428571428571 0.6 0.514417531719 0.498579545455
0.623214285714 0.571428571429 0.6 0.508650519031 0.511363636364
0.419047619048 0.142857142857 0.4 0.42675893887 0.413352272727
0.359523809524 0.142857142857 0.3 0.256055363322 0.217329545455
0.5 0.428571428571 0.466666666667 0.463667820069 0.576704545455
0.58869047619 0.428571428571 0.5 0.517877739331 0.420454545455
0.569047619048 0.285714285714 0.633333333333 0.565167243368 0.602272727273
0.31369047619 0.0 0.266666666667 0.284890426759 0.213068181818
0.332142857143 0.0 0.266666666667 0.23875432526 0.245738636364
0.531547619048 0.428571428571 0.466666666667 0.334486735871 0.366477272727
0.284523809524 0.0 0.2 0.114186851211 0.0170454545455
0.36130952381 0.428571428571 0.3 0.226066897347 0.208806818182
0.527380952381 0.0 0.433333333333 0.370242214533 0.393465909091
0.349404761905 0.0 0.3 0.199538638985 0.120738636364
0.606547619048 0.571428571429 0.533333333333 0.475201845444 0.322443181818
0.483333333333 0.142857142857 0.433333333333 0.429065743945 0.394886363636
0.402380952381 0.142857142857 0.366666666667 0.38523644752 0.46875
0.660714285714 0.714285714286 0.633333333333 0.621683967705 0.865056818182
0.530357142857 0.285714285714 0.5 0.39446366782 0.502840909091
0.52380952381 0.571428571429 0.5 0.493656286044 0.549715909091
0.56130952381 0.0 0.5 0.465974625144 0.480113636364
0.480357142857 0.571428571429 0.4 0.16493656286 0.119318181818
0.461904761905 0.428571428571 0.4 0.271049596309 0.238636363636
0.345833333333 0.285714285714 0.3 0.262975778547 0.224431818182
0.501785714286 0.285714285714 0.5 0.499423298731 0.498579545455
0.454761904762 0.428571428571 0.433333333333 0.401384083045 0.539772727273
0.295833333333 0.0 0.233333333333 0.199538638985 0.144886363636
0.663095238095 0.714285714286 0.633333333333 0.400230680507 0.440340909091
0.692857142857 0.714285714286 0.7 0.608996539792 0.697443181818
0.669047619048 0.714285714286 0.666666666667 0.501730103806 0.605113636364
0.631547619048 0.285714285714 0.533333333333 0.579008073818 0.563920454545
0.625595238095 0.428571428571 0.633333333333 0.599769319493 0.836647727273
0.391071428571 0.142857142857 0.333333333333 0.219146482122 0.176136363636
0.520238095238 0.142857142857 0.533333333333 0.485582468281 0.605113636364
0.446428571429 0.285714285714 0.4 0.374855824683 0.475852272727
0.32380952381 0.142857142857 0.266666666667 0.256055363322 0.217329545455
0.420833333333 0.0 0.366666666667 0.243367935409 0.214488636364
0.602380952381 0.142857142857 0.6 0.463667820069 0.539772727273
0.5375 0.428571428571 0.466666666667 0.469434832757 0.488636363636
0.54880952381 0.571428571429 0.5 0.388696655133 0.441761363636
0.525 0.428571428571 0.466666666667 0.441753171857 0.446022727273
0.408928571429 0.0 0.333333333333 0.230680507497 0.184659090909
0.521428571429 0.428571428571 0.466666666667 0.463667820069 0.383522727273
0.513095238095 0.428571428571 0.433333333333 0.378316032295 0.279829545455
0.5375 0.142857142857 0.433333333333 0.438292964245 0.338068181818
0.483333333333 0.142857142857 0.4 0.485582468281 0.370738636364
0.910714285714 0.857142857143 0.933333333333 0.908881199539 0.802556818182
0.385119047619 0.428571428571 0.333333333333 0.204152249135 0.184659090909
0.463095238095 0.285714285714 0.366666666667 0.228373702422 0.205965909091
0.557142857143 0.428571428571 0.5 0.407151095732 0.430397727273
0.679166666667 0.285714285714 0.6 0.528258362168 0.424715909091
0.359523809524 0.142857142857 0.266666666667 0.202998846597 0.117897727273
0.406547619048 0.0 0.333333333333 0.307958477509 0.302556818182
0.835119047619 0.571428571429 0.833333333333 0.762399077278 0.717329545455
0.43869047619 0.142857142857 0.4 0.38062283737 0.541193181818
0.894642857143 0.714285714286 0.9 0.900807381776 0.926136363636
0.730357142857 0.571428571429 0.766666666667 0.748558246828 0.794034090909
0.60119047619 0.428571428571 0.566666666667 0.497116493656 0.636363636364
0.404761904762 0.0 0.3 0.231833910035 0.134943181818
0.521428571429 0.428571428571 0.433333333333 0.258362168397 0.198863636364
0.885119047619 0.571428571429 0.9 0.78892733564 0.920454545455
0.804761904762 1.0 0.8 0.602076124567 0.654829545455
0.456547619048 0.428571428571 0.433333333333 0.524798154556 0.495738636364
0.619047619048 0.285714285714 0.6 0.56862745098 0.677556818182
0.379166666667 0.0 0.333333333333 0.306805074971 0.213068181818
0.582142857143 0.285714285714 0.5 0.256055363322 0.181818181818
0.549404761905 0.428571428571 0.5 0.522491349481 0.566761363636
0.410714285714 0.428571428571 0.4 0.434832756632 0.485795454545
0.775595238095 0.714285714286 0.733333333333 0.521337946943 0.566761363636
0.7125 0.714285714286 0.666666666667 0.432525951557 0.465909090909
0.595238095238 0.285714285714 0.5 0.415224913495 0.377840909091
0.525 0.285714285714 0.466666666667 0.512110726644 0.434659090909
0.47380952381 0.285714285714 0.366666666667 0.373702422145 0.240056818182
0.567261904762 0.571428571429 0.533333333333 0.486735870819 0.589488636364
0.43869047619 0.142857142857 0.4 0.38062283737 0.541193181818
0.496428571429 0.142857142857 0.466666666667 0.456747404844 0.438920454545
0.693452380952 0.857142857143 0.666666666667 0.660899653979 0.697443181818
0.465476190476 0.428571428571 0.366666666667 0.320645905421 0.237215909091
0.643452380952 0.142857142857 0.6 0.522491349481 0.546875
0.497619047619 0.0 0.4 0.348327566321 0.302556818182
0.570833333333 0.714285714286 0.533333333333 0.377162629758 0.443181818182
0.549404761905 0.857142857143 0.533333333333 0.346020761246 0.384943181818
0.355357142857 0.285714285714 0.266666666667 0.114186851211 0.0170454545455
0.6125 0.428571428571 0.6 0.625144175317 0.622159090909
0.576785714286 0.428571428571 0.566666666667 0.648212226067 0.757102272727
0.531547619048 0.428571428571 0.466666666667 0.334486735871 0.366477272727
0.463095238095 0.142857142857 0.4 0.309111880046 0.345170454545
0.529166666667 0.285714285714 0.466666666667 0.415224913495 0.268465909091
0.448214285714 0.142857142857 0.4 0.334486735871 0.366477272727
0.651785714286 0.428571428571 0.633333333333 0.58708189158 0.514204545455
0.606547619048 0.857142857143 0.633333333333 0.617070357555 0.684659090909
0.509523809524 0.285714285714 0.4 0.395617070358 0.204545454545
0.516071428571 0.428571428571 0.466666666667 0.37139561707 0.352272727273
0.489880952381 0.142857142857 0.433333333333 0.333333333333 0.348011363636
0.464285714286 0.285714285714 0.366666666667 0.396770472895 0.269886363636
0.404761904762 0.0 0.3 0.333333333333 0.166193181818
0.420238095238 0.571428571429 0.333333333333 0.199538638985 0.120738636364
0.432142857143 0.0 0.333333333333 0.333333333333 0.166193181818
0.519047619048 0.571428571429 0.433333333333 0.381776239908 0.315340909091
0.766071428571 0.571428571429 0.733333333333 0.735870818916 0.653409090909
0.594642857143 0.571428571429 0.533333333333 0.423298731257 0.467329545455
0.525595238095 0.428571428571 0.433333333333 0.311418685121 0.275568181818
0.59880952381 0.428571428571 0.5 0.38985005767 0.387784090909
0.392857142857 0.0 0.3 0.231833910035 0.134943181818
0.859523809524 0.714285714286 0.833333333333 0.782006920415 0.788352272727
0.488095238095 0.0 0.4 0.348327566321 0.302556818182
0.476785714286 0.285714285714 0.4 0.268742791234 0.349431818182
0.557738095238 0.285714285714 0.433333333333 0.262975778547 0.301136363636
0.327976190476 0.0 0.3 0.243367935409 0.198863636364
0.671428571429 0.571428571429 0.6 0.433679354095 0.563920454545
0.268452380952 0.0 0.2 0.177623990773 0.120738636364
0.56130952381 0.0 0.5 0.465974625144 0.480113636364
0.420238095238 0.142857142857 0.366666666667 0.372549019608 0.404829545455
0.725 0.285714285714 0.633333333333 0.463667820069 0.3125
0.592261904762 1.0 0.566666666667 0.396770472895 0.387784090909
0.446428571429 0.285714285714 0.4 0.374855824683 0.475852272727
0.408928571429 0.0 0.333333333333 0.230680507497 0.184659090909
0.454761904762 0.285714285714 0.4 0.250288350634 0.223011363636
0.331547619048 0.142857142857 0.3 0.254901960784 0.286931818182
0.604166666667 0.857142857143 0.6 0.467128027682 0.610795454545
0.527976190476 0.0 0.433333333333 0.38062283737 0.403409090909
0.597023809524 0.428571428571 0.6 0.536332179931 0.585227272727
0.695833333333 0.285714285714 0.666666666667 0.463667820069 0.545454545455
0.597023809524 0.285714285714 0.633333333333 0.501730103806 0.498579545455
0.509523809524 0.428571428571 0.433333333333 0.321799307958 0.302556818182
0.389285714286 0.142857142857 0.333333333333 0.312572087659 0.207386363636
0.569047619048 0.285714285714 0.633333333333 0.565167243368 0.602272727273
0.268452380952 0.0 0.2 0.177623990773 0.120738636364
0.450595238095 0.285714285714 0.366666666667 0.217993079585 0.247159090909
0.283928571429 0.0 0.233333333333 0.177623990773 0.120738636364
0.582142857143 0.0 0.533333333333 0.326412918108 0.257102272727
0.69880952381 0.571428571429 0.733333333333 0.763552479815 0.8125
0.399404761905 0.0 0.366666666667 0.306805074971 0.318181818182
0.744047619048 0.285714285714 0.7 0.630911188005 0.569602272727
0.583928571429 0.857142857143 0.566666666667 0.521337946943 0.553977272727
0.530952380952 0.571428571429 0.5 0.332179930796 0.305397727273
0.644642857143 0.571428571429 0.666666666667 0.659746251442 0.710227272727
0.760714285714 0.714285714286 0.8 0.794694348328 0.931818181818
0.501785714286 0.142857142857 0.466666666667 0.527104959631 0.53125
0.732142857143 0.571428571429 0.666666666667 0.81660899654 0.890625
0.509523809524 0.428571428571 0.433333333333 0.321799307958 0.302556818182
0.576785714286 0.428571428571 0.566666666667 0.648212226067 0.757102272727
0.651785714286 0.571428571429 0.633333333333 0.510957324106 0.602272727273
0.699404761905 0.428571428571 0.7 0.640138408304 0.708806818182
0.5375 0.428571428571 0.466666666667 0.469434832757 0.488636363636
0.692857142857 0.428571428571 0.666666666667 0.61937716263 0.789772727273
0.549404761905 0.571428571429 0.5 0.432525951557 0.441761363636
0.760714285714 0.428571428571 0.7 0.77970011534 0.691761363636
0.452380952381 0.428571428571 0.4 0.378316032295 0.448863636364
0.659523809524 0.0 0.566666666667 0.437139561707 0.248579545455
0.866666666667 0.571428571429 0.866666666667 0.929642445213 0.955965909091
0.644047619048 0.571428571429 0.6 0.603229527105 0.623579545455
0.567261904762 0.428571428571 0.533333333333 0.513264129181 0.539772727273
0.595238095238 0.285714285714 0.5 0.415224913495 0.377840909091
0.452976190476 0.142857142857 0.433333333333 0.332179930796 0.349431818182
0.452380952381 0.428571428571 0.4 0.378316032295 0.448863636364
0.59880952381 0.428571428571 0.5 0.38985005767 0.387784090909
0.329166666667 0.285714285714 0.233333333333 0.114186851211 0.0170454545455
0.56369047619 0.714285714286 0.5 0.37139561707 0.352272727273
0.653571428571 0.142857142857 0.6 0.579008073818 0.448863636364
0.67380952381 0.857142857143 0.633333333333 0.606689734717 0.674715909091
0.509523809524 0.285714285714 0.4 0.395617070358 0.204545454545
0.68869047619 0.571428571429 0.633333333333 0.527104959631 0.504261363636
0.47380952381 0.428571428571 0.366666666667 0.247981545559 0.171875
0.367261904762 0.428571428571 0.333333333333 0.254901960784 0.286931818182
0.485714285714 0.428571428571 0.4 0.321799307958 0.302556818182
0.430357142857 0.285714285714 0.4 0.420991926182 0.443181818182
0.3375 0.142857142857 0.3 0.317185697809 0.323863636364
0.554761904762 0.285714285714 0.6 0.501730103806 0.498579545455
0.7125 0.714285714286 0.666666666667 0.432525951557 0.465909090909
0.391071428571 0.428571428571 0.333333333333 0.276816608997 0.311079545455
0.408928571429 0.0 0.333333333333 0.230680507497 0.184659090909
0.6125 0.428571428571 0.6 0.625144175317 0.622159090909
0.424404761905 0.142857142857 0.4 0.402537485582 0.451704545455
0.555357142857 0.285714285714 0.5 0.344867358708 0.450284090909
0.841666666667 0.857142857143 0.833333333333 0.535178777393 0.711647727273
