0.959445037353 0.5 0.970588235294 1.0 1.0
1.0 0.25 1.0 0.924050632911 0.912474849095
0.73159018143 1.0 0.764705882353 0.703797468354 0.916498993964
0.197972251868 0.0 0.117647058824 0.0835443037975 0.0120724346076
0.979722518677 0.5 0.941176470588 0.764556962025 0.883299798793
0.346851654216 0.5 0.294117647059 0.113924050633 0.114688128773
0.916755602988 0.75 0.882352941176 0.606751054852 0.683098591549
0.512806830309 1.0 0.5 0.399156118143 0.497987927565
0.454108858058 0.75 0.411764705882 0.225316455696 0.259557344064
0.238527214514 0.25 0.176470588235 0.102953586498 0.0573440643863
0.937033084312 0.0 0.911764705882 0.733333333333 0.708249496982
0.911419423693 0.25 0.941176470588 0.947679324895 0.991951710262
0.815368196371 0.75 0.823529411765 0.75358649789 0.826961770624
0.78014941302 0.25 0.794117647059 0.879324894515 0.914486921529
0.603521878335 1.0 0.617647058824 0.492827004219 0.585513078471
0.931696905016 0.5 0.911764705882 0.800843881857 0.940643863179
0.511205976521 0.0 0.558823529412 0.470042194093 0.51509054326
0.395944503735 0.0 0.411764705882 0.220253164557 0.165995975855
0.803628601921 0.5 0.794117647059 0.84641350211 0.928571428571
0.831910352188 0.75 0.852941176471 0.685232067511 0.845070422535
0.497331910352 0.0 0.529411764706 0.463291139241 0.440643863179
0.874599786553 0.0 0.911764705882 0.757805907173 0.778672032193
0.254535752401 0.25 0.205882352941 0.140084388186 0.129778672032
0.689434364995 0.0 0.764705882353 0.647257383966 0.664989939638
0.664354322305 1.0 0.647058823529 0.550210970464 0.749496981891
0.816435432231 0.75 0.794117647059 0.536708860759 0.687122736419
0.737459978655 0.0 0.794117647059 0.723206751055 0.798792756539
0.312700106724 0.25 0.235294117647 0.135864978903 0.0955734406439
0.610458911419 0.0 0.676470588235 0.475105485232 0.477867203219
0.240661686233 0.0 0.205882352941 0.129957805907 0.0855130784708
0.773212379936 0.0 0.823529411765 0.739240506329 0.735412474849
0.445037353255 0.0 0.470588235294 0.35611814346 0.366197183099
0.769477054429 0.75 0.735294117647 0.449789029536 0.610663983903
0.694236926361 0.75 0.705882352941 0.702953586498 0.795774647887
0.439701173959 0.5 0.382352941176 0.335864978903 0.404426559356
0.65848452508 0.0 0.735294117647 0.579746835443 0.517102615694
0.566168623266 0.5 0.529411764706 0.314767932489 0.391348088531
0.313767342583 0.25 0.264705882353 0.232067510549 0.24245472837
0.945570971185 0.5 0.941176470588 0.935021097046 0.934607645875
0.85325506937 0.0 0.882352941176 0.721518987342 0.769617706237
0.567769477054 0.0 0.617647058824 0.42447257384 0.42555331992
0.224653148346 0.0 0.176470588235 0.167088607595 0.157947686117
0.820704375667 0.0 0.852941176471 0.708860759494 0.880281690141
0.369797225187 0.0 0.382352941176 0.286919831224 0.304828973843
0.654215581644 0.0 0.705882352941 0.697046413502 0.651911468813
0.359658484525 0.5 0.323529411765 0.214345991561 0.215291750503
0.208644610459 0.0 0.147058823529 0.129957805907 0.0855130784708
0.532550693703 0.0 0.588235294118 0.480168776371 0.413480885312
0.584311632871 0.0 0.647058823529 0.587341772152 0.533199195171
0.933831376734 0.5 0.941176470588 0.870886075949 0.896378269618
0.665421558164 0.75 0.676470588235 0.482700421941 0.492957746479
0.25667022412 0.0 0.235294117647 0.187341772152 0.14185110664
0.4151547492 0.0 0.441176470588 0.319831223629 0.328973843058
0.294023479189 0.0 0.294117647059 0.22447257384 0.214285714286
0.238527214514 0.25 0.176470588235 0.102953586498 0.0573440643863
0.21931696905 0.0 0.147058823529 0.0835443037975 0.0120724346076
0.197972251868 0.0 0.117647058824 0.0835443037975 0.0120724346076
0.59711846318 0.75 0.588235294118 0.570464135021 0.734406438632
0.468516542156 0.0 0.5 0.378902953586 0.419517102616
0.435432230523 0.5 0.352941176471 0.146835443038 0.15291750503
0.272678762006 0.0 0.264705882353 0.22447257384 0.214285714286
0.688900747065 0.5 0.735294117647 0.826160337553 0.795774647887
0.625933831377 0.5 0.558823529412 0.417721518987 0.489939637827
0.350586979723 0.0 0.352941176471 0.31223628692 0.30583501006
0.491462113127 0.75 0.470588235294 0.225316455696 0.272635814889
0.489327641409 0.5 0.441176470588 0.251476793249 0.287726358149
0.302561366062 0.0 0.294117647059 0.249789029536 0.232394366197
0.906083244397 0.25 0.882352941176 0.789029535865 0.978873239437
0.318569903949 0.0 0.323529411765 0.286919831224 0.304828973843
0.440234791889 0.0 0.352941176471 0.0835443037975 0.0120724346076
0.924226254002 0.0 0.882352941176 0.710548523207 0.808853118712
0.848986125934 0.25 0.882352941176 0.842194092827 0.863179074447
0.438100320171 0.25 0.352941176471 0.0945147679325 0.069416498994
0.375667022412 0.5 0.352941176471 0.297890295359 0.361167002012
0.696371398079 0.25 0.705882352941 0.523206751055 0.609657947686
0.518676627535 0.75 0.5 0.454852320675 0.596579476861
0.789754535752 0.25 0.794117647059 0.613502109705 0.751509054326
0.783884738527 0.5 0.852941176471 0.756962025316 0.870221327968
0.838313767343 0.5 0.823529411765 0.595780590717 0.636820925553
0.551760939168 0.5 0.5 0.508016877637 0.587525150905
0.296691568837 0.0 0.235294117647 0.116455696203 0.0362173038229
0.879402347919 0.5 0.882352941176 0.743459915612 0.865191146881
0.793489861259 0.5 0.823529411765 0.772151898734 0.908450704225
0.864461045891 0.25 0.852941176471 0.639662447257 0.782696177062
0.858057630736 0.0 0.882352941176 0.794936708861 0.905432595573
0.754002134472 0.5 0.735294117647 0.530801687764 0.726358148893
0.807363927428 0.25 0.764705882353 0.6 0.58953722334
0.677161152615 0.25 0.735294117647 0.713924050633 0.741448692153
0.850586979723 0.25 0.852941176471 0.767932489451 0.961770623742
0.356456776948 0.0 0.323529411765 0.142616033755 0.0372233400402
0.870864461046 0.25 0.823529411765 0.590717299578 0.669014084507
0.779615795091 0.5 0.852941176471 0.810970464135 0.77967806841
0.271077908218 0.25 0.235294117647 0.233755274262 0.227364185111
0.900747065101 0.5 0.882352941176 0.721518987342 0.837022132797
0.213980789755 0.0 0.147058823529 0.120675105485 0.0845070422535
0.622732123799 0.25 0.647058823529 0.467510548523 0.535211267606
0.892209178228 0.5 0.852941176471 0.698734177215 0.882293762575
0.525080042689 0.0 0.470588235294 0.460759493671 0.543259557344
0.881003201708 0.5 0.911764705882 0.875949367089 0.955734406439
0.336179295624 0.0 0.264705882353 0.162869198312 0.123742454728
0.543756670224 0.0 0.529411764706 0.329957805907 0.455734406439
0.57363927428 0.25 0.617647058824 0.610970464135 0.693158953722
0.702774813234 0.0 0.647058823529 0.428691983122 0.487927565392
0.615795090715 0.0 0.588235294118 0.59746835443 0.638832997988
0.881536819637 0.0 0.911764705882 0.803375527426 0.944668008048
0.326040554963 0.0 0.235294117647 0.113080168776 0.101609657948
0.58591248666 0.0 0.647058823529 0.564556962025 0.560362173038
0.798292422625 0.5 0.823529411765 0.654008438819 0.729376257545
0.311099252935 0.25 0.264705882353 0.165400843882 0.147887323944
0.713980789755 0.25 0.735294117647 0.733333333333 0.786720321932
0.725720384205 0.0 0.705882352941 0.499578059072 0.605633802817
0.345250800427 0.0 0.294117647059 0.140928270042 0.0684104627767
0.495731056564 0.0 0.441176470588 0.15358649789 0.108651911469
0.653681963714 0.0 0.647058823529 0.584810126582 0.566398390342
0.683564567769 0.75 0.705882352941 0.752742616034 0.836016096579
0.822838847385 0.5 0.764705882353 0.542616033755 0.698189134809
0.456776947705 0.0 0.470588235294 0.357805907173 0.377263581489
0.53681963714 0.0 0.529411764706 0.349367088608 0.296780684105
0.775346851654 0.0 0.794117647059 0.634599156118 0.66800804829
0.921024546425 0.25 0.941176470588 0.736708860759 0.75754527163
0.428495197439 0.5 0.411764705882 0.392405063291 0.430583501006
0.594983991462 0.25 0.617647058824 0.459071729958 0.573440643863
0.760939167556 0.25 0.735294117647 0.432911392405 0.468812877264
0.692636072572 0.0 0.735294117647 0.680168776371 0.721327967807
0.885805763074 0.5 0.852941176471 0.627004219409 0.677062374245
0.748132337247 0.0 0.794117647059 0.783122362869 0.848088531187
0.944503735326 0.25 0.911764705882 0.674261603376 0.677062374245
0.729989327641 0.25 0.676470588235 0.626160337553 0.740442655936
0.749733191035 0.5 0.735294117647 0.561181434599 0.704225352113
0.396478121665 0.25 0.411764705882 0.347679324895 0.325955734406
0.424759871932 0.0 0.323529411765 0.173839662447 0.129778672032
0.766808964781 0.5 0.823529411765 0.727426160338 0.718309859155
0.708644610459 0.25 0.647058823529 0.448101265823 0.523138832998
0.430629669157 0.0 0.382352941176 0.315611814346 0.314889336016
0.570437566702 0.5 0.558823529412 0.505485232068 0.65291750503
0.934898612593 0.25 0.941176470588 0.805063291139 0.879275653924
0.382604055496 0.25 0.352941176471 0.227848101266 0.221327967807
0.286552828175 0.0 0.205882352941 0.145991561181 0.102615694165
0.348986125934 0.0 0.294117647059 0.128270042194 0.0905432595573
0.711312700107 0.25 0.676470588235 0.485232067511 0.57847082495
0.637673425827 0.5 0.676470588235 0.55864978903 0.646881287726
0.611526147279 0.0 0.588235294118 0.53417721519 0.630784708249
0.435432230523 0.0 0.352941176471 0.217721518987 0.186116700201
0.318569903949 0.0 0.264705882353 0.167088607595 0.157947686117
0.668623265742 0.0 0.588235294118 0.4194092827 0.426559356137
0.851654215582 0.75 0.882352941176 0.927426160338 0.959758551308
0.472785485592 0.25 0.470588235294 0.443037974684 0.445674044266
0.779082177161 0.5 0.764705882353 0.682700421941 0.85814889336
0.855389541089 0.0 0.882352941176 0.781434599156 0.846076458753
0.81750266809 0.5 0.852941176471 0.789029535865 0.901408450704
0.580576307364 0.25 0.558823529412 0.303797468354 0.334004024145
0.370330843116 0.25 0.323529411765 0.19746835443 0.197183098592
0.352187833511 0.0 0.294117647059 0.2 0.196177062374
0.747598719317 0.25 0.794117647059 0.670042194093 0.817907444668
0.684098185699 0.0 0.676470588235 0.569620253165 0.614688128773
0.385805763074 0.25 0.323529411765 0.181434599156 0.122736418511
0.462113127001 0.0 0.411764705882 0.262447257384 0.286720321932
0.506403415155 0.25 0.529411764706 0.384810126582 0.460764587525
0.823906083244 0.0 0.794117647059 0.663291139241 0.729376257545
0.42689434365 0.5 0.352941176471 0.15864978903 0.193158953722
0.449839914621 0.25 0.411764705882 0.410126582278 0.426559356137
0.39007470651 0.0 0.323529411765 0.174683544304 0.174044265594
0.680896478122 0.0 0.617647058824 0.403375527426 0.496981891348
0.624332977588 0.25 0.676470588235 0.64641350211 0.617706237425
0.424226254002 0.0 0.352941176471 0.183122362869 0.182092555332
0.830309498399 0.25 0.764705882353 0.545147679325 0.727364185111
0.480789754536 0.0 0.441176470588 0.267510548523 0.382293762575
0.561899679829 0.25 0.588235294118 0.502953586498 0.624748490946
0.332977588047 0.0 0.264705882353 0.190717299578 0.191146881288
0.635538954109 0.25 0.558823529412 0.253164556962 0.337022132797
0.627534685165 0.25 0.647058823529 0.550210970464 0.582494969819
0.906083244397 0.5 0.911764705882 0.770464135021 0.889336016097
0.588580576307 0.25 0.588235294118 0.44135021097 0.504024144869
0.844183564568 0.0 0.852941176471 0.68776371308 0.771629778672
0.699039487727 0.0 0.676470588235 0.627848101266 0.683098591549
0.644610458911 0.0 0.617647058824 0.455696202532 0.452716297787
0.320704375667 0.0 0.264705882353 0.205907172996 0.203219315895
0.467449306297 0.5 0.470588235294 0.340084388186 0.402414486922
0.541088580576 0.5 0.529411764706 0.374683544304 0.375251509054
0.554962646745 0.5 0.470588235294 0.283544303797 0.344064386318
0.74439701174 0.5 0.735294117647 0.688607594937 0.771629778672
0.444503735326 0.0 0.323529411765 0.136708860759 0.0573440643863
0.660085378869 0.75 0.735294117647 0.604219409283 0.575452716298
0.716115261473 0.5 0.764705882353 0.790717299578 0.82092555332
0.681430096051 0.5 0.647058823529 0.456540084388 0.506036217304
0.272145144077 0.0 0.176470588235 0.116455696203 0.0503018108652
0.259871931697 0.0 0.176470588235 0.0835443037975 0.0120724346076
0.503735325507 0.0 0.470588235294 0.310548523207 0.278672032193
0.640875133404 0.0 0.617647058824 0.507172995781 0.602615694165
0.529348986126 0.5 0.5 0.363713080169 0.459758551308
0.872998932764 0.0 0.852941176471 0.659915611814 0.752515090543
0.496798292423 0.25 0.470588235294 0.323206751055 0.394366197183
0.697438633938 0.0 0.676470588235 0.649789029536 0.715291750503
0.716115261473 0.5 0.735294117647 0.640506329114 0.622736418511
0.422625400213 0.0 0.323529411765 0.116455696203 0.0503018108652
0.718783351121 0.25 0.705882352941 0.673417721519 0.754527162978
0.598185699039 0.25 0.558823529412 0.338396624473 0.416498993964
0.739060832444 0.25 0.735294117647 0.69029535865 0.85814889336
0.907150480256 0.25 0.882352941176 0.724894514768 0.938631790744
0.416221985059 0.5 0.382352941176 0.343459915612 0.387323943662
