0.95 0.0 0.923076923077 0.661803713528 0.770573566085
0.895 0.0 0.884615384615 0.846153846154 0.907730673317
0.888571428571 0.0 0.846153846154 0.770557029178 0.857855361596
0.880714285714 0.0 0.846153846154 0.721485411141 0.80174563591
0.754285714286 0.0 0.692307692308 0.582228116711 0.688279301746
0.747142857143 0.0 0.653846153846 0.582228116711 0.709476309227
0.795714285714 0.0 0.730769230769 0.633952254642 0.726932668329
0.751428571429 0.0 0.730769230769 0.633952254642 0.689526184539
0.89 0.0 0.846153846154 0.771883289125 0.826683291771
0.64 0.0 0.615384615385 0.633952254642 0.689526184539
0.64 0.0 0.615384615385 0.633952254642 0.689526184539
0.800714285714 0.0 0.769230769231 0.579575596817 0.640897755611
0.947857142857 0.0 1.0 0.957559681698 0.905236907731
0.981428571429 0.0 0.961538461538 0.946949602122 0.956359102244
0.795714285714 0.0 0.807692307692 0.721485411141 0.728179551122
0.751428571429 0.0 0.653846153846 0.582228116711 0.697007481297
0.721428571429 0.0 0.730769230769 0.820954907162 0.816708229426
0.832142857143 0.0 0.769230769231 0.633952254642 0.705735660848
0.668571428571 0.0 0.653846153846 0.685676392573 0.714463840399
0.905 0.0 0.923076923077 0.89124668435 0.865336658354
0.87 0.0 0.807692307692 0.75198938992 0.807980049875
0.950714285714 0.0 0.923076923077 1.0 1.0
0.780714285714 0.0 0.730769230769 0.790450928382 0.83042394015
0.878571428571 0.0 0.846153846154 0.701591511936 0.730673316708
0.922142857143 0.0 0.846153846154 0.718832891247 0.781795511222
0.953571428571 0.0 0.923076923077 0.964190981432 0.962593516209
0.737857142857 0.0 0.730769230769 0.698938992042 0.705735660848
0.642857142857 0.0 0.538461538462 0.484084880637 0.597256857855
0.642857142857 0.0 0.538461538462 0.484084880637 0.597256857855
0.846428571429 0.0 0.769230769231 0.713527851459 0.775561097257
0.59 0.0 0.538461538462 0.535809018568 0.598503740648
0.63 0.0 0.576923076923 0.535809018568 0.598503740648
0.63 0.0 0.576923076923 0.535809018568 0.598503740648
0.63 0.0 0.576923076923 0.535809018568 0.598503740648
0.697142857143 0.0 0.653846153846 0.633952254642 0.677057356608
0.699285714286 0.0 0.615384615385 0.511936339523 0.599750623441
0.86 0.0 0.884615384615 0.797082228117 0.758104738155
0.715714285714 0.0 0.692307692308 0.57824933687 0.604738154613
0.947857142857 0.0 0.923076923077 0.941644562334 0.926433915212
0.612142857143 0.0 0.538461538462 0.507957559682 0.583541147132
0.867857142857 0.0 0.846153846154 0.774535809019 0.773067331671
0.627857142857 0.0 0.538461538462 0.511936339523 0.599750623441
0.627857142857 0.0 0.538461538462 0.511936339523 0.599750623441
0.707142857143 0.0 0.615384615385 0.509283819629 0.597256857855
0.732857142857 0.0 0.653846153846 0.523872679045 0.598503740648
0.732857142857 0.0 0.615384615385 0.509283819629 0.618453865337
0.561428571429 0.0 0.5 0.535809018568 0.598503740648
0.794285714286 0.0 0.769230769231 0.854111405836 0.849127182045
0.720714285714 0.0 0.653846153846 0.535809018568 0.598503740648
0.877142857143 0.0 0.846153846154 0.672413793103 0.687032418953
0.837857142857 0.0 0.884615384615 0.810344827586 0.745635910224
0.747142857143 0.0 0.730769230769 0.755968169761 0.753117206983
0.709285714286 0.0 0.653846153846 0.602122015915 0.648379052369
0.745 0.0 0.692307692308 0.641909814324 0.680798004988
0.642857142857 0.0 0.615384615385 0.62599469496 0.647132169576
0.642857142857 0.0 0.615384615385 0.62599469496 0.647132169576
0.642857142857 0.0 0.615384615385 0.62599469496 0.647132169576
0.860714285714 0.0 0.807692307692 0.769230769231 0.793017456359
0.74 0.0 0.653846153846 0.607427055703 0.678304239401
0.640714285714 0.0 0.615384615385 0.527851458886 0.556109725686
0.76 0.0 0.730769230769 0.542440318302 0.568578553616
0.818571428571 0.0 0.807692307692 0.721485411141 0.713216957606
0.872142857143 0.0 0.807692307692 0.680371352785 0.720698254364
0.997857142857 0.0 0.884615384615 0.683023872679 0.761845386534
0.682857142857 0.0 0.576923076923 0.523872679045 0.61970074813
0.592142857143 0.0 0.576923076923 0.563660477454 0.579800498753
0.659285714286 0.0 0.615384615385 0.535809018568 0.577306733167
0.765714285714 0.0 0.730769230769 0.62599469496 0.648379052369
0.693571428571 0.0 0.730769230769 0.741379310345 0.692019950125
0.832142857143 0.0 0.807692307692 0.799734748011 0.794264339152
0.782857142857 0.0 0.692307692308 0.607427055703 0.678304239401
0.564285714286 0.0 0.538461538462 0.527851458886 0.556109725686
0.707857142857 0.0 0.692307692308 0.689655172414 0.689526184539
0.577857142857 0.0 0.576923076923 0.555702917772 0.558603491272
0.810714285714 0.0 0.692307692308 0.533156498674 0.633416458853
0.617857142857 0.0 0.615384615385 0.555702917772 0.558603491272
0.893571428571 0.0 0.884615384615 0.791777188329 0.770573566085
0.782142857143 0.0 0.653846153846 0.535809018568 0.64463840399
0.725714285714 0.0 0.615384615385 0.523872679045 0.61970074813
0.673571428571 0.0 0.615384615385 0.503978779841 0.557356608479
0.647142857143 0.0 0.615384615385 0.651193633952 0.668329177057
0.647142857143 0.0 0.615384615385 0.644562334218 0.662094763092
0.648571428571 0.0 0.615384615385 0.535809018568 0.564837905237
0.607142857143 0.0 0.576923076923 0.527851458886 0.556109725686
0.732857142857 0.0 0.692307692308 0.632625994695 0.655860349127
0.785 0.0 0.653846153846 0.535809018568 0.64463840399
1.0 0.0 0.961538461538 0.850132625995 0.84289276808
0.704285714286 0.0 0.692307692308 0.653846153846 0.649625935162
0.837857142857 0.0 0.730769230769 0.509283819629 0.597256857855
0.976428571429 0.0 1.0 0.981432360743 0.907730673317
0.837142857143 0.0 0.730769230769 0.644562334218 0.718204488778
0.809285714286 0.0 0.807692307692 0.855437665782 0.819201995012
0.626428571429 0.0 0.538461538462 0.507957559682 0.583541147132
0.711428571429 0.0 0.615384615385 0.607427055703 0.678304239401
0.924285714286 0.0 0.846153846154 0.783819628647 0.816708229426
0.712857142857 0.0 0.692307692308 0.587533156499 0.594763092269
0.735714285714 0.0 0.653846153846 0.511936339523 0.57855361596
0.627857142857 0.0 0.615384615385 0.653846153846 0.649625935162
0.64 0.0 0.576923076923 0.535809018568 0.586034912718
0.682857142857 0.0 0.653846153846 0.587533156499 0.602244389027
0.831428571429 0.0 0.730769230769 0.56100795756 0.635910224439
0.707857142857 0.0 0.615384615385 0.507957559682 0.583541147132
0.652142857143 0.0 0.576923076923 0.54774535809 0.605985037406
0.829285714286 0.0 0.692307692308 0.56100795756 0.665835411471
0.829285714286 0.0 0.692307692308 0.56100795756 0.665835411471
0.823571428571 0.0 0.769230769231 0.759946949602 0.774314214464
0.621428571429 0.0 0.576923076923 0.632625994695 0.655860349127
0.645714285714 0.0 0.615384615385 0.563660477454 0.579800498753
0.701428571429 0.0 0.653846153846 0.659151193634 0.679551122195
0.694285714286 0.0 0.653846153846 0.553050397878 0.577306733167
0.74 0.0 0.692307692308 0.657824933687 0.677057356608
0.682857142857 0.0 0.653846153846 0.665782493369 0.66957605985
0.632857142857 0.0 0.615384615385 0.653846153846 0.649625935162
0.834285714286 0.0 0.807692307692 0.79575596817 0.780548628429
0.969285714286 0.0 0.961538461538 0.864721485411 0.822942643392
0.940714285714 0.0 0.846153846154 0.709549071618 0.758104738155
0.805714285714 0.0 0.730769230769 0.555702917772 0.604738154613
0.592142857143 0.0 0.576923076923 0.555702917772 0.558603491272
0.607142857143 0.0 0.576923076923 0.62599469496 0.634663341646
0.912142857143 0.0 0.923076923077 0.945623342175 0.88029925187
0.746428571429 0.0 0.692307692308 0.635278514589 0.659600997506
0.883571428571 0.0 0.769230769231 0.600795755968 0.675810473815
0.717857142857 0.0 0.653846153846 0.587533156499 0.624688279302
0.715 0.0 0.653846153846 0.437665782493 0.486284289277
0.767142857143 0.0 0.692307692308 0.668435013263 0.704488778055
0.747857142857 0.0 0.692307692308 0.632625994695 0.655860349127
0.725714285714 0.0 0.653846153846 0.515915119363 0.564837905237
0.695714285714 0.0 0.653846153846 0.503978779841 0.528678304239
0.69 0.0 0.576923076923 0.411140583554 0.506234413965
0.863571428571 0.0 0.769230769231 0.665782493369 0.715710723192
0.748571428571 0.0 0.730769230769 0.579575596817 0.573566084788
0.735 0.0 0.692307692308 0.624668435013 0.635910224439
0.782142857143 0.0 0.730769230769 0.660477453581 0.674563591022
0.6 0.0 0.538461538462 0.437665782493 0.486284289277
0.702857142857 0.0 0.692307692308 0.667108753316 0.647132169576
0.811428571429 0.0 0.769230769231 0.618037135279 0.627182044888
0.772857142857 0.0 0.692307692308 0.555702917772 0.604738154613
0.64 0.0 0.576923076923 0.437665782493 0.486284289277
0.759285714286 0.0 0.653846153846 0.594164456233 0.660847880299
0.821428571429 0.0 0.807692307692 0.847480106101 0.809226932668
0.628571428571 0.0 0.576923076923 0.535809018568 0.564837905237
0.741428571429 0.0 0.769230769231 0.790450928382 0.72319201995
0.672857142857 0.0 0.615384615385 0.659151193634 0.679551122195
0.725714285714 0.0 0.692307692308 0.660477453581 0.658354114713
0.94 0.0 0.961538461538 0.7824933687 0.715710723192
0.680714285714 0.0 0.615384615385 0.54774535809 0.584788029925
0.604285714286 0.0 0.538461538462 0.437665782493 0.486284289277
0.692142857143 0.0 0.653846153846 0.545092838196 0.557356608479
0.824285714286 0.0 0.807692307692 0.799734748011 0.765586034913
0.644285714286 0.0 0.576923076923 0.437665782493 0.486284289277
0.774285714286 0.0 0.692307692308 0.659151193634 0.695760598504
0.697142857143 0.0 0.576923076923 0.411140583554 0.506234413965
0.647142857143 0.0 0.576923076923 0.527851458886 0.569825436409
0.728571428571 0.0 0.692307692308 0.657824933687 0.655860349127
0.792142857143 0.0 0.730769230769 0.640583554377 0.659600997506
0.528571428571 0.0 0.461538461538 0.437665782493 0.486284289277
0.528571428571 0.0 0.461538461538 0.437665782493 0.486284289277
0.528571428571 0.0 0.461538461538 0.437665782493 0.486284289277
0.528571428571 0.0 0.461538461538 0.437665782493 0.486284289277
0.528571428571 0.0 0.461538461538 0.437665782493 0.486284289277
0.528571428571 0.0 0.461538461538 0.437665782493 0.486284289277
0.66 0.0 0.615384615385 0.492042440318 0.51246882793
0.568571428571 0.0 0.5 0.437665782493 0.486284289277
0.568571428571 0.0 0.5 0.437665782493 0.486284289277
0.717857142857 0.0 0.692307692308 0.579575596817 0.573566084788
0.729285714286 0.0 0.730769230769 0.649867374005 0.613466334165
0.663571428571 0.0 0.653846153846 0.645888594164 0.620947630923
0.637142857143 0.0 0.653846153846 0.570291777188 0.529925187032
0.831428571429 0.0 0.769230769231 0.657824933687 0.672069825436
0.824285714286 0.0 0.846153846154 0.903183023873 0.821695760599
0.870714285714 0.0 0.846153846154 0.758620689655 0.729426433915
0.812142857143 0.0 0.730769230769 0.599469496021 0.635910224439
0.637857142857 0.0 0.538461538462 0.413793103448 0.48753117207
0.780714285714 0.0 0.730769230769 0.651193633952 0.655860349127
0.571428571429 0.0 0.5 0.437665782493 0.486284289277
0.571428571429 0.0 0.5 0.437665782493 0.486284289277
0.571428571429 0.0 0.5 0.437665782493 0.486284289277
0.571428571429 0.0 0.5 0.437665782493 0.486284289277
0.571428571429 0.0 0.5 0.437665782493 0.486284289277
0.826428571429 0.0 0.807692307692 0.761273209549 0.726932668329
0.611428571429 0.0 0.538461538462 0.437665782493 0.486284289277
0.831428571429 0.0 0.807692307692 0.769230769231 0.738154613466
0.717857142857 0.0 0.653846153846 0.627320954907 0.647132169576
0.768571428571 0.0 0.730769230769 0.759946949602 0.743142144638
0.532857142857 0.0 0.461538461538 0.437665782493 0.486284289277
0.652142857143 0.0 0.576923076923 0.437665782493 0.486284289277
0.581428571429 0.0 0.5 0.477453580902 0.528678304239
0.598571428571 0.0 0.538461538462 0.437665782493 0.473815461347
0.638571428571 0.0 0.576923076923 0.437665782493 0.473815461347
0.728571428571 0.0 0.692307692308 0.567639257294 0.56608478803
0.657142857143 0.0 0.653846153846 0.652519893899 0.615960099751
0.59 0.0 0.538461538462 0.465517241379 0.488778054863
0.9 0.0 0.923076923077 0.848806366048 0.763092269327
0.701428571429 0.0 0.692307692308 0.777188328912 0.730673316708
0.566428571429 0.0 0.461538461538 0.413793103448 0.48753117207
0.552142857143 0.0 0.538461538462 0.555702917772 0.537406483791
0.552142857143 0.0 0.538461538462 0.555702917772 0.537406483791
0.660714285714 0.0 0.653846153846 0.679045092838 0.639650872818
0.609285714286 0.0 0.576923076923 0.555702917772 0.551122194514
0.513571428571 0.0 0.461538461538 0.465517241379 0.488778054863
