0.771320277953 0.75 0.7 0.370951913641 0.427464008859
0.713834491472 0.75 0.666666666667 0.474975466143 0.423034330011
0.709412507896 0.5 0.666666666667 0.376840039254 0.441860465116
0.604548325963 0.75 0.5 0.266928361138 0.300110741971
0.71572962729 0.75 0.766666666667 0.655544651619 0.846068660022
0.476310802274 0.5 0.5 0.485770363101 0.559246954596
0.495262160455 0.5 0.433333333333 0.289499509323 0.323366555925
0.683512318383 0.25 0.533333333333 0.285574092247 0.284606866002
0.708149084018 0.25 0.666666666667 0.463199214917 0.466223698782
0.689197725837 0.0 0.7 0.577036310108 0.408637873754
0.895135818067 0.25 0.9 0.908734052993 0.942414174972
0.839545167404 0.5 0.833333333333 0.560353287537 0.770764119601
0.530006317119 0.25 0.466666666667 0.207065750736 0.15503875969
0.492103600758 0.25 0.433333333333 0.207065750736 0.15503875969
0.668982943778 0.5 0.566666666667 0.348380765456 0.421926910299
0.571067593178 0.5 0.533333333333 0.422963689892 0.49723145072
0.682248894504 0.5 0.566666666667 0.250245338567 0.0996677740864
0.76437144662 1.0 0.7 0.474975466143 0.423034330011
0.551484523057 0.25 0.466666666667 0.241413150147 0.253599114064
0.40240050537 0.25 0.366666666667 0.261040235525 0.235880398671
0.752368919773 0.25 0.766666666667 0.683022571148 0.600221483942
0.513581806696 0.5 0.466666666667 0.259077526987 0.22480620155
0.449778900821 0.5 0.333333333333 0.0971540726202 0.0132890365449
0.596336070752 0.5 0.433333333333 0.183513248283 0.0376522702104
0.958938723942 0.75 0.933333333333 0.722276741904 0.888150609081
1.0 0.25 1.0 1.0 1.0
0.712571067593 0.0 0.666666666667 0.568204121688 0.28349944629
0.615919140872 0.0 0.6 0.481844946026 0.259136212625
0.796588755527 0.5 0.733333333333 0.306182531894 0.403100775194
0.796588755527 0.5 0.733333333333 0.306182531894 0.403100775194
0.291219204043 0.0 0.233333333333 0.163886162905 0.0753045404208
0.346178142767 0.25 0.3 0.323846908734 0.34772978959
0.789639924195 0.0 0.766666666667 0.622178606477 0.364341085271
0.789639924195 0.0 0.766666666667 0.622178606477 0.364341085271
0.662034112445 0.25 0.633333333333 0.581943081452 0.34772978959
0.748578648136 0.5 0.766666666667 0.778213935231 0.583610188261
0.465571699305 0.25 0.4 0.323846908734 0.421926910299
0.773847125711 0.75 0.7 0.580961727184 0.685492801772
0.234365129501 0.0 0.133333333333 0.0971540726202 0.0132890365449
0.616550852811 0.75 0.633333333333 0.482826300294 0.592469545958
0.631711939356 0.0 0.6 0.678115799804 0.607973421927
0.55843335439 0.0 0.5 0.582924435721 0.458471760797
0.246999368288 0.0 0.166666666667 0.151128557409 0.094130675526
0.396083385976 0.25 0.4 0.356231599607 0.385382059801
0.326595072647 0.0 0.233333333333 0.140333660451 0.093023255814
0.719519898926 1.0 0.633333333333 0.426889106968 0.434108527132
0.630448515477 0.0 0.666666666667 0.620215897939 0.488372093023
0.618445988629 0.25 0.633333333333 0.611383709519 0.43300110742
0.724573594441 0.75 0.733333333333 0.421000981354 0.53488372093
0.622867972205 0.25 0.6 0.376840039254 0.441860465116
0.879343019583 0.25 0.866666666667 0.917566241413 0.788482834994
0.713834491472 0.75 0.666666666667 0.474975466143 0.423034330011
0.802905874921 0.75 0.766666666667 0.401373895976 0.552602436323
0.536955148452 0.5 0.533333333333 0.431795878312 0.478405315615
0.476310802274 0.5 0.5 0.485770363101 0.559246954596
0.396083385976 0.25 0.4 0.356231599607 0.385382059801
0.389766266582 0.25 0.366666666667 0.259077526987 0.22480620155
0.234365129501 0.0 0.133333333333 0.0971540726202 0.0132890365449
0.476310802274 0.5 0.5 0.485770363101 0.559246954596
0.476310802274 0.5 0.5 0.485770363101 0.559246954596
0.651295009476 0.0 0.6 0.63689892051 0.539313399779
0.600758054327 0.0 0.533333333333 0.582924435721 0.458471760797
0.622867972205 0.5 0.633333333333 0.472031403337 0.591362126246
0.703095388503 0.75 0.733333333333 0.60157016683 0.765227021041
0.579911560328 0.0 0.566666666667 0.510304219823 0.346622369878
0.554643082754 0.0 0.533333333333 0.510304219823 0.346622369878
0.741629816804 0.75 0.666666666667 0.263002944063 0.323366555925
0.611497157296 0.0 0.6 0.481844946026 0.259136212625
0.740998104864 0.0 0.733333333333 0.66339548577 0.43300110742
0.798483891346 0.0 0.8 0.717369970559 0.513842746401
0.714466203411 0.75 0.7 0.401373895976 0.478405315615
0.876184459886 1.0 0.866666666667 0.53091265947 0.726467331118
0.419456727732 0.5 0.4 0.419038272816 0.49723145072
0.689197725837 0.25 0.7 0.789990186457 0.695459579181
0.62728995578 0.5 0.533333333333 0.427870461237 0.441860465116
0.795957043588 0.0 0.733333333333 0.712463199215 0.706533776301
0.403032217309 0.25 0.3 0.0971540726202 0.0132890365449
0.58812381554 0.5 0.466666666667 0.140333660451 0.093023255814
0.415034744157 0.25 0.333333333333 0.19430814524 0.173864894795
0.329121920404 0.0 0.266666666667 0.19430814524 0.173864894795
