0.638176638177 0.375 0.6 0.42162818955 0.431486880466
0.565527065527 0.125 0.48 0.501822600243 0.425655976676
0.558404558405 0.25 0.52 0.450789793439 0.453352769679
0.867521367521 0.5 0.84 0.670716889429 0.533527696793
0.472222222222 0.125 0.48 0.374240583232 0.400874635569
0.866809116809 0.375 0.92 0.692588092345 0.814868804665
0.891737891738 0.625 0.88 0.639125151883 0.594752186589
0.495726495726 0.375 0.44 0.215066828676 0.189504373178
0.801282051282 0.25 0.8 0.590522478736 0.565597667638
0.740740740741 0.375 0.68 0.659781287971 0.479591836735
0.63603988604 0.375 0.56 0.416767922236 0.504373177843
0.747150997151 0.625 0.68 0.618469015796 0.645772594752
0.735754985755 0.25 0.72 0.618469015796 0.558309037901
0.792735042735 0.625 0.8 0.714459295261 0.65889212828
0.498575498575 0.25 0.4 0.287970838396 0.284256559767
0.75 0.125 0.76 0.562575941677 0.639941690962
0.655270655271 0.5 0.64 0.46780072904 0.504373177843
0.458689458689 0.125 0.4 0.345078979344 0.355685131195
0.787037037037 0.5 0.72 0.57837181045 0.457725947522
0.732905982906 0.25 0.64 0.448359659781 0.626822157434
0.845441595442 0.25 0.84 0.759416767922 0.758017492711
0.690170940171 0.375 0.64 0.425273390036 0.556851311953
0.657407407407 0.25 0.56 0.382746051033 0.290087463557
0.559829059829 0.125 0.48 0.500607533414 0.354227405248
0.631054131054 0.25 0.6 0.489671931956 0.48250728863
0.623931623932 0.375 0.52 0.475091130012 0.416909620991
0.726495726496 0.625 0.68 0.482381530984 0.516034985423
0.812678062678 0.5 0.8 0.608748481166 0.723032069971
1.0 0.375 1.0 0.857837181045 0.877551020408
0.714387464387 0.375 0.68 0.489671931956 0.466472303207
0.482905982906 0.25 0.4 0.251518833536 0.252186588921
0.891737891738 0.625 0.88 0.639125151883 0.594752186589
0.710113960114 0.375 0.6 0.432563791009 0.320699708455
0.537037037037 0.375 0.52 0.490886998785 0.588921282799
0.57905982906 0.25 0.52 0.381530984204 0.370262390671
0.782763532764 0.375 0.8 0.760631834751 0.756559766764
0.608262108262 0.375 0.52 0.226002430134 0.231778425656
0.903846153846 0.5 0.84 0.691373025516 0.685131195335
0.482905982906 0.0 0.44 0.304981773998 0.342565597668
0.696581196581 0.125 0.72 0.575941676792 0.63556851312
0.559829059829 0.125 0.48 0.500607533414 0.354227405248
0.349715099715 0.0 0.28 0.187120291616 0.123906705539
0.665242165242 0.125 0.64 0.507897934386 0.52915451895
0.685897435897 0.125 0.68 0.529769137303 0.625364431487
0.626780626781 0.0 0.56 0.554070473876 0.479591836735
0.600427350427 0.0 0.52 0.346294046173 0.271137026239
0.685185185185 0.5 0.64 0.551640340219 0.648688046647
0.390313390313 0.0 0.32 0.251518833536 0.237609329446
0.812678062678 0.0 0.8 0.791008505468 0.672011661808
0.64886039886 0.0 0.6 0.529769137303 0.432944606414
0.385327635328 0.25 0.32 0.202916160389 0.0991253644315
0.539173789174 0.125 0.48 0.507897934386 0.489795918367
0.453703703704 0.375 0.36 0.326852976914 0.215743440233
0.999287749288 0.375 0.96 0.714459295261 0.673469387755
0.55056980057 0.375 0.52 0.471445929526 0.520408163265
0.876780626781 0.5 0.88 0.658566221142 0.615160349854
0.650284900285 0.125 0.6 0.482381530984 0.546647230321
0.657407407407 0.125 0.6 0.606318347509 0.651603498542
0.66452991453 0.375 0.64 0.4957472661 0.587463556851
0.636752136752 0.375 0.64 0.448359659781 0.532069970845
0.757122507123 0.125 0.68 0.682867557716 0.537900874636
0.650284900285 0.125 0.6 0.589307411908 0.578717201166
0.793447293447 0.875 0.72 0.349939246659 0.419825072886
0.80056980057 0.75 0.8 0.652490886999 0.625364431487
0.661680911681 0.25 0.56 0.443499392467 0.479591836735
0.385327635328 0.25 0.32 0.202916160389 0.0991253644315
0.66452991453 0.125 0.6 0.436208991495 0.48833819242
0.566951566952 0.375 0.48 0.3390036452 0.374635568513
0.754273504274 0.25 0.68 0.560145808019 0.421282798834
0.346866096866 0.0 0.24 0.120291616039 0.0174927113703
0.569800569801 0.25 0.52 0.430133657351 0.342565597668
0.786324786325 0.375 0.72 0.682867557716 0.580174927114
0.393874643875 0.125 0.36 0.268529769137 0.294460641399
0.781339031339 0.5 0.72 0.510328068044 0.593294460641
0.846153846154 0.375 0.84 0.76184690158 0.725947521866
0.730769230769 0.25 0.72 0.692588092345 0.677842565598
0.638176638177 0.375 0.56 0.541919805589 0.52332361516
0.738603988604 0.125 0.68 0.606318347509 0.637026239067
0.816951566952 0.25 0.76 0.567436208991 0.730320699708
0.432336182336 0.125 0.36 0.380315917375 0.320699708455
0.668091168091 0.125 0.68 0.575941676792 0.63556851312
0.431623931624 0.0 0.4 0.287970838396 0.263848396501
0.560541310541 0.125 0.48 0.51397326853 0.377551020408
0.553418803419 0.25 0.48 0.296476306197 0.294460641399
0.571937321937 0.0 0.48 0.460510328068 0.3527696793
0.576923076923 0.375 0.52 0.483596597813 0.453352769679
0.923789173789 0.875 0.96 0.748481166464 0.725947521866
0.610398860399 0.375 0.52 0.437424058323 0.31195335277
0.647435897436 0.375 0.6 0.424058323208 0.310495626822
0.643162393162 0.25 0.56 0.381530984204 0.422740524781
0.823361823362 0.625 0.76 0.607533414338 0.451895043732
0.652421652422 0.5 0.64 0.472660996355 0.5
0.893874643875 0.5 0.8 0.589307411908 0.578717201166
0.36396011396 0.25 0.24 0.120291616039 0.0174927113703
0.616809116809 0.375 0.52 0.351154313487 0.282798833819
0.529202279202 0.25 0.48 0.443499392467 0.454810495627
0.626780626781 0.375 0.6 0.535844471446 0.648688046647
0.716524216524 0.375 0.76 0.691373025516 0.651603498542
0.529202279202 0.25 0.48 0.443499392467 0.454810495627
0.397435897436 0.125 0.32 0.216281895504 0.118075801749
0.938034188034 0.875 1.0 1.0 1.0
0.617521367521 0.125 0.6 0.543134872418 0.532069970845
0.676638176638 0.5 0.52 0.368165249089 0.228862973761
0.5349002849 0.5 0.44 0.251518833536 0.237609329446
0.735754985755 0.5 0.76 0.821385176185 0.763848396501
0.785612535613 0.5 0.84 0.874848116646 0.868804664723
0.893874643875 0.25 0.88 0.686512758202 0.731778425656
0.57905982906 0.25 0.52 0.346294046173 0.351311953353
0.928774928775 0.5 0.92 0.653705953827 0.746355685131
0.60113960114 0.375 0.52 0.438639125152 0.383381924198
0.73433048433 0.0 0.64 0.722964763062 0.673469387755
0.472222222222 0.5 0.4 0.295261239368 0.291545189504
0.853988603989 0.5 0.8 0.572296476306 0.642857142857
0.877492877493 0.5 0.84 0.825030376671 0.844023323615
0.356837606838 0.0 0.28 0.173754556501 0.122448979592
0.314102564103 0.0 0.24 0.173754556501 0.122448979592
0.621082621083 0.25 0.52 0.370595382746 0.298833819242
0.57264957265 0.0 0.52 0.409477521264 0.389212827988
0.541310541311 0.0 0.44 0.3304981774 0.413994169096
0.845441595442 0.5 0.88 0.738760631835 0.862973760933
0.465811965812 0.125 0.4 0.329283110571 0.212827988338
0.349715099715 0.25 0.24 0.120291616039 0.0174927113703
0.631054131054 0.25 0.6 0.489671931956 0.48250728863
0.848290598291 0.25 0.84 0.804374240583 0.922740524781
0.621794871795 0.5 0.56 0.381530984204 0.370262390671
0.55056980057 0.25 0.48 0.410692588092 0.380466472303
0.883903133903 0.0 0.92 0.863912515188 0.727405247813
0.850427350427 0.25 0.84 0.684082624544 0.526239067055
0.911680911681 0.5 0.88 0.61482381531 0.594752186589
0.907407407407 0.5 0.92 0.735115431349 0.80612244898
0.718660968661 0.25 0.64 0.328068043742 0.400874635569
0.710113960114 0.25 0.6 0.528554070474 0.379008746356
0.714387464387 0.375 0.64 0.606318347509 0.651603498542
0.700142450142 0.375 0.6 0.539489671932 0.545189504373
0.933048433048 0.375 0.92 0.686512758202 0.744897959184
0.759971509972 0.25 0.8 0.664641555286 0.744897959184
0.689458689459 0.5 0.64 0.272174969623 0.287172011662
0.646723646724 0.375 0.64 0.375455650061 0.419825072886
0.697293447293 0.625 0.56 0.307411907655 0.246355685131
0.598290598291 0.0 0.56 0.545565006075 0.460641399417
0.780626780627 0.625 0.68 0.456865127582 0.451895043732
0.472222222222 0.5 0.4 0.295261239368 0.291545189504
0.479344729345 0.25 0.4 0.300121506683 0.218658892128
0.479344729345 0.0 0.44 0.292831105711 0.205539358601
0.740028490028 0.25 0.68 0.695018226002 0.616618075802
0.675213675214 0.375 0.6 0.60510328068 0.591836734694
0.75641025641 0.125 0.68 0.631834750911 0.708454810496
0.614672364672 0.125 0.56 0.493317132442 0.569970845481
0.567663817664 0.0 0.48 0.428918590522 0.478134110787
0.634615384615 0.625 0.52 0.391251518834 0.32944606414
0.691595441595 0.25 0.68 0.534629404617 0.642857142857
0.579772079772 0.5 0.52 0.427703523694 0.454810495627
0.903846153846 0.5 0.84 0.691373025516 0.685131195335
0.720085470085 0.75 0.6 0.41312272175 0.31195335277
0.566951566952 0.375 0.48 0.3390036452 0.374635568513
0.617521367521 0.125 0.6 0.543134872418 0.532069970845
0.781339031339 0.5 0.72 0.510328068044 0.593294460641
0.657407407407 0.25 0.56 0.382746051033 0.290087463557
0.997863247863 0.5 1.0 0.894289185905 0.99416909621
0.610398860399 0.375 0.56 0.363304981774 0.425655976676
0.972934472934 0.75 0.88 0.831105710814 0.890670553936
0.716524216524 0.375 0.76 0.691373025516 0.651603498542
0.368945868946 0.0 0.28 0.187120291616 0.123906705539
0.584045584046 0.25 0.48 0.364520048603 0.211370262391
0.446581196581 0.125 0.4 0.447144592953 0.427113702624
0.688034188034 0.375 0.6 0.571081409478 0.409620991254
0.762108262108 0.5 0.8 0.671931956258 0.620991253644
0.903846153846 0.5 0.84 0.691373025516 0.685131195335
0.799857549858 0.5 0.84 0.591737545565 0.657434402332
0.717236467236 0.5 0.72 0.563791008505 0.591836734694
0.292735042735 0.0 0.2 0.120291616039 0.0174927113703
0.498575498575 0.25 0.48 0.341433778858 0.383381924198
0.847578347578 1.0 0.8 0.377885783718 0.485422740525
0.804843304843 1.0 0.76 0.377885783718 0.485422740525
0.661680911681 0.25 0.56 0.443499392467 0.479591836735
0.529202279202 0.25 0.48 0.443499392467 0.454810495627
0.425213675214 0.25 0.36 0.240583232078 0.228862973761
0.539886039886 0.125 0.48 0.3390036452 0.290087463557
0.65811965812 0.25 0.6 0.473876063183 0.51749271137
0.51566951567 0.25 0.44 0.351154313487 0.345481049563
0.429487179487 0.125 0.36 0.326852976914 0.215743440233
0.535612535613 0.125 0.44 0.433778857837 0.247813411079
0.785612535613 0.375 0.76 0.698663426488 0.771137026239
0.864672364672 0.25 0.84 0.838396111786 0.791545189504
0.553418803419 0.25 0.48 0.296476306197 0.294460641399
0.823361823362 0.625 0.76 0.607533414338 0.451895043732
0.737891737892 0.125 0.64 0.612393681652 0.536443148688
0.586182336182 0.25 0.48 0.479951397327 0.408163265306
0.722934472934 0.25 0.68 0.494532199271 0.456268221574
0.719373219373 0.625 0.68 0.554070473876 0.540816326531
0.631054131054 0.25 0.6 0.489671931956 0.48250728863
0.655270655271 0.375 0.64 0.471445929526 0.520408163265
0.823361823362 0.25 0.76 0.730255164034 0.686588921283
0.732905982906 0.5 0.64 0.518833535844 0.551020408163
0.543447293447 0.125 0.48 0.351154313487 0.357142857143
0.543447293447 0.125 0.48 0.351154313487 0.357142857143
0.716524216524 0.375 0.76 0.691373025516 0.651603498542
0.741452991453 0.0 0.72 0.595382746051 0.625364431487
0.935185185185 0.75 0.92 0.795868772783 0.881924198251
0.634615384615 0.625 0.52 0.391251518834 0.32944606414
