0.8375 0.0 0.807692307692 0.765417170496 0.883519206939
0.749264705882 0.0 0.692307692308 0.638452237001 0.755885997522
0.7125 0.0 0.653846153846 0.548972188634 0.665427509294
0.666911764706 0.0 0.615384615385 0.545344619105 0.649318463445
0.9625 0.0 0.923076923077 0.851269649335 0.928128872367
0.978676470588 0.0 0.846153846154 0.575574365175 0.741016109046
0.994117647059 0.0 0.961538461538 0.845223700121 0.912019826518
0.715441176471 0.0 0.615384615385 0.552599758162 0.691449814126
0.970588235294 0.0 1.0 1.0 1.0
0.739705882353 0.0 0.692307692308 0.62515114873 0.710037174721
0.902941176471 0.0 0.846153846154 0.690447400242 0.776951672862
0.791176470588 0.0 0.692307692308 0.600967351874 0.729863692689
0.844852941176 0.0 0.769230769231 0.535671100363 0.639405204461
0.805882352941 0.0 0.769230769231 0.70253929867 0.764560099133
0.926470588235 0.0 0.884615384615 0.894800483676 0.955390334572
0.905147058824 0.0 0.807692307692 0.596130592503 0.712515489467
0.705882352941 0.0 0.576923076923 0.441354292624 0.59355638166
0.577941176471 0.0 0.5 0.488512696493 0.594795539033
0.595588235294 0.0 0.538461538462 0.488512696493 0.573729863693
0.739705882353 0.0 0.653846153846 0.544135429262 0.650557620818
0.783823529412 0.0 0.730769230769 0.62515114873 0.697645600991
0.902941176471 0.0 0.807692307692 0.688029020556 0.795539033457
0.897058823529 0.0 0.846153846154 0.754534461911 0.819083023544
0.711029411765 0.0 0.576923076923 0.441354292624 0.59355638166
0.776470588235 0.0 0.653846153846 0.477629987908 0.615861214374
0.672058823529 0.0 0.615384615385 0.535671100363 0.612143742255
0.819852941176 0.0 0.730769230769 0.592503022975 0.692688971499
0.725 0.0 0.692307692308 0.596130592503 0.645600991326
0.777205882353 0.0 0.692307692308 0.533252720677 0.63073110285
0.836029411765 0.0 0.692307692308 0.441354292624 0.59355638166
0.693382352941 0.0 0.615384615385 0.459492140266 0.553903345725
0.717647058824 0.0 0.692307692308 0.683192261185 0.723667905824
0.9375 0.0 0.807692307692 0.607013301088 0.739776951673
0.624264705882 0.0 0.576923076923 0.513905683192 0.576208178439
0.773529411765 0.0 0.730769230769 0.596130592503 0.645600991326
0.7875 0.0 0.730769230769 0.535671100363 0.598513011152
0.820588235294 0.0 0.769230769231 0.683192261185 0.737298636927
0.846323529412 0.0 0.807692307692 0.591293833132 0.633209417596
0.732352941176 0.0 0.615384615385 0.553808948005 0.674101610905
0.708088235294 0.0 0.653846153846 0.571946795647 0.633209417596
0.918382352941 0.0 0.884615384615 0.759371221282 0.791821561338
0.756617647059 0.0 0.653846153846 0.489721886336 0.596034696406
0.790441176471 0.0 0.730769230769 0.619105199516 0.681536555143
0.682352941176 0.0 0.615384615385 0.414752116082 0.48946716233
0.573529411765 0.0 0.5 0.399032648126 0.483271375465
0.961764705882 0.0 0.846153846154 0.712212817412 0.819083023544
0.577941176471 0.0 0.5 0.399032648126 0.483271375465
0.888235294118 0.0 0.769230769231 0.632406287787 0.742255266419
0.816911764706 0.0 0.769230769231 0.684401451028 0.72614622057
0.646323529412 0.0 0.538461538462 0.377267230955 0.484510532838
0.819852941176 0.0 0.769230769231 0.6553808948 0.698884758364
0.664705882353 0.0 0.653846153846 0.646916565901 0.657992565056
0.622058823529 0.0 0.538461538462 0.399032648126 0.483271375465
0.625 0.0 0.538461538462 0.481257557437 0.566294919455
0.856617647059 0.0 0.692307692308 0.511487303507 0.661710037175
0.844117647059 0.0 0.692307692308 0.562273276904 0.698884758364
0.683088235294 0.0 0.615384615385 0.506650544135 0.568773234201
0.673529411765 0.0 0.615384615385 0.602176541717 0.654275092937
0.905147058824 0.0 0.846153846154 0.703748488513 0.745972738538
0.967647058824 0.0 0.923076923077 0.743651753325 0.769516728625
0.752941176471 0.0 0.692307692308 0.681983071342 0.731102850062
0.841911764706 0.0 0.730769230769 0.617896009674 0.712515489467
0.548529411765 0.0 0.461538461538 0.399032648126 0.483271375465
0.653676470588 0.0 0.538461538462 0.377267230955 0.484510532838
0.568382352941 0.0 0.538461538462 0.506650544135 0.534076827757
0.713235294118 0.0 0.653846153846 0.586457073761 0.635687732342
0.919852941176 0.0 0.769230769231 0.551390568319 0.68029739777
0.819852941176 0.0 0.730769230769 0.697702539299 0.769516728625
0.955882352941 0.0 0.961538461538 0.975816203144 0.949194547708
0.705147058824 0.0 0.653846153846 0.506650544135 0.54770755886
0.656617647059 0.0 0.538461538462 0.377267230955 0.484510532838
0.528676470588 0.0 0.461538461538 0.424425634825 0.485749690211
0.624264705882 0.0 0.576923076923 0.50423216445 0.541511771995
0.514705882353 0.0 0.423076923077 0.399032648126 0.483271375465
0.531617647059 0.0 0.5 0.417170495768 0.443618339529
0.794852941176 0.0 0.769230769231 0.620314389359 0.629491945477
0.826470588235 0.0 0.807692307692 0.71100362757 0.711276332094
0.555882352941 0.0 0.461538461538 0.399032648126 0.483271375465
0.797794117647 0.0 0.692307692308 0.528415961306 0.613382899628
0.651470588235 0.0 0.576923076923 0.422007255139 0.483271375465
0.744117647059 0.0 0.653846153846 0.535671100363 0.607187112763
0.653676470588 0.0 0.576923076923 0.506650544135 0.568773234201
0.572794117647 0.0 0.5 0.424425634825 0.485749690211
0.616911764706 0.0 0.576923076923 0.506650544135 0.534076827757
0.583088235294 0.0 0.461538461538 0.377267230955 0.484510532838
0.550735294118 0.0 0.5 0.424425634825 0.46468401487
0.713235294118 0.0 0.576923076923 0.388149939541 0.504337050805
0.718382352941 0.0 0.615384615385 0.399032648126 0.483271375465
0.919852941176 0.0 0.846153846154 0.776299879081 0.82156133829
0.558823529412 0.0 0.461538461538 0.399032648126 0.483271375465
0.575735294118 0.0 0.538461538462 0.417170495768 0.443618339529
0.743382352941 0.0 0.692307692308 0.619105199516 0.650557620818
0.536029411765 0.0 0.5 0.417170495768 0.443618339529
0.654411764706 0.0 0.576923076923 0.422007255139 0.483271375465
0.688235294118 0.0 0.538461538462 0.37484885127 0.503097893432
0.915441176471 0.0 0.846153846154 0.729141475212 0.768277571252
0.956617647059 0.0 0.884615384615 0.758162031439 0.798017348203
0.975735294118 0.0 0.884615384615 0.723095525998 0.780669144981
0.627205882353 0.0 0.5 0.377267230955 0.484510532838
0.499264705882 0.0 0.423076923077 0.424425634825 0.485749690211
0.499264705882 0.0 0.423076923077 0.424425634825 0.485749690211
0.583088235294 0.0 0.538461538462 0.506650544135 0.534076827757
0.583088235294 0.0 0.538461538462 0.506650544135 0.534076827757
0.960294117647 0.0 0.846153846154 0.63361547763 0.712515489467
0.665441176471 0.0 0.576923076923 0.446191051995 0.513011152416
0.732352941176 0.0 0.576923076923 0.37484885127 0.503097893432
0.563235294118 0.0 0.461538461538 0.422007255139 0.504337050805
0.661029411765 0.0 0.576923076923 0.480048367594 0.541511771995
0.681617647059 0.0 0.576923076923 0.409915356711 0.490706319703
0.672058823529 0.0 0.576923076923 0.399032648126 0.470879801735
0.680882352941 0.0 0.538461538462 0.388149939541 0.504337050805
0.886029411765 0.0 0.730769230769 0.56469165659 0.684014869888
0.813970588235 0.0 0.692307692308 0.470374848851 0.561338289963
0.604411764706 0.0 0.5 0.422007255139 0.504337050805
0.647058823529 0.0 0.538461538462 0.454655380895 0.539033457249
0.622058823529 0.0 0.538461538462 0.424425634825 0.485749690211
0.792647058824 0.0 0.653846153846 0.424425634825 0.531598513011
0.749264705882 0.0 0.692307692308 0.677146311971 0.705080545229
0.543382352941 0.0 0.461538461538 0.424425634825 0.485749690211
0.561029411765 0.0 0.5 0.424425634825 0.46468401487
0.675735294118 0.0 0.576923076923 0.413542926239 0.485749690211
0.761764705882 0.0 0.615384615385 0.411124546554 0.525402726146
0.595588235294 0.0 0.5 0.399032648126 0.470879801735
0.855882352941 0.0 0.846153846154 0.804111245466 0.780669144981
0.634558823529 0.0 0.538461538462 0.392986698912 0.463444857497
0.602205882353 0.0 0.538461538462 0.424425634825 0.46468401487
0.747794117647 0.0 0.653846153846 0.425634824667 0.48946716233
0.629411764706 0.0 0.576923076923 0.506650544135 0.534076827757
0.691176470588 0.0 0.576923076923 0.454655380895 0.539033457249
0.638235294118 0.0 0.576923076923 0.507859733978 0.542750929368
0.672794117647 0.0 0.615384615385 0.536880290206 0.566294919455
0.597058823529 0.0 0.5 0.43530834341 0.505576208178
0.644117647059 0.0 0.576923076923 0.424425634825 0.46468401487
0.780147058824 0.0 0.692307692308 0.472793228537 0.526641883519
0.833823529412 0.0 0.769230769231 0.629987908102 0.657992565056
0.927941176471 0.0 0.846153846154 0.742442563482 0.781908302354
0.925735294118 0.0 0.807692307692 0.558645707376 0.634448574969
0.958088235294 0.0 0.923076923077 0.779927448609 0.773234200743
0.838970588235 0.0 0.807692307692 0.616686819831 0.612143742255
0.631617647059 0.0 0.576923076923 0.529625151149 0.555142503098
0.551470588235 0.0 0.5 0.417170495768 0.443618339529
0.630882352941 0.0 0.538461538462 0.471584038694 0.532837670384
0.522058823529 0.0 0.423076923077 0.399032648126 0.470879801735
0.631617647059 0.0 0.538461538462 0.480048367594 0.541511771995
0.785294117647 0.0 0.730769230769 0.544135429262 0.562577447336
0.7 0.0 0.653846153846 0.54292623942 0.556381660471
0.602941176471 0.0 0.538461538462 0.428053204353 0.463444857497
0.7625 0.0 0.653846153846 0.399032648126 0.470879801735
0.677941176471 0.0 0.615384615385 0.536880290206 0.566294919455
0.664705882353 0.0 0.576923076923 0.446191051995 0.500619578686
0.797794117647 0.0 0.730769230769 0.629987908102 0.657992565056
0.756617647059 0.0 0.692307692308 0.562273276904 0.589838909542
0.747058823529 0.0 0.615384615385 0.413542926239 0.506815365551
0.599264705882 0.0 0.538461538462 0.536880290206 0.566294919455
0.690441176471 0.0 0.615384615385 0.480048367594 0.520446096654
0.892647058824 0.0 0.807692307692 0.575574365175 0.617100371747
0.691911764706 0.0 0.615384615385 0.406287787183 0.448574969021
0.764705882353 0.0 0.653846153846 0.482466747279 0.553903345725
0.761764705882 0.0 0.653846153846 0.509068923821 0.577447335812
0.610294117647 0.0 0.538461538462 0.424425634825 0.46468401487
0.782352941176 0.0 0.730769230769 0.677146311971 0.68897149938
0.807352941176 0.0 0.653846153846 0.54292623942 0.651796778191
0.691176470588 0.0 0.615384615385 0.523579201935 0.562577447336
0.675 0.0 0.576923076923 0.471584038694 0.532837670384
0.65 0.0 0.576923076923 0.510278113664 0.54770755886
0.661029411765 0.0 0.538461538462 0.446191051995 0.530359355638
0.661029411765 0.0 0.538461538462 0.446191051995 0.530359355638
0.628676470588 0.0 0.538461538462 0.446191051995 0.500619578686
0.739705882353 0.0 0.615384615385 0.477629987908 0.56009913259
0.738970588235 0.0 0.615384615385 0.519951632406 0.600991325898
0.846323529412 0.0 0.807692307692 0.614268440145 0.609665427509
0.643382352941 0.0 0.576923076923 0.536880290206 0.566294919455
0.686764705882 0.0 0.576923076923 0.422007255139 0.491945477076
0.740441176471 0.0 0.615384615385 0.422007255139 0.504337050805
0.808088235294 0.0 0.653846153846 0.424425634825 0.531598513011
0.761029411765 0.0 0.653846153846 0.45707376058 0.520446096654
0.896323529412 0.0 0.807692307692 0.623941958888 0.662949194548
0.733088235294 0.0 0.615384615385 0.481257557437 0.553903345725
1.0 0.0 0.884615384615 0.746070133011 0.804213135068
0.682352941176 0.0 0.692307692308 0.558645707376 0.51053283767
0.767647058824 0.0 0.653846153846 0.493349455865 0.56009913259
0.731617647059 0.0 0.615384615385 0.482466747279 0.552664188352
0.666911764706 0.0 0.615384615385 0.523579201935 0.534076827757
0.697794117647 0.0 0.576923076923 0.489721886336 0.565055762082
0.774264705882 0.0 0.653846153846 0.446191051995 0.517967781908
0.704411764706 0.0 0.653846153846 0.56469165659 0.571251548947
0.694117647059 0.0 0.615384615385 0.414752116082 0.449814126394
0.670588235294 0.0 0.692307692308 0.59492140266 0.532837670384
0.719117647059 0.0 0.653846153846 0.482466747279 0.501858736059
0.729411764706 0.0 0.653846153846 0.535671100363 0.563816604709
0.739705882353 0.0 0.653846153846 0.546553808948 0.583643122677
0.727941176471 0.0 0.653846153846 0.482466747279 0.509293680297
0.774264705882 0.0 0.653846153846 0.519951632406 0.588599752169
0.775 0.0 0.692307692308 0.6553808948 0.686493184634
0.851470588235 0.0 0.730769230769 0.651753325272 0.716232961586
0.689705882353 0.0 0.615384615385 0.507859733978 0.534076827757
0.760294117647 0.0 0.730769230769 0.585247883918 0.565055762082
0.8 0.0 0.730769230769 0.675937122128 0.690210656753
0.844117647059 0.0 0.769230769231 0.607013301088 0.625774473358
0.858823529412 0.0 0.730769230769 0.607013301088 0.674101610905
