1.0 0.0 1.0 0.909710391823 0.859167404783
0.604312668464 1.0 0.588235294118 0.339863713799 0.367581930912
0.957412398922 0.25 1.0 1.0 1.0
0.2 0.0 0.117647058824 0.0843270868825 0.0106288751107
0.971428571429 0.5 0.941176470588 0.687393526405 0.74402125775
0.860377358491 0.75 0.852941176471 0.688245315162 0.59167404783
0.424258760108 0.75 0.382352941176 0.275127768313 0.249778565102
0.314824797844 0.5 0.294117647059 0.255536626917 0.240035429584
0.251752021563 0.25 0.205882352941 0.150766609881 0.115146147033
0.847978436658 0.25 0.882352941176 0.824531516184 0.868910540301
0.827493261456 0.25 0.852941176471 0.855195911414 0.784765279008
0.914285714286 0.5 0.941176470588 0.752129471891 0.714791851196
0.872776280323 0.0 0.882352941176 0.79727427598 0.644818423384
0.834501347709 0.75 0.794117647059 0.736797274276 0.802480070859
0.938005390836 0.0 0.911764705882 0.812606473595 0.764393268379
0.901347708895 0.0 0.911764705882 0.819420783646 0.844995571302
0.575741239892 0.0 0.617647058824 0.442930153322 0.427812223206
0.71320754717 0.75 0.676470588235 0.504258943782 0.567759078831
0.800539083558 0.75 0.764705882353 0.549403747871 0.554472984942
0.841509433962 0.75 0.823529411765 0.603918228279 0.587245349867
0.938005390836 0.25 0.911764705882 0.800681431005 0.754650132861
0.794070080863 0.0 0.794117647059 0.675468483816 0.540301151461
0.695956873315 0.0 0.764705882353 0.614139693356 0.661647475642
0.210781671159 0.0 0.147058823529 0.131175468484 0.0752878653676
0.845283018868 0.25 0.852941176471 0.770868824532 0.811337466785
0.822641509434 0.0 0.852941176471 0.706984667802 0.599645704163
0.900269541779 0.0 0.911764705882 0.760647359455 0.695305580159
0.35795148248 0.25 0.264705882353 0.140545144804 0.130203720106
0.740700808625 0.75 0.705882352941 0.465076660988 0.500442869796
0.514285714286 0.5 0.441176470588 0.206132879046 0.193091231178
0.259299191375 0.0 0.235294117647 0.189097103918 0.124889282551
0.616711590296 0.0 0.676470588235 0.575809199319 0.489813994686
0.683018867925 0.0 0.735294117647 0.56132879046 0.464127546501
0.476010781671 0.0 0.5 0.444633730835 0.403897254207
0.679784366577 0.0 0.705882352941 0.607325383305 0.476527900797
0.384366576819 0.0 0.382352941176 0.315161839864 0.269264836138
0.325067385445 0.5 0.294117647059 0.253833049404 0.241806908769
0.830727762803 0.5 0.882352941176 0.756388415673 0.748449955713
0.406469002695 0.0 0.411764705882 0.383304940375 0.236492471213
0.56064690027 0.75 0.529411764706 0.500851788756 0.533215234721
0.795687331536 0.75 0.735294117647 0.597103918228 0.726306465899
0.595148247978 0.0 0.647058823529 0.514480408859 0.398582816652
0.452830188679 0.0 0.470588235294 0.393526405451 0.283436669619
0.880862533693 0.25 0.882352941176 0.722316865417 0.786536758193
0.297035040431 0.0 0.294117647059 0.226575809199 0.188662533215
0.459838274933 0.5 0.411764705882 0.261499148211 0.25597874225
0.674393530997 0.75 0.647058823529 0.737649063032 0.739592559787
0.221563342318 0.0 0.147058823529 0.0843270868825 0.0106288751107
0.2 0.0 0.117647058824 0.0843270868825 0.0106288751107
0.784905660377 0.0 0.823529411765 0.688245315162 0.607617360496
0.502964959569 0.75 0.470588235294 0.328790459966 0.308237378211
0.39460916442 0.5 0.352941176471 0.253833049404 0.241806908769
0.521832884097 0.0 0.558823529412 0.455706984668 0.445527015058
0.305660377358 0.25 0.235294117647 0.103918228279 0.0504871567759
0.621563342318 0.5 0.558823529412 0.379045996593 0.450841452613
0.55795148248 0.75 0.5 0.35604770017 0.44995571302
0.286253369272 0.0 0.264705882353 0.179727427598 0.124003542958
0.368194070081 0.5 0.323529411765 0.270017035775 0.256864481842
0.420485175202 0.0 0.441176470588 0.321976149915 0.258635961027
0.777897574124 0.25 0.823529411765 0.847529812606 0.806908768822
0.93153638814 0.25 0.911764705882 0.74531516184 0.686448184234
0.327223719677 0.0 0.323529411765 0.289608177172 0.253321523472
0.740700808625 0.75 0.617647058824 0.344974446337 0.325066430469
0.226954177898 0.0 0.176470588235 0.168654173765 0.139061116032
0.684636118598 0.0 0.647058823529 0.431856899489 0.538529672276
0.248517520216 0.0 0.205882352941 0.168654173765 0.139061116032
0.367654986523 0.25 0.294117647059 0.0954003407155 0.0611160318866
0.320215633423 0.0 0.264705882353 0.0843270868825 0.0106288751107
0.494878706199 0.0 0.529411764706 0.375638841567 0.314437555359
0.521832884097 0.0 0.588235294118 0.464224872232 0.44995571302
0.356334231806 0.0 0.352941176471 0.289608177172 0.253321523472
0.633423180593 0.0 0.676470588235 0.450596252129 0.350752878654
0.767654986523 0.0 0.735294117647 0.483816013629 0.418954827281
0.257681940701 0.0 0.176470588235 0.129471890971 0.088573959256
0.273315363881 0.25 0.205882352941 0.103918228279 0.0504871567759
0.815094339623 0.0 0.823529411765 0.831345826235 0.721877767936
0.340700808625 0.0 0.294117647059 0.117546848382 0.0318866253322
0.902425876011 0.25 0.823529411765 0.62265758092 0.674047829938
0.893261455526 0.25 0.852941176471 0.696763202726 0.712134632418
0.352021563342 0.0 0.294117647059 0.163543441227 0.0682019486271
0.86576819407 0.25 0.852941176471 0.732538330494 0.736049601417
0.693800539084 0.25 0.676470588235 0.528109028961 0.596988485385
0.294339622642 0.0 0.235294117647 0.155025553663 0.0956598759965
0.323450134771 0.0 0.235294117647 0.155025553663 0.108060230292
0.867924528302 0.25 0.823529411765 0.683134582624 0.728963684677
0.807008086253 0.5 0.852941176471 0.787904599659 0.720992028344
0.721832884097 0.0 0.735294117647 0.585178875639 0.614703277236
0.638274932615 0.5 0.647058823529 0.564735945486 0.619131975199
0.774663072776 0.5 0.735294117647 0.643100511073 0.704162976085
0.763881401617 0.25 0.764705882353 0.692504258944 0.676705048716
0.463611859838 0.0 0.352941176471 0.123509369676 0.0504871567759
0.808625336927 0.25 0.823529411765 0.752129471891 0.62621789194
0.730458221024 0.0 0.735294117647 0.495741056218 0.435783879539
0.757412398922 0.0 0.735294117647 0.672913117547 0.669619131975
0.888409703504 0.0 0.823529411765 0.854344122658 0.743135518158
0.729380053908 0.75 0.735294117647 0.580068143101 0.653675819309
0.631266846361 0.75 0.617647058824 0.650766609881 0.666076173605
0.754177897574 0.5 0.764705882353 0.572402044293 0.546501328609
0.716442048518 0.5 0.705882352941 0.659284497445 0.724534986714
0.649056603774 0.25 0.676470588235 0.54003407155 0.523472099203
0.600539083558 0.0 0.588235294118 0.513628620102 0.491585473871
0.604312668464 0.5 0.647058823529 0.553662691652 0.509300265722
0.798921832884 0.25 0.823529411765 0.777683134583 0.723649247121
0.296495956873 0.0 0.205882352941 0.117546848382 0.044286979628
0.790296495957 0.25 0.735294117647 0.588586030664 0.645704162976
0.622102425876 0.25 0.647058823529 0.457410562181 0.41186891054
0.830188679245 0.0 0.823529411765 0.712947189097 0.672276350753
0.681940700809 0.5 0.676470588235 0.617546848382 0.632418069088
0.597843665768 0.75 0.617647058824 0.518739352641 0.574844995571
0.742857142857 0.25 0.705882352941 0.666098807496 0.690876882197
0.495956873315 0.0 0.5 0.366269165247 0.304694419841
0.216172506739 0.0 0.147058823529 0.121805792164 0.074402125775
0.246361185984 0.0 0.176470588235 0.0843270868825 0.0106288751107
0.226954177898 0.0 0.176470588235 0.168654173765 0.139061116032
0.40539083558 0.25 0.323529411765 0.128620102215 0.0823737821081
0.539083557951 0.0 0.529411764706 0.402896081772 0.457927369353
0.264690026954 0.0 0.235294117647 0.179727427598 0.124003542958
0.854986522911 0.5 0.823529411765 0.636286201022 0.686448184234
0.398921832884 0.25 0.323529411765 0.195059625213 0.142604074402
0.483018867925 0.0 0.411764705882 0.219761499148 0.163861824624
0.583827493261 0.0 0.588235294118 0.47870528109 0.472099202834
0.30781671159 0.0 0.205882352941 0.114139693356 0.0894596988485
0.78167115903 0.0 0.764705882353 0.741056218058 0.7023914969
0.493800539084 0.25 0.470588235294 0.343270868825 0.364038972542
0.858221024259 0.25 0.852941176471 0.767461669506 0.695305580159
0.766576819407 0.25 0.794117647059 0.647359454855 0.682905225864
0.6474393531 0.0 0.617647058824 0.630323679727 0.547387068202
0.517520215633 0.75 0.5 0.471039182283 0.454384410983
0.64474393531 0.25 0.676470588235 0.61073253833 0.584588131089
0.330458221024 0.0 0.264705882353 0.147359454855 0.0903454384411
0.73692722372 0.0 0.676470588235 0.415672913118 0.344552701506
0.389757412399 0.5 0.382352941176 0.32793867121 0.291408325952
0.814016172507 0.0 0.794117647059 0.704429301533 0.737821080602
0.802156334232 0.25 0.764705882353 0.607325383305 0.579273693534
0.796765498652 0.75 0.794117647059 0.723168654174 0.720106288751
0.578436657682 0.25 0.558823529412 0.578364565588 0.480070859167
0.785444743935 0.5 0.823529411765 0.639693356048 0.639503985828
0.529919137466 0.5 0.558823529412 0.413117546848 0.519929140833
0.63935309973 0.25 0.617647058824 0.533219761499 0.608503100089
0.441509433962 0.0 0.411764705882 0.335604770017 0.337466784765
0.472237196765 0.0 0.441176470588 0.269165247019 0.288751107174
0.663611859838 0.5 0.676470588235 0.590289608177 0.531443755536
0.588679245283 0.25 0.558823529412 0.425042589438 0.449069973428
0.284636118598 0.0 0.235294117647 0.213798977853 0.217006200177
0.512129380054 0.5 0.529411764706 0.419931856899 0.434012400354
0.431266846361 0.25 0.352941176471 0.175468483816 0.159433126661
0.782749326146 0.25 0.823529411765 0.803236797274 0.802480070859
0.609703504043 0.5 0.558823529412 0.35860306644 0.407440212578
0.490566037736 0.0 0.411764705882 0.240204429302 0.171833480957
0.819946091644 0.25 0.823529411765 0.631175468484 0.594331266608
0.550943396226 0.5 0.529411764706 0.461669505963 0.520814880425
0.44474393531 0.25 0.411764705882 0.318568994889 0.387068201949
0.316981132075 0.25 0.294117647059 0.281090289608 0.278122232064
0.897035040431 0.0 0.882352941176 0.752981260647 0.750221434898
0.823180592992 0.25 0.823529411765 0.769165247019 0.762621789194
0.561725067385 0.0 0.529411764706 0.313458262351 0.29406554473
0.570889487871 0.25 0.5 0.289608177172 0.22497785651
0.705660377358 0.25 0.705882352941 0.446337308348 0.314437555359
0.701347708895 0.25 0.647058823529 0.338160136286 0.276350752879
0.593530997305 0.0 0.5 0.287904599659 0.371124889283
0.832345013477 0.25 0.794117647059 0.600511073254 0.637732506643
0.373045822102 0.0 0.323529411765 0.117546848382 0.0318866253322
0.656064690027 0.25 0.647058823529 0.397785349233 0.275465013286
0.568733153639 0.25 0.529411764706 0.498296422487 0.559787422498
0.347169811321 0.0 0.264705882353 0.131175468484 0.0752878653676
0.628032345013 0.25 0.588235294118 0.445485519591 0.43932683791
0.512129380054 0.25 0.5 0.323679727428 0.299379982285
0.719676549865 0.25 0.705882352941 0.580919931857 0.573073516386
0.502964959569 0.25 0.5 0.477001703578 0.426926483614
0.521832884097 0.25 0.529411764706 0.305792163543 0.260407440213
0.849595687332 0.5 0.764705882353 0.539182282794 0.573959255979
0.321832884097 0.25 0.264705882353 0.14139693356 0.11426040744
0.617789757412 0.0 0.588235294118 0.462521294719 0.507528786537
0.66576819407 0.0 0.617647058824 0.379897785349 0.388839681134
0.542857142857 0.5 0.470588235294 0.292163543441 0.309123117803
0.747169811321 0.0 0.647058823529 0.369676320273 0.455270150576
0.320754716981 0.25 0.264705882353 0.243611584327 0.205491585474
0.709973045822 0.0 0.676470588235 0.592844974446 0.525243578388
0.525067385445 0.25 0.470588235294 0.227427597956 0.231178033658
0.675471698113 0.25 0.617647058824 0.301533219761 0.206377325066
0.48948787062 0.25 0.470588235294 0.3867120954 0.393268379097
0.372506738544 0.0 0.323529411765 0.184838160136 0.139061116032
0.287870619946 0.25 0.235294117647 0.198466780239 0.136403897254
0.35525606469 0.25 0.294117647059 0.171209540034 0.178919397697
0.615633423181 0.25 0.558823529412 0.413117546848 0.496899911426
0.484636118598 0.25 0.470588235294 0.340715502555 0.346324180691
0.273315363881 0.25 0.235294117647 0.150766609881 0.115146147033
0.377358490566 0.25 0.323529411765 0.149063032368 0.119574844996
0.462533692722 0.0 0.441176470588 0.348381601363 0.318866253322
0.500808625337 0.0 0.411764705882 0.178023850085 0.202834366696
0.669002695418 0.0 0.617647058824 0.5 0.467670504872
0.273315363881 0.25 0.205882352941 0.103918228279 0.0504871567759
0.364959568733 0.25 0.382352941176 0.372231686542 0.372896368468
0.461994609164 0.0 0.411764705882 0.23339011925 0.153232949513
0.449595687332 0.0 0.352941176471 0.21465076661 0.232949512843
0.374123989218 0.25 0.352941176471 0.298977853492 0.279893711249
0.36064690027 0.0 0.294117647059 0.21465076661 0.218777679362
0.671698113208 0.25 0.647058823529 0.46933560477 0.465013286094
0.451212938005 0.0 0.382352941176 0.218057921635 0.14880425155
0.435040431267 0.0 0.352941176471 0.263202725724 0.226749335695
