0.497202797203 0.75 0.423076923077 0.281142857143 0.305354558611
0.539160839161 1.0 0.423076923077 0.218285714286 0.199710564399
0.417482517483 0.0 0.384615384615 0.241142857143 0.202604920405
0.527272727273 0.25 0.538461538462 0.414857142857 0.503617945007
0.567832167832 0.0 0.5 0.313142857143 0.267727930535
0.365734265734 0.0 0.307692307692 0.226285714286 0.227206946454
0.554545454545 0.0 0.423076923077 0.296 0.299565846599
0.562237762238 0.5 0.576923076923 0.522285714286 0.651230101302
0.588811188811 0.25 0.5 0.276571428571 0.364688856729
0.588811188811 0.25 0.5 0.276571428571 0.364688856729
0.515384615385 0.25 0.461538461538 0.377142857143 0.551374819103
0.466433566434 0.0 0.384615384615 0.266285714286 0.356005788712
0.748951048951 0.25 0.692307692308 0.580571428571 0.568740955137
0.361538461538 0.25 0.307692307692 0.274285714286 0.316931982634
0.790909090909 0.25 0.769230769231 0.608 0.545586107091
0.762937062937 0.25 0.692307692308 0.402285714286 0.535455861071
0.646153846154 0.25 0.576923076923 0.437714285714 0.664254703329
0.578321678322 0.25 0.5 0.334857142857 0.42981186686
0.354545454545 0.25 0.307692307692 0.286857142857 0.318379160637
0.744055944056 0.5 0.769230769231 0.699428571429 0.904486251809
0.848251748252 0.0 0.846153846154 0.810285714286 0.827785817656
0.642657342657 0.25 0.538461538462 0.406857142857 0.49493487699
0.762937062937 0.25 0.730769230769 0.643428571429 0.674384949349
0.565734265734 0.5 0.538461538462 0.397714285714 0.535455861071
0.566433566434 0.0 0.5 0.251428571429 0.211287988423
0.481818181818 0.25 0.384615384615 0.173714285714 0.13024602026
0.709090909091 0.25 0.730769230769 0.821714285714 0.764109985528
0.554545454545 0.0 0.5 0.473142857143 0.489146164978
0.85034965035 0.25 0.692307692308 0.396571428571 0.519536903039
0.683216783217 0.25 0.653846153846 0.412571428571 0.510853835022
0.797202797203 0.5 0.769230769231 0.646857142857 0.836468885673
0.932867132867 0.0 1.0 1.0 1.0
0.593706293706 0.0 0.5 0.262857142857 0.163531114327
0.546853146853 0.0 0.461538461538 0.262857142857 0.163531114327
0.993006993007 0.0 0.961538461538 0.754285714286 0.736613603473
0.727272727273 0.5 0.730769230769 0.539428571429 0.738060781476
0.664335664336 0.25 0.653846153846 0.558857142857 0.617945007236
0.697202797203 0.5 0.653846153846 0.592 0.732272069465
0.562237762238 0.25 0.5 0.377142857143 0.551374819103
0.375524475524 0.25 0.346153846154 0.337142857143 0.422575976845
0.855944055944 0.25 0.807692307692 0.683428571429 0.803183791606
0.590909090909 0.5 0.538461538462 0.349714285714 0.512301013025
0.518881118881 0.5 0.5 0.397714285714 0.535455861071
0.518881118881 0.5 0.5 0.397714285714 0.535455861071
0.494405594406 0.5 0.423076923077 0.314285714286 0.32995658466
0.435664335664 0.25 0.346153846154 0.307428571429 0.214182344428
0.655944055944 0.0 0.692307692308 0.738285714286 0.762662807525
0.326573426573 0.0 0.269230769231 0.226285714286 0.227206946454
1.0 0.0 0.884615384615 0.689142857143 0.727930535456
0.696503496503 0.25 0.538461538462 0.333714285714 0.298118668596
0.758041958042 0.25 0.807692307692 0.932571428571 0.959479015919
0.524475524476 0.5 0.5 0.531428571429 0.619392185239
0.598601398601 0.0 0.461538461538 0.288 0.316931982634
0.704895104895 0.75 0.615384615385 0.339428571429 0.536903039074
0.477622377622 0.5 0.461538461538 0.531428571429 0.619392185239
0.438461538462 0.25 0.461538461538 0.414857142857 0.503617945007
0.305594405594 0.0 0.230769230769 0.176 0.123010130246
0.326573426573 0.0 0.269230769231 0.226285714286 0.227206946454
0.504895104895 0.0 0.423076923077 0.262857142857 0.163531114327
0.504895104895 0.0 0.423076923077 0.262857142857 0.163531114327
0.81048951049 0.0 0.653846153846 0.380571428571 0.483357452967
0.845454545455 0.25 0.692307692308 0.468571428571 0.586107091172
0.71048951049 0.25 0.576923076923 0.272 0.260492040521
0.703496503497 0.0 0.615384615385 0.373714285714 0.380607814761
0.593706293706 0.0 0.5 0.262857142857 0.163531114327
0.656643356643 0.25 0.615384615385 0.436571428571 0.464544138929
0.414685314685 0.25 0.346153846154 0.357714285714 0.318379160637
0.407692307692 0.25 0.346153846154 0.370285714286 0.31982633864
0.607692307692 0.0 0.538461538462 0.325714285714 0.269175108538
0.899300699301 0.0 0.769230769231 0.408 0.46020260492
0.477622377622 0.25 0.5 0.414857142857 0.503617945007
0.518881118881 0.25 0.423076923077 0.442285714286 0.38494934877
0.375524475524 0.25 0.346153846154 0.337142857143 0.422575976845
0.477622377622 0.5 0.461538461538 0.531428571429 0.619392185239
0.702097902098 0.25 0.653846153846 0.580571428571 0.568740955137
0.716083916084 0.25 0.692307692308 0.643428571429 0.674384949349
0.734965034965 0.5 0.615384615385 0.396571428571 0.519536903039
0.613986013986 0.25 0.5 0.213714285714 0.259044862518
0.716083916084 0.25 0.692307692308 0.643428571429 0.674384949349
0.641958041958 0.0 0.653846153846 0.675428571429 0.657018813314
