1052.0 0.0 18.0 362.0 454.0
952.0 0.0 18.0 417.0 468.0
1262.0 0.0 23.0 458.0 558.0
1041.0 0.0 17.0 343.0 447.0
1022.0 0.0 19.0 409.0 456.0
674.0 0.0 11.0 251.0 245.0
1275.0 0.0 24.0 579.0 702.0
976.0 0.0 19.0 413.0 430.0
1045.0 0.0 19.0 430.0 483.0
916.0 0.0 16.0 417.0 510.0
910.0 0.0 16.0 398.0 457.0
902.0 0.0 15.0 343.0 437.0
896.0 0.0 16.0 425.0 465.0
877.0 0.0 16.0 452.0 486.0
846.0 0.0 15.0 404.0 480.0
1046.0 0.0 17.0 439.0 569.0
1034.0 0.0 19.0 446.0 478.0
916.0 0.0 16.0 423.0 480.0
724.0 1.0 12.0 285.0 230.0
655.0 0.0 10.0 251.0 245.0
1333.0 0.0 24.0 647.0 701.0
1318.0 0.0 24.0 538.0 609.0
1306.0 2.0 22.0 482.0 554.0
1051.0 0.0 20.0 491.0 516.0
1042.0 0.0 19.0 478.0 543.0
1029.0 0.0 17.0 434.0 517.0
1009.0 1.0 17.0 357.0 257.0
933.0 0.0 16.0 364.0 432.0
645.0 1.0 10.0 286.0 242.0
577.0 1.0 10.0 295.0 292.0
577.0 0.0 9.0 228.0 175.0
1386.0 0.0 24.0 552.0 680.0
1343.0 0.0 24.0 633.0 684.0
1328.0 0.0 25.0 612.0 618.0
1307.0 0.0 24.0 507.0 585.0
1265.0 0.0 22.0 531.0 654.0
1099.0 0.0 19.0 472.0 547.0
1091.0 0.0 20.0 484.0 535.0
1079.0 0.0 18.0 417.0 537.0
1066.0 0.0 17.0 384.0 496.0
1039.0 0.0 18.0 454.0 520.0
1024.0 0.0 19.0 546.0 599.0
961.0 1.0 17.0 451.0 361.0
953.0 0.0 16.0 383.0 468.0
946.0 0.0 17.0 472.0 519.0
935.0 0.0 17.0 493.0 521.0
906.0 0.0 15.0 343.0 437.0
902.0 1.0 15.0 361.0 364.0
894.0 3.0 16.0 372.0 359.0
854.0 1.0 13.0 275.0 230.0
840.0 0.0 15.0 472.0 519.0
713.0 1.0 12.0 349.0 318.0
1422.0 0.0 27.0 756.0 756.0
1297.0 0.0 22.0 495.0 575.0
1167.0 0.0 20.0 507.0 608.0
1165.0 0.0 21.0 520.0 586.0
1162.0 0.0 20.0 432.0 516.0
1133.0 0.0 19.0 483.0 563.0
1128.0 0.0 20.0 435.0 499.0
1107.0 0.0 18.0 473.0 576.0
1097.0 0.0 20.0 545.0 582.0
1096.0 0.0 18.0 458.0 544.0
1091.0 0.0 20.0 464.0 495.0
1081.0 0.0 19.0 511.0 557.0
1075.0 0.0 17.0 439.0 569.0
1064.0 1.0 17.0 446.0 425.0
1056.0 0.0 19.0 461.0 503.0
1054.0 0.0 18.0 482.0 556.0
1019.0 0.0 18.0 528.0 610.0
1016.0 0.0 16.0 365.0 469.0
1011.0 0.0 18.0 519.0 586.0
996.0 0.0 18.0 478.0 553.0
981.0 3.0 16.0 334.0 388.0
930.0 1.0 16.0 455.0 370.0
930.0 1.0 16.0 455.0 370.0
930.0 1.0 16.0 455.0 370.0
913.0 0.0 15.0 383.0 468.0
873.0 3.0 15.0 459.0 405.0
833.0 2.0 13.0 286.0 264.0
790.0 0.0 14.0 398.0 446.0
636.0 0.0 9.0 196.0 162.0
593.0 0.0 9.0 228.0 175.0
558.0 1.0 8.0 231.0 169.0
1772.0 0.0 31.0 788.0 874.0
1744.0 0.0 30.0 750.0 868.0
1601.0 0.0 27.0 728.0 867.0
1574.0 3.0 27.0 626.0 502.0
1470.0 0.0 28.0 775.0 780.0
1451.0 0.0 25.0 567.0 657.0
1449.0 0.0 27.0 803.0 833.0
1448.0 2.0 23.0 497.0 431.0
1446.0 2.0 27.0 814.0 750.0
1426.0 0.0 26.0 650.0 748.0
1421.0 0.0 27.0 845.0 889.0
1405.0 0.0 24.0 660.0 758.0
1401.0 0.0 23.0 663.0 597.0
1401.0 0.0 23.0 663.0 597.0
1363.0 0.0 24.0 517.0 596.0
1362.0 2.0 22.0 530.0 574.0
1360.0 2.0 26.0 653.0 556.0
