0.506720430108 0.25 0.5 0.533586818758 0.598116169545
0.742607526882 0.25 0.730769230769 0.707224334601 0.792778649922
0.502016129032 0.25 0.461538461538 0.486692015209 0.389324960754
0.606182795699 0.5 0.615384615385 0.700887198986 0.679748822606
0.597446236559 0.75 0.5 0.520912547529 0.411302982732
0.629032258065 0.75 0.615384615385 0.410646387833 0.486656200942
0.528225806452 0.0 0.423076923077 0.275031685678 0.331240188383
0.735215053763 0.75 0.730769230769 0.583016476553 0.594976452119
0.497311827957 0.25 0.461538461538 0.463878326996 0.483516483516
0.520161290323 0.0 0.538461538462 0.643852978454 0.56671899529
0.408602150538 0.0 0.346153846154 0.248415716096 0.270015698587
0.471102150538 0.0 0.423076923077 0.342205323194 0.411302982732
0.719758064516 0.5 0.615384615385 0.385297845374 0.492935635793
0.499327956989 0.25 0.384615384615 0.370088719899 0.339089481947
0.584005376344 0.25 0.538461538462 0.485424588086 0.492935635793
0.949596774194 0.75 0.961538461538 0.891001267427 1.0
0.405241935484 0.25 0.346153846154 0.316856780735 0.2715855573
0.85685483871 0.5 0.846153846154 0.91381495564 0.962323390895
0.34811827957 0.25 0.269230769231 0.225602027883 0.12715855573
0.469086021505 0.25 0.384615384615 0.283903675539 0.197802197802
0.600134408602 0.5 0.538461538462 0.367553865653 0.428571428571
0.786962365591 0.5 0.769230769231 0.506970849176 0.481946624804
0.483870967742 0.25 0.461538461538 0.506970849176 0.485086342229
0.365591397849 0.25 0.307692307692 0.319391634981 0.268445839874
0.309811827957 0.0 0.230769230769 0.18124207858 0.131868131868
0.323252688172 0.0 0.269230769231 0.250950570342 0.246467817896
0.965053763441 0.5 0.961538461538 1.0 0.940345368917
0.751344086022 0.5 0.653846153846 0.529784537389 0.492935635793
0.483870967742 0.25 0.384615384615 0.223067173638 0.130298273155
1.0 0.5 1.0 0.959442332066 0.896389324961
0.743279569892 0.25 0.769230769231 0.975918884664 0.978021978022
0.817204301075 0.5 0.846153846154 0.874524714829 0.849293563579
0.377016129032 0.0 0.346153846154 0.28897338403 0.248037676609
0.483870967742 0.25 0.384615384615 0.223067173638 0.130298273155
0.51747311828 0.25 0.461538461538 0.316856780735 0.244897959184
0.842741935484 0.25 0.884615384615 0.932826362484 0.880690737834
0.513440860215 0.5 0.538461538462 0.660329531052 0.682888540031
0.334677419355 0.25 0.269230769231 0.125475285171 0.0188383045526
0.34811827957 0.0 0.269230769231 0.195183776933 0.133437990581
0.647177419355 0.75 0.653846153846 0.480354879594 0.60125588697
0.538978494624 0.25 0.461538461538 0.339670468948 0.332810047096
0.666666666667 0.25 0.653846153846 0.437262357414 0.529042386185
0.790994623656 0.0 0.730769230769 0.634980988593 0.626373626374
0.862903225806 1.0 0.884615384615 0.773130544994 0.778649921507
0.608870967742 0.75 0.576923076923 0.479087452471 0.527472527473
0.649193548387 0.75 0.615384615385 0.479087452471 0.527472527473
0.41935483871 0.5 0.346153846154 0.32319391635 0.238618524333
0.262768817204 0.0 0.192307692308 0.195183776933 0.133437990581
0.627016129032 0.0 0.538461538462 0.552598225602 0.397174254317
0.564516129032 0.25 0.538461538462 0.408111533587 0.441130298273
0.526209677419 0.5 0.538461538462 0.550063371356 0.532182103611
0.813844086022 0.75 0.884615384615 0.727503168568 0.857142857143
0.667338709677 0.25 0.576923076923 0.446134347275 0.409733124019
0.540322580645 0.0 0.461538461538 0.34474017744 0.368916797488
0.468413978495 0.0 0.384615384615 0.239543726236 0.273155416013
0.592741935484 0.5 0.5 0.484157160963 0.350078492936
0.441532258065 0.25 0.384615384615 0.340937896071 0.232339089482
0.381048387097 0.25 0.346153846154 0.318124207858 0.345368916797
0.725134408602 0.25 0.730769230769 0.826362484157 0.7284144427
0.663306451613 0.5 0.653846153846 0.518377693283 0.668759811617
0.411962365591 0.25 0.346153846154 0.278833967047 0.243328100471
0.34811827957 0.0 0.269230769231 0.192648922687 0.156985871272
0.865591397849 0.75 0.923076923077 0.703422053232 0.764521193093
0.663306451613 0.5 0.653846153846 0.518377693283 0.668759811617
0.474462365591 0.25 0.384615384615 0.45247148289 0.266875981162
0.721102150538 0.25 0.615384615385 0.564005069708 0.544740973312
0.45497311828 0.0 0.346153846154 0.386565272497 0.238618524333
0.41935483871 0.5 0.346153846154 0.32319391635 0.238618524333
0.566532258065 0.75 0.576923076923 0.627376425856 0.673469387755
0.434811827957 0.5 0.384615384615 0.466413181242 0.459968602826
0.617607526882 0.25 0.576923076923 0.536121673004 0.574568288854
0.55376344086 0.25 0.461538461538 0.484157160963 0.370486656201
0.850134408602 0.75 0.807692307692 0.792141951838 0.781789638932
0.492607526882 0.75 0.461538461538 0.533586818758 0.558869701727
0.572580645161 0.25 0.461538461538 0.31051964512 0.262166405024
0.786962365591 0.25 0.730769230769 0.647655259823 0.673469387755
0.855510752688 0.5 0.846153846154 0.627376425856 0.729984301413
0.725134408602 0.25 0.730769230769 0.826362484157 0.7284144427
0.754704301075 0.5 0.807692307692 0.885931558935 0.940345368917
0.489919354839 0.5 0.423076923077 0.304182509506 0.257456828885
0.622311827957 0.25 0.576923076923 0.386565272497 0.389324960754
0.657930107527 0.5 0.576923076923 0.477820025349 0.50863422292
0.614247311828 0.0 0.538461538462 0.509505703422 0.489795918367
0.432123655914 0.25 0.384615384615 0.410646387833 0.34693877551
0.582661290323 0.25 0.5 0.465145754119 0.34693877551
0.450268817204 0.25 0.346153846154 0.292775665399 0.166405023548
0.41935483871 0.25 0.307692307692 0.125475285171 0.0188383045526
0.367607526882 0.0 0.307692307692 0.18124207858 0.131868131868
0.611559139785 0.0 0.538461538462 0.443599493029 0.362637362637
0.719758064516 0.5 0.615384615385 0.385297845374 0.492935635793
0.492607526882 0.25 0.384615384615 0.334600760456 0.164835164835
0.531586021505 0.0 0.5 0.518377693283 0.339089481947
0.461693548387 0.0 0.423076923077 0.309252217997 0.317111459969
0.421370967742 0.25 0.384615384615 0.250950570342 0.246467817896
0.468413978495 0.0 0.384615384615 0.239543726236 0.273155416013
0.481182795699 0.25 0.423076923077 0.3536121673 0.403453689168
0.611559139785 0.0 0.538461538462 0.443599493029 0.362637362637
0.334677419355 0.25 0.269230769231 0.125475285171 0.0188383045526
0.498655913978 0.25 0.423076923077 0.300380228137 0.30612244898
0.742607526882 0.25 0.730769230769 0.773130544994 0.697017268446
