0.200975081257 0.0 0.125 0.0962099125364 0.0123076923077
0.916576381365 0.666666666667 0.9375 0.978620019436 1.0
1.0 0.333333333333 0.96875 0.973760932945 0.864615384615
0.945287107259 1.0 0.90625 0.827988338192 0.924102564103
0.843445287107 0.666666666667 1.0 0.975704567541 0.980512820513
0.8255687974 0.333333333333 0.90625 1.0 0.812307692308
0.258396533044 0.333333333333 0.21875 0.161321671526 0.132307692308
0.918743228602 0.0 0.96875 0.947521865889 0.764102564103
0.332069339112 0.666666666667 0.3125 0.318756073858 0.298461538462
0.422535211268 1.0 0.4375 0.465500485909 0.433846153846
0.945287107259 0.333333333333 0.9375 0.937803692906 0.89641025641
0.871072589382 0.0 0.9375 0.958211856171 0.939487179487
0.845612134345 1.0 0.8125 0.90573372206 0.935384615385
0.901950162514 1.0 0.875 0.74732750243 0.829743589744
0.815276273023 0.666666666667 0.84375 0.828960155491 0.847179487179
0.492957746479 0.0 0.5625 0.58211856171 0.563076923077
0.915492957746 0.666666666667 0.96875 0.934888241011 0.786666666667
0.211809317443 0.0 0.15625 0.149659863946 0.0871794871795
0.765980498375 0.666666666667 0.75 0.563654033042 0.514871794872
0.846695557963 0.0 0.84375 0.732750242954 0.607179487179
0.745395449621 0.333333333333 0.75 0.872691933916 0.795897435897
0.612676056338 0.0 0.65625 0.589893100097 0.473846153846
0.644637053088 0.0 0.71875 0.665694849368 0.671794871795
0.811484290358 0.0 0.875 0.814382896016 0.694358974359
0.582881906826 0.0 0.625 0.63556851312 0.50358974359
0.276273022752 0.0 0.1875 0.134110787172 0.0512820512821
0.795232936078 1.0 0.78125 0.771622934888 0.817435897436
0.326110509209 0.0 0.25 0.0962099125364 0.0123076923077
0.533044420368 0.0 0.59375 0.512147716229 0.531282051282
0.919826652221 1.0 0.9375 0.950437317784 0.910769230769
0.763813651138 0.0 0.8125 0.724003887269 0.727179487179
0.739436619718 0.0 0.78125 0.749271137026 0.654358974359
0.363488624052 0.0 0.28125 0.130223517979 0.10358974359
0.677681473456 0.0 0.75 0.708454810496 0.637948717949
0.688515709642 0.666666666667 0.6875 0.534499514091 0.660512820513
0.407367280607 0.0 0.4375 0.230320699708 0.185641025641
0.249729144095 0.0 0.21875 0.138969873664 0.0861538461538
0.550920910076 0.666666666667 0.5 0.333333333333 0.264615384615
0.702600216685 0.333333333333 0.78125 0.643343051506 0.68
0.373781148429 0.666666666667 0.34375 0.371234207969 0.338461538462
0.723726977248 0.666666666667 0.65625 0.4120505345 0.392820512821
0.228060671723 0.0 0.1875 0.192419825073 0.161025641026
0.464788732394 0.666666666667 0.40625 0.182701652089 0.196923076923
0.60292524377 0.666666666667 0.625 0.74732750243 0.655384615385
0.393824485374 0.0 0.40625 0.402332361516 0.385641025641
0.332611050921 0.666666666667 0.3125 0.24684159378 0.219487179487
0.283315276273 0.333333333333 0.25 0.172011661808 0.133333333333
0.752437703142 0.0 0.78125 0.687074829932 0.643076923077
0.580173347779 1.0 0.5625 0.603498542274 0.628717948718
0.639761646804 1.0 0.59375 0.349854227405 0.397948717949
0.763271939328 1.0 0.71875 0.691933916424 0.731282051282
0.274647887324 0.0 0.25 0.192419825073 0.161025641026
0.433911159263 0.666666666667 0.375 0.237123420797 0.221538461538
0.355904658722 0.0 0.375 0.330417881438 0.310769230769
0.572047670639 1.0 0.53125 0.383867832847 0.422564102564
0.69068255688 0.0 0.71875 0.846452866861 0.737435897436
0.293066088841 0.0 0.28125 0.276967930029 0.218461538462
0.614301191766 0.0 0.6875 0.467444120505 0.402051282051
0.830444203684 0.333333333333 0.875 0.625850340136 0.585641025641
0.71451787649 0.333333333333 0.78125 0.760932944606 0.77641025641
0.433369447454 1.0 0.4375 0.395529640428 0.369230769231
0.445287107259 0.0 0.46875 0.357628765792 0.276923076923
0.509209100758 0.666666666667 0.46875 0.467444120505 0.475897435897
0.222643553629 0.0 0.15625 0.0962099125364 0.0123076923077
0.506500541712 0.0 0.53125 0.479105928086 0.534358974359
0.717768147346 0.666666666667 0.65625 0.44120505345 0.540512820513
0.802275189599 0.333333333333 0.875 0.854227405248 0.69641025641
0.924160346696 0.333333333333 0.9375 0.719144800777 0.771282051282
0.631094257855 0.333333333333 0.65625 0.652089407191 0.755897435897
0.332611050921 0.333333333333 0.28125 0.190476190476 0.150769230769
0.348320693391 0.0 0.34375 0.264334305151 0.253333333333
0.466955579632 0.0 0.5 0.397473275024 0.342564102564
0.478331527627 0.0 0.5 0.492711370262 0.452307692308
0.77789815818 0.333333333333 0.84375 0.794946550049 0.748717948718
0.663596966414 0.0 0.71875 0.546161321672 0.527179487179
0.3255687974 0.0 0.28125 0.162293488824 0.0697435897436
0.859154929577 0.333333333333 0.875 0.702623906706 0.700512820513
0.297941495125 0.0 0.21875 0.134110787172 0.0512820512821
0.875406283857 0.333333333333 0.875 0.689990281827 0.699487179487
0.407367280607 0.333333333333 0.34375 0.204081632653 0.0810256410256
0.247562296858 0.0 0.1875 0.168124392614 0.104615384615
0.777356446371 0.666666666667 0.8125 0.716229348882 0.70358974359
0.31744312026 0.0 0.28125 0.176870748299 0.110769230769
0.312567713976 0.0 0.3125 0.287657920311 0.219487179487
0.787107258938 0.333333333333 0.84375 0.697764820214 0.792820512821
0.601300108342 0.0 0.625 0.5296404276 0.365128205128
0.644095341278 0.333333333333 0.625 0.461613216715 0.424615384615
0.649512459372 0.666666666667 0.6875 0.491739552964 0.524102564103
0.534669555796 0.0 0.5625 0.54130223518 0.573333333333
0.689599133261 0.0 0.71875 0.501457725948 0.548717948718
0.543878656555 0.333333333333 0.5625 0.420796890185 0.411282051282
0.66630552546 0.666666666667 0.71875 0.781341107872 0.698461538462
0.647345612134 1.0 0.71875 0.608357628766 0.601025641026
0.524918743229 0.666666666667 0.5 0.474246841594 0.508717948718
0.573672806067 0.333333333333 0.53125 0.325558794947 0.281025641026
0.386240520043 0.0 0.34375 0.221574344023 0.179487179487
0.50758396533 0.333333333333 0.5625 0.600583090379 0.618461538462
0.478873239437 0.333333333333 0.46875 0.545189504373 0.484102564103
0.589382448537 0.0 0.59375 0.431486880466 0.361025641026
0.348320693391 0.0 0.3125 0.210884353741 0.178461538462
