0.828431372549 0.0 0.846153846154 0.586319218241 0.71875
0.809523809524 0.0 0.807692307692 0.57328990228 0.712740384615
0.785714285714 0.0 0.769230769231 0.669923995657 0.802884615385
0.743697478992 0.0 0.730769230769 0.561346362649 0.688701923077
0.790616246499 0.0 0.846153846154 0.555917480999 0.622596153846
0.747198879552 0.0 0.692307692308 0.436482084691 0.582932692308
0.644257703081 0.0 0.576923076923 0.393051031488 0.545673076923
0.755602240896 0.0 0.692307692308 0.467969598263 0.612980769231
0.59943977591 0.0 0.576923076923 0.452768729642 0.556490384615
0.648459383754 0.0 0.653846153846 0.559174809989 0.638221153846
0.739495798319 0.0 0.653846153846 0.497285559175 0.653846153846
0.836134453782 0.0 0.807692307692 0.504885993485 0.616586538462
0.75700280112 0.0 0.692307692308 0.5667752443 0.705528846154
0.71568627451 0.0 0.653846153846 0.376764386536 0.509615384615
0.764705882353 0.0 0.846153846154 0.664495114007 0.677884615385
0.794817927171 0.0 0.769230769231 0.595005428882 0.698317307692
0.788515406162 0.0 0.807692307692 0.605863192182 0.668269230769
0.683473389356 0.0 0.653846153846 0.540716612378 0.638221153846
0.981092436975 0.0 0.923076923077 0.71986970684 0.850961538462
0.891456582633 0.0 0.923076923077 0.808903365907 0.859375
0.820728291317 0.0 0.807692307692 0.583061889251 0.668269230769
0.885854341737 0.0 0.769230769231 0.463626492942 0.638221153846
0.771708683473 0.0 0.769230769231 0.540716612378 0.614182692308
0.667366946779 0.0 0.615384615385 0.358306188925 0.46875
0.676470588235 0.0 0.653846153846 0.452768729642 0.536057692308
0.560224089636 0.0 0.5 0.358306188925 0.46875
0.88025210084 0.0 0.769230769231 0.589576547231 0.752403846154
0.679971988796 0.0 0.615384615385 0.314875135722 0.431490384615
0.873949579832 0.0 0.807692307692 0.603691639522 0.724759615385
0.603641456583 0.0 0.538461538462 0.378935939197 0.489182692308
0.756302521008 0.0 0.730769230769 0.377850162866 0.460336538462
0.713585434174 0.0 0.653846153846 0.368078175896 0.475961538462
0.735294117647 0.0 0.653846153846 0.312703583062 0.4375
0.836834733894 0.0 0.846153846154 0.621064060803 0.673076923077
0.562324929972 0.0 0.538461538462 0.381107491857 0.450721153846
0.817226890756 0.0 0.807692307692 0.57003257329 0.635817307692
0.810924369748 0.0 0.730769230769 0.559174809989 0.683894230769
0.548319327731 0.0 0.538461538462 0.374592833876 0.430288461538
0.804621848739 0.0 0.769230769231 0.592833876221 0.679086538462
0.609243697479 0.0 0.5 0.348534201954 0.489182692308
0.75 0.0 0.653846153846 0.324647122693 0.457932692308
1.0 0.0 0.961538461538 0.762214983713 0.855769230769
0.552521008403 0.0 0.538461538462 0.374592833876 0.430288461538
0.799719887955 0.0 0.769230769231 0.526601520087 0.604567307692
0.774509803922 0.0 0.730769230769 0.502714440825 0.590144230769
0.868347338936 0.0 0.807692307692 0.644951140065 0.748798076923
0.794117647059 0.0 0.807692307692 0.508143322476 0.546875
0.761204481793 0.0 0.769230769231 0.626492942454 0.668269230769
0.872549019608 0.0 0.807692307692 0.634093376764 0.736778846154
0.761904761905 0.0 0.653846153846 0.381107491857 0.515625
0.941176470588 0.0 1.0 1.0 1.0
0.91106442577 0.0 0.923076923077 0.769815418024 0.807692307692
0.633753501401 0.0 0.615384615385 0.487513572204 0.539663461538
0.596638655462 0.0 0.576923076923 0.328990228013 0.379807692308
0.869047619048 0.0 0.884615384615 0.725298588491 0.756009615385
0.810924369748 0.0 0.807692307692 0.732899022801 0.776442307692
0.694677871148 0.0 0.576923076923 0.381107491857 0.515625
0.874649859944 0.0 0.807692307692 0.678610206298 0.776442307692
0.725490196078 0.0 0.653846153846 0.416938110749 0.513221153846
0.71918767507 0.0 0.653846153846 0.378935939197 0.46875
0.830532212885 0.0 0.807692307692 0.595005428882 0.652644230769
0.629551820728 0.0 0.615384615385 0.511400651466 0.554086538462
0.584733893557 0.0 0.538461538462 0.482084690554 0.549278846154
0.852941176471 0.0 0.846153846154 0.71444082519 0.757211538462
0.621848739496 0.0 0.538461538462 0.358306188925 0.456730769231
0.545518207283 0.0 0.5 0.300760043431 0.362980769231
0.950280112045 0.0 0.923076923077 0.630836047774 0.692307692308
0.532212885154 0.0 0.461538461538 0.298588490771 0.381009615385
0.474789915966 0.0 0.461538461538 0.352877307275 0.382211538462
0.844537815126 0.0 0.846153846154 0.676438653637 0.706730769231
0.799019607843 0.0 0.846153846154 0.699239956569 0.6875
0.585434173669 0.0 0.538461538462 0.488599348534 0.548076923077
0.790616246499 0.0 0.692307692308 0.474484256243 0.582932692308
0.443277310924 0.0 0.384615384615 0.300760043431 0.362980769231
0.677871148459 0.0 0.692307692308 0.491856677524 0.501201923077
0.616946778711 0.0 0.538461538462 0.28447339848 0.368990384615
0.529411764706 0.0 0.461538461538 0.310532030402 0.382211538462
0.551820728291 0.0 0.461538461538 0.310532030402 0.401442307692
0.733893557423 0.0 0.730769230769 0.369163952226 0.391826923077
0.447478991597 0.0 0.384615384615 0.300760043431 0.362980769231
0.752801120448 0.0 0.653846153846 0.521172638436 0.623798076923
0.783613445378 0.0 0.730769230769 0.606948968512 0.671875
0.843137254902 0.0 0.730769230769 0.519001085776 0.635817307692
0.510504201681 0.0 0.461538461538 0.333333333333 0.384615384615
0.755602240896 0.0 0.730769230769 0.454940282302 0.493990384615
0.780112044818 0.0 0.730769230769 0.465798045603 0.525240384615
0.806722689076 0.0 0.730769230769 0.553745928339 0.635817307692
0.608543417367 0.0 0.538461538462 0.395222584148 0.463942307692
0.559523809524 0.0 0.5 0.407166123779 0.465144230769
0.670168067227 0.0 0.576923076923 0.372421281216 0.461538461538
0.656162464986 0.0 0.615384615385 0.408251900109 0.451923076923
0.678571428571 0.0 0.692307692308 0.470141150923 0.46875
0.603641456583 0.0 0.615384615385 0.469055374593 0.466346153846
0.524509803922 0.0 0.5 0.407166123779 0.431490384615
0.566526610644 0.0 0.461538461538 0.29098805646 0.383413461538
0.49649859944 0.0 0.423076923077 0.300760043431 0.362980769231
0.557422969188 0.0 0.461538461538 0.298588490771 0.381009615385
0.5581232493 0.0 0.5 0.353963083605 0.403846153846
0.778711484594 0.0 0.730769230769 0.484256243214 0.533653846154
0.593137254902 0.0 0.576923076923 0.366992399566 0.382211538462
