0.487786259542 0.578947368421 0.466666666667 0.313531353135 0.207780725022
0.903053435115 0.947368421053 0.833333333333 0.771177117712 0.715296198055
0.835114503817 0.210526315789 0.833333333333 0.717271727173 0.745358090186
0.696946564885 0.263157894737 0.666666666667 0.540154015402 0.572944297082
0.763358778626 0.157894736842 0.766666666667 0.753575357536 0.694076038904
0.596183206107 0.105263157895 0.666666666667 0.563256325633 0.480106100796
0.648091603053 0.421052631579 0.633333333333 0.569856985699 0.436781609195
0.792366412214 0.631578947368 0.8 0.74697469747 0.681697612732
0.638167938931 0.263157894737 0.6 0.463146314631 0.458885941645
0.690076335878 0.157894736842 0.633333333333 0.53795379538 0.564102564103
0.840458015267 0.368421052632 0.9 0.969196919692 0.784261715296
0.768702290076 0.421052631579 0.733333333333 0.704070407041 0.558797524315
0.838167938931 0.210526315789 0.8 0.739273927393 0.699381078691
0.736641221374 0.368421052632 0.8 0.808580858086 0.732979664014
0.575572519084 0.368421052632 0.666666666667 0.589658965897 0.432360742706
0.575572519084 0.368421052632 0.666666666667 0.589658965897 0.432360742706
0.575572519084 0.368421052632 0.666666666667 0.589658965897 0.432360742706
0.689312977099 0.157894736842 0.7 0.590759075908 0.58709106985
0.742748091603 0.157894736842 0.8 0.838283828383 0.767462422635
0.730534351145 0.368421052632 0.766666666667 0.781078107811 0.67816091954
0.658778625954 0.105263157895 0.666666666667 0.623762376238 0.553492484527
0.658778625954 0.105263157895 0.666666666667 0.623762376238 0.553492484527
0.648091603053 0.421052631579 0.633333333333 0.569856985699 0.436781609195
0.657251908397 1.0 0.666666666667 0.501650165017 0.509283819629
0.658778625954 0.210526315789 0.7 0.60396039604 0.526967285588
0.658778625954 0.210526315789 0.7 0.60396039604 0.526967285588
0.962595419847 0.315789473684 0.966666666667 0.877887788779 0.828470380195
0.627480916031 0.315789473684 0.7 0.563256325633 0.480106100796
0.819083969466 0.842105263158 0.833333333333 0.785478547855 0.770999115827
0.627480916031 0.315789473684 0.7 0.563256325633 0.480106100796
0.790076335878 0.157894736842 0.8 0.784378437844 0.661361626879
0.817557251908 0.736842105263 0.733333333333 0.47304730473 0.708222811671
0.818320610687 0.315789473684 0.8 0.685368536854 0.679929266136
0.87786259542 0.789473684211 0.9 0.798679867987 0.898320070734
0.53893129771 0.105263157895 0.6 0.584158415842 0.396993810787
0.706106870229 0.421052631579 0.7 0.580858085809 0.537577365164
0.627480916031 0.315789473684 0.7 0.563256325633 0.480106100796
0.756488549618 0.210526315789 0.7 0.682068206821 0.546419098143
0.719083969466 0.210526315789 0.666666666667 0.652365236524 0.511936339523
0.729770992366 0.842105263158 0.766666666667 0.634763476348 0.595932802829
0.701526717557 0.578947368421 0.733333333333 0.545654565457 0.572944297082
0.715267175573 0.263157894737 0.8 0.731573157316 0.680813439434
0.624427480916 0.315789473684 0.666666666667 0.588558855886 0.56940760389
0.593129770992 0.105263157895 0.633333333333 0.588558855886 0.56940760389
0.860305343511 0.0 0.9 0.827282728273 0.85234305924
0.897709923664 0.210526315789 0.966666666667 0.854785478548 0.907161803714
0.767938931298 0.105263157895 0.7 0.605060506051 0.607427055703
0.80534351145 0.105263157895 0.733333333333 0.634763476348 0.641909814324
0.92213740458 0.0 0.933333333333 0.932893289329 0.910698496905
0.719083969466 0.210526315789 0.666666666667 0.652365236524 0.511936339523
0.925190839695 0.263157894737 0.9 0.850385038504 0.773651635721
0.787786259542 0.526315789474 0.766666666667 0.575357535754 0.708222811671
0.611450381679 0.526315789474 0.633333333333 0.567656765677 0.338638373121
0.607633587786 0.526315789474 0.6 0.487348734873 0.266136162688
0.772519083969 0.210526315789 0.866666666667 0.930693069307 0.74358974359
0.648091603053 0.421052631579 0.633333333333 0.569856985699 0.436781609195
0.816030534351 0.105263157895 0.833333333333 0.853685368537 0.685234305924
0.816030534351 0.105263157895 0.833333333333 0.853685368537 0.685234305924
0.829770992366 0.315789473684 0.833333333333 0.749174917492 0.756852343059
0.8 0.421052631579 0.866666666667 0.794279427943 0.717064544651
0.648091603053 0.421052631579 0.633333333333 0.569856985699 0.436781609195
0.854198473282 0.210526315789 0.9 0.797579757976 0.817860300619
0.826717557252 0.210526315789 0.866666666667 0.784378437844 0.780725022104
0.875572519084 0.368421052632 0.766666666667 0.618261826183 0.587975243148
0.835114503817 0.210526315789 0.833333333333 0.717271727173 0.745358090186
0.838167938931 0.210526315789 0.8 0.739273927393 0.699381078691
0.877099236641 0.210526315789 0.9 0.761276127613 0.745358090186
0.684732824427 0.315789473684 0.633333333333 0.580858085809 0.472148541114
0.564122137405 0.105263157895 0.7 0.69196919692 0.524314765694
0.601526717557 0.105263157895 0.733333333333 0.721672167217 0.558797524315
0.627480916031 0.315789473684 0.7 0.563256325633 0.480106100796
0.756488549618 0.210526315789 0.7 0.682068206821 0.546419098143
0.857251908397 0.526315789474 0.766666666667 0.694169416942 0.631299734748
0.918320610687 0.315789473684 1.0 0.848184818482 1.0
0.835877862595 0.105263157895 0.733333333333 0.666666666667 0.617152961981
1.0 0.684210526316 1.0 0.905390539054 0.931918656057
0.645038167939 0.684210526316 0.733333333333 0.621562156216 0.5216622458
0.857251908397 0.526315789474 0.766666666667 0.694169416942 0.631299734748
0.818320610687 0.315789473684 0.8 0.685368536854 0.679929266136
0.85572519084 0.315789473684 0.833333333333 0.715071507151 0.714412024757
0.648091603053 0.421052631579 0.633333333333 0.569856985699 0.436781609195
0.839694656489 0.315789473684 0.833333333333 0.687568756876 0.894783377542
0.690076335878 0.263157894737 0.633333333333 0.513751375138 0.419982316534
0.80534351145 0.105263157895 0.733333333333 0.634763476348 0.641909814324
0.580152671756 0.368421052632 0.6 0.567656765677 0.338638373121
0.986259541985 0.684210526316 0.9 0.852585258526 0.906277630416
0.696946564885 0.263157894737 0.666666666667 0.540154015402 0.572944297082
0.854961832061 0.315789473684 0.866666666667 0.897689768977 0.788682581786
0.819083969466 0.421052631579 0.933333333333 1.0 0.847038019452
0.762595419847 0.263157894737 0.8 0.892189218922 0.719717064545
0.806106870229 0.105263157895 0.733333333333 0.58195819582 0.565870910698
0.736641221374 0.368421052632 0.8 0.808580858086 0.732979664014
0.53893129771 0.105263157895 0.6 0.584158415842 0.396993810787
0.708396946565 0.315789473684 0.666666666667 0.563256325633 0.572944297082
0.818320610687 0.315789473684 0.8 0.685368536854 0.679929266136
0.925190839695 0.263157894737 0.9 0.850385038504 0.773651635721
0.769465648855 0.421052631579 0.766666666667 0.732673267327 0.584438549956
0.750381679389 0.421052631579 0.7 0.652365236524 0.511936339523
0.777099236641 0.157894736842 0.766666666667 0.751375137514 0.57382847038
0.777099236641 0.157894736842 0.766666666667 0.751375137514 0.57382847038
