0.314369501466 0.166666666667 0.282051282051 0.133333333333 0.0690348525469
0.895601173021 0.0 0.923076923077 0.824691358025 1.0
0.310850439883 0.0 0.307692307692 0.145679012346 0.0817694369973
0.822873900293 0.666666666667 0.923076923077 1.0 0.936997319035
1.0 0.333333333333 0.948717948718 0.802469135802 0.905495978552
0.373020527859 0.0 0.333333333333 0.0798353909465 0.126675603217
0.926099706745 1.0 0.948717948718 0.972016460905 0.926943699732
0.975953079179 0.333333333333 1.0 0.897119341564 0.997989276139
0.931964809384 0.166666666667 1.0 0.880658436214 0.993297587131
0.800586510264 0.833333333333 0.897435897436 0.939094650206 0.817694369973
0.760117302053 1.0 0.846153846154 0.851851851852 0.762064343164
0.936070381232 0.666666666667 0.948717948718 0.818930041152 0.873324396783
0.490322580645 0.833333333333 0.615384615385 0.669135802469 0.504691689008
0.913196480938 0.5 0.923076923077 0.789300411523 0.855898123324
0.365395894428 0.333333333333 0.410256410256 0.291358024691 0.279490616622
0.574193548387 0.5 0.692307692308 0.658436213992 0.667560321716
0.771847507331 0.666666666667 0.846153846154 0.866666666667 0.854557640751
0.86275659824 0.0 0.923076923077 0.867489711934 0.951742627346
0.354252199413 0.0 0.307692307692 0.140740740741 0.13672922252
0.339589442815 0.0 0.358974358974 0.166255144033 0.190348525469
0.33137829912 0.0 0.358974358974 0.230452674897 0.206434316354
0.356598240469 0.0 0.384615384615 0.197530864198 0.251340482574
0.930791788856 0.333333333333 0.948717948718 0.899588477366 0.929624664879
0.477419354839 0.0 0.564102564103 0.465843621399 0.433646112601
0.361290322581 0.0 0.435897435897 0.344032921811 0.328418230563
0.73724340176 0.0 0.820512820513 0.756378600823 0.806300268097
0.449853372434 0.333333333333 0.410256410256 0.252674897119 0.304959785523
0.435190615836 0.0 0.384615384615 0.153909465021 0.249329758713
0.792375366569 0.0 0.769230769231 0.605761316872 0.652144772118
0.520234604106 0.0 0.666666666667 0.591769547325 0.610589812332
0.397653958944 0.0 0.487179487179 0.441975308642 0.367292225201
0.61348973607 0.833333333333 0.717948717949 0.80329218107 0.628686327078
0.372434017595 0.0 0.358974358974 0.158847736626 0.216487935657
0.624633431085 0.0 0.74358974359 0.675720164609 0.788873994638
0.610557184751 0.0 0.538461538462 0.328395061728 0.451742627346
0.658651026393 0.0 0.769230769231 0.723456790123 0.729892761394
0.385923753666 0.0 0.461538461538 0.420576131687 0.380026809651
0.775366568915 0.0 0.846153846154 0.815637860082 0.79691689008
0.703812316716 0.0 0.794871794872 0.725925925926 0.856568364611
0.420527859238 0.166666666667 0.435897435897 0.315226337449 0.30764075067
0.409384164223 0.0 0.410256410256 0.21646090535 0.265415549598
0.405865102639 0.0 0.512820512821 0.369547325103 0.439678284182
0.527272727273 0.0 0.461538461538 0.313580246914 0.37600536193
0.472727272727 0.0 0.589743589744 0.521810699588 0.497989276139
0.842815249267 0.0 0.871794871795 0.851851851852 0.887399463807
0.82991202346 0.0 0.897435897436 0.805761316872 0.815683646113
0.677419354839 0.5 0.74358974359 0.650205761317 0.727882037534
0.695601173021 0.333333333333 0.666666666667 0.477366255144 0.595174262735
0.374193548387 0.0 0.410256410256 0.335802469136 0.315683646113
0.441642228739 0.166666666667 0.410256410256 0.175308641975 0.201072386059
0.495014662757 0.333333333333 0.487179487179 0.301234567901 0.272788203753
0.83284457478 0.0 0.871794871795 0.681481481481 0.86528150134
0.487390029326 0.333333333333 0.512820512821 0.342386831276 0.402144772118
0.781231671554 0.0 0.820512820513 0.781893004115 0.839142091153
0.453372434018 0.0 0.538461538462 0.427983539095 0.463806970509
0.897947214076 0.166666666667 0.897435897436 0.691358024691 0.861930294906
0.506744868035 0.0 0.641025641026 0.56378600823 0.567694369973
0.804692082111 0.333333333333 0.820512820513 0.744855967078 0.821715817694
0.889736070381 0.0 0.923076923077 0.768724279835 0.848525469169
0.815249266862 0.333333333333 0.820512820513 0.79670781893 0.867962466488
0.64633431085 0.0 0.692307692308 0.532510288066 0.699731903485
0.511436950147 0.0 0.512820512821 0.362962962963 0.389410187668
0.593548387097 0.0 0.692307692308 0.681481481481 0.640080428954
0.563636363636 0.166666666667 0.564102564103 0.524279835391 0.547587131367
0.745454545455 0.0 0.794871794872 0.670781893004 0.778150134048
0.53724340176 0.0 0.615384615385 0.506172839506 0.524798927614
0.81642228739 0.333333333333 0.871794871795 0.797530864198 0.723860589812
0.810557184751 0.333333333333 0.794871794872 0.721810699588 0.806970509383
0.604692082111 0.0 0.717948717949 0.646913580247 0.603887399464
0.375953079179 0.166666666667 0.410256410256 0.247736625514 0.230563002681
0.793548387097 0.666666666667 0.794871794872 0.622222222222 0.66890080429
0.562463343109 0.0 0.589743589744 0.548148148148 0.560991957105
0.568914956012 0.0 0.538461538462 0.398353909465 0.51273458445
0.883284457478 0.0 0.871794871795 0.691358024691 0.890750670241
0.817595307918 0.166666666667 0.897435897436 0.83621399177 0.941018766756
0.628152492669 0.166666666667 0.589743589744 0.468312757202 0.530160857909
0.627565982405 0.333333333333 0.641025641026 0.455144032922 0.485924932976
0.725513196481 0.0 0.74358974359 0.590946502058 0.714477211796
0.462170087977 0.0 0.435897435897 0.280658436214 0.290884718499
0.625806451613 0.5 0.692307692308 0.621399176955 0.525469168901
0.426979472141 0.0 0.461538461538 0.285596707819 0.355227882038
0.805278592375 0.166666666667 0.871794871795 0.863374485597 0.911528150134
0.604692082111 0.0 0.615384615385 0.40658436214 0.405495978552
0.743108504399 0.0 0.820512820513 0.655967078189 0.747989276139
0.651612903226 0.0 0.641025641026 0.506995884774 0.558310991957
0.584164222874 0.333333333333 0.615384615385 0.554732510288 0.538203753351
0.66568914956 0.0 0.717948717949 0.598353909465 0.682975871314
0.573020527859 0.0 0.512820512821 0.269958847737 0.3418230563
0.673900293255 0.166666666667 0.692307692308 0.479012345679 0.576407506702
0.493255131965 0.0 0.538461538462 0.369547325103 0.481233243968
0.496187683284 0.0 0.435897435897 0.234567901235 0.270107238606
0.709090909091 0.5 0.717948717949 0.576131687243 0.695040214477
0.72082111437 0.0 0.666666666667 0.410699588477 0.522788203753
0.780058651026 0.5 0.846153846154 0.851028806584 0.891420911528
0.726099706745 0.0 0.769230769231 0.60987654321 0.754691689008
0.548387096774 0.333333333333 0.641025641026 0.566255144033 0.586461126005
0.670381231672 0.333333333333 0.74358974359 0.624691358025 0.604557640751
0.689149560117 0.166666666667 0.717948717949 0.520987654321 0.672922252011
0.536656891496 0.0 0.538461538462 0.488888888889 0.48927613941
0.823460410557 0.0 0.820512820513 0.641975308642 0.683646112601
