0.790199081164 0.0 0.78125 0.5847208619 0.735658914729
0.866003062787 0.0 0.84375 0.680705190989 0.817054263566
0.780245022971 1.0 0.8125 0.606268364349 0.768992248062
0.739663093415 0.0 0.78125 0.673849167483 0.73488372093
0.733537519142 0.0 0.8125 0.738491674829 0.753488372093
0.732771822358 0.0 0.78125 0.628795298727 0.673643410853
0.818529862175 0.0 0.8125 0.663075416259 0.753488372093
0.647779479326 0.0 0.625 0.375122428991 0.493798449612
0.953292496172 0.0 0.90625 0.761018609207 0.872868217054
0.820826952527 0.0 0.8125 0.650342801175 0.73023255814
0.93415007657 0.0 0.96875 0.869735553379 0.894573643411
0.839203675345 0.0 0.8125 0.652301665034 0.748062015504
0.625574272588 0.0 0.65625 0.441723800196 0.497674418605
0.826186830015 1.0 0.875 0.75514201763 0.860465116279
0.654670750383 0.0 0.65625 0.47110675808 0.549612403101
0.803215926493 0.0 0.8125 0.654260528893 0.710852713178
0.878254211332 1.0 0.84375 0.627815866797 0.808527131783
0.775650842266 1.0 0.8125 0.691478942214 0.807751937984
0.741960183767 0.0 0.75 0.658178256611 0.715503875969
0.696784073507 1.0 0.75 0.623898139079 0.726356589147
0.802450229709 0.0 0.8125 0.750244857982 0.798449612403
0.842266462481 0.0 0.84375 0.706170421156 0.755813953488
0.837672281776 0.0 0.78125 0.562193927522 0.670542635659
0.663093415008 0.0 0.71875 0.526934378061 0.535658914729
0.777947932619 0.0 0.71875 0.474045053869 0.58992248062
0.852220520674 0.0 0.84375 0.73653281097 0.793798449612
0.830015313936 0.0 0.78125 0.58570029383 0.686046511628
0.699846860643 0.0 0.71875 0.506366307542 0.548837209302
0.825421133231 0.0 0.8125 0.761998041136 0.82480620155
1.0 0.0 1.0 0.950048971596 0.982170542636
0.725114854518 0.0 0.75 0.683643486778 0.714728682171
0.967840735069 0.0 1.0 1.0 1.0
0.68989280245 0.0 0.71875 0.574926542605 0.602325581395
0.805513016845 0.0 0.78125 0.571988246817 0.642635658915
0.68606431853 0.0 0.6875 0.505386875612 0.560465116279
0.806278713629 0.0 0.78125 0.659157688541 0.73023255814
0.93797856049 0.0 0.875 0.703232125367 0.800775193798
0.787901990812 0.0 0.8125 0.714985308521 0.735658914729
0.90045941807 0.0 0.90625 0.79236043095 0.821705426357
0.761102603369 0.0 0.78125 0.675808031342 0.702325581395
0.715160796325 1.0 0.71875 0.534769833497 0.66976744186
0.700612557427 0.0 0.75 0.591576885406 0.592248062016
0.803981623277 1.0 0.84375 0.706170421156 0.795348837209
0.74808575804 1.0 0.71875 0.482859941234 0.647286821705
0.870597243492 0.0 0.84375 0.703232125367 0.76511627907
0.831546707504 0.0 0.8125 0.676787463271 0.734108527132
0.869831546708 0.0 0.8125 0.723800195886 0.817054263566
0.787136294028 0.0 0.78125 0.635651322233 0.682945736434
0.825421133231 0.0 0.8125 0.711067580803 0.762015503876
0.709800918836 1.0 0.8125 0.704211557297 0.73488372093
0.683001531394 1.0 0.71875 0.581782566112 0.682945736434
0.62787136294 1.0 0.65625 0.409402546523 0.522480620155
0.723583460949 0.0 0.78125 0.71694417238 0.703100775194
0.790199081164 0.0 0.75 0.590597453477 0.670542635659
0.726646248086 0.0 0.78125 0.720861900098 0.708527131783
0.842266462481 1.0 0.84375 0.685602350637 0.805426356589
0.709800918836 0.0 0.625 0.410381978452 0.541860465116
0.906584992343 0.0 0.96875 0.916748285994 0.87984496124
0.852220520674 0.0 0.78125 0.614103819785 0.717829457364
0.852220520674 0.0 0.875 0.786483839373 0.793798449612
0.846094946401 1.0 0.84375 0.550440744368 0.672093023256
0.847626339969 0.0 0.75 0.56513222331 0.696124031008
0.766462480858 0.0 0.75 0.624877571009 0.67984496124
0.68606431853 0.0 0.75 0.670910871694 0.650387596899
0.704441041348 0.0 0.71875 0.591576885406 0.62015503876
0.852986217458 0.0 0.875 0.747306562194 0.754263565891
0.85528330781 0.0 0.84375 0.69735553379 0.737984496124
0.689127105666 0.0 0.71875 0.554358472086 0.567441860465
0.758039816233 1.0 0.8125 0.69735553379 0.766666666667
0.670750382848 1.0 0.6875 0.43388834476 0.548837209302
0.826186830015 0.0 0.84375 0.764936336925 0.776744186047
0.801684532925 0.0 0.75 0.638589618022 0.722480620155
0.671516079632 0.0 0.65625 0.462291870715 0.52015503876
0.807810107198 0.0 0.8125 0.69833496572 0.722480620155
0.862940275651 0.0 0.8125 0.635651322233 0.71007751938
0.802450229709 0.0 0.8125 0.766895200784 0.784496124031
0.696784073507 0.0 0.6875 0.554358472086 0.600775193798
0.718223583461 0.0 0.6875 0.545543584721 0.610852713178
0.867534456355 0.0 0.875 0.84818805093 0.860465116279
0.779479326187 0.0 0.84375 0.766895200784 0.728682170543
0.700612557427 0.0 0.65625 0.382957884427 0.462790697674
0.700612557427 0.0 0.6875 0.535749265426 0.583720930233
0.797090352221 0.0 0.78125 0.625857002938 0.667441860465
0.730474732006 0.0 0.6875 0.522037218413 0.596899224806
0.72741194487 0.0 0.6875 0.521057786484 0.593023255814
0.746554364472 0.0 0.75 0.651322233105 0.676744186047
0.619448698315 1.0 0.65625 0.465230166503 0.555813953488
0.777182235835 0.0 0.75 0.606268364349 0.659689922481
0.823889739663 0.0 0.75 0.514201762977 0.610852713178
0.664624808576 0.0 0.625 0.459353574927 0.53488372093
0.786370597243 0.0 0.8125 0.685602350637 0.682170542636
0.686830015314 0.0 0.6875 0.517140058766 0.547286821705
0.808575803982 0.0 0.84375 0.775710088149 0.758914728682
0.833078101072 0.0 0.8125 0.695396669931 0.733333333333
0.732771822358 0.0 0.75 0.649363369246 0.657364341085
0.693721286371 0.0 0.6875 0.483839373164 0.518604651163
0.762633996937 0.0 0.71875 0.545543584721 0.610852713178
0.797856049005 0.0 0.78125 0.626836434868 0.660465116279
0.690658499234 0.0 0.6875 0.523996082272 0.553488372093
0.66921898928 0.0 0.6875 0.567091087169 0.575968992248
