0.684210526316 0.375 0.785714285714 0.574390243902 0.649074074074
0.684210526316 0.375 0.785714285714 0.574390243902 0.649074074074
0.51983805668 0.75 0.535714285714 0.246341463415 0.319444444444
0.497165991903 0.75 0.464285714286 0.215853658537 0.262037037037
0.791093117409 0.375 0.785714285714 0.492682926829 0.462037037037
0.795141700405 0.375 0.821428571429 0.581707317073 0.537962962963
0.523886639676 0.75 0.571428571429 0.335365853659 0.39537037037
0.484210526316 0.75 0.535714285714 0.30243902439 0.359259259259
0.879352226721 0.125 0.785714285714 0.614634146341 0.606481481481
0.879352226721 0.125 0.785714285714 0.614634146341 0.606481481481
0.865587044534 0.125 0.892857142857 0.718292682927 0.855555555556
0.683400809717 0.125 0.821428571429 0.830487804878 0.705555555556
0.957894736842 0.0 0.892857142857 0.857317073171 0.90462962963
0.980566801619 0.0 0.964285714286 0.887804878049 0.962037037037
0.724696356275 0.25 0.821428571429 0.758536585366 0.491666666667
0.76032388664 0.25 0.821428571429 0.70243902439 0.451851851852
0.655060728745 0.25 0.785714285714 0.663414634146 0.725
0.688259109312 0.375 0.821428571429 0.663414634146 0.725
0.617004048583 0.125 0.678571428571 0.678048780488 0.536111111111
0.617004048583 0.125 0.678571428571 0.678048780488 0.536111111111
0.76032388664 0.25 0.821428571429 0.70243902439 0.451851851852
0.76032388664 0.25 0.821428571429 0.70243902439 0.451851851852
0.606477732794 0.5 0.607142857143 0.274390243902 0.316666666667
0.606477732794 0.5 0.607142857143 0.274390243902 0.316666666667
0.655060728745 0.25 0.785714285714 0.663414634146 0.725
0.688259109312 0.375 0.821428571429 0.663414634146 0.725
0.761943319838 0.25 0.785714285714 0.581707317073 0.537962962963
0.761943319838 0.25 0.785714285714 0.581707317073 0.537962962963
0.684210526316 0.375 0.785714285714 0.574390243902 0.649074074074
0.684210526316 0.375 0.785714285714 0.574390243902 0.649074074074
0.651012145749 0.25 0.75 0.574390243902 0.649074074074
0.661538461538 0.375 0.714285714286 0.543902439024 0.591666666667
0.588663967611 0.25 0.642857142857 0.510975609756 0.555555555556
0.588663967611 0.25 0.642857142857 0.510975609756 0.555555555556
0.795141700405 0.375 0.821428571429 0.581707317073 0.537962962963
1.0 0.875 0.892857142857 0.85 0.781481481481
0.679352226721 0.125 0.785714285714 0.741463414634 0.62962962963
0.63967611336 0.125 0.75 0.708536585366 0.593518518519
0.927935222672 0.125 0.821428571429 0.623170731707 0.819444444444
0.954655870445 0.125 0.928571428571 0.742682926829 0.952777777778
0.829149797571 0.125 0.964285714286 0.825609756098 1.0
0.825101214575 0.125 0.928571428571 0.736585365854 0.924074074074
0.617004048583 0.125 0.678571428571 0.678048780488 0.536111111111
0.683400809717 0.125 0.821428571429 0.830487804878 0.705555555556
0.573279352227 0.25 0.571428571429 0.274390243902 0.316666666667
0.510931174089 0.25 0.464285714286 0.210975609756 0.223148148148
0.757894736842 0.25 0.75 0.492682926829 0.462037037037
0.795141700405 0.375 0.821428571429 0.581707317073 0.537962962963
0.914979757085 0.25 0.857142857143 0.837804878049 0.764814814815
0.868825910931 0.0 0.892857142857 0.924390243902 0.862037037037
0.885020242915 0.0 0.892857142857 0.880487804878 0.822222222222
0.911740890688 0.0 1.0 1.0 0.955555555556
0.798380566802 0.5 0.785714285714 0.509756097561 0.700925925926
0.798380566802 0.5 0.785714285714 0.509756097561 0.700925925926
0.533603238866 0.25 0.535714285714 0.241463414634 0.280555555556
0.533603238866 0.25 0.535714285714 0.241463414634 0.280555555556
0.980566801619 0.875 0.964285714286 0.834146341463 0.878703703704
0.768421052632 0.375 0.714285714286 0.462195121951 0.40462962963
0.490688259109 0.5 0.535714285714 0.335365853659 0.39537037037
0.490688259109 0.5 0.535714285714 0.335365853659 0.39537037037
0.804858299595 0.25 0.785714285714 0.542682926829 0.737037037037
0.804858299595 0.25 0.785714285714 0.542682926829 0.737037037037
0.606477732794 0.5 0.607142857143 0.274390243902 0.316666666667
0.606477732794 0.5 0.607142857143 0.274390243902 0.316666666667
0.863967611336 1.0 0.892857142857 0.762195121951 0.837962962963
0.879352226721 0.125 0.785714285714 0.614634146341 0.606481481481
0.583805668016 0.5 0.535714285714 0.243902439024 0.259259259259
0.583805668016 0.5 0.535714285714 0.243902439024 0.259259259259
0.691497975709 0.0 0.785714285714 0.758536585366 0.491666666667
0.908502024291 1.0 0.857142857143 0.75243902439 0.899074074074
0.643724696356 0.125 0.785714285714 0.79756097561 0.669444444444
0.617004048583 0.125 0.678571428571 0.678048780488 0.536111111111
0.919028340081 0.125 0.821428571429 0.64756097561 0.642592592593
0.952226720648 0.375 0.857142857143 0.64756097561 0.642592592593
0.463967611336 0.5 0.428571428571 0.215853658537 0.262037037037
0.457489878543 0.75 0.428571428571 0.182926829268 0.225925925926
0.954655870445 0.25 0.928571428571 0.892682926829 0.746296296296
0.731174089069 0.0 0.821428571429 0.791463414634 0.527777777778
0.490688259109 0.5 0.535714285714 0.335365853659 0.39537037037
0.523886639676 0.75 0.571428571429 0.335365853659 0.39537037037
