0.602228047182 0.277777777778 0.611111111111 0.667900092507 0.514124293785
0.629095674967 0.5 0.638888888889 0.667900092507 0.514124293785
0.673001310616 0.0 0.611111111111 0.555966697502 0.492231638418
0.545871559633 0.166666666667 0.5 0.510638297872 0.397598870056
0.923328964613 1.0 0.944444444444 1.0 0.915960451977
0.644167758847 0.277777777778 0.611111111111 0.586493987049 0.533898305085
0.589121887287 0.111111111111 0.555555555556 0.611470860315 0.405367231638
0.928571428571 0.722222222222 0.861111111111 0.852913968548 0.736581920904
0.735910878113 0.5 0.694444444444 0.586493987049 0.52895480226
0.722149410223 0.166666666667 0.666666666667 0.606845513414 0.49081920904
0.691349934469 0.333333333333 0.666666666667 0.783533765032 0.569915254237
0.674311926606 0.222222222222 0.638888888889 0.5467160037 0.503531073446
0.805373525557 0.5 0.75 0.757631822387 0.58615819209
0.738532110092 0.166666666667 0.75 0.724329324699 0.608757062147
0.559633027523 0.277777777778 0.5 0.428307123034 0.373587570621
0.697903014417 0.222222222222 0.694444444444 0.63829787234 0.618644067797
0.763433813893 0.277777777778 0.75 0.730804810361 0.668785310734
0.768676277851 0.0555555555556 0.75 0.755781683626 0.696327683616
0.576015727392 0.277777777778 0.555555555556 0.495837187789 0.431497175141
0.559633027523 0.277777777778 0.5 0.428307123034 0.373587570621
0.547837483617 0.333333333333 0.555555555556 0.432007400555 0.437853107345
0.835517693316 0.888888888889 0.722222222222 0.68177613321 0.693502824859
0.787024901704 0.444444444444 0.805555555556 0.810360777058 0.627118644068
0.652686762779 0.222222222222 0.555555555556 0.45605920444 0.401836158192
0.692660550459 0.222222222222 0.611111111111 0.510638297872 0.438559322034
0.74246395806 0.166666666667 0.722222222222 0.735430157262 0.64406779661
0.758191349934 0.0 0.722222222222 0.678075855689 0.600988700565
0.551769331586 0.222222222222 0.527777777778 0.516188714154 0.360169491525
0.592398427261 0.388888888889 0.611111111111 0.67992599445 0.530367231638
0.63499344692 0.5 0.611111111111 0.520814061055 0.459039548023
0.720183486239 0.333333333333 0.638888888889 0.531914893617 0.378531073446
0.681520314548 0.0555555555556 0.666666666667 0.7289546716 0.58686440678
0.611402359109 0.277777777778 0.583333333333 0.530989824237 0.464689265537
0.638269986894 0.166666666667 0.583333333333 0.527289546716 0.444209039548
0.686762778506 0.111111111111 0.694444444444 0.712303422757 0.678672316384
0.570773263434 0.222222222222 0.5 0.437557816836 0.302259887006
0.671690694626 0.0555555555556 0.611111111111 0.559666975023 0.53884180791
0.652686762779 0.222222222222 0.555555555556 0.45605920444 0.401836158192
0.591743119266 0.277777777778 0.527777777778 0.4532839963 0.401129943503
0.591743119266 0.277777777778 0.527777777778 0.4532839963 0.401129943503
0.737221494102 0.0555555555556 0.694444444444 0.662349676226 0.563559322034
0.722149410223 0.333333333333 0.694444444444 0.738205365402 0.545903954802
0.792922673657 0.777777777778 0.777777777778 0.708603145236 0.652542372881
0.66120576671 0.277777777778 0.666666666667 0.576318223867 0.530367231638
0.612712975098 0.777777777778 0.555555555556 0.469935245143 0.45197740113
0.518348623853 0.444444444444 0.527777777778 0.279370952821 0.312146892655
0.591087811271 0.166666666667 0.527777777778 0.494912118409 0.439971751412
0.677588466579 0.277777777778 0.722222222222 0.643848288622 0.588276836158
0.718872870249 0.222222222222 0.75 0.739130434783 0.728813559322
0.695281782438 0.166666666667 0.666666666667 0.738205365402 0.545903954802
0.605504587156 0.111111111111 0.527777777778 0.506938020352 0.398305084746
0.714285714286 0.666666666667 0.666666666667 0.582793709528 0.666666666667
0.721494102228 0.166666666667 0.638888888889 0.59204440333 0.511299435028
0.701834862385 0.111111111111 0.694444444444 0.704902867715 0.638418079096
0.441677588467 0.222222222222 0.416666666667 0.279370952821 0.283898305085
0.605504587156 0.111111111111 0.527777777778 0.506938020352 0.398305084746
0.665792922674 0.0 0.583333333333 0.510638297872 0.438559322034
0.665792922674 0.0 0.583333333333 0.510638297872 0.438559322034
0.586500655308 0.111111111111 0.583333333333 0.479185938945 0.478813559322
0.596985583224 0.333333333333 0.555555555556 0.411655874191 0.420903954802
0.741808650066 0.5 0.75 0.814986123959 0.608757062147
0.575360419397 0.277777777778 0.611111111111 0.677150786309 0.515536723164
0.652686762779 0.222222222222 0.555555555556 0.45605920444 0.401836158192
0.830275229358 0.888888888889 0.805555555556 0.794634597595 0.772598870056
0.575360419397 0.277777777778 0.611111111111 0.677150786309 0.515536723164
0.640235910878 0.333333333333 0.611111111111 0.666975023127 0.497881355932
0.709698558322 0.5 0.722222222222 0.790009250694 0.581214689266
0.642857142857 0.777777777778 0.583333333333 0.470860314524 0.375706214689
0.641546526868 0.222222222222 0.611111111111 0.516188714154 0.463983050847
0.66120576671 0.277777777778 0.666666666667 0.576318223867 0.530367231638
0.604193971166 0.111111111111 0.694444444444 0.712303422757 0.606638418079
0.753604193971 0.0 0.722222222222 0.697502312673 0.665254237288
0.692660550459 0.222222222222 0.611111111111 0.510638297872 0.438559322034
0.650065530799 0.0 0.611111111111 0.553191489362 0.468926553672
0.614023591088 0.777777777778 0.638888888889 0.512488436633 0.468926553672
0.551769331586 0.222222222222 0.527777777778 0.516188714154 0.360169491525
0.663171690695 0.166666666667 0.638888888889 0.713228492137 0.518361581921
0.695281782438 0.166666666667 0.666666666667 0.738205365402 0.545903954802
0.560943643512 0.222222222222 0.527777777778 0.338575393154 0.36511299435
0.555701179554 0.444444444444 0.527777777778 0.313598519889 0.337570621469
0.754259501966 0.777777777778 0.805555555556 0.738205365402 0.681497175141
0.66120576671 0.277777777778 0.666666666667 0.576318223867 0.530367231638
0.585845347313 0.277777777778 0.555555555556 0.611470860315 0.441384180791
0.635648754915 0.0 0.583333333333 0.532839962997 0.404661016949
0.596985583224 0.333333333333 0.555555555556 0.411655874191 0.420903954802
0.705766710354 0.777777777778 0.666666666667 0.493987049029 0.543079096045
0.74246395806 0.722222222222 0.777777777778 0.775208140611 0.677259887006
0.847313237221 0.666666666667 0.75 0.662349676226 0.654661016949
0.737876802097 0.611111111111 0.694444444444 0.645698427382 0.53884180791
0.724770642202 0.388888888889 0.722222222222 0.63829787234 0.618644067797
0.602228047182 0.277777777778 0.611111111111 0.667900092507 0.514124293785
0.615334207077 0.388888888889 0.638888888889 0.667900092507 0.514124293785
0.575360419397 0.222222222222 0.527777777778 0.523589269195 0.303672316384
0.570117955439 0.444444444444 0.527777777778 0.49861239593 0.276129943503
0.602883355177 0.222222222222 0.527777777778 0.462534690102 0.329802259887
0.602883355177 0.222222222222 0.527777777778 0.462534690102 0.329802259887
0.602228047182 0.277777777778 0.611111111111 0.667900092507 0.514124293785
0.602228047182 0.277777777778 0.611111111111 0.667900092507 0.514124293785
0.692660550459 0.222222222222 0.611111111111 0.510638297872 0.438559322034
0.725425950197 0.444444444444 0.666666666667 0.614246068455 0.52895480226
0.507863695937 0.111111111111 0.472222222222 0.290471785384 0.315677966102
0.507863695937 0.111111111111 0.472222222222 0.290471785384 0.315677966102
0.646788990826 0.111111111111 0.555555555556 0.444958371878 0.470338983051
0.678899082569 0.111111111111 0.583333333333 0.469935245143 0.497881355932
0.64744429882 0.0 0.611111111111 0.5467160037 0.503531073446
0.841415465269 0.722222222222 0.861111111111 0.832562442183 0.734463276836
0.70249017038 0.333333333333 0.694444444444 0.716928769658 0.514830508475
0.691349934469 0.277777777778 0.555555555556 0.427382053654 0.419491525424
0.66120576671 0.277777777778 0.666666666667 0.576318223867 0.530367231638
0.816513761468 0.777777777778 0.722222222222 0.628122109158 0.685734463277
0.529488859764 0.111111111111 0.555555555556 0.381128584644 0.417372881356
0.634338138925 0.944444444444 0.611111111111 0.578168362627 0.483050847458
0.693971166448 0.166666666667 0.722222222222 0.760407030527 0.620056497175
0.569462647444 0.111111111111 0.527777777778 0.486586493987 0.411016949153
0.690694626474 0.833333333333 0.722222222222 0.68362627197 0.52895480226
0.634338138925 0.388888888889 0.638888888889 0.606845513414 0.513418079096
0.714285714286 0.666666666667 0.666666666667 0.582793709528 0.666666666667
0.749017038008 0.222222222222 0.722222222222 0.686401480111 0.552966101695
0.763433813893 0.5 0.833333333333 0.905642923219 0.710451977401
0.731323722149 0.333333333333 0.777777777778 0.882516188714 0.666666666667
0.726081258191 0.388888888889 0.694444444444 0.739130434783 0.565677966102
0.747051114024 0.666666666667 0.75 0.641998149861 0.617937853107
0.733289646134 0.0 0.638888888889 0.594819611471 0.486581920904
0.652686762779 0.833333333333 0.611111111111 0.606845513414 0.5
0.593053735256 0.277777777778 0.583333333333 0.644773358002 0.45197740113
0.547837483617 0.111111111111 0.5 0.338575393154 0.36511299435
0.709698558322 0.166666666667 0.75 0.786308973173 0.635593220339
0.678899082569 0.666666666667 0.694444444444 0.679000925069 0.580508474576
0.895150720839 0.833333333333 0.861111111111 0.736355226642 0.798728813559
0.634338138925 0.111111111111 0.638888888889 0.576318223867 0.530367231638
0.524901703801 0.388888888889 0.472222222222 0.310823311748 0.345338983051
0.794233289646 0.166666666667 0.75 0.783533765032 0.620056497175
0.655307994758 0.222222222222 0.638888888889 0.559666975023 0.410310734463
0.758191349934 0.0 0.722222222222 0.678075855689 0.600988700565
0.71494102228 0.0555555555556 0.694444444444 0.717853839038 0.574858757062
0.792922673657 0.777777777778 0.777777777778 0.708603145236 0.652542372881
0.746395806029 0.388888888889 0.805555555556 0.7289546716 0.720338983051
0.746395806029 0.388888888889 0.805555555556 0.7289546716 0.720338983051
1.0 0.833333333333 1.0 0.881591119334 1.0
0.608125819135 0.277777777778 0.583333333333 0.520814061055 0.459039548023
0.752948885976 0.277777777778 0.722222222222 0.606845513414 0.573446327684
0.752948885976 0.277777777778 0.722222222222 0.606845513414 0.573446327684
0.66120576671 0.277777777778 0.666666666667 0.576318223867 0.530367231638
0.634338138925 0.111111111111 0.638888888889 0.576318223867 0.530367231638
0.730668414155 0.555555555556 0.722222222222 0.658649398705 0.611581920904
0.529488859764 0.388888888889 0.555555555556 0.618871415356 0.324858757062
0.680209698558 0.388888888889 0.666666666667 0.565217391304 0.507062146893
0.62123197903 0.166666666667 0.611111111111 0.540240518039 0.479519774011
0.706422018349 0.222222222222 0.666666666667 0.571692876966 0.531073446328
0.677588466579 0.277777777778 0.722222222222 0.643848288622 0.588276836158
0.701179554391 0.166666666667 0.75 0.768732654949 0.628531073446
0.681520314548 0.0555555555556 0.666666666667 0.7289546716 0.58686440678
0.609436435125 0.388888888889 0.611111111111 0.550416281221 0.485875706215
0.577326343381 0.388888888889 0.583333333333 0.525439407956 0.458333333333
0.701834862385 0.111111111111 0.694444444444 0.704902867715 0.638418079096
0.609436435125 0.388888888889 0.611111111111 0.550416281221 0.485875706215
0.665792922674 0.222222222222 0.666666666667 0.613320999075 0.591101694915
0.829619921363 0.277777777778 0.805555555556 0.825161887142 0.74011299435
0.788990825688 0.333333333333 0.805555555556 0.775208140611 0.692796610169
0.681520314548 0.0555555555556 0.666666666667 0.7289546716 0.58686440678
0.506553079948 0.222222222222 0.472222222222 0.340425531915 0.278248587571
0.566841415465 0.222222222222 0.611111111111 0.59296947271 0.516242937853
0.868938401048 0.277777777778 0.916666666667 0.839037927845 0.879237288136
0.865661861075 0.277777777778 0.888888888889 0.77150786309 0.821327683616
0.866972477064 0.0555555555556 0.888888888889 0.945420906568 0.91313559322
0.866972477064 0.0555555555556 0.888888888889 0.945420906568 0.91313559322
0.657929226737 0.0 0.555555555556 0.481036077706 0.429378531073
0.756880733945 0.277777777778 0.75 0.777058279371 0.675847457627
0.762778505898 0.888888888889 0.777777777778 0.675300647549 0.632768361582
0.681520314548 0.0555555555556 0.666666666667 0.7289546716 0.58686440678
0.928571428571 0.722222222222 0.861111111111 0.852913968548 0.736581920904
0.551769331586 0.222222222222 0.527777777778 0.516188714154 0.360169491525
0.507863695937 0.111111111111 0.472222222222 0.290471785384 0.315677966102
0.570773263434 0.222222222222 0.5 0.437557816836 0.302259887006
0.609436435125 0.277777777778 0.638888888889 0.621646623497 0.504943502825
0.791612057667 0.666666666667 0.805555555556 0.767807585569 0.823446327684
0.771952817824 0.777777777778 0.694444444444 0.647548566142 0.561440677966
0.684796854522 0.222222222222 0.583333333333 0.481036077706 0.429378531073
0.569462647444 0.111111111111 0.527777777778 0.486586493987 0.411016949153
0.665792922674 0.222222222222 0.666666666667 0.613320999075 0.591101694915
0.575360419397 0.222222222222 0.527777777778 0.523589269195 0.303672316384
0.596330275229 0.111111111111 0.527777777778 0.449583718779 0.387005649718
0.615334207077 0.388888888889 0.638888888889 0.667900092507 0.514124293785
0.769331585845 0.166666666667 0.694444444444 0.732654949121 0.687146892655
0.679554390564 0.277777777778 0.722222222222 0.599444958372 0.574152542373
0.679554390564 0.277777777778 0.722222222222 0.599444958372 0.574152542373
0.664482306684 0.277777777778 0.638888888889 0.513413506013 0.437853107345
0.800131061599 0.333333333333 0.805555555556 0.848288621647 0.687853107345
0.737876802097 0.333333333333 0.75 0.837187789084 0.647598870056
0.86369593709 0.222222222222 0.888888888889 0.842738205365 0.812146892655
0.749672346003 0.777777777778 0.722222222222 0.659574468085 0.673728813559
0.545871559633 0.166666666667 0.5 0.510638297872 0.397598870056
0.634338138925 0.111111111111 0.694444444444 0.654949121184 0.545197740113
0.585845347313 0.111111111111 0.611111111111 0.562442183164 0.459745762712
0.724115334207 0.222222222222 0.666666666667 0.759481961147 0.533898305085
0.691349934469 0.277777777778 0.555555555556 0.427382053654 0.419491525424
0.609436435125 0.277777777778 0.638888888889 0.621646623497 0.504943502825
0.72870249017 0.888888888889 0.694444444444 0.619796484736 0.590395480226
0.884010484928 0.833333333333 0.833333333333 0.706753006475 0.735875706215
0.788990825688 0.333333333333 0.805555555556 0.775208140611 0.692796610169
