0.584735576923 0.0 0.702702702703 0.762962962963 0.685990338164
0.685697115385 0.5 0.702702702703 0.609523809524 0.695652173913
0.643028846154 0.0 0.72972972973 0.830687830688 0.723947550035
0.679086538462 0.5 0.72972972973 0.566137566138 0.605935127674
0.5859375 0.0 0.621621621622 0.529100529101 0.512077294686
0.548076923077 0.0 0.648648648649 0.653968253968 0.552795031056
0.557091346154 0.0 0.648648648649 0.657142857143 0.563837129055
0.569711538462 0.5 0.675675675676 0.684656084656 0.641131815045
0.583533653846 0.0 0.594594594595 0.499470899471 0.506556245687
0.554086538462 0.5 0.648648648649 0.580952380952 0.56314699793
0.588341346154 0.0 0.621621621622 0.58835978836 0.55900621118
0.638822115385 0.0 0.702702702703 0.674074074074 0.600414078675
0.624399038462 0.0 0.702702702703 0.844444444444 0.730848861284
0.444711538462 0.5 0.540540540541 0.466666666667 0.462387853692
0.611177884615 0.0 0.756756756757 0.926984126984 0.733609385783
0.552884615385 0.0 0.621621621622 0.631746031746 0.558316080055
0.594350961538 0.0 0.72972972973 0.844444444444 0.672877846791
0.566105769231 0.5 0.648648648649 0.678306878307 0.652173913043
0.475961538462 0.0 0.513513513514 0.395767195767 0.383712905452
0.569110576923 0.0 0.621621621622 0.62328042328 0.56176673568
0.728966346154 0.5 0.783783783784 0.806349206349 0.786749482402
0.799278846154 0.5 0.864864864865 0.907936507937 0.861973775017
0.560096153846 0.0 0.675675675676 0.760846560847 0.614906832298
0.600961538462 0.0 0.621621621622 0.643386243386 0.605935127674
0.548076923077 0.0 0.621621621622 0.632804232804 0.543133195307
0.608173076923 0.5 0.702702702703 0.645502645503 0.6038647343
1.0 0.5 1.0 1.0 1.0
0.686298076923 0.0 0.756756756757 0.887830687831 0.761904761905
0.6875 0.0 0.702702702703 0.716402116402 0.670117322291
0.609375 1.0 0.702702702703 0.697354497354 0.718426501035
0.591346153846 0.0 0.675675675676 0.680423280423 0.570048309179
0.509615384615 0.5 0.621621621622 0.621164021164 0.56314699793
0.624399038462 0.0 0.648648648649 0.628571428571 0.585231193927
0.489783653846 0.5 0.567567567568 0.508994708995 0.501035196687
0.753004807692 0.5 0.756756756757 0.796825396825 0.819875776398
0.652644230769 0.0 0.72972972973 0.880423280423 0.746031746032
0.593149038462 0.5 0.648648648649 0.562962962963 0.566597653554
0.564903846154 0.0 0.648648648649 0.716402116402 0.597653554175
0.690504807692 0.0 0.675675675676 0.665608465608 0.652864044168
0.614783653846 0.5 0.675675675676 0.718518518519 0.693581780538
0.669471153846 0.0 0.72972972973 0.77671957672 0.672187715666
0.554086538462 0.5 0.621621621622 0.584126984127 0.572118702553
0.709735576923 0.5 0.783783783784 0.878306878307 0.815734989648
0.493990384615 0.5 0.594594594595 0.61164021164 0.56176673568
0.642427884615 0.0 0.675675675676 0.681481481481 0.616977225673
0.484975961538 0.0 0.486486486486 0.396825396825 0.405797101449
0.596153846154 0.0 0.648648648649 0.707936507937 0.619737750173
0.6484375 0.5 0.702702702703 0.708994708995 0.689440993789
0.764423076923 1.0 0.783783783784 0.591534391534 0.695652173913
0.471754807692 0.5 0.486486486486 0.368253968254 0.43823326432
0.547475961538 0.0 0.594594594595 0.57671957672 0.512077294686
0.595552884615 0.0 0.648648648649 0.643386243386 0.56038647343
0.628004807692 0.0 0.702702702703 0.750264550265 0.629399585921
0.596754807692 0.0 0.621621621622 0.564021164021 0.51966873706
0.771634615385 0.0 0.810810810811 0.863492063492 0.760524499655
0.556490384615 0.0 0.621621621622 0.647619047619 0.550034506556
0.716947115385 0.0 0.702702702703 0.710052910053 0.68253968254
0.584735576923 0.0 0.621621621622 0.575661375661 0.516218081435
0.583533653846 0.5 0.594594594595 0.493121693122 0.543133195307
0.692908653846 0.0 0.72972972973 0.77671957672 0.686680469289
0.544471153846 0.5 0.648648648649 0.693121693122 0.618357487923
0.645432692308 0.0 0.702702702703 0.716402116402 0.613526570048
0.591947115385 0.0 0.675675675676 0.741798941799 0.608695652174
0.557091346154 0.5 0.675675675676 0.718518518519 0.625258799172
0.5625 0.0 0.621621621622 0.632804232804 0.538992408558
0.615985576923 0.0 0.675675675676 0.760846560847 0.647342995169
0.870192307692 0.5 0.918918918919 0.870899470899 0.823326432022
0.582331730769 0.0 0.675675675676 0.772486772487 0.623188405797
0.651442307692 0.5 0.72972972973 0.734391534392 0.67701863354
0.561899038462 0.0 0.648648648649 0.710052910053 0.575569358178
0.530048076923 0.0 0.621621621622 0.693121693122 0.555555555556
0.639423076923 1.0 0.702702702703 0.642328042328 0.683229813665
0.519230769231 0.5 0.594594594595 0.526984126984 0.501035196687
0.724158653846 0.0 0.783783783784 0.845502645503 0.71635610766
0.530649038462 0.0 0.594594594595 0.626455026455 0.524499654934
0.545673076923 0.0 0.594594594595 0.604232804233 0.520358868185
0.639423076923 0.0 0.648648648649 0.633862433862 0.585231193927
0.707331730769 0.5 0.783783783784 0.648677248677 0.601794340925
0.5625 0.0 0.648648648649 0.65291005291 0.52380952381
0.533052884615 0.5 0.567567567568 0.462433862434 0.483781918565
0.643028846154 0.5 0.702702702703 0.713227513228 0.672187715666
0.698317307692 0.5 0.72972972973 0.534391534392 0.547964113182
0.582932692308 0.0 0.648648648649 0.700529100529 0.583160800552
0.683293269231 0.5 0.702702702703 0.720634920635 0.71773636991
0.477163461538 0.0 0.594594594595 0.633862433862 0.473429951691
0.5234375 0.0 0.594594594595 0.592592592593 0.484472049689
0.65625 0.0 0.756756756757 0.837037037037 0.661835748792
0.623197115385 0.5 0.675675675676 0.677248677249 0.643892339545
0.755408653846 0.5 0.810810810811 0.89417989418 0.825396825397
0.772235576923 0.5 0.783783783784 0.734391534392 0.732919254658
0.615985576923 0.5 0.702702702703 0.680423280423 0.611456176674
0.666466346154 0.5 0.648648648649 0.57037037037 0.621808143547
0.530048076923 0.0 0.594594594595 0.648677248677 0.534161490683
0.703125 0.0 0.72972972973 0.779894179894 0.68391994479
0.667668269231 0.0 0.72972972973 0.785185185185 0.652864044168
0.565504807692 0.5 0.648648648649 0.665608465608 0.6011042098
0.727764423077 0.0 0.756756756757 0.879365079365 0.765355417529
0.682692307692 0.0 0.702702702703 0.701587301587 0.622498274672
0.524639423077 0.0 0.540540540541 0.52380952381 0.474810213941
0.555288461538 0.0 0.621621621622 0.666666666667 0.545893719807
0.544471153846 0.0 0.594594594595 0.608465608466 0.512077294686
0.768629807692 0.0 0.756756756757 0.84126984127 0.772256728778
0.579326923077 0.0 0.648648648649 0.70582010582 0.573498964803
0.588341346154 0.0 0.621621621622 0.661375661376 0.570048309179
0.528846153846 0.5 0.540540540541 0.420105820106 0.456866804693
0.594951923077 0.5 0.675675675676 0.728042328042 0.650103519669
0.515024038462 0.5 0.567567567568 0.55873015873 0.533471359558
0.643629807692 0.0 0.702702702703 0.742857142857 0.612146307798
0.583533653846 0.0 0.648648648649 0.712169312169 0.579710144928
0.689302884615 0.0 0.756756756757 0.86455026455 0.706694271912
0.728966346154 0.0 0.756756756757 0.822222222222 0.710144927536
0.639423076923 0.0 0.648648648649 0.689947089947 0.615596963423
0.631610576923 0.0 0.594594594595 0.550264550265 0.542443064182
0.569110576923 0.5 0.594594594595 0.512169312169 0.517598343685
0.670673076923 0.0 0.675675675676 0.713227513228 0.63768115942
0.666466346154 0.5 0.72972972973 0.749206349206 0.68115942029
0.640625 0.5 0.702702702703 0.784126984127 0.711525189786
0.46875 0.0 0.513513513514 0.437037037037 0.361628709455
0.534254807692 0.5 0.594594594595 0.562962962963 0.524499654934
0.706129807692 0.0 0.702702702703 0.774603174603 0.697032436163
0.541466346154 0.0 0.594594594595 0.62962962963 0.51690821256
0.6171875 0.5 0.648648648649 0.633862433862 0.613526570048
0.588341346154 0.0 0.648648648649 0.749206349206 0.611456176674
0.609975961538 0.5 0.72972972973 0.786243386243 0.654934437543
0.7890625 0.5 0.810810810811 0.759788359788 0.730158730159
0.542668269231 0.0 0.540540540541 0.511111111111 0.470669427191
0.559495192308 0.5 0.648648648649 0.658201058201 0.575569358178
0.763822115385 0.5 0.810810810811 0.794708994709 0.733609385783
0.614182692308 0.0 0.594594594595 0.529100529101 0.502415458937
0.590144230769 0.0 0.675675675676 0.805291005291 0.632160110421
0.521033653846 0.0 0.567567567568 0.572486772487 0.472739820566
0.637019230769 0.0 0.72972972973 0.8 0.620427881297
0.569110576923 0.0 0.594594594595 0.550264550265 0.474810213941
0.550480769231 0.0 0.594594594595 0.551322751323 0.456866804693
0.670673076923 0.5 0.675675675676 0.525925925926 0.545203588682
0.574519230769 0.0 0.621621621622 0.708994708995 0.587301587302
0.599158653846 0.5 0.621621621622 0.54708994709 0.545203588682
0.575120192308 0.0 0.621621621622 0.633862433862 0.523119392685
0.651442307692 0.0 0.648648648649 0.637037037037 0.574879227053
0.530649038462 0.5 0.648648648649 0.739682539683 0.612836438923
0.555889423077 0.0 0.594594594595 0.617989417989 0.516218081435
0.585336538462 0.0 0.594594594595 0.565079365079 0.500345065562
0.542668269231 0.5 0.621621621622 0.603174603175 0.534161490683
0.569711538462 0.5 0.594594594595 0.536507936508 0.531400966184
0.6015625 0.0 0.621621621622 0.659259259259 0.569358178054
0.621394230769 0.0 0.567567567568 0.49417989418 0.502415458937
0.667668269231 0.0 0.72972972973 0.77671957672 0.624568668047
0.581730769231 0.0 0.648648648649 0.699470899471 0.553485162181
0.434495192308 0.5 0.486486486486 0.401058201058 0.385093167702
0.542668269231 0.5 0.567567567568 0.489947089947 0.487922705314
0.534855769231 0.5 0.567567567568 0.549206349206 0.530020703934
0.6171875 0.0 0.594594594595 0.628571428571 0.581090407177
0.673677884615 0.0 0.702702702703 0.795767195767 0.671497584541
0.4453125 0.5 0.513513513514 0.486772486772 0.43961352657
0.491586538462 0.5 0.594594594595 0.598941798942 0.500345065562
0.549879807692 0.0 0.594594594595 0.608465608466 0.494824016563
0.591947115385 0.0 0.621621621622 0.692063492063 0.581090407177
0.538461538462 0.0 0.540540540541 0.520634920635 0.462387853692
0.602163461538 0.5 0.621621621622 0.616931216931 0.5983436853
0.496995192308 0.5 0.540540540541 0.44126984127 0.424430641822
0.528846153846 0.5 0.621621621622 0.560846560847 0.476880607315
0.539663461538 0.0 0.567567567568 0.539682539683 0.452035886818
0.536057692308 0.0 0.567567567568 0.537566137566 0.446514837819
0.651442307692 0.0 0.675675675676 0.692063492063 0.585231193927
0.482572115385 0.0 0.594594594595 0.634920634921 0.448585231194
0.644831730769 0.0 0.72972972973 0.844444444444 0.652864044168
0.536658653846 0.0 0.567567567568 0.603174603175 0.499654934438
0.658653846154 0.0 0.702702702703 0.755555555556 0.616287094548
0.632211538462 0.5 0.675675675676 0.555555555556 0.51690821256
0.528846153846 0.0 0.513513513514 0.491005291005 0.449275362319
0.543870192308 0.0 0.594594594595 0.655026455026 0.52242926156
0.519831730769 0.0 0.567567567568 0.557671957672 0.44237405107
0.577524038462 0.0 0.621621621622 0.661375661376 0.533471359558
0.594350961538 0.0 0.594594594595 0.609523809524 0.532781228433
0.672475961538 0.0 0.648648648649 0.627513227513 0.572118702553
0.5546875 0.0 0.621621621622 0.68253968254 0.527260179434
0.612379807692 0.0 0.675675675676 0.738624338624 0.576949620428
0.605769230769 0.0 0.675675675676 0.761904761905 0.589371980676
0.658052884615 0.0 0.675675675676 0.756613756614 0.636991028295
0.545072115385 0.0 0.567567567568 0.571428571429 0.473429951691
0.513822115385 0.0 0.540540540541 0.486772486772 0.396825396825
0.661658653846 0.0 0.72972972973 0.794708994709 0.617667356798
0.555889423077 0.0 0.567567567568 0.606349206349 0.513457556936
0.569711538462 0.0 0.594594594595 0.631746031746 0.521739130435
0.661057692308 0.0 0.675675675676 0.722751322751 0.608695652174
0.537259615385 0.0 0.594594594595 0.591534391534 0.454106280193
0.539663461538 0.0 0.594594594595 0.631746031746 0.490683229814
0.621394230769 0.0 0.594594594595 0.635978835979 0.575569358178
0.613581730769 0.0 0.594594594595 0.586243386243 0.525189786059
0.719350961538 0.5 0.702702702703 0.780952380952 0.75845410628
0.612379807692 0.0 0.567567567568 0.534391534392 0.503795721187
0.597355769231 0.0 0.567567567568 0.520634920635 0.475500345066
0.4765625 0.0 0.513513513514 0.532275132275 0.417529330573
0.655048076923 0.0 0.675675675676 0.630687830688 0.517598343685
0.582331730769 0.0 0.540540540541 0.513227513228 0.47895100069
0.633413461538 0.0 0.594594594595 0.579894179894 0.532781228433
0.608774038462 0.0 0.567567567568 0.542857142857 0.503105590062
0.621995192308 0.0 0.594594594595 0.626455026455 0.56038647343
0.533052884615 0.0 0.567567567568 0.533333333333 0.418909592823
0.593149038462 0.0 0.594594594595 0.555555555556 0.467908902692
