0.697119341564 0.428571428571 0.793103448276 0.695600475624 0.670286278381
0.701234567901 0.428571428571 0.827586206897 0.782401902497 0.751233958539
0.710288065844 0.857142857143 0.724137931034 0.655172413793 0.543928923988
0.744032921811 1.0 0.758620689655 0.655172413793 0.543928923988
0.62633744856 0.428571428571 0.551724137931 0.325802615933 0.479763079961
0.586008230453 0.428571428571 0.51724137931 0.293697978597 0.441263573544
0.622222222222 0.428571428571 0.51724137931 0.239001189061 0.398815399803
0.62633744856 0.428571428571 0.551724137931 0.325802615933 0.479763079961
0.77366255144 0.428571428571 0.689655172414 0.583828775268 0.745310957552
0.77366255144 0.428571428571 0.689655172414 0.583828775268 0.745310957552
0.653497942387 0.571428571429 0.689655172414 0.412604042806 0.572556762093
0.653497942387 0.571428571429 0.689655172414 0.412604042806 0.572556762093
0.716872427984 0.285714285714 0.620689655172 0.551724137931 0.706811451135
0.716872427984 0.285714285714 0.620689655172 0.551724137931 0.706811451135
0.879835390947 0.0 0.862068965517 0.810939357907 0.759131293189
0.83950617284 0.0 0.827586206897 0.778834720571 0.720631786772
0.896296296296 0.285714285714 0.896551724138 0.925089179548 0.953603158934
0.896296296296 0.285714285714 0.896551724138 0.925089179548 0.953603158934
0.62633744856 0.428571428571 0.551724137931 0.325802615933 0.479763079961
0.558847736626 0.428571428571 0.413793103448 0.177170035672 0.299111549852
0.933333333333 0.142857142857 0.793103448276 0.625445897741 0.742349457058
0.933333333333 0.142857142857 0.793103448276 0.625445897741 0.742349457058
0.913580246914 0.285714285714 0.896551724138 0.810939357907 0.759131293189
0.886419753086 0.285714285714 0.793103448276 0.694411414982 0.616979269497
0.926748971193 0.857142857143 1.0 1.0 0.817374136229
0.886419753086 0.857142857143 0.965517241379 0.967895362663 0.778874629812
0.733333333333 0.428571428571 0.655172413793 0.551724137931 0.706811451135
0.784362139918 0.285714285714 0.758620689655 0.700356718193 0.887462981244
0.846090534979 0.285714285714 0.827586206897 0.727705112961 0.840078973346
0.83950617284 0.428571428571 0.827586206897 0.695600475624 0.80157946693
0.846090534979 0.285714285714 0.827586206897 0.727705112961 0.840078973346
0.841975308642 0.285714285714 0.793103448276 0.640903686088 0.759131293189
0.710288065844 0.857142857143 0.724137931034 0.655172413793 0.543928923988
0.716872427984 0.714285714286 0.758620689655 0.684898929845 0.605133267522
0.762962962963 0.0 0.862068965517 0.946492271106 0.828232971372
0.80329218107 0.0 0.896551724138 0.978596908442 0.866732477789
0.63621399177 0.571428571429 0.620689655172 0.36385255648 0.309970384995
0.63621399177 0.571428571429 0.620689655172 0.36385255648 0.309970384995
0.832098765432 0.428571428571 0.931034482759 0.780023781213 0.937808489635
0.832098765432 0.428571428571 0.931034482759 0.780023781213 0.937808489635
0.660905349794 0.428571428571 0.793103448276 0.750297265161 0.712734452122
0.633744855967 0.428571428571 0.689655172414 0.633769322235 0.57058242843
0.897942386831 0.285714285714 0.896551724138 0.816884661118 0.95853899309
0.804115226337 0.285714285714 0.689655172414 0.682520808561 0.583415597236
0.828806584362 0.142857142857 0.758620689655 0.662306777646 0.57847976308
0.812345679012 0.0 0.724137931034 0.662306777646 0.57847976308
0.578600823045 0.714285714286 0.551724137931 0.518430439952 0.245804540967
0.585185185185 0.571428571429 0.586206896552 0.548156956005 0.307008884501
0.987654320988 0.285714285714 0.896551724138 0.901307966706 1.0
0.987654320988 0.285714285714 0.896551724138 0.901307966706 1.0
0.869958847737 0.142857142857 0.689655172414 0.563614744352 0.642645607108
0.965432098765 0.857142857143 0.896551724138 0.969084423306 0.825271470879
1.0 0.428571428571 0.965517241379 0.925089179548 0.913129318855
1.0 0.428571428571 0.965517241379 0.925089179548 0.913129318855
0.60658436214 0.285714285714 0.620689655172 0.450653983353 0.390918065153
0.579423868313 0.285714285714 0.51724137931 0.334126040428 0.248766041461
0.716872427984 0.285714285714 0.620689655172 0.551724137931 0.706811451135
0.716872427984 0.285714285714 0.620689655172 0.551724137931 0.706811451135
0.61975308642 0.285714285714 0.655172413793 0.412604042806 0.572556762093
0.623868312757 0.285714285714 0.689655172414 0.499405469679 0.653504442251
0.798353909465 0.571428571429 0.827586206897 0.819262782402 0.747285291214
0.849382716049 0.714285714286 0.827586206897 0.821640903686 0.724580454097
0.640329218107 0.571428571429 0.655172413793 0.450653983353 0.390918065153
0.640329218107 0.571428571429 0.655172413793 0.450653983353 0.390918065153
0.599176954733 0.428571428571 0.448275862069 0.209274673008 0.337611056269
0.558847736626 0.428571428571 0.413793103448 0.177170035672 0.299111549852
0.875720164609 0.428571428571 0.827586206897 0.640903686088 0.759131293189
0.875720164609 0.428571428571 0.827586206897 0.640903686088 0.759131293189
0.951440329218 0.142857142857 0.862068965517 0.782401902497 0.865745310958
0.985185185185 0.285714285714 0.896551724138 0.782401902497 0.865745310958
0.818930041152 0.285714285714 0.724137931034 0.611177170036 0.697926949654
0.818930041152 0.285714285714 0.724137931034 0.611177170036 0.697926949654
0.697119341564 0.428571428571 0.793103448276 0.695600475624 0.670286278381
0.656790123457 0.428571428571 0.758620689655 0.663495838288 0.631786771964
0.61646090535 0.285714285714 0.689655172414 0.633769322235 0.57058242843
0.640329218107 0.142857142857 0.689655172414 0.665873959572 0.609081934847
0.790946502058 0.571428571429 0.689655172414 0.583828775268 0.745310957552
0.790946502058 0.571428571429 0.689655172414 0.583828775268 0.745310957552
0.657613168724 0.571428571429 0.724137931034 0.499405469679 0.653504442251
0.623868312757 0.285714285714 0.689655172414 0.499405469679 0.653504442251
