0.526754690757 0.333333333333 0.48 0.297260273973 0.24960254372
0.577484364142 0.0 0.52 0.409589041096 0.37519872814
0.526754690757 0.333333333333 0.48 0.297260273973 0.24960254372
0.546907574705 0.333333333333 0.44 0.328767123288 0.193958664547
0.455177206393 0.333333333333 0.36 0.195890410959 0.133545310016
0.659485753996 0.5 0.56 0.523287671233 0.35453100159
0.422515635858 0.333333333333 0.32 0.195890410959 0.133545310016
0.585823488534 0.166666666667 0.48 0.447945205479 0.238473767886
0.514940931202 0.333333333333 0.44 0.334246575342 0.321144674086
0.530229325921 0.333333333333 0.4 0.135616438356 0.0190779014308
0.435719249479 0.166666666667 0.4 0.342465753425 0.248012718601
0.705350938151 0.333333333333 0.64 0.568493150685 0.570747217806
0.560806115358 0.333333333333 0.48 0.430136986301 0.461049284579
0.57192494788 0.5 0.44 0.327397260274 0.203497615262
0.805420430855 0.833333333333 0.72 0.550684931507 0.68680445151
0.532314107019 0.0 0.48 0.458904109589 0.464228934817
0.359277275886 0.166666666667 0.28 0.241095890411 0.131955484897
0.475330090341 0.333333333333 0.4 0.312328767123 0.278219395866
0.423905489924 0.0 0.32 0.297260273973 0.206677265501
0.475330090341 0.666666666667 0.4 0.283561643836 0.259141494436
0.391938846421 0.0 0.32 0.323287671233 0.236883942766
0.345378735233 0.0 0.28 0.323287671233 0.236883942766
0.719944405837 0.5 0.64 0.660273972603 0.526232114467
0.502432244614 0.0 0.4 0.328767123288 0.193958664547
0.645587213343 0.0 0.56 0.243835616438 0.275039745628
0.450312717165 0.166666666667 0.48 0.57397260274 0.564387917329
0.408617095205 0.333333333333 0.32 0.195890410959 0.133545310016
0.821403752606 0.833333333333 0.76 0.569863013699 0.531001589825
0.523974982627 0.5 0.4 0.364383561644 0.163751987281
0.433634468381 0.0 0.4 0.271232876712 0.24960254372
0.539263377345 0.333333333333 0.44 0.249315068493 0.193958664547
0.461431549687 0.333333333333 0.36 0.195890410959 0.133545310016
0.761640027797 0.5 0.64 0.701369863014 0.526232114467
0.740792216817 0.166666666667 0.68 0.83698630137 0.756756756757
0.565670604587 0.5 0.48 0.465753424658 0.430842607313
0.838776928423 0.666666666667 0.8 0.802739726027 0.68680445151
0.67616400278 0.5 0.6 0.535616438356 0.573926868045
0.433634468381 0.0 0.4 0.343835616438 0.389507154213
0.483669214732 0.0 0.4 0.384931506849 0.230524642289
0.483669214732 0.0 0.4 0.384931506849 0.230524642289
0.627519110493 0.333333333333 0.6 0.591780821918 0.591414944356
0.712995135511 0.5 0.64 0.493150684932 0.340222575517
0.481584433634 0.0 0.36 0.221917808219 0.0906200317965
0.405837387074 0.0 0.36 0.271232876712 0.24960254372
0.618485059069 0.333333333333 0.48 0.345205479452 0.348171701113
0.443363446838 0.0 0.44 0.394520547945 0.341812400636
0.502432244614 0.0 0.4 0.249315068493 0.193958664547
0.662265462126 0.333333333333 0.6 0.471232876712 0.344992050874
0.359972202919 0.0 0.28 0.21095890411 0.135135135135
0.6553161918 0.333333333333 0.56 0.531506849315 0.41653418124
0.635163307853 0.333333333333 0.6 0.532876712329 0.613672496025
0.546907574705 0.333333333333 0.44 0.404109589041 0.310015898251
0.574704656011 0.333333333333 0.48 0.445205479452 0.344992050874
0.502432244614 0.0 0.4 0.282191780822 0.205087440382
0.432244614315 0.333333333333 0.36 0.195890410959 0.133545310016
0.535093815149 0.333333333333 0.48 0.271232876712 0.24960254372
0.553856845031 0.0 0.48 0.369863013699 0.346581875994
0.512161223072 0.333333333333 0.4 0.297260273973 0.206677265501
0.362056984017 0.0 0.28 0.228767123288 0.12559618442
0.734537873523 0.666666666667 0.64 0.475342465753 0.344992050874
0.60041695622 0.333333333333 0.48 0.304109589041 0.203497615262
0.346073662265 0.0 0.24 0.135616438356 0.0190779014308
0.359972202919 0.166666666667 0.28 0.243835616438 0.128775834658
0.492008339124 0.0 0.48 0.46301369863 0.47853736089
0.78318276581 0.333333333333 0.8 0.719178082192 0.64546899841
0.687282835302 0.5 0.68 0.495890410959 0.470588235294
0.601806810285 0.333333333333 0.56 0.486301369863 0.346581875994
0.483669214732 0.0 0.4 0.384931506849 0.230524642289
0.569840166782 0.0 0.56 0.427397260274 0.33386327504
0.419735927728 0.0 0.36 0.271232876712 0.24960254372
0.484364141765 0.333333333333 0.44 0.271232876712 0.24960254372
0.61362056984 0.0 0.56 0.517808219178 0.484896661367
0.33148019458 0.0 0.24 0.135616438356 0.0190779014308
0.414871438499 0.333333333333 0.32 0.135616438356 0.0190779014308
0.574704656011 0.333333333333 0.48 0.445205479452 0.344992050874
0.574704656011 0.333333333333 0.48 0.445205479452 0.344992050874
0.456567060459 0.333333333333 0.4 0.271232876712 0.24960254372
0.446838082001 0.0 0.32 0.221917808219 0.0906200317965
0.817929117443 0.833333333333 0.8 0.764383561644 0.742448330684
0.61362056984 0.333333333333 0.52 0.290410958904 0.195548489666
0.504517025712 0.333333333333 0.44 0.42602739726 0.453100158983
0.572619874913 0.333333333333 0.44 0.309589041096 0.114467408585
0.421125781793 0.0 0.32 0.18904109589 0.0794912559618
0.862404447533 0.666666666667 0.88 0.815068493151 0.906200317965
0.341209173037 0.333333333333 0.24 0.135616438356 0.0190779014308
0.584433634468 0.333333333333 0.52 0.319178082192 0.225755166932
0.63446838082 0.333333333333 0.56 0.350684931507 0.310015898251
0.447533009034 0.333333333333 0.36 0.323287671233 0.236883942766
0.499652536484 0.166666666667 0.4 0.287671232877 0.12559618442
0.592077831828 0.5 0.6 0.478082191781 0.48012718601
0.607366226546 0.333333333333 0.52 0.386301369863 0.379968203498
0.593467685893 0.333333333333 0.48 0.31095890411 0.263910969793
0.67894371091 0.333333333333 0.6 0.475342465753 0.344992050874
0.647671994441 0.5 0.6 0.423287671233 0.410174880763
0.432939541348 0.0 0.4 0.271232876712 0.24960254372
0.730368311327 0.5 0.64 0.367123287671 0.386327503975
0.532314107019 0.0 0.48 0.458904109589 0.464228934817
0.59277275886 0.333333333333 0.48 0.417808219178 0.241653418124
0.540653231411 0.333333333333 0.52 0.309589041096 0.259141494436
0.540653231411 0.333333333333 0.52 0.309589041096 0.259141494436
0.405837387074 0.0 0.36 0.312328767123 0.278219395866
0.558026407227 0.0 0.48 0.376712328767 0.267090620032
0.546907574705 0.5 0.44 0.51095890411 0.349761526232
0.673384294649 0.0 0.6 0.428767123288 0.372019077901
0.659485753996 0.333333333333 0.6 0.521917808219 0.381558028617
0.69979152189 0.0 0.64 0.543835616438 0.426073131955
0.568450312717 0.333333333333 0.48 0.27397260274 0.206677265501
0.412091730368 0.166666666667 0.4 0.302739726027 0.321144674086
0.31341209173 0.333333333333 0.2 0.135616438356 0.0190779014308
0.571230020848 0.0 0.44 0.294520547945 0.214626391097
0.414871438499 0.333333333333 0.32 0.135616438356 0.0190779014308
0.546212647672 0.5 0.44 0.48904109589 0.27027027027
0.535788742182 0.666666666667 0.52 0.41095890411 0.430842607313
0.594857539958 0.166666666667 0.52 0.434246575342 0.29252782194
0.51424600417 0.333333333333 0.44 0.26301369863 0.122416534181
0.391938846421 0.0 0.32 0.195890410959 0.133545310016
0.572619874913 0.333333333333 0.44 0.309589041096 0.114467408585
0.394718554552 0.333333333333 0.32 0.271232876712 0.24960254372
0.508686587908 0.166666666667 0.48 0.356164383562 0.381558028617
0.61362056984 0.666666666667 0.56 0.38904109589 0.37519872814
0.512161223072 0.666666666667 0.4 0.135616438356 0.0190779014308
0.467685892981 0.0 0.36 0.256164383562 0.0540540540541
0.635163307853 0.333333333333 0.6 0.532876712329 0.613672496025
0.528144544823 0.0 0.44 0.345205479452 0.294117647059
0.512161223072 0.0 0.4 0.415068493151 0.265500794913
0.63446838082 0.333333333333 0.64 0.528767123288 0.553259141494
0.564975677554 0.333333333333 0.48 0.357534246575 0.321144674086
0.533009034051 0.333333333333 0.44 0.357534246575 0.321144674086
0.674079221682 0.333333333333 0.6 0.386301369863 0.308426073132
0.637943015983 0.166666666667 0.68 0.668493150685 0.559618441971
0.817929117443 0.833333333333 0.8 0.764383561644 0.742448330684
0.408617095205 0.0 0.36 0.271232876712 0.24960254372
0.75191104934 0.666666666667 0.68 0.397260273973 0.24960254372
0.599722029187 0.166666666667 0.52 0.579452054795 0.411764705882
0.736622654621 0.333333333333 0.64 0.415068493151 0.265500794913
1.0 1.0 1.0 1.0 1.0
0.348158443363 0.0 0.28 0.195890410959 0.133545310016
0.546907574705 0.333333333333 0.44 0.328767123288 0.193958664547
0.774148714385 0.666666666667 0.8 0.650684931507 0.581875993641
0.523974982627 0.5 0.4 0.364383561644 0.163751987281
0.475330090341 0.333333333333 0.4 0.312328767123 0.278219395866
0.442668519805 0.333333333333 0.44 0.364383561644 0.338632750397
0.585823488534 0.333333333333 0.48 0.369863013699 0.22893481717
0.701181375956 0.5 0.64 0.416438356164 0.302066772655
0.523280055594 0.666666666667 0.48 0.4 0.306836248013
0.477414871438 0.0 0.36 0.256164383562 0.0540540540541
0.87977762335 0.333333333333 0.76 0.424657534247 0.438791732909
0.574704656011 0.333333333333 0.48 0.258904109589 0.276629570747
0.499652536484 0.166666666667 0.4 0.287671232877 0.12559618442
0.560111188325 0.0 0.52 0.476712328767 0.410174880763
0.669214732453 0.5 0.6 0.47397260274 0.440381558029
0.475330090341 0.0 0.44 0.343835616438 0.389507154213
0.578874218207 0.166666666667 0.48 0.434246575342 0.306836248013
0.662265462126 0.166666666667 0.64 0.680821917808 0.527821939587
0.710910354413 0.666666666667 0.68 0.557534246575 0.718600953895
0.442668519805 0.5 0.36 0.368493150685 0.235294117647
0.475330090341 0.333333333333 0.4 0.312328767123 0.278219395866
0.394718554552 0.333333333333 0.32 0.271232876712 0.24960254372
0.648366921473 0.666666666667 0.6 0.47397260274 0.359300476948
0.495482974288 0.0 0.44 0.343835616438 0.373608903021
0.461431549687 0.5 0.4 0.315068493151 0.330683624801
0.405837387074 0.166666666667 0.36 0.315068493151 0.330683624801
0.659485753996 0.5 0.56 0.523287671233 0.35453100159
0.776928422516 0.5 0.76 0.564383561644 0.551669316375
0.584433634468 0.333333333333 0.56 0.450684931507 0.357710651828
0.511466296039 0.166666666667 0.44 0.369863013699 0.308426073132
0.475330090341 0.333333333333 0.4 0.312328767123 0.278219395866
0.61362056984 0.333333333333 0.52 0.398630136986 0.349761526232
0.771369006254 0.333333333333 0.72 0.742465753425 0.662957074722
0.535093815149 0.666666666667 0.48 0.476712328767 0.344992050874
0.546907574705 0.333333333333 0.44 0.328767123288 0.193958664547
0.475330090341 0.0 0.44 0.343835616438 0.389507154213
0.521890201529 0.0 0.48 0.298630136986 0.306836248013
0.523974982627 0.333333333333 0.52 0.467123287671 0.465818759936
0.596942321056 0.0 0.52 0.545205479452 0.344992050874
0.549687282835 0.166666666667 0.52 0.379452054795 0.359300476948
0.447533009034 0.333333333333 0.36 0.323287671233 0.236883942766
0.456567060459 0.5 0.4 0.443835616438 0.351351351351
0.523974982627 0.5 0.4 0.364383561644 0.163751987281
0.38915913829 0.333333333333 0.32 0.135616438356 0.0190779014308
0.454482279361 0.5 0.4 0.304109589041 0.243243243243
0.553856845031 0.5 0.44 0.450684931507 0.235294117647
0.47255038221 0.5 0.4 0.227397260274 0.205087440382
0.637248088951 0.333333333333 0.6 0.358904109589 0.421303656598
0.67894371091 0.333333333333 0.6 0.475342465753 0.344992050874
0.502432244614 0.0 0.4 0.282191780822 0.205087440382
0.669214732453 0.5 0.6 0.47397260274 0.440381558029
0.502432244614 0.0 0.4 0.328767123288 0.193958664547
0.728978457262 0.333333333333 0.72 0.782191780822 0.772655007949
0.604586518416 0.666666666667 0.56 0.561643835616 0.564387917329
0.701181375956 0.5 0.6 0.68904109589 0.516693163752
0.546907574705 0.333333333333 0.44 0.328767123288 0.193958664547
0.706740792217 0.166666666667 0.68 0.641095890411 0.621621621622
0.338429464906 0.166666666667 0.28 0.268493150685 0.233704292528
0.661570535094 0.5 0.6 0.665753424658 0.529411764706
0.604586518416 0.166666666667 0.52 0.43698630137 0.303656597774
0.419735927728 0.0 0.36 0.271232876712 0.24960254372
0.463516330785 0.0 0.36 0.328767123288 0.193958664547
0.625434329395 0.166666666667 0.56 0.521917808219 0.523052464229
0.453787352328 0.0 0.4 0.364383561644 0.265500794913
