0.790985915493 1.0 0.733333333333 0.525490196078 0.659955257271
1.0 0.25 1.0 1.0 1.0
0.209014084507 0.0 0.133333333333 0.0970588235294 0.0134228187919
0.889577464789 0.5 0.9 0.93137254902 0.94966442953
0.927323943662 0.0 0.933333333333 0.757843137255 0.740492170022
0.8 0.75 0.833333333333 0.644117647059 0.55033557047
0.312112676056 0.5 0.3 0.250980392157 0.2225950783
0.52 0.75 0.5 0.259803921569 0.305369127517
0.251830985915 0.25 0.2 0.119607843137 0.0637583892617
0.91661971831 0.0 1.0 0.98137254902 0.898210290828
0.788732394366 0.5 0.8 0.849019607843 0.864653243848
0.886197183099 0.25 0.933333333333 0.762745098039 0.940715883669
0.889014084507 0.0 0.966666666667 0.76568627451 0.778523489933
0.237183098592 0.0 0.2 0.194117647059 0.175615212528
0.747042253521 0.0 0.833333333333 0.820588235294 0.640939597315
0.824225352113 0.0 0.9 0.810784313725 0.800894854586
0.259718309859 0.0 0.233333333333 0.163725490196 0.076062639821
0.823661971831 0.25 0.8 0.870588235294 0.88255033557
0.670985915493 0.0 0.766666666667 0.524509803922 0.530201342282
0.811267605634 0.5 0.866666666667 0.696078431373 0.681208053691
0.745915492958 0.75 0.766666666667 0.599019607843 0.631991051454
0.864225352113 0.0 0.933333333333 0.788235294118 0.700223713647
0.220281690141 0.0 0.166666666667 0.150980392157 0.0950782997763
0.831549295775 0.0 0.9 0.876470588235 0.821029082774
0.828169014085 0.0 0.866666666667 0.894117647059 0.835570469799
0.377464788732 0.25 0.333333333333 0.119607843137 0.0637583892617
0.644507042254 0.75 0.633333333333 0.353921568627 0.343400447427
0.676056338028 0.75 0.666666666667 0.350980392157 0.297539149888
0.468732394366 0.5 0.433333333333 0.233333333333 0.185682326622
0.498028169014 0.0 0.566666666667 0.603921568627 0.558165548098
0.486197183099 0.5 0.466666666667 0.508823529412 0.473154362416
0.691830985915 0.0 0.8 0.617647058824 0.620805369128
0.655774647887 0.75 0.7 0.532352941176 0.624161073826
0.379718309859 0.5 0.366666666667 0.197058823529 0.140939597315
0.428169014085 0.0 0.466666666667 0.379411764706 0.39485458613
0.522816901408 0.0 0.6 0.500980392157 0.435123042506
0.801690140845 0.0 0.866666666667 0.772549019608 0.568232662192
0.287887323944 0.0 0.3 0.260784313725 0.238255033557
0.209014084507 0.0 0.133333333333 0.0970588235294 0.0134228187919
0.812394366197 0.25 0.866666666667 0.910784313725 0.779642058166
0.448450704225 0.0 0.5 0.316666666667 0.244966442953
0.432112676056 0.0 0.4 0.16568627451 0.0413870246085
0.407323943662 0.5 0.4 0.292156862745 0.305369127517
0.310422535211 0.0 0.333333333333 0.260784313725 0.238255033557
0.461971830986 0.0 0.533333333333 0.421568627451 0.384787472036
0.270985915493 0.0 0.266666666667 0.217647058824 0.157718120805
0.534084507042 0.0 0.633333333333 0.544117647059 0.555928411633
0.533521126761 0.75 0.533333333333 0.326470588235 0.302013422819
0.338591549296 0.0 0.366666666667 0.333333333333 0.319910514541
0.602253521127 0.0 0.666666666667 0.451960784314 0.484340044743
0.604507042254 0.0 0.7 0.476470588235 0.492170022371
0.903661971831 0.0 0.9 0.676470588235 0.671140939597
0.634366197183 0.0 0.733333333333 0.600980392157 0.570469798658
0.601126760563 0.5 0.6 0.314705882353 0.334451901566
0.821971830986 0.0 0.866666666667 0.892156862745 0.805369127517
0.274366197183 0.25 0.233333333333 0.119607843137 0.0637583892617
0.445633802817 0.0 0.4 0.0970588235294 0.0134228187919
0.364507042254 0.0 0.4 0.405882352941 0.420581655481
0.387042253521 0.0 0.433333333333 0.405882352941 0.420581655481
0.305915492958 0.25 0.266666666667 0.119607843137 0.0637583892617
0.758309859155 0.25 0.833333333333 0.669607843137 0.644295302013
0.657464788732 0.0 0.7 0.71568627451 0.687919463087
0.231549295775 0.0 0.166666666667 0.0970588235294 0.0134228187919
0.617464788732 0.5 0.566666666667 0.276470588235 0.338926174497
0.839436619718 0.0 0.866666666667 0.780392156863 0.798657718121
0.251830985915 0.25 0.2 0.119607843137 0.0637583892617
0.615211267606 0.25 0.633333333333 0.463725490196 0.608501118568
0.769577464789 0.25 0.833333333333 0.744117647059 0.706935123043
0.699154929577 0.75 0.733333333333 0.735294117647 0.785234899329
0.852394366197 0.25 0.866666666667 0.711764705882 0.724832214765
0.736338028169 0.25 0.833333333333 0.68137254902 0.651006711409
0.779718309859 0.25 0.8 0.75 0.729306487696
0.56 0.0 0.466666666667 0.158823529412 0.0637583892617
0.772957746479 0.5 0.866666666667 0.804901960784 0.828859060403
0.722816901408 0.25 0.766666666667 0.572549019608 0.599552572707
0.598309859155 0.25 0.566666666667 0.414705882353 0.498881431767
0.867605633803 0.0 0.866666666667 0.607843137255 0.482102908277
0.624788732394 0.0 0.633333333333 0.73137254902 0.568232662192
0.879436619718 0.5 0.9 0.754901960784 0.663310961969
0.717183098592 0.0 0.766666666667 0.556862745098 0.57158836689
0.751549295775 0.0 0.8 0.688235294118 0.711409395973
0.54985915493 0.0 0.566666666667 0.505882352941 0.513422818792
0.692394366197 0.0 0.7 0.664705882353 0.703579418345
0.394929577465 0.0 0.4 0.273529411765 0.231543624161
0.528450704225 0.25 0.5 0.205882352941 0.0883668903803
0.805633802817 0.25 0.8 0.624509803922 0.700223713647
0.666478873239 0.25 0.666666666667 0.48431372549 0.595078299776
0.740281690141 0.5 0.833333333333 0.680392156863 0.736017897092
0.68 0.0 0.733333333333 0.580392156863 0.587248322148
0.701971830986 0.0 0.733333333333 0.646078431373 0.755033557047
0.828169014085 0.0 0.866666666667 0.650980392157 0.62192393736
0.865352112676 0.25 0.933333333333 0.83431372549 0.779642058166
0.874366197183 0.25 0.933333333333 0.777450980392 0.768456375839
0.634929577465 0.25 0.766666666667 0.770588235294 0.796420581655
0.623098591549 0.0 0.633333333333 0.447058823529 0.476510067114
0.442816901408 0.25 0.433333333333 0.367647058824 0.434004474273
0.650704225352 0.25 0.7 0.638235294118 0.680089485459
0.413521126761 0.25 0.433333333333 0.338235294118 0.315436241611
0.700281690141 0.0 0.733333333333 0.548039215686 0.543624161074
0.605070422535 0.0 0.633333333333 0.517647058824 0.496644295302
0.787042253521 0.25 0.866666666667 0.795098039216 0.765100671141
0.71323943662 0.0 0.7 0.499019607843 0.574944071588
0.64 0.0 0.633333333333 0.403921568627 0.305369127517
0.304225352113 0.0 0.233333333333 0.178431372549 0.136465324385
0.476056338028 0.25 0.4 0.109803921569 0.0771812080537
0.630422535211 0.5 0.666666666667 0.436274509804 0.476510067114
0.705352112676 0.25 0.733333333333 0.591176470588 0.620805369128
0.79323943662 0.0 0.733333333333 0.540196078431 0.546979865772
0.858591549296 0.25 0.833333333333 0.567647058824 0.530201342282
0.785915492958 0.25 0.766666666667 0.629411764706 0.768456375839
0.489577464789 0.0 0.466666666667 0.189215686275 0.12192393736
0.504788732394 0.25 0.5 0.471568627451 0.451901565996
0.387605633803 0.25 0.366666666667 0.171568627451 0.151006711409
0.828169014085 0.25 0.933333333333 0.828431372549 0.77293064877
0.705352112676 0.0 0.733333333333 0.503921568627 0.467561521253
0.321690140845 0.0 0.233333333333 0.13137254902 0.112975391499
0.461971830986 0.0 0.5 0.576470588235 0.459731543624
0.368450704225 0.0 0.333333333333 0.150980392157 0.0950782997763
0.728450704225 0.5 0.766666666667 0.627450980392 0.747203579418
0.693521126761 0.0 0.766666666667 0.589215686275 0.585011185682
0.549295774648 0.25 0.566666666667 0.394117647059 0.454138702461
0.709295774648 0.25 0.766666666667 0.758823529412 0.762863534676
0.287323943662 0.0 0.2 0.135294117647 0.0559284116331
0.714366197183 0.5 0.766666666667 0.703921568627 0.72706935123
0.815774647887 0.0 0.8 0.479411764706 0.565995525727
0.329014084507 0.0 0.266666666667 0.169607843137 0.114093959732
0.647887323944 0.25 0.666666666667 0.533333333333 0.523489932886
0.77014084507 0.5 0.766666666667 0.583333333333 0.628635346756
0.491267605634 0.5 0.5 0.460784313725 0.5548098434
0.578591549296 0.25 0.633333333333 0.454901960784 0.329977628635
0.535211267606 0.0 0.533333333333 0.279411764706 0.257270693512
0.581971830986 0.25 0.533333333333 0.305882352941 0.352348993289
0.618028169014 0.25 0.733333333333 0.690196078431 0.719239373602
0.659718309859 0.25 0.7 0.472549019608 0.440715883669
0.576901408451 0.0 0.5 0.135294117647 0.0559284116331
0.546478873239 0.25 0.533333333333 0.320588235294 0.291946308725
0.704225352113 0.25 0.733333333333 0.493137254902 0.536912751678
0.480563380282 0.25 0.466666666667 0.423529411765 0.444071588367
0.32338028169 0.0 0.266666666667 0.149019607843 0.111856823266
0.402253521127 0.0 0.366666666667 0.202941176471 0.182326621924
0.345915492958 0.25 0.333333333333 0.173529411765 0.145413870246
0.809577464789 0.0 0.766666666667 0.802941176471 0.797539149888
0.371830985915 0.25 0.366666666667 0.307843137255 0.298657718121
0.605633802817 0.5 0.566666666667 0.295098039216 0.357941834452
0.73014084507 0.0 0.733333333333 0.5 0.487695749441
0.645633802817 0.25 0.6 0.376470588235 0.420581655481
0.609577464789 0.0 0.633333333333 0.621568627451 0.560402684564
0.485070422535 0.25 0.5 0.408823529412 0.402684563758
0.436056338028 0.0 0.433333333333 0.374509803922 0.362416107383
0.566197183099 0.25 0.6 0.486274509804 0.565995525727
0.72676056338 0.0 0.8 0.492156862745 0.328859060403
0.542535211268 0.25 0.566666666667 0.450980392157 0.408277404922
0.684507042254 0.0 0.666666666667 0.305882352941 0.259507829978
0.427042253521 0.0 0.333333333333 0.183333333333 0.211409395973
0.415774647887 0.0 0.333333333333 0.185294117647 0.194630872483
0.588732394366 0.25 0.566666666667 0.316666666667 0.303131991051
0.340281690141 0.0 0.333333333333 0.206862745098 0.156599552573
0.594929577465 0.0 0.566666666667 0.380392156863 0.425055928412
0.439436619718 0.25 0.433333333333 0.239215686275 0.15548098434
0.585915492958 0.0 0.533333333333 0.48431372549 0.478747203579
0.359436619718 0.0 0.333333333333 0.260784313725 0.250559284116
0.652394366197 0.0 0.633333333333 0.372549019608 0.381431767338
0.225915492958 0.0 0.166666666667 0.140196078431 0.0939597315436
0.861408450704 0.0 0.8 0.753921568627 0.7774049217
0.629295774648 0.0 0.666666666667 0.566666666667 0.721476510067
0.463098591549 0.25 0.4 0.230392156863 0.206935123043
0.517746478873 0.25 0.5 0.327450980392 0.369127516779
0.534647887324 0.0 0.5 0.428431372549 0.430648769575
0.57014084507 0.0 0.5 0.264705882353 0.161073825503
0.313802816901 0.0 0.266666666667 0.223529411765 0.195749440716
0.641690140845 0.0 0.666666666667 0.506862745098 0.521252796421
0.489577464789 0.0 0.5 0.311764705882 0.34451901566
0.655211267606 0.0 0.666666666667 0.369607843137 0.450782997763
0.497464788732 0.25 0.466666666667 0.276470588235 0.279642058166
0.362816901408 0.25 0.3 0.109803921569 0.0771812080537
0.611267605634 0.5 0.7 0.707843137255 0.635346756152
0.514929577465 0.0 0.566666666667 0.4 0.39485458613
0.710985915493 0.5 0.766666666667 0.708823529412 0.715883668904
0.39661971831 0.25 0.366666666667 0.269607843137 0.269574944072
0.296901408451 0.0 0.266666666667 0.242156862745 0.167785234899
0.749295774648 0.5 0.8 0.6 0.675615212528
0.690704225352 0.5 0.7 0.561764705882 0.539149888143
0.602253521127 0.0 0.6 0.382352941176 0.407158836689
0.379718309859 0.25 0.366666666667 0.412745098039 0.426174496644
0.510422535211 0.0 0.533333333333 0.433333333333 0.431767337808
0.32 0.0 0.3 0.246078431373 0.274049217002
0.570704225352 0.5 0.533333333333 0.419607843137 0.473154362416
0.64338028169 0.0 0.633333333333 0.389215686275 0.267337807606
0.507042253521 0.0 0.533333333333 0.488235294118 0.39485458613
0.521126760563 0.0 0.5 0.342156862745 0.385906040268
0.644507042254 0.5 0.666666666667 0.676470588235 0.741610738255
0.443943661972 0.25 0.366666666667 0.148039215686 0.119686800895
0.362816901408 0.0 0.3 0.149019607843 0.10067114094
0.689014084507 0.0 0.733333333333 0.562745098039 0.569351230425
0.28 0.0 0.233333333333 0.169607843137 0.114093959732
0.540845070423 0.0 0.566666666667 0.538235294118 0.438478747204
0.35323943662 0.0 0.333333333333 0.236274509804 0.176733780761
0.356056338028 0.0 0.3 0.189215686275 0.137583892617
0.383098591549 0.0 0.333333333333 0.255882352941 0.225950782998
0.386478873239 0.0 0.366666666667 0.245098039216 0.199105145414
