0.863400148478 0.0 0.863636363636 0.682148040639 0.921212121212
0.896065330364 0.0 1.0 0.907111756168 1.0
0.800296956199 0.0 0.909090909091 0.89114658926 0.933333333333
0.801039346696 0.0 0.772727272727 0.586357039187 0.783333333333
0.913882702301 0.0 0.909090909091 0.586357039187 0.762121212121
0.677802524128 0.0 0.727272727273 0.642960812772 0.74696969697
0.669636228656 0.0 0.681818181818 0.586357039187 0.727272727273
0.768374164811 0.0 0.772727272727 0.695210449927 0.827272727273
0.931700074239 0.0 0.954545454545 0.806966618287 0.913636363636
0.68299925761 0.0 0.727272727273 0.586357039187 0.686363636364
0.723830734967 0.0 0.727272727273 0.642960812772 0.769696969697
0.850037119525 0.0 0.818181818182 0.616835994194 0.786363636364
0.793615441722 0.0 0.954545454545 1.0 0.939393939394
0.897550111359 0.0 0.954545454545 0.791001451379 0.857575757576
0.752041573868 0.0 0.772727272727 0.613933236575 0.727272727273
0.75426874536 0.0 0.818181818182 0.719883889695 0.778787878788
0.736451373422 0.0 0.818181818182 0.743105950653 0.777272727273
0.842613214551 0.0 0.863636363636 0.734397677794 0.827272727273
0.904974016333 0.0 1.0 0.795355587808 0.810606060606
0.768374164811 0.0 0.772727272727 0.492017416546 0.624242424242
0.623608017817 0.0 0.636363636364 0.478955007257 0.590909090909
0.705270972532 0.0 0.863636363636 0.899854862119 0.824242424242
0.731997030438 0.0 0.772727272727 0.708272859216 0.765151515152
0.755753526355 0.0 0.818181818182 0.66473149492 0.710606060606
0.669636228656 0.0 0.772727272727 0.698113207547 0.695454545455
0.766889383816 0.0 0.727272727273 0.44992743106 0.615151515152
0.740163325909 0.0 0.727272727273 0.624092888244 0.734848484848
0.753526354863 0.0 0.772727272727 0.734397677794 0.8
0.804751299183 0.0 0.818181818182 0.579100145138 0.677272727273
0.773570898293 0.0 0.772727272727 0.545718432511 0.659090909091
0.858945805494 0.0 0.954545454545 0.917271407837 0.892424242424
0.724573125464 0.0 0.772727272727 0.740203193033 0.774242424242
0.977728285078 0.0 1.0 0.728592162554 0.80303030303
0.66295471418 0.0 0.636363636364 0.452830188679 0.592424242424
0.768374164811 0.0 0.772727272727 0.626995645864 0.716666666667
0.640682999258 0.0 0.636363636364 0.478955007257 0.590909090909
0.818114328137 0.0 0.863636363636 0.711175616836 0.75303030303
0.567186340015 0.0 0.636363636364 0.677793904209 0.687878787879
0.710467706013 0.0 0.727272727273 0.612481857765 0.686363636364
0.647364513734 0.0 0.727272727273 0.635703918723 0.648484848485
0.593912397921 0.0 0.636363636364 0.608127721335 0.65303030303
0.73422420193 0.0 0.772727272727 0.701015965167 0.742424242424
0.578322197476 0.0 0.590909090909 0.509433962264 0.593939393939
0.690423162584 0.0 0.727272727273 0.644412191582 0.692424242424
0.73422420193 0.0 0.727272727273 0.506531204644 0.616666666667
0.564216778025 0.0 0.545454545455 0.478955007257 0.590909090909
0.637713437268 0.0 0.636363636364 0.576197387518 0.662121212121
0.633259094284 0.0 0.590909090909 0.452830188679 0.592424242424
0.71714922049 0.0 0.681818181818 0.452830188679 0.592424242424
0.645879732739 0.0 0.681818181818 0.497822931785 0.565151515152
0.805493689681 0.0 0.863636363636 0.78084179971 0.792424242424
0.718634001485 0.0 0.727272727273 0.478955007257 0.575757575758
0.681514476615 0.0 0.681818181818 0.566037735849 0.651515151515
0.700816629547 0.0 0.727272727273 0.55297532656 0.619696969697
0.54862657758 0.0 0.545454545455 0.509433962264 0.593939393939
0.835189309577 0.0 0.772727272727 0.522496371553 0.674242424242
0.640682999258 0.0 0.636363636364 0.478955007257 0.575757575758
0.785449146251 0.0 0.772727272727 0.579100145138 0.675757575758
1.0 0.0 1.0 0.725689404935 0.801515151515
0.703043801039 0.0 0.727272727273 0.609579100145 0.663636363636
0.60579064588 0.0 0.636363636364 0.509433962264 0.568181818182
0.839643652561 0.0 0.863636363636 0.629898403483 0.689393939394
0.772828507795 0.0 0.772727272727 0.566037735849 0.651515151515
0.650334075724 0.0 0.681818181818 0.509433962264 0.568181818182
0.665181885672 0.0 0.681818181818 0.522496371553 0.592424242424
0.835931700074 0.0 0.863636363636 0.626995645864 0.681818181818
0.595397178916 0.0 0.590909090909 0.509433962264 0.593939393939
0.664439495174 0.0 0.727272727273 0.544267053701 0.569696969697
0.598366740906 0.0 0.590909090909 0.509433962264 0.593939393939
0.598366740906 0.0 0.590909090909 0.509433962264 0.593939393939
0.623608017817 0.0 0.636363636364 0.506531204644 0.575757575758
0.721603563474 0.0 0.772727272727 0.528301886792 0.568181818182
0.775798069785 0.0 0.818181818182 0.699564586357 0.721212121212
0.571640682999 0.0 0.590909090909 0.509433962264 0.568181818182
0.551596139569 0.0 0.590909090909 0.500725689405 0.542424242424
0.862657757981 0.0 0.818181818182 0.55297532656 0.677272727273
0.896065330364 0.0 1.0 0.744557329463 0.713636363636
0.527097253155 0.0 0.5 0.478955007257 0.575757575758
0.707498144024 0.0 0.681818181818 0.535558780842 0.633333333333
0.694877505568 0.0 0.636363636364 0.465892597968 0.601515151515
0.755753526355 0.0 0.863636363636 0.714078374456 0.672727272727
0.667409057164 0.0 0.727272727273 0.642960812772 0.645454545455
0.634743875278 0.0 0.681818181818 0.544267053701 0.569696969697
0.691907943578 0.0 0.681818181818 0.497822931785 0.581818181818
0.90868596882 0.0 1.0 0.741654571843 0.713636363636
0.722345953972 0.0 0.727272727273 0.506531204644 0.575757575758
0.847067557535 0.0 0.863636363636 0.6618287373 0.701515151515
0.772828507795 0.0 0.772727272727 0.56023222061 0.625757575758
0.586488492947 0.0 0.590909090909 0.522496371553 0.577272727273
0.66295471418 0.0 0.681818181818 0.55297532656 0.595454545455
0.741648106904 0.0 0.772727272727 0.706821480406 0.718181818182
0.648849294729 0.0 0.636363636364 0.415094339623 0.506060606061
0.651818856719 0.0 0.636363636364 0.600870827286 0.662121212121
0.665181885672 0.0 0.681818181818 0.497822931785 0.55
0.833704528582 0.0 0.863636363636 0.699564586357 0.716666666667
0.729769858946 0.0 0.727272727273 0.506531204644 0.575757575758
0.660727542687 0.0 0.636363636364 0.497822931785 0.581818181818
0.887156644395 0.0 0.818181818182 0.641509433962 0.75303030303
0.775055679287 0.0 0.818181818182 0.592162554427 0.610606060606
0.554565701559 0.0 0.636363636364 0.600870827286 0.569696969697
0.69710467706 0.0 0.727272727273 0.705370101597 0.709090909091
0.887156644395 0.0 0.863636363636 0.728592162554 0.786363636364
0.748329621381 0.0 0.772727272727 0.743105950653 0.748484848485
0.641425389755 0.0 0.636363636364 0.55007256894 0.604545454545
0.564959168523 0.0 0.590909090909 0.544267053701 0.568181818182
0.934669636229 0.0 0.909090909091 0.654571843251 0.727272727273
0.724573125464 0.0 0.772727272727 0.624092888244 0.624242424242
0.755011135857 0.0 0.818181818182 0.680696661829 0.660606060606
0.660727542687 0.0 0.636363636364 0.415094339623 0.506060606061
0.804751299183 0.0 0.818181818182 0.632801161103 0.665151515152
0.668893838159 0.0 0.727272727273 0.55587808418 0.55303030303
0.64291017075 0.0 0.636363636364 0.500725689405 0.559090909091
0.72011878248 0.0 0.727272727273 0.490566037736 0.543939393939
0.801781737194 0.0 0.818181818182 0.676342525399 0.695454545455
0.716406829993 0.0 0.681818181818 0.570391872279 0.643939393939
0.666666666667 0.0 0.636363636364 0.600870827286 0.662121212121
0.735708982925 0.0 0.681818181818 0.587808417997 0.675757575758
0.674832962138 0.0 0.636363636364 0.570391872279 0.643939393939
0.645879732739 0.0 0.636363636364 0.500725689405 0.559090909091
0.650334075724 0.0 0.636363636364 0.547169811321 0.601515151515
0.56867112101 0.0 0.545454545455 0.399129172714 0.480303030303
0.628062360802 0.0 0.681818181818 0.603773584906 0.589393939394
0.795100222717 0.0 0.772727272727 0.600870827286 0.662121212121
0.687453600594 0.0 0.727272727273 0.528301886792 0.542424242424
0.723088344469 0.0 0.727272727273 0.458635703919 0.515151515152
0.58574610245 0.0 0.590909090909 0.402031930334 0.457575757576
0.58574610245 0.0 0.590909090909 0.402031930334 0.457575757576
0.628062360802 0.0 0.636363636364 0.402031930334 0.457575757576
0.645879732739 0.0 0.636363636364 0.44557329463 0.509090909091
0.739420935412 0.0 0.681818181818 0.386066763425 0.506060606061
0.655530809206 0.0 0.681818181818 0.544267053701 0.560606060606
0.719376391982 0.0 0.727272727273 0.608127721335 0.633333333333
0.696362286563 0.0 0.681818181818 0.600870827286 0.643939393939
0.636228656273 0.0 0.636363636364 0.529753265602 0.568181818182
0.650334075724 0.0 0.681818181818 0.532656023222 0.545454545455
0.577579806978 0.0 0.590909090909 0.458635703919 0.493939393939
0.606533036377 0.0 0.636363636364 0.528301886792 0.539393939394
0.590200445434 0.0 0.590909090909 0.402031930334 0.457575757576
0.590200445434 0.0 0.590909090909 0.402031930334 0.457575757576
0.590200445434 0.0 0.545454545455 0.415094339623 0.506060606061
0.7141796585 0.0 0.727272727273 0.548621190131 0.577272727273
0.534521158129 0.0 0.5 0.399129172714 0.480303030303
0.556050482554 0.0 0.590909090909 0.544267053701 0.543939393939
0.684484038604 0.0 0.772727272727 0.615384615385 0.566666666667
0.746844840386 0.0 0.727272727273 0.481857764877 0.55
0.640682999258 0.0 0.681818181818 0.583454281567 0.575757575758
0.737936154417 0.0 0.772727272727 0.532656023222 0.545454545455
0.654788418708 0.0 0.681818181818 0.528301886792 0.542424242424
0.758723088344 0.0 0.772727272727 0.548621190131 0.577272727273
0.749814402376 0.0 0.727272727273 0.503628447025 0.569696969697
0.688938381589 0.0 0.681818181818 0.458635703919 0.515151515152
0.647364513734 0.0 0.636363636364 0.458635703919 0.515151515152
0.691165553081 0.0 0.681818181818 0.534107402032 0.578787878788
0.627319970304 0.0 0.636363636364 0.44557329463 0.484848484848
0.553823311062 0.0 0.545454545455 0.402031930334 0.457575757576
0.68299925761 0.0 0.681818181818 0.528301886792 0.565151515152
0.677802524128 0.0 0.727272727273 0.519593613933 0.513636363636
0.541202672606 0.0 0.545454545455 0.537010159652 0.556060606061
0.556050482554 0.0 0.545454545455 0.402031930334 0.457575757576
0.651818856719 0.0 0.636363636364 0.458635703919 0.515151515152
0.651818856719 0.0 0.636363636364 0.458635703919 0.515151515152
0.514476614699 0.0 0.5 0.402031930334 0.457575757576
0.514476614699 0.0 0.5 0.402031930334 0.457575757576
0.571640682999 0.0 0.545454545455 0.415094339623 0.481818181818
0.792873051225 0.0 0.772727272727 0.525399129173 0.583333333333
0.631774313289 0.0 0.590909090909 0.458635703919 0.533333333333
0.58574610245 0.0 0.590909090909 0.537010159652 0.556060606061
0.579064587973 0.0 0.590909090909 0.528301886792 0.542424242424
0.657757980698 0.0 0.636363636364 0.468795355588 0.525757575758
0.655530809206 0.0 0.636363636364 0.399129172714 0.465151515152
0.518930957684 0.0 0.5 0.402031930334 0.457575757576
0.518930957684 0.0 0.5 0.402031930334 0.457575757576
0.617668893838 0.0 0.590909090909 0.415094339623 0.481818181818
0.697847067558 0.0 0.681818181818 0.497822931785 0.54696969697
0.576095025984 0.0 0.545454545455 0.415094339623 0.481818181818
0.618411284336 0.0 0.590909090909 0.415094339623 0.481818181818
0.576837416481 0.0 0.545454545455 0.415094339623 0.481818181818
0.699331848552 0.0 0.636363636364 0.373004354136 0.481818181818
0.637713437268 0.0 0.636363636364 0.471698113208 0.507575757576
0.590942835932 0.0 0.545454545455 0.399129172714 0.480303030303
0.699331848552 0.0 0.636363636364 0.44557329463 0.540909090909
0.549368968077 0.0 0.5 0.399129172714 0.480303030303
0.645879732739 0.0 0.590909090909 0.388969521045 0.483333333333
0.647364513734 0.0 0.636363636364 0.402031930334 0.457575757576
0.60579064588 0.0 0.590909090909 0.402031930334 0.457575757576
0.564216778025 0.0 0.545454545455 0.402031930334 0.457575757576
0.581291759465 0.0 0.590909090909 0.429608127721 0.457575757576
0.618411284336 0.0 0.545454545455 0.373004354136 0.481818181818
0.576095025984 0.0 0.545454545455 0.399129172714 0.465151515152
0.556050482554 0.0 0.545454545455 0.44557329463 0.484848484848
0.556050482554 0.0 0.545454545455 0.44557329463 0.484848484848
0.58277654046 0.0 0.590909090909 0.429608127721 0.457575757576
0.581291759465 0.0 0.545454545455 0.415094339623 0.481818181818
0.581291759465 0.0 0.545454545455 0.415094339623 0.481818181818
0.736451373422 0.0 0.681818181818 0.416545718433 0.509090909091
0.613214550854 0.0 0.590909090909 0.429608127721 0.483333333333
0.526354862658 0.0 0.5 0.402031930334 0.457575757576
0.596139569414 0.0 0.545454545455 0.399129172714 0.480303030303
0.484780994803 0.0 0.454545454545 0.402031930334 0.457575757576
0.726800296956 0.0 0.727272727273 0.44557329463 0.484848484848
