0.488957055215 0.25 0.448275862069 0.191470054446 0.212512413108
0.703067484663 0.25 0.586206896552 0.345735027223 0.332671300894
0.544171779141 0.0 0.551724137931 0.459165154265 0.348560079444
0.609202453988 0.25 0.655172413793 0.61887477314 0.575968222443
0.333742331288 0.25 0.275862068966 0.209618874773 0.167825223436
0.305521472393 0.25 0.241379310345 0.209618874773 0.167825223436
0.509202453988 1.0 0.448275862069 0.101633393829 0.0685203574975
0.478527607362 0.5 0.413793103448 0.0898366606171 0.0119165839126
0.506748466258 0.5 0.413793103448 0.293103448276 0.205561072493
0.847852760736 0.75 0.896551724138 0.686025408348 0.621648460775
0.71963190184 0.25 0.724137931034 0.572595281307 0.531281032771
0.639877300613 0.25 0.689655172414 0.580762250454 0.514399205561
0.437423312883 0.25 0.448275862069 0.34664246824 0.345580933466
0.493251533742 0.5 0.551724137931 0.516333938294 0.573982125124
0.587116564417 0.25 0.655172413793 0.668784029038 0.648460774578
0.496932515337 0.0 0.51724137931 0.499092558984 0.42005958292
0.227607361963 0.0 0.137931034483 0.0898366606171 0.0119165839126
0.305521472393 0.25 0.241379310345 0.209618874773 0.167825223436
0.438036809816 0.0 0.448275862069 0.460980036298 0.358490566038
0.396932515337 0.25 0.413793103448 0.356624319419 0.346573982125
0.98527607362 0.25 0.931034482759 0.70780399274 0.6454816286
0.461349693252 0.25 0.379310344828 0.341197822142 0.263157894737
0.376687116564 0.25 0.344827586207 0.2277676951 0.218470705065
0.639877300613 0.25 0.551724137931 0.453720508167 0.431976166832
0.258282208589 0.0 0.206896551724 0.179673321234 0.155908639523
0.258282208589 0.0 0.206896551724 0.179673321234 0.155908639523
0.499386503067 0.75 0.48275862069 0.2277676951 0.218470705065
0.78527607362 0.75 0.758620689655 0.366606170599 0.418073485601
0.274233128834 0.0 0.206896551724 0.129764065336 0.0834160873883
0.390797546012 0.0 0.310344827586 0.171506352087 0.172790466733
0.444171779141 0.5 0.448275862069 0.387477313975 0.445878848064
0.509202453988 0.0 0.551724137931 0.549001814882 0.492552135055
0.618404907975 0.5 0.620689655172 0.328493647913 0.346573982125
0.486503067485 0.25 0.413793103448 0.316696914701 0.285004965243
0.613496932515 0.25 0.689655172414 0.744101633394 0.621648460775
0.425766871166 0.5 0.413793103448 0.453720508167 0.446871896723
0.39509202454 0.5 0.379310344828 0.337568058076 0.373386295929
0.574846625767 0.25 0.620689655172 0.61887477314 0.575968222443
1.0 0.25 1.0 0.888384754991 0.722939424032
0.736809815951 0.5 0.758620689655 0.706896551724 0.646474677259
0.727607361963 0.5 0.689655172414 0.407441016334 0.35551142006
0.258282208589 0.0 0.206896551724 0.179673321234 0.155908639523
0.464417177914 0.5 0.413793103448 0.36388384755 0.302879841112
0.452147239264 0.5 0.413793103448 0.372958257713 0.275074478649
0.589570552147 0.75 0.620689655172 0.476406533575 0.502482621648
0.499386503067 0.5 0.48275862069 0.306715063521 0.27408142999
0.661963190184 0.5 0.620689655172 0.39110707804 0.534260178749
0.461963190184 0.25 0.379310344828 0.196914700544 0.118172790467
0.517791411043 0.75 0.51724137931 0.387477313975 0.445878848064
0.413496932515 0.5 0.379310344828 0.29945553539 0.311817279047
0.513496932515 0.5 0.48275862069 0.345735027223 0.347567030785
0.329447852761 0.25 0.310344827586 0.267695099819 0.28997020854
0.673006134969 0.5 0.724137931034 0.619782214156 0.498510427011
0.795705521472 0.25 0.896551724138 0.829401088929 0.864945382324
0.58282208589 0.0 0.655172413793 0.627949183303 0.54816285998
0.531288343558 0.0 0.551724137931 0.499092558984 0.42005958292
0.477300613497 0.5 0.379310344828 0.241379310345 0.256206554121
0.546625766871 0.5 0.448275862069 0.241379310345 0.256206554121
0.58282208589 0.25 0.620689655172 0.654264972777 0.477656405164
0.41963190184 0.0 0.413793103448 0.421052631579 0.286991062562
0.6 0.75 0.620689655172 0.416515426497 0.480635551142
0.634355828221 0.0 0.655172413793 0.57168784029 0.502482621648
0.425766871166 0.0 0.413793103448 0.411070780399 0.285998013903
0.246012269939 0.0 0.172413793103 0.129764065336 0.0834160873883
0.438036809816 0.0 0.448275862069 0.460980036298 0.358490566038
0.584662576687 0.0 0.551724137931 0.593466424682 0.391261171797
0.584662576687 0.5 0.51724137931 0.440108892922 0.394240317776
0.560122699387 0.25 0.51724137931 0.440108892922 0.394240317776
0.522085889571 0.5 0.551724137931 0.490925589837 0.37040714995
0.342331288344 0.25 0.241379310345 0.0898366606171 0.0119165839126
0.879141104294 0.25 0.965517241379 1.0 0.812313803376
0.739263803681 0.5 0.862068965517 0.899274047187 0.801390268123
0.88527607362 0.5 1.0 0.983666061706 1.0
0.515950920245 0.25 0.551724137931 0.580762250454 0.514399205561
0.589570552147 0.25 0.655172413793 0.659709618875 0.570009930487
0.495705521472 0.25 0.448275862069 0.331215970962 0.400198609732
0.511656441718 0.25 0.448275862069 0.281306715064 0.327706057597
0.550306748466 0.25 0.586206896552 0.540834845735 0.442899702085
0.580981595092 0.5 0.586206896552 0.530852994555 0.441906653426
0.609202453988 0.25 0.620689655172 0.490925589837 0.37040714995
