0.556281771968 0.0 0.760869565217 0.757894736842 0.805695142379
0.64275111331 0.0 0.783783783784 0.806989674345 0.909722222222
0.585353785255 0.0 0.702702702703 0.707704527403 0.834027777778
0.527461652647 0.0 0.621621621622 0.576648133439 0.722222222222
0.425037110341 0.0 0.540540540541 0.474185861795 0.597916666667
0.547748639287 0.0 0.621621621622 0.546465448769 0.706944444444
0.843137254902 0.0 0.847826086957 0.731578947368 0.959240647683
0.635426889107 0.0 0.7 0.605793450882 0.77106993425
0.648148148148 0.0 0.804347826087 0.822807017544 0.887772194305
0.470064324592 0.0 0.540540540541 0.392374900715 0.541666666667
0.456704601682 0.0 0.567567567568 0.499602859412 0.608333333333
0.552287581699 0.0 0.695652173913 0.668421052632 0.734785036293
0.390895596239 0.0 0.513513513514 0.498808578237 0.582638888889
0.419528949951 0.0 0.5 0.429471032746 0.553496712493
0.585353785255 0.0 0.675675675676 0.636219221604 0.745138888889
0.545769421079 0.0 0.648648648649 0.607625099285 0.703472222222
0.479882237488 0.0 0.55 0.478589420655 0.604303646145
0.570166830226 0.0 0.65 0.500629722922 0.615660490137
0.240377632534 0.0 0.369565217391 0.252046783626 0.317141261865
0.625613346418 0.0 0.675 0.592569269521 0.735803945009
0.432824981845 0.0 0.565217391304 0.55730994152 0.616415410385
0.356209150327 0.0 0.478260869565 0.43918128655 0.505304299274
0.554955839058 0.0 0.625 0.515113350126 0.632994620442
0.498268184067 0.0 0.567567567568 0.463860206513 0.58125
0.510638297872 0.0 0.567567567568 0.432088959492 0.561805555556
0.414151410193 0.0 0.567567567568 0.598888006354 0.631944444444
0.683022571148 0.0 0.75 0.60201511335 0.720860729229
0.466600692726 0.0 0.621621621622 0.714058776807 0.744444444444
0.502944062807 0.0 0.6 0.522670025189 0.610878661088
0.702614379085 0.0 0.869565217391 0.866666666667 0.883863763261
0.488017429194 0.0 0.565217391304 0.473099415205 0.57900614182
0.458783120707 0.0 0.575 0.482367758186 0.547519426181
0.421931735657 0.0 0.565217391304 0.509356725146 0.547180346175
0.412666996536 0.0 0.486486486486 0.415409054805 0.520833333333
0.49709513435 0.0 0.673913043478 0.722807017544 0.724176437744
0.521060275962 0.0 0.630434782609 0.661403508772 0.729759910664
0.522513607125 0.0 0.648648648649 0.669579030977 0.718055555556
0.46908734053 0.0 0.575 0.472921914358 0.540346682606
0.560613557645 0.0 0.594594594595 0.416203335981 0.555555555556
0.32788671024 0.0 0.434782608696 0.363157894737 0.42936906756
0.576447303315 0.0 0.648648648649 0.570293884035 0.670833333333
0.406681190995 0.0 0.565217391304 0.558479532164 0.572305974316
0.414131501472 0.0 0.525 0.446473551637 0.50747160789
0.302106027596 0.0 0.45652173913 0.475438596491 0.492462311558
0.663886162905 0.0 0.75 0.655541561713 0.739390316796
0.570693069307 0.0 0.744186046512 0.699810006333 0.696209912536
0.554103122731 0.0 0.739130434783 0.716374269006 0.70072585148
0.525024533857 0.0 0.575 0.506926952141 0.625821876868
0.538763493621 0.0 0.65 0.561712846348 0.619246861925
0.480029048656 0.0 0.586956521739 0.593567251462 0.654383026242
0.59327065809 0.0 0.621621621622 0.416203335981 0.555555555556
0.632360217714 0.0 0.702702702703 0.638602065131 0.734722222222
0.714916584887 0.0 0.775 0.699622166247 0.805140466228
0.650637880275 0.0 0.75 0.69395465995 0.759713090257
0.496565260059 0.0 0.55 0.369017632242 0.480573819486
0.672934190995 0.0 0.837837837838 1.0 1.0
0.672934190995 0.0 0.837837837838 1.0 1.0
0.392519970951 0.0 0.586956521739 0.621637426901 0.591848129537
0.527968596663 0.0 0.625 0.614609571788 0.682008368201
0.601187530925 0.0 0.756756756757 0.849880857824 0.858333333333
0.551521099117 0.0 0.625 0.568639798489 0.658099222953
0.602396514161 0.0 0.673913043478 0.598830409357 0.689558905639
0.574092247301 0.0 0.625 0.448362720403 0.558876270173
0.57443718228 0.0 0.782608695652 0.914035087719 0.867671691792
0.281771968046 0.0 0.434782608696 0.449122807018 0.457286432161
0.66920842411 0.0 0.826086956522 0.920467836257 0.924623115578
0.467320261438 0.0 0.652173913043 0.680701754386 0.65661641541
0.735657225853 0.0 0.760869565217 0.621637426901 0.757118927973
0.489695780177 0.0 0.575 0.471662468514 0.545128511656
0.764705882353 0.0 0.847826086957 0.809941520468 0.885538805137
0.542688910697 0.0 0.625 0.568639798489 0.644949193066
0.531403336605 0.0 0.575 0.45717884131 0.570830842797
0.704612365064 0.0 0.75 0.632871536524 0.744172145846
0.569676153091 0.0 0.65 0.531486146096 0.607292289301
0.642296368989 0.0 0.725 0.700251889169 0.773460848775
0.540726202159 0.0 0.625 0.610831234257 0.682008368201
0.453385672228 0.0 0.575 0.523299748111 0.55708308428
0.438665358194 0.0 0.5 0.396725440806 0.490137477585
0.204429920116 0.0 0.304347826087 0.233918128655 0.287548855388
0.627412172192 0.0 0.783783783784 0.931691818904 0.928472222222
0.401864573111 0.0 0.475 0.38476070529 0.464435146444
0.867828612927 0.0 0.891304347826 0.870760233918 1.0
0.562315996075 0.0 0.65 0.580604534005 0.645546921698
0.527968596663 0.0 0.6 0.514483627204 0.594739988045
0.632171387073 0.0 0.695652173913 0.70350877193 0.79229480737
0.229484386347 0.0 0.347826086957 0.30350877193 0.337241764377
0.792934249264 0.0 0.9 0.848236775819 0.893006575015
0.712463199215 0.0 0.825 0.840680100756 0.879856545129
0.29886194953 0.0 0.378378378378 0.381254964257 0.452777777778
0.439646712463 0.0 0.575 0.57241813602 0.587567244471
0.380274779195 0.0 0.45 0.370277078086 0.450687387926
0.472031403337 0.0 0.525 0.417506297229 0.514644351464
0.342047930283 0.0 0.5 0.45730994152 0.448911222781
0.815996074583 0.0 0.825 0.680730478589 0.821279139271
0.565260058881 0.0 0.625 0.539042821159 0.628212791393
0.713508164275 0.0 0.837837837838 0.804606830818 0.829166666667
0.322803195352 0.0 0.478260869565 0.486549707602 0.479620323841
0.524691358025 0.0 0.695652173913 0.695906432749 0.673366834171
0.271968046478 0.0 0.413043478261 0.383625730994 0.390284757119
0.719823356232 0.0 0.775 0.635390428212 0.728033472803
0.576054955839 0.0 0.675 0.566750629723 0.615062761506
0.49558390579 0.0 0.5 0.331234256927 0.473998804543
0.453240969817 0.0 0.513513513514 0.455123113582 0.540972222222
0.583415112856 0.0 0.65 0.536523929471 0.615660490137
0.532673267327 0.0 0.697674418605 0.721342621913 0.702040816327
0.399307273627 0.0 0.513513513514 0.561556791104 0.593055555556
0.57948969578 0.0 0.625 0.515113350126 0.615062761506
0.449460255152 0.0 0.525 0.464105793451 0.533771667663
0.48233562316 0.0 0.575 0.440176322418 0.491930663479
0.587509077705 0.0 0.717391304348 0.72865497076 0.743160245673
0.644259077527 0.0 0.7 0.596977329975 0.684997011357
0.49558390579 0.0 0.575 0.430100755668 0.494321578004
0.414131501472 0.0 0.5 0.385390428212 0.442319187089
0.642296368989 0.0 0.7 0.585012594458 0.670053795577
0.675171736997 0.0 0.725 0.566120906801 0.658696951584
0.456820412169 0.0 0.575 0.525818639798 0.549910340705
0.476938174681 0.0 0.55 0.502518891688 0.571428571429
0.617647058824 0.0 0.739130434783 0.805263157895 0.825795644891
0.519627085378 0.0 0.575 0.48677581864 0.573221757322
0.417075564279 0.0 0.475 0.353274559194 0.436939629408
0.626930693069 0.0 0.720930232558 0.767574414186 0.814577259475
0.585377821394 0.0 0.65 0.580604534005 0.656306037059
0.5883218842 0.0 0.65 0.583123425693 0.66168559474
0.433663366337 0.0 0.558139534884 0.511716276124 0.527113702624
0.433663366337 0.0 0.558139534884 0.511716276124 0.527113702624
0.382716049383 0.0 0.54347826087 0.500584795322 0.479620323841
0.48675171737 0.0 0.575 0.51637279597 0.567842199641
0.42492639843 0.0 0.5 0.47355163728 0.537955768081
0.674655047204 0.0 0.782608695652 0.809941520468 0.841429369068
0.42265795207 0.0 0.608695652174 0.631578947368 0.58458961474
0.655544651619 0.0 0.75 0.68765743073 0.732217573222
0.393246187364 0.0 0.565217391304 0.53216374269 0.49860413177
0.736015701668 0.0 0.75 0.553526448363 0.677824267782
0.484789008832 0.0 0.6 0.577455919395 0.600119545726
0.622669283611 0.0 0.675 0.624685138539 0.708308427974
0.69430814524 0.0 0.775 0.661838790932 0.716676628811
0.473012757605 0.0 0.525 0.430100755668 0.513448894202
0.30755265069 0.0 0.413043478261 0.32865497076 0.358458961474
0.456820412169 0.0 0.525 0.449622166247 0.516437537358
0.561584158416 0.0 0.674418604651 0.706143128562 0.728279883382
0.692345436703 0.0 0.725 0.638539042821 0.740585774059
0.501237011381 0.0 0.594594594595 0.571882446386 0.613194444444
0.709028459274 0.0 0.8 0.709068010076 0.752540346683
0.552502453386 0.0 0.625 0.541561712846 0.603108188882
0.262164124909 0.0 0.391304347826 0.367251461988 0.371859296482
0.456329735034 0.0 0.575 0.469773299748 0.484757919904
0.690382728165 0.0 0.775 0.696473551637 0.745367603108
0.479960415636 0.0 0.513513513514 0.370929308975 0.470833333333
0.479960415636 0.0 0.513513513514 0.370929308975 0.470833333333
0.550049067713 0.0 0.625 0.552267002519 0.610280932457
0.603532875368 0.0 0.675 0.625944584383 0.687387925882
0.767909715407 0.0 0.85 0.754408060453 0.805140466228
0.612365063788 0.0 0.675 0.595717884131 0.665869695158
0.536310107949 0.0 0.6 0.508186397985 0.576808129109
0.595682041217 0.0 0.675 0.619017632242 0.67184698147
0.520608439647 0.0 0.6 0.520151133501 0.572624028691
0.512757605496 0.0 0.575 0.459697732997 0.528392109982
0.42556281772 0.0 0.5 0.409941520468 0.466219988833
0.690382728165 0.0 0.75 0.673173803526 0.744172145846
0.670264965653 0.0 0.7 0.591309823678 0.692169754931
0.604023552502 0.0 0.625 0.467884130982 0.577405857741
0.957801766438 0.0 0.95 0.831863979849 0.97011356844
0.617762512267 0.0 0.675 0.525188916877 0.598326359833
0.693817468106 0.0 0.725 0.556675062972 0.655708308428
0.555446516192 0.0 0.6 0.471662468514 0.55708308428
0.541394335512 0.0 0.717391304348 0.77134502924 0.725293132328
0.60598626104 0.0 0.675 0.579345088161 0.640167364017
0.791575889615 0.0 0.934782608696 0.96081871345 0.947515354551
0.5441609421 0.0 0.625 0.533375314861 0.58218768679
0.538272816487 0.0 0.575 0.537783375315 0.630603705918
0.483807654563 0.0 0.575 0.563602015113 0.60191273162
0.491658488714 0.0 0.575 0.480478589421 0.526598924088
0.563297350343 0.0 0.625 0.528337531486 0.595935445308
0.668792934249 0.0 0.725 0.633501259446 0.70651524208
0.500490677134 0.0 0.575 0.4540302267 0.508667065152
0.582433758587 0.0 0.625 0.519521410579 0.606096832038
0.537291462218 0.0 0.575 0.489294710327 0.580394500897
0.577526987242 0.0 0.65 0.599496221662 0.655708308428
0.458613861386 0.0 0.604651162791 0.579480683977 0.562099125364
0.550539744848 0.0 0.625 0.508186397985 0.561864913329
0.512617516081 0.0 0.540540540541 0.370929308975 0.470833333333
0.631501472031 0.0 0.7 0.611460957179 0.670651524208
0.760514596734 0.0 0.72972972973 0.623510722796 0.781944444444
0.597644749755 0.0 0.65 0.570528967254 0.645546921698
0.57948969578 0.0 0.65 0.566120906801 0.622833233712
0.529440628067 0.0 0.6 0.478589420655 0.534967124925
0.51324828263 0.0 0.575 0.517632241814 0.582785415421
0.53091265947 0.0 0.6 0.468513853904 0.526001195457
0.57507360157 0.0 0.675 0.628463476071 0.655110579797
0.549067713445 0.0 0.6 0.466624685139 0.5421398685
0.510304219823 0.0 0.6 0.55919395466 0.595935445308
0.642787046124 0.0 0.75 0.76637279597 0.785415421399
0.745338567223 0.0 0.75 0.651763224181 0.772863120143
0.791952894995 0.0 0.8 0.695843828715 0.813508667065
0.521589793916 0.0 0.6 0.540931989924 0.588164973102
0.338053740015 0.0 0.5 0.479532163743 0.442769402568
0.512757605496 0.0 0.525 0.416876574307 0.529587567244
0.707065750736 0.0 0.75 0.752518891688 0.834429169157
0.502178217822 0.0 0.581395348837 0.544015199493 0.589504373178
0.527968596663 0.0 0.55 0.404911838791 0.50747160789
