0.787576261786 0.0 0.833333333333 0.74416854778 0.879640718563
0.758418740849 0.0588235294118 0.838709677419 0.656151419558 0.797025371829
0.642752562225 0.0 0.709677419355 0.559411146162 0.647419072616
0.606881405564 0.0 0.677419354839 0.53101997897 0.613298337708
0.606881405564 0.0 0.677419354839 0.53101997897 0.613298337708
0.865779256794 0.0 0.904761904762 0.853273137698 0.961676646707
0.617304492512 0.0 0.619047619048 0.431903686983 0.567664670659
0.625998547567 0.0 0.677419354839 0.538181818182 0.622625215889
0.65391014975 0.0 0.666666666667 0.510910458992 0.633532934132
0.420410427066 0.0 0.428571428571 0.240782543266 0.345508982036
0.501941209096 0.0 0.47619047619 0.231000752445 0.366467065868
0.311148086522 0.0 0.333333333333 0.145974416855 0.22994011976
0.742313323572 0.0 0.806451612903 0.777076761304 0.812773403325
0.742313323572 0.0 0.806451612903 0.777076761304 0.812773403325
0.742313323572 0.0 0.806451612903 0.777076761304 0.812773403325
0.702717692734 0.0 0.761904761905 0.699774266366 0.733532934132
0.669439822518 0.0 0.666666666667 0.541760722348 0.634730538922
0.474764281753 0.0 0.428571428571 0.185854025583 0.321556886228
0.677759290072 0.0 0.666666666667 0.507148231753 0.605389221557
0.649967040211 0.0 0.735294117647 0.721276595745 0.722891566265
0.565169162507 0.0 0.547619047619 0.395033860045 0.49880239521
0.750970604548 0.0 0.809523809524 0.772009029345 0.794011976048
0.860907759883 0.117647058824 0.903225806452 0.776025236593 0.931758530184
0.85801442041 0.0 0.904761904762 0.800601956358 0.834131736527
0.627842484748 0.0 0.714285714286 0.641835966892 0.634730538922
0.838602329451 0.0 0.880952380952 0.851015801354 0.887425149701
0.42872989462 0.0 0.452380952381 0.338600451467 0.389820359281
0.645590682196 0.0 0.690476190476 0.656884875847 0.68622754491
0.743760399334 0.0 0.690476190476 0.534236267871 0.660479041916
0.726566833056 0.0 0.666666666667 0.493604213695 0.626347305389
0.581253466445 0.0 0.547619047619 0.404063205418 0.510179640719
0.643372157515 0.0 0.666666666667 0.643340857788 0.689820359281
0.810316139767 0.0 0.857142857143 0.776523702032 0.798203592814
0.525235718247 0.0 0.47619047619 0.33784800602 0.454491017964
0.527454242928 0.0 0.5 0.331828442438 0.425748502994
0.753189129229 0.0 0.785714285714 0.714070729872 0.747904191617
0.651691625069 0.0 0.738095238095 0.752445447705 0.732335329341
0.575707154742 0.0 0.642857142857 0.536493604214 0.535329341317
0.707154742097 0.0 0.690476190476 0.534988713318 0.617365269461
0.738768718802 0.0 0.785714285714 0.702784048157 0.719161676647
0.442595673877 0.0 0.52380952381 0.452219714071 0.432934131737
0.735995562951 0.0 0.714285714286 0.653875094056 0.735928143713
0.572933998891 0.0 0.571428571429 0.384499623777 0.445508982036
0.556295063783 0.0 0.666666666667 0.572610985704 0.519161676647
0.435385468663 0.0 0.404761904762 0.146726862302 0.232934131737
0.354409317804 0.0 0.428571428571 0.344620015049 0.325748502994
0.764836383805 0.0 0.785714285714 0.729119638826 0.763473053892
0.490848585691 0.0 0.47619047619 0.27539503386 0.344311377246
0.67443150305 0.0 0.642857142857 0.486832204665 0.57245508982
0.679977814753 0.0 0.642857142857 0.562829194883 0.653293413174
0.779648609078 0.0 0.741935483871 0.562565720294 0.653543307087
0.28508042152 0.0 0.309523809524 0.13769751693 0.164670658683
0.443704936217 0.0 0.547619047619 0.517682468021 0.461676646707
0.66117336849 0.0 0.705882352941 0.677659574468 0.680722891566
0.406544647809 0.0 0.5 0.477802859293 0.431736526946
0.364392678869 0.0 0.333333333333 0.199398043642 0.276047904192
0.549639489739 0.0 0.619047619048 0.501128668172 0.477245508982
0.345535219079 0.0 0.309523809524 0.0978179082017 0.178443113772
0.61286744315 0.0 0.690476190476 0.634311512415 0.598203592814
0.686078757626 0.0 0.595238095238 0.446952595937 0.577844311377
0.823072656683 0.0 0.738095238095 0.658389766742 0.783233532934
0.579433091628 0.0 0.676470588235 0.639361702128 0.580572289157
0.849194729136 0.0 0.838709677419 0.801261829653 0.84864391951
0.509558338827 0.0 0.558823529412 0.45 0.434487951807
0.585690515807 0.0 0.52380952381 0.373212942062 0.468263473054
0.32612312812 0.0 0.285714285714 0.0677200902935 0.140718562874
0.81697171381 0.0 0.809523809524 0.727614747931 0.767065868263
0.320576816417 0.0 0.357142857143 0.192626034612 0.188023952096
0.324459234609 0.0 0.380952380952 0.26561324304 0.240119760479
0.323349972268 0.0 0.285714285714 0.0692249811889 0.136526946108
0.631509558339 0.0 0.735294117647 0.73829787234 0.663403614458
0.395452024404 0.0 0.380952380952 0.218209179834 0.261077844311
0.454797559623 0.0 0.571428571429 0.56057185854 0.47245508982
0.413200221852 0.0 0.357142857143 0.158013544018 0.241916167665
0.892956184138 0.0 0.880952380952 0.827689992476 0.867664670659
0.379367720466 0.0 0.357142857143 0.178329571106 0.226946107784
0.433166943982 0.0 0.380952380952 0.143717080512 0.218562874251
0.521907931226 0.0 0.52380952381 0.462001504891 0.482634730539
0.276760953966 0.0 0.261904761905 0.10835214447 0.144910179641
0.629506378258 0.0 0.619047619048 0.404815650865 0.436526946108
0.553724456163 0.0 0.647058823529 0.625531914894 0.552710843373
0.434830837493 0.0 0.404761904762 0.240030097818 0.290419161677
0.745973645681 0.0 0.774193548387 0.699263932702 0.691163604549
0.797218155198 0.117647058824 0.806451612903 0.674027339642 0.802274715661
0.797218155198 0.117647058824 0.806451612903 0.674027339642 0.802274715661
0.748187211602 0.0 0.764705882353 0.695744680851 0.698795180723
0.709370424597 0.117647058824 0.806451612903 0.657202944269 0.695538057743
0.709370424597 0.117647058824 0.806451612903 0.657202944269 0.695538057743
0.576137112722 0.0 0.647058823529 0.692553191489 0.638554216867
0.617666446935 0.0 0.676470588235 0.686170212766 0.643825301205
0.735724743777 0.117647058824 0.741935483871 0.534174553102 0.659667541557
0.721819380356 0.0 0.823529411765 0.902127659574 0.815512048193
0.319467554077 0.0 0.261904761905 0.0752445447705 0.147305389222
0.757686676428 0.0 0.806451612903 0.709779179811 0.674540682415
0.484747642818 0.0 0.5 0.415349887133 0.411976047904
0.392124237382 0.0 0.452380952381 0.303987960873 0.255089820359
0.356073211314 0.0 0.404761904762 0.24905944319 0.210179640719
0.592617007251 0.0 0.617647058824 0.521276595745 0.505271084337
0.74159525379 0.0 0.764705882353 0.689361702128 0.674698795181
0.791694133158 0.0 0.852941176471 0.878723404255 0.825301204819
0.827232796486 0.0588235294118 0.774193548387 0.629863301788 0.746281714786
0.293399889074 0.0 0.261904761905 0.0639578630549 0.1
0.658347199113 0.0 0.571428571429 0.419112114372 0.508982035928
0.70138431114 0.0 0.735294117647 0.745744680851 0.714608433735
0.401552967277 0.0 0.47619047619 0.377727614748 0.305389221557
0.305047143649 0.0 0.333333333333 0.182091798345 0.155688622754
0.847730600293 0.0588235294118 0.903225806452 0.901156677182 0.905511811024
0.724348308375 0.0 0.761904761905 0.686230248307 0.647305389222
0.424847476428 0.0 0.452380952381 0.252069224981 0.222754491018
0.644693473962 0.0 0.705882352941 0.639361702128 0.576054216867
0.405990016639 0.0 0.404761904762 0.352896914974 0.351497005988
0.30615640599 0.0 0.285714285714 0.0910458991723 0.108383233533
0.690336749634 0.0 0.677419354839 0.533123028391 0.542432195976
0.487520798669 0.0 0.452380952381 0.292701279157 0.323952095808
0.351636161952 0.0 0.404761904762 0.298720842739 0.240718562874
0.651285431773 0.0 0.676470588235 0.612765957447 0.581325301205
0.313921242374 0.0 0.261904761905 0.0872836719338 0.132335329341
0.78180619644 0.0 0.764705882353 0.735106382979 0.744728915663
0.527356624918 0.0 0.558823529412 0.487234042553 0.448042168675
0.682267633487 0.0 0.735294117647 0.786170212766 0.724397590361
0.653922214898 0.0 0.705882352941 0.66914893617 0.607680722892
0.301719356628 0.0 0.309523809524 0.0985703536494 0.0808383233533
0.750164798945 0.0 0.735294117647 0.712765957447 0.71686746988
0.669083717864 0.0 0.676470588235 0.58085106383 0.560240963855
0.334442595674 0.0 0.285714285714 0.11813393529 0.152095808383
0.599868160844 0.0 0.647058823529 0.551063829787 0.488704819277
0.593276203032 0.0 0.647058823529 0.651063829787 0.582078313253
0.636123928807 0.0 0.647058823529 0.551063829787 0.52484939759
0.589980224127 0.0 0.588235294118 0.472340425532 0.458584337349
0.279534109817 0.0 0.261904761905 0.0850263355907 0.0868263473054
0.36716583472 0.0 0.285714285714 0.116629044394 0.182035928144
0.301164725458 0.0 0.285714285714 0.129420617005 0.128143712575
0.491957848031 0.0 0.428571428571 0.312264860798 0.358083832335
0.756222547584 0.117647058824 0.806451612903 0.699263932702 0.748031496063
0.618325642716 0.0 0.647058823529 0.577659574468 0.52936746988
0.804769828064 0.142857142857 0.833333333333 0.811136192626 0.905389221557
0.646671061305 0.0 0.735294117647 0.779787234043 0.67093373494
0.720351390922 0.117647058824 0.774193548387 0.67087276551 0.713910761155
0.720351390922 0.117647058824 0.774193548387 0.67087276551 0.713910761155
0.592900721021 0.0 0.5 0.36719337848 0.438922155689
0.646671061305 0.0 0.735294117647 0.754255319149 0.643072289157
0.593935398813 0.0 0.588235294118 0.486170212766 0.468373493976
0.282307265668 0.0 0.261904761905 0.100827689992 0.097005988024
0.44925124792 0.0 0.47619047619 0.392024078254 0.340119760479
0.255684969495 0.0 0.214285714286 0.0443942814146 0.0592814371257
0.646011865524 0.0 0.647058823529 0.539361702128 0.511295180723
0.584187408492 0.0588235294118 0.677419354839 0.592008412198 0.530183727034
0.622940013184 0.0 0.676470588235 0.7 0.618975903614
0.752142386289 0.0 0.764705882353 0.758510638298 0.718373493976
0.648648648649 0.0 0.676470588235 0.681914893617 0.625753012048
0.69545154911 0.0 0.735294117647 0.728723404255 0.658885542169
0.558338826632 0.0 0.558823529412 0.441489361702 0.410391566265
0.50970604548 0.0 0.595238095238 0.618510158014 0.502395209581
0.486411536328 0.0 0.428571428571 0.368698269375 0.395808383234
0.307265668331 0.0 0.309523809524 0.20993227991 0.176047904192
0.655899802241 0.0 0.764705882353 0.764893617021 0.623493975904
0.791361639824 0.117647058824 0.774193548387 0.647739221872 0.748031496063
0.756756756757 0.0 0.764705882353 0.747872340426 0.704819277108
0.283416528009 0.0 0.309523809524 0.174567343868 0.113173652695
0.604482531312 0.0 0.647058823529 0.590425531915 0.512048192771
0.630850362558 0.0 0.676470588235 0.647872340426 0.566265060241
0.376594564615 0.0 0.357142857143 0.273890142965 0.25628742515
0.384914032169 0.0 0.357142857143 0.130925507901 0.120958083832
0.739617666447 0.0 0.794117647059 0.860638297872 0.768072289157
0.572841133817 0.0 0.588235294118 0.486170212766 0.432228915663
0.598549769281 0.0 0.617647058824 0.584042553191 0.526355421687
0.63216875412 0.0 0.676470588235 0.686170212766 0.603162650602
0.622940013184 0.0 0.676470588235 0.7 0.607680722892
0.514143094842 0.142857142857 0.47619047619 0.280662151994 0.422155688623
0.645352669743 0.0 0.705882352941 0.71170212766 0.611445783133
0.713909030982 0.0 0.852941176471 1.0 0.819277108434
0.584047462096 0.0 0.617647058824 0.571276595745 0.495481927711
0.831625183016 0.117647058824 0.806451612903 0.665615141956 0.765529308836
0.622940013184 0.0 0.676470588235 0.656382978723 0.559487951807
0.795754026354 0.117647058824 0.774193548387 0.663512092534 0.758530183727
0.613052076467 0.0 0.617647058824 0.563829787234 0.515060240964
0.910149750416 0.142857142857 0.952380952381 0.917231000752 0.97245508982
0.492419248517 0.0 0.558823529412 0.513829787234 0.402108433735
0.687541199736 0.0 0.647058823529 0.51914893617 0.513554216867
0.808097615086 0.142857142857 0.833333333333 0.741911211437 0.811377245509
0.369384359401 0.0 0.357142857143 0.162528216704 0.126347305389
0.810810810811 0.0 0.882352941176 0.963829787234 0.844126506024
0.585365853659 0.0 0.676470588235 0.696808510638 0.557228915663
0.713909030982 0.0 0.705882352941 0.672340425532 0.631777108434
0.535266974291 0.0 0.529411764706 0.358510638298 0.315512048193
0.579433091628 0.0 0.617647058824 0.571276595745 0.484186746988
0.463671658347 0.0 0.357142857143 0.141459744169 0.198203592814
0.551087673039 0.0 0.647058823529 0.696808510638 0.551204819277
0.365501941209 0.0 0.357142857143 0.237020316027 0.195209580838
0.315585135885 0.0 0.238095238095 0.058690744921 0.0850299401198
0.788398154252 0.0 0.852941176471 0.896808510638 0.781626506024
0.279534109817 0.0 0.238095238095 0.0639578630549 0.0538922155689
0.553724456163 0.0 0.588235294118 0.53085106383 0.444277108434
0.669083717864 0.0 0.705882352941 0.71914893617 0.628012048193
0.725490196078 0.125 0.838709677419 0.939393939394 0.896373056995
0.657218193804 0.0 0.676470588235 0.575531914894 0.501506024096
0.692734331669 0.142857142857 0.666666666667 0.537246049661 0.650898203593
0.572181938036 0.0 0.647058823529 0.659574468085 0.528614457831
0.642020497804 0.0 0.612903225806 0.497371188223 0.468941382327
0.642020497804 0.0 0.612903225806 0.497371188223 0.468941382327
