0.774193548387 0.411764705882 0.75 0.701680672269 0.659305993691
0.774193548387 0.411764705882 0.75 0.779411764706 0.628548895899
0.590909090909 0.235294117647 0.5625 0.436974789916 0.333596214511
0.576246334311 0.117647058824 0.53125 0.436974789916 0.333596214511
0.782991202346 0.941176470588 0.78125 0.776260504202 0.634069400631
0.570381231672 0.352941176471 0.5625 0.544117647059 0.335173501577
0.653225806452 0.235294117647 0.5625 0.558823529412 0.432176656151
0.557184750733 0.235294117647 0.5625 0.491596638655 0.507886435331
0.627565982405 0.294117647059 0.71875 0.733193277311 0.57334384858
0.627565982405 0.294117647059 0.71875 0.733193277311 0.57334384858
0.774193548387 0.411764705882 0.75 0.779411764706 0.628548895899
0.700879765396 0.0 0.6875 0.626050420168 0.507886435331
0.768328445748 0.176470588235 0.6875 0.642857142857 0.561514195584
0.596774193548 0.117647058824 0.59375 0.463235294118 0.382492113565
0.683284457478 0.0588235294118 0.6875 0.577731092437 0.536277602524
0.671554252199 0.0588235294118 0.75 0.65231092437 0.619085173502
0.680351906158 0.470588235294 0.71875 0.555672268908 0.546529968454
0.644428152493 0.470588235294 0.6875 0.52731092437 0.515772870662
0.591642228739 0.294117647059 0.6875 0.704831932773 0.542586750789
0.627565982405 0.294117647059 0.71875 0.733193277311 0.57334384858
0.570381231672 0.352941176471 0.5625 0.544117647059 0.335173501577
0.620234604106 0.235294117647 0.59375 0.453781512605 0.448738170347
0.590175953079 0.117647058824 0.59375 0.451680672269 0.466876971609
0.644428152493 0.470588235294 0.6875 0.52731092437 0.515772870662
0.75146627566 0.352941176471 0.65625 0.606092436975 0.471608832808
0.75146627566 0.352941176471 0.65625 0.606092436975 0.471608832808
0.773460410557 0.117647058824 0.75 0.857142857143 0.662460567823
0.759530791789 0.0588235294118 0.75 0.663865546218 0.618296529968
0.692082111437 0.117647058824 0.625 0.703781512605 0.427444794953
0.692082111437 0.117647058824 0.625 0.703781512605 0.427444794953
0.857038123167 0.235294117647 0.8125 0.69012605042 0.71214511041
0.857038123167 0.235294117647 0.8125 0.69012605042 0.71214511041
0.685483870968 0.0588235294118 0.625 0.519957983193 0.458201892744
0.813782991202 0.294117647059 0.75 0.706932773109 0.537066246057
0.671554252199 0.0588235294118 0.75 0.65231092437 0.619085173502
0.827712609971 0.352941176471 0.8125 0.783613445378 0.58596214511
0.866568914956 0.117647058824 0.875 0.814075630252 0.791009463722
0.896627565982 0.352941176471 0.90625 0.814075630252 0.791009463722
0.866568914956 0.117647058824 0.875 0.814075630252 0.791009463722
0.866568914956 0.117647058824 0.875 0.814075630252 0.791009463722
0.615102639296 0.529411764706 0.59375 0.475840336134 0.31309148265
0.620967741935 0.294117647059 0.59375 0.504201680672 0.343848580442
0.622434017595 0.294117647059 0.6875 0.609243697479 0.585173501577
0.83504398827 0.764705882353 0.78125 0.735294117647 0.654574132492
0.701612903226 0.0588235294118 0.75 0.654411764706 0.60094637224
0.683284457478 0.411764705882 0.59375 0.558823529412 0.432176656151
0.705278592375 0.0 0.71875 0.558823529412 0.603312302839
0.773460410557 0.294117647059 0.84375 0.905462184874 0.710567823344
0.600439882698 0.117647058824 0.5625 0.393907563025 0.343059936909
0.653225806452 0.235294117647 0.5625 0.558823529412 0.432176656151
0.866568914956 0.235294117647 0.90625 0.811974789916 0.809148264984
0.892961876833 0.0588235294118 0.84375 0.796218487395 0.732649842271
0.83211143695 0.117647058824 0.75 0.685924369748 0.660094637224
0.875366568915 0.764705882353 0.8125 0.693277310924 0.760252365931
0.554252199413 0.117647058824 0.5625 0.456932773109 0.420347003155
0.91862170088 0.235294117647 0.90625 1.0 0.832018927445
0.624633431085 0.529411764706 0.6875 0.647058823529 0.448738170347
0.637829912023 0.705882352941 0.5625 0.311974789916 0.381703470032
0.728005865103 0.352941176471 0.6875 0.623949579832 0.442429022082
0.791788856305 0.352941176471 0.78125 0.75525210084 0.555205047319
0.596774193548 0.117647058824 0.59375 0.463235294118 0.382492113565
0.74633431085 0.294117647059 0.75 0.806722689076 0.541009463722
0.83211143695 0.117647058824 0.75 0.685924369748 0.660094637224
0.773460410557 0.117647058824 0.75 0.857142857143 0.662460567823
0.813782991202 0.294117647059 0.75 0.706932773109 0.537066246057
0.895894428152 0.823529411765 0.875 0.839285714286 0.738170347003
0.851906158358 0.0 0.84375 0.814075630252 0.791009463722
0.860703812317 0.352941176471 0.875 0.785714285714 0.760252365931
0.565982404692 0.588235294118 0.59375 0.463235294118 0.477129337539
0.774193548387 0.411764705882 0.75 0.701680672269 0.659305993691
0.815249266862 0.176470588235 0.84375 0.846638655462 0.697949526814
0.809384164223 0.294117647059 0.8125 0.820378151261 0.64905362776
0.683284457478 0.0588235294118 0.65625 0.603991596639 0.58832807571
0.891495601173 1.0 0.71875 0.655462184874 0.485804416404
0.910557184751 0.823529411765 0.9375 0.971638655462 1.0
0.818914956012 0.235294117647 0.875 0.861344537815 0.693217665615
0.786656891496 0.941176470588 0.75 0.552521008403 0.709779179811
0.784457478006 0.117647058824 0.8125 0.784663865546 0.694794952681
0.876099706745 0.529411764706 0.84375 0.799369747899 0.643533123028
0.840175953079 0.529411764706 0.8125 0.771008403361 0.612776025237
0.656158357771 0.470588235294 0.625 0.452731092437 0.432965299685
1.0 0.941176470588 1.0 0.932773109244 0.927444794953
0.768328445748 0.176470588235 0.6875 0.642857142857 0.561514195584
0.615102639296 0.529411764706 0.59375 0.475840336134 0.31309148265
0.773460410557 0.588235294118 0.75 0.719537815126 0.69952681388
0.773460410557 0.588235294118 0.75 0.719537815126 0.69952681388
0.846041055718 0.352941176471 0.875 0.860294117647 0.650630914826
0.717008797654 0.117647058824 0.71875 0.643907563025 0.641955835962
0.594574780059 0.117647058824 0.59375 0.513655462185 0.398264984227
0.624633431085 0.352941176471 0.625 0.513655462185 0.398264984227
0.576246334311 0.117647058824 0.53125 0.436974789916 0.333596214511
0.590909090909 0.235294117647 0.5625 0.436974789916 0.333596214511
0.846041055718 0.352941176471 0.875 0.860294117647 0.650630914826
0.768328445748 0.176470588235 0.6875 0.642857142857 0.561514195584
0.900293255132 0.588235294118 0.96875 0.96218487395 0.906940063091
0.768328445748 0.176470588235 0.6875 0.642857142857 0.561514195584
0.697214076246 0.352941176471 0.5625 0.501050420168 0.3761829653
0.74780058651 0.470588235294 0.625 0.529411764706 0.406940063091
0.842375366569 0.470588235294 0.84375 0.783613445378 0.58596214511
0.842375366569 0.470588235294 0.84375 0.783613445378 0.58596214511
