0.684251968504 0.0 0.733333333333 0.523489932886 0.653979238754
0.732283464567 0.0 0.8 0.699105145414 0.799307958478
0.788188976378 1.0 0.833333333333 0.697986577181 0.850346020761
0.877165354331 1.0 0.9 0.751677852349 0.923875432526
0.663779527559 0.0 0.7 0.514541387025 0.569204152249
0.856692913386 0.0 0.833333333333 0.670022371365 0.783737024221
0.671653543307 0.0 0.733333333333 0.592841163311 0.612456747405
0.929921259843 0.0 0.9 0.82774049217 0.927335640138
0.874803149606 0.0 0.866666666667 0.744966442953 0.815743944637
0.920472440945 0.0 0.9 0.833333333333 0.911764705882
0.837795275591 1.0 0.833333333333 0.636465324385 0.803633217993
0.891338582677 0.0 0.9 0.819910514541 0.864186851211
0.910236220472 1.0 0.966666666667 0.907158836689 1.0
0.76062992126 1.0 0.833333333333 0.750559284116 0.826989619377
0.731496062992 1.0 0.8 0.724832214765 0.801903114187
0.848031496063 0.0 0.766666666667 0.615212527964 0.750865051903
0.847244094488 0.0 0.9 0.87807606264 0.865051903114
0.774015748031 0.0 0.733333333333 0.630872483221 0.720588235294
0.813385826772 0.0 0.8 0.708053691275 0.768166089965
0.683464566929 0.0 0.766666666667 0.673378076063 0.628027681661
0.951968503937 0.0 0.933333333333 0.843400447427 0.904844290657
0.887401574803 0.0 0.9 0.884787472036 0.909169550173
0.733858267717 0.0 0.766666666667 0.723713646532 0.727508650519
0.971653543307 0.0 0.933333333333 0.846756152125 0.927335640138
0.817322834646 0.0 0.8 0.675615212528 0.733564013841
0.811811023622 0.0 0.833333333333 0.749440715884 0.76384083045
0.861417322835 1.0 0.966666666667 0.879194630872 0.903979238754
0.765354330709 0.0 0.766666666667 0.619686800895 0.656574394464
0.78031496063 1.0 0.866666666667 0.82774049217 0.86937716263
0.829921259843 1.0 0.866666666667 0.703579418345 0.801038062284
0.841732283465 0.0 0.9 0.831096196868 0.797577854671
0.686614173228 1.0 0.766666666667 0.582774049217 0.63321799308
0.729921259843 1.0 0.733333333333 0.627516778523 0.75
0.730708661417 0.0 0.733333333333 0.589485458613 0.613321799308
0.702362204724 1.0 0.666666666667 0.435123042506 0.603806228374
0.703937007874 0.0 0.733333333333 0.57158836689 0.564878892734
0.863779527559 0.0 0.866666666667 0.848993288591 0.862456747405
0.722047244094 0.0 0.8 0.807606263982 0.740484429066
0.782677165354 0.0 0.833333333333 0.683445190157 0.650519031142
0.696062992126 1.0 0.7 0.512304250559 0.63062283737
0.949606299213 1.0 1.0 0.926174496644 0.98875432526
0.734645669291 0.0 0.733333333333 0.645413870246 0.661764705882
0.591338582677 0.0 0.633333333333 0.498881431767 0.470588235294
0.913385826772 0.0 0.933333333333 0.847874720358 0.839100346021
0.716535433071 0.0 0.7 0.57158836689 0.602076124567
0.691338582677 1.0 0.733333333333 0.610738255034 0.679065743945
0.65905511811 1.0 0.7 0.505592841163 0.576124567474
0.748818897638 0.0 0.8 0.712527964206 0.663494809689
0.802362204724 0.0 0.866666666667 0.821029082774 0.754325259516
0.846456692913 0.0 0.833333333333 0.767337807606 0.782871972318
0.751968503937 1.0 0.8 0.68903803132 0.742214532872
0.774015748031 0.0 0.833333333333 0.757270693512 0.695501730104
0.724409448819 0.0 0.7 0.580536912752 0.608131487889
0.743307086614 0.0 0.766666666667 0.676733780761 0.651384083045
0.858267716535 0.0 0.866666666667 0.870246085011 0.85553633218
1.0 0.0 1.0 1.0 0.993944636678
0.793700787402 0.0 0.8 0.755033557047 0.744809688581
0.596062992126 1.0 0.633333333333 0.464205816555 0.5276816609
0.87874015748 0.0 0.9 0.856823266219 0.828719723183
0.837007874016 0.0 0.866666666667 0.819910514541 0.782006920415
0.753543307087 1.0 0.7 0.478747203579 0.638408304498
0.610236220472 0.0 0.6 0.4451901566 0.454152249135
0.753543307087 1.0 0.733333333333 0.552572706935 0.673875432526
0.813385826772 1.0 0.8 0.654362416107 0.766435986159
0.693700787402 1.0 0.7 0.478747203579 0.573529411765
0.946456692913 0.0 0.966666666667 0.961968680089 0.929065743945
0.652755905512 1.0 0.7 0.5548098434 0.601211072664
0.687401574803 0.0 0.733333333333 0.62192393736 0.56660899654
0.872440944882 1.0 0.866666666667 0.75615212528 0.85553633218
0.737795275591 0.0 0.733333333333 0.692393736018 0.68598615917
0.914173228346 1.0 0.9 0.747203579418 0.857266435986
0.652755905512 0.0 0.7 0.671140939597 0.608996539792
0.652755905512 1.0 0.7 0.502237136465 0.546712802768
0.718897637795 0.0 0.733333333333 0.661073825503 0.631487889273
0.953543307087 1.0 0.933333333333 0.822147651007 0.931660899654
0.782677165354 0.0 0.766666666667 0.666666666667 0.66955017301
0.957480314961 0.0 0.9 0.748322147651 0.796712802768
0.792913385827 1.0 0.8 0.691275167785 0.769896193772
0.861417322835 0.0 0.766666666667 0.562639821029 0.650519031142
0.765354330709 0.0 0.8 0.717002237136 0.661764705882
0.732283464567 1.0 0.733333333333 0.625279642058 0.705017301038
0.855905511811 0.0 0.833333333333 0.75615212528 0.757785467128
0.737795275591 1.0 0.8 0.721476510067 0.734429065744
0.815748031496 0.0 0.8 0.661073825503 0.657439446367
0.713385826772 0.0 0.7 0.654362416107 0.643598615917
0.787401574803 0.0 0.7 0.573825503356 0.643598615917
0.895275590551 0.0 0.9 0.814317673378 0.782871972318
0.788188976378 0.0 0.8 0.806487695749 0.762975778547
0.733070866142 1.0 0.766666666667 0.703579418345 0.741349480969
0.895275590551 0.0 0.866666666667 0.790827740492 0.793252595156
0.814960629921 0.0 0.8 0.704697986577 0.692906574394
0.766141732283 0.0 0.733333333333 0.648769574944 0.653979238754
0.759842519685 1.0 0.766666666667 0.697986577181 0.76124567474
0.918897637795 0.0 0.866666666667 0.791946308725 0.815743944637
0.862204724409 1.0 0.8 0.61744966443 0.756920415225
0.806299212598 0.0 0.8 0.666666666667 0.642733564014
0.811023622047 0.0 0.733333333333 0.649888143177 0.696366782007
0.871653543307 0.0 0.866666666667 0.821029082774 0.787197231834
0.814960629921 1.0 0.833333333333 0.692393736018 0.737024221453
0.665354330709 0.0 0.633333333333 0.470917225951 0.467128027682
