0.614558472554 1.0 0.684210526316 0.645547945205 0.597552685248
0.357398568019 0.0 0.315789473684 0.189212328767 0.102651257648
1.0 0.333333333333 1.0 0.94948630137 0.865397688647
0.938544152745 0.666666666667 0.973684210526 1.0 1.0
0.410501193317 0.0 0.342105263158 0.105308219178 0.188307273963
0.371718377088 0.166666666667 0.342105263158 0.179794520548 0.133242692046
0.421241050119 0.333333333333 0.473684210526 0.370719178082 0.320870156356
0.935560859189 0.5 0.973684210526 0.932363013699 0.891910265126
0.470167064439 0.5 0.578947368421 0.608732876712 0.5050985724
0.50477326969 0.666666666667 0.605263157895 0.567636986301 0.392250169952
0.941527446301 0.166666666667 0.921052631579 0.747431506849 0.832087015636
0.958830548926 0.333333333333 0.947368421053 0.886130136986 0.995241332427
0.934367541766 0.0 0.947368421053 0.765410958904 0.866757307954
0.782816229117 0.333333333333 0.868421052632 0.821061643836 0.927940176751
0.396181384248 0.0 0.447368421053 0.361301369863 0.356900067981
0.680787589499 0.666666666667 0.789473684211 0.860445205479 0.800815771584
0.723747016706 0.0 0.842105263158 0.789383561644 0.87831407206
0.389021479714 0.0 0.342105263158 0.192636986301 0.120326308634
0.844868735084 0.0 0.921052631579 0.857876712329 0.852481305235
0.862171837709 0.5 0.921052631579 0.928082191781 0.906186267845
0.658711217184 0.666666666667 0.763157894737 0.758561643836 0.75050985724
0.927804295943 0.166666666667 0.947368421053 0.83904109589 0.977566281441
0.404534606205 0.0 0.421052631579 0.279965753425 0.203942895989
0.364558472554 0.0 0.368421052632 0.245719178082 0.143439836846
0.842482100239 0.166666666667 0.842105263158 0.698630136986 0.811012916383
0.628878281623 0.0 0.736842105263 0.681506849315 0.68252889191
0.368735083532 0.0 0.394736842105 0.28595890411 0.220938137322
0.741646778043 0.0 0.815789473684 0.630993150685 0.700883752549
0.708233890215 0.166666666667 0.710526315789 0.654965753425 0.770904146839
0.381861575179 0.0 0.473684210526 0.386130136986 0.31543167913
0.78937947494 0.0 0.868421052632 0.71404109589 0.87423521414
0.591288782816 0.0 0.710526315789 0.648116438356 0.723317471108
0.496420047733 0.166666666667 0.5 0.323630136986 0.402447314752
0.392601431981 0.0 0.394736842105 0.233732876712 0.212780421482
0.89200477327 0.333333333333 0.894736842105 0.778253424658 0.896668932699
0.687350835322 0.0 0.763157894737 0.634417808219 0.762746430999
0.573985680191 0.666666666667 0.657894736842 0.626712328767 0.448674371176
0.528042959427 0.0 0.526315789474 0.302226027397 0.25152957172
0.55369928401 0.0 0.631578947368 0.547945205479 0.563562202583
0.837708830549 0.166666666667 0.894736842105 0.959760273973 0.980285520054
0.442720763723 0.0 0.447368421053 0.258561643836 0.237933378654
0.918257756563 0.5 0.921052631579 0.826198630137 0.899388171312
0.587708830549 0.0 0.657894736842 0.595034246575 0.602311352821
0.460023866348 0.166666666667 0.368421052632 0.188356164384 0.150237933379
0.89200477327 0.0 0.947368421053 0.839897260274 0.884432358939
0.90692124105 0.333333333333 0.921052631579 0.827910958904 0.923181509177
0.733293556086 0.5 0.815789473684 0.757705479452 0.75662814412
0.451670644391 0.0 0.578947368421 0.529965753425 0.448674371176
0.497016706444 0.333333333333 0.447368421053 0.267123287671 0.320870156356
0.837112171838 0.0 0.894736842105 0.743150684932 0.8762746431
0.650357995227 0.5 0.631578947368 0.466609589041 0.559483344663
0.714797136038 0.0 0.789473684211 0.685787671233 0.764785859959
0.489856801909 0.0 0.447368421053 0.205479452055 0.263086335826
0.649164677804 0.666666666667 0.736842105263 0.746575342466 0.703602991162
0.634248210024 0.166666666667 0.684210526316 0.53852739726 0.609789259007
0.415871121718 0.0 0.526315789474 0.46404109589 0.492182188987
0.452267303103 0.166666666667 0.421052631579 0.21404109589 0.197144799456
0.424224343675 0.0 0.368421052632 0.21404109589 0.160435078178
0.817422434368 0.166666666667 0.894736842105 0.774828767123 0.785180149558
0.507756563246 0.0 0.605263157895 0.545376712329 0.519374575119
0.415871121718 0.0 0.5 0.428082191781 0.360299116247
0.673031026253 0.333333333333 0.657894736842 0.459760273973 0.518014955812
0.496420047733 0.0 0.5 0.239726027397 0.296397008838
0.809069212411 0.0 0.842105263158 0.708904109589 0.673691366417
0.430787589499 0.0 0.447368421053 0.342465753425 0.281441196465
0.8723150358 0.333333333333 0.894736842105 0.729452054795 0.726716519375
0.502983293556 0.333333333333 0.552631578947 0.480308219178 0.483344663494
0.589498806683 0.0 0.684210526316 0.515410958904 0.566281441196
0.883651551313 0.5 0.921052631579 0.85102739726 0.870836165874
0.70107398568 0.0 0.684210526316 0.452910958904 0.43915703603
0.829355608592 0.0 0.736842105263 0.573630136986 0.734194425561
0.466587112172 0.0 0.552631578947 0.5625 0.49082256968
0.748806682578 0.0 0.657894736842 0.482020547945 0.527532290959
0.76491646778 0.0 0.789473684211 0.617294520548 0.741672331747
0.510143198091 0.0 0.473684210526 0.22345890411 0.36709721278
0.648568019093 0.0 0.710526315789 0.545376712329 0.551325628824
0.855608591885 0.166666666667 0.868421052632 0.662671232877 0.829367777022
0.59785202864 0.166666666667 0.631578947368 0.500856164384 0.581917063222
0.801312649165 0.166666666667 0.789473684211 0.611301369863 0.835486063902
0.562052505967 0.0 0.578947368421 0.404109589041 0.478585995921
0.868735083532 0.166666666667 0.947368421053 0.880136986301 0.899388171312
0.532219570406 0.166666666667 0.578947368421 0.443493150685 0.535010197145
0.542362768496 0.0 0.552631578947 0.390410958904 0.460231135282
0.454653937947 0.0 0.473684210526 0.296232876712 0.382732834806
0.581742243437 0.166666666667 0.657894736842 0.578767123288 0.599592114208
0.795942720764 0.0 0.736842105263 0.589897260274 0.679129843644
0.770883054893 0.0 0.815789473684 0.679794520548 0.782460910945
0.77446300716 0.0 0.815789473684 0.686643835616 0.819850441876
0.471957040573 0.0 0.473684210526 0.317636986301 0.423521414004
0.686754176611 0.5 0.736842105263 0.621575342466 0.6288239293
0.537589498807 0.0 0.552631578947 0.420376712329 0.431679129844
0.735680190931 0.166666666667 0.815789473684 0.763698630137 0.645139360979
0.712410501193 0.0 0.684210526316 0.52397260274 0.63086335826
0.776849642005 0.166666666667 0.789473684211 0.559075342466 0.658735554045
0.520286396181 0.0 0.552631578947 0.472602739726 0.457511896669
0.479116945107 0.0 0.5 0.424657534247 0.434398368457
0.767303102625 0.166666666667 0.842105263158 0.666095890411 0.727396329028
0.779832935561 0.0 0.789473684211 0.607020547945 0.654656696125
0.564439140811 0.333333333333 0.631578947368 0.568493150685 0.595513256288
0.457040572792 0.166666666667 0.447368421053 0.283390410959 0.278721957852
