0.609281437126 0.125 0.647058823529 0.602199816682 0.593023255814
0.609281437126 0.125 0.647058823529 0.602199816682 0.593023255814
0.726796407186 0.25 0.647058823529 0.44912923923 0.385901162791
0.726796407186 0.25 0.647058823529 0.44912923923 0.385901162791
0.614520958084 0.0 0.617647058824 0.495875343721 0.465843023256
0.645209580838 0.25 0.647058823529 0.495875343721 0.465843023256
0.609281437126 0.125 0.647058823529 0.602199816682 0.593023255814
0.609281437126 0.125 0.647058823529 0.602199816682 0.593023255814
0.625 0.25 0.676470588235 0.623281393217 0.434593023256
0.600299401198 0.25 0.588235294118 0.533455545371 0.329941860465
0.665419161677 0.25 0.647058823529 0.452795600367 0.394622093023
0.644461077844 0.25 0.588235294118 0.429880843263 0.349563953488
0.84880239521 0.25 0.823529411765 0.675527039413 0.672965116279
0.812125748503 0.25 0.794117647059 0.650779101742 0.644622093023
0.494011976048 0.625 0.441176470588 0.32080659945 0.231831395349
0.494011976048 0.625 0.441176470588 0.32080659945 0.231831395349
0.755239520958 0.5 0.676470588235 0.384051329056 0.408430232558
0.755239520958 0.5 0.676470588235 0.384051329056 0.408430232558
0.498502994012 0.25 0.470588235294 0.232813932172 0.315406976744
0.498502994012 0.25 0.470588235294 0.232813932172 0.315406976744
0.730538922156 0.25 0.676470588235 0.516040329973 0.445494186047
0.699850299401 0.0 0.647058823529 0.516040329973 0.445494186047
0.739520958084 0.125 0.735294117647 0.66361136572 0.705668604651
0.745508982036 0.125 0.764705882353 0.686526122823 0.750726744186
0.52619760479 0.5 0.529411764706 0.492208982585 0.353197674419
0.556886227545 0.75 0.558823529412 0.492208982585 0.353197674419
0.722305389222 0.5 0.676470588235 0.426214482126 0.439680232558
0.755239520958 0.5 0.676470588235 0.384051329056 0.408430232558
0.523203592814 0.25 0.558823529412 0.322639780018 0.420058139535
0.498502994012 0.25 0.470588235294 0.232813932172 0.315406976744
0.609281437126 0.125 0.647058823529 0.602199816682 0.593023255814
0.609281437126 0.125 0.647058823529 0.602199816682 0.593023255814
1.0 0.25 1.0 1.0 1.0
0.994011976048 0.375 1.0 0.975252062328 0.971656976744
0.665419161677 0.625 0.735294117647 0.653528872594 0.55523255814
0.665419161677 0.625 0.735294117647 0.653528872594 0.55523255814
0.547155688623 0.25 0.529411764706 0.418881759853 0.388808139535
0.737275449102 0.375 0.676470588235 0.471127406049 0.53488372093
0.589820359281 0.0 0.529411764706 0.406049495875 0.361191860465
0.614520958084 0.0 0.617647058824 0.495875343721 0.465843023256
0.638473053892 0.375 0.735294117647 0.720439963336 0.614825581395
0.638473053892 0.375 0.735294117647 0.720439963336 0.614825581395
0.498502994012 0.25 0.470588235294 0.232813932172 0.315406976744
0.553892215569 0.5 0.588235294118 0.322639780018 0.420058139535
0.651946107784 0.375 0.676470588235 0.556370302475 0.375
0.630988023952 0.375 0.617647058824 0.533455545371 0.329941860465
0.784431137725 0.125 0.764705882353 0.631530705775 0.733284883721
0.811377245509 0.375 0.764705882353 0.564619615032 0.673691860465
0.657185628743 0.0 0.617647058824 0.417965169569 0.521075581395
0.63622754491 0.0 0.558823529412 0.395050412466 0.47601744186
0.651946107784 0.375 0.676470588235 0.556370302475 0.375
0.62125748503 0.25 0.647058823529 0.556370302475 0.375
0.777694610778 0.0 0.735294117647 0.583868010999 0.585029069767
0.777694610778 0.0 0.735294117647 0.583868010999 0.585029069767
0.547155688623 0.5 0.588235294118 0.515123739688 0.398255813953
0.547155688623 0.5 0.588235294118 0.515123739688 0.398255813953
0.609281437126 0.125 0.647058823529 0.602199816682 0.593023255814
0.609281437126 0.125 0.647058823529 0.602199816682 0.593023255814
0.614520958084 0.0 0.617647058824 0.495875343721 0.465843023256
0.854041916168 1.0 0.794117647059 0.685609532539 0.664970930233
0.556886227545 0.75 0.558823529412 0.492208982585 0.353197674419
0.550898203593 0.5 0.617647058824 0.582034830431 0.457848837209
0.577844311377 0.75 0.617647058824 0.515123739688 0.398255813953
0.581586826347 0.75 0.647058823529 0.582034830431 0.457848837209
0.666916167665 0.25 0.558823529412 0.33638863428 0.335029069767
0.724550898204 0.25 0.647058823529 0.384051329056 0.408430232558
0.675149700599 0.375 0.764705882353 0.745187901008 0.643168604651
0.681137724551 0.625 0.705882352941 0.655362053162 0.53851744186
0.630988023952 0.375 0.617647058824 0.533455545371 0.329941860465
0.630988023952 0.375 0.617647058824 0.533455545371 0.329941860465
0.719311377246 0.125 0.676470588235 0.522456461962 0.595203488372
0.744011976048 0.125 0.764705882353 0.612282309808 0.699854651163
0.61377245509 0.375 0.647058823529 0.63061411549 0.510174418605
0.61377245509 0.375 0.647058823529 0.63061411549 0.510174418605
0.605538922156 0.125 0.617647058824 0.53528872594 0.533430232558
0.63622754491 0.375 0.647058823529 0.53528872594 0.533430232558
0.650449101796 0.375 0.676470588235 0.655362053162 0.53851744186
0.705838323353 0.625 0.794117647059 0.745187901008 0.643168604651
0.660928143713 0.0 0.647058823529 0.484876260312 0.580668604651
0.660928143713 0.0 0.647058823529 0.484876260312 0.580668604651
