0.599432968813 0.0 0.560975609756 0.505133470226 0.523869346734
0.81976508708 0.0 0.80487804878 0.790554414784 0.812814070352
1.0 0.666666666667 1.0 0.955509924709 0.998743718593
0.567436208991 0.0 0.512195121951 0.442847364819 0.503768844221
0.306196840826 1.0 0.341463414634 0.23613963039 0.229899497487
0.601053057918 0.0 0.609756097561 0.561259411362 0.45540201005
0.528149048198 0.0 0.609756097561 0.561259411362 0.501884422111
0.545159983799 0.0 0.634146341463 0.565366187543 0.663944723618
0.377480761442 0.0 0.512195121951 0.52977412731 0.506909547739
0.546780072904 0.0 0.658536585366 0.585215605749 0.55716080402
0.345078979344 0.333333333333 0.463414634146 0.418206707734 0.38756281407
0.72215471851 0.0 0.756097560976 0.694729637235 0.652010050251
0.53543944917 1.0 0.585365853659 0.482546201232 0.497487437186
0.55690562981 1.0 0.634146341463 0.585900068446 0.571608040201
0.421223167274 0.0 0.536585365854 0.603011635866 0.536432160804
0.466585662211 0.0 0.609756097561 0.622176591376 0.695979899497
0.509518023491 0.0 0.585365853659 0.648186173854 0.56972361809
0.642770352369 0.0 0.634146341463 0.607118412047 0.543969849246
0.643985419198 0.0 0.658536585366 0.700889801506 0.602386934673
0.430538679627 0.0 0.536585365854 0.483915126626 0.439070351759
0.470635884974 0.0 0.609756097561 0.574264202601 0.574748743719
0.363304981774 0.0 0.463414634146 0.418206707734 0.456030150754
0.603483191576 0.666666666667 0.609756097561 0.544832306639 0.548366834171
0.514378290806 0.666666666667 0.536585365854 0.452429842574 0.43027638191
0.575536654516 0.333333333333 0.658536585366 0.564681724846 0.569095477387
0.26933981369 0.0 0.390243902439 0.375770020534 0.309045226131
0.718104495747 0.0 0.682926829268 0.603696098563 0.611180904523
0.344268934791 0.0 0.439024390244 0.411362080767 0.388190954774
0.626974483597 0.0 0.780487804878 0.698151950719 0.75
0.61806399352 0.0 0.780487804878 0.731006160164 0.755025125628
0.440259214257 0.666666666667 0.536585365854 0.524982888433 0.508793969849
0.306196840826 1.0 0.341463414634 0.23613963039 0.229899497487
0.60834345889 0.0 0.609756097561 0.590006844627 0.596105527638
0.658566221142 0.0 0.780487804878 0.812457221081 0.824120603015
0.341028756582 0.0 0.463414634146 0.449691991786 0.462939698492
0.726204941272 0.0 0.780487804878 0.707049965777 0.80527638191
0.962737950587 0.0 1.0 1.0 1.0
0.809639530174 1.0 0.756097560976 0.657084188912 0.648869346734
0.411097610369 0.0 0.512195121951 0.507871321013 0.45351758794
0.477926285946 0.333333333333 0.585365853659 0.522929500342 0.581030150754
0.373025516403 0.666666666667 0.439024390244 0.381245722108 0.335427135678
0.791413527744 0.0 0.780487804878 0.700205338809 0.756909547739
0.554880518429 0.333333333333 0.536585365854 0.478439425051 0.400125628141
0.716484406642 0.333333333333 0.707317073171 0.681040383299 0.474246231156
0.324827865533 0.0 0.390243902439 0.329911019849 0.312814070352
0.697853381936 0.0 0.707317073171 0.698836413415 0.754396984925
0.450384771162 0.0 0.536585365854 0.557152635181 0.572864321608
0.26933981369 0.0 0.390243902439 0.375770020534 0.309045226131
0.645605508303 0.0 0.707317073171 0.681040383299 0.680904522613
0.695018226002 0.666666666667 0.707317073171 0.678302532512 0.707914572864
0.607938436614 0.0 0.634146341463 0.629021218344 0.562814070352
0.682057513163 0.0 0.682926829268 0.687885010267 0.665829145729
0.44957472661 0.0 0.487804878049 0.423682409309 0.378768844221
0.405022276225 0.0 0.414634146341 0.384668035592 0.31783919598
0.543539894694 0.0 0.585365853659 0.605749486653 0.566582914573
0.39165654111 0.0 0.439024390244 0.502395619439 0.389447236181
0.490076954232 0.0 0.658536585366 0.670773442847 0.641331658291
0.401377075739 0.0 0.463414634146 0.45311430527 0.372487437186
0.543539894694 0.0 0.585365853659 0.605749486653 0.566582914573
0.505467800729 1.0 0.609756097561 0.515400410678 0.61432160804
0.358039692183 0.666666666667 0.365853658537 0.347707049966 0.29459798995
0.618469015796 0.666666666667 0.658536585366 0.618069815195 0.657035175879
0.564601053058 0.0 0.682926829268 0.694729637235 0.64635678392
0.519238558121 0.333333333333 0.512195121951 0.49144421629 0.380025125628
0.355609558526 0.0 0.487804878049 0.408624229979 0.41959798995
0.429323612799 0.0 0.560975609756 0.526351813826 0.464195979899
0.38193600648 0.0 0.463414634146 0.45311430527 0.430904522613
0.466585662211 0.0 0.560975609756 0.58932238193 0.579145728643
0.307006885379 0.333333333333 0.414634146341 0.367556468172 0.413944723618
0.381530984204 0.333333333333 0.414634146341 0.25735797399 0.299623115578
0.634264884569 0.0 0.756097560976 0.698151950719 0.756909547739
0.545159983799 0.0 0.682926829268 0.691991786448 0.706030150754
0.648845686513 0.0 0.634146341463 0.620123203285 0.582286432161
0.638315107331 0.0 0.658536585366 0.60643394935 0.56783919598
0.481166464156 0.0 0.560975609756 0.558521560575 0.559673366834
0.26933981369 0.0 0.390243902439 0.375770020534 0.309045226131
0.291616038882 0.0 0.414634146341 0.444216290212 0.346733668342
0.307411907655 0.0 0.390243902439 0.405201916496 0.413316582915
0.538274605103 0.0 0.560975609756 0.561259411362 0.411432160804
0.59335763467 0.0 0.560975609756 0.546201232033 0.475502512563
0.541514783313 0.0 0.585365853659 0.565366187543 0.576633165829
0.561765897124 0.333333333333 0.560975609756 0.457221081451 0.5
0.319562575942 0.0 0.439024390244 0.39151266256 0.357412060302
0.529769137303 0.0 0.512195121951 0.446954140999 0.493090452261
0.481571486432 0.333333333333 0.536585365854 0.526351813826 0.5
0.701903604698 0.0 0.80487804878 0.817248459959 0.768216080402
0.751721344674 0.0 0.731707317073 0.710472279261 0.776381909548
0.764277035237 0.0 0.80487804878 0.833675564682 0.842336683417
0.715269339814 0.0 0.731707317073 0.778918548939 0.755653266332
0.567436208991 0.0 0.512195121951 0.442847364819 0.503768844221
0.629404617254 0.0 0.658536585366 0.722792607803 0.706658291457
0.479141352774 0.0 0.536585365854 0.533196440794 0.486180904523
0.672336978534 0.0 0.756097560976 0.649555099247 0.672738693467
0.356824625354 0.0 0.439024390244 0.392881587953 0.437814070352
0.409072498987 0.0 0.512195121951 0.555099247091 0.558417085427
0.392466585662 0.0 0.463414634146 0.41273100616 0.412060301508
0.481166464156 0.0 0.560975609756 0.558521560575 0.559673366834
0.357634669907 0.0 0.463414634146 0.453798767967 0.369974874372
0.334548400162 0.0 0.414634146341 0.43189596167 0.434045226131
0.326852976914 0.0 0.414634146341 0.418206707734 0.370603015075
