0.747839349263 0.0 0.888888888889 0.938449240608 0.945893089961
0.715810879512 0.0 0.888888888889 0.896083133493 0.879400260756
0.653279105236 0.0 0.75 0.639488409273 0.721642764016
0.511438739197 0.0 0.694444444444 0.716227018385 0.70925684485
0.688866293849 0.0 0.805555555556 0.78896882494 0.818122555411
0.625826131164 0.0 0.777777777778 0.787370103917 0.786831812256
0.810371123538 0.0 0.916666666667 0.910471622702 0.925032594524
0.687849517031 0.0 0.777777777778 0.797761790568 0.847457627119
0.624300965938 0.0 0.805555555556 0.792166266986 0.758800521512
0.660904931368 0.0 0.777777777778 0.785771382894 0.80964797914
0.642094560244 0.0 0.722222222222 0.609912070344 0.685788787484
0.588713777326 0.0 0.722222222222 0.697841726619 0.715775749674
0.505846466701 0.0 0.638888888889 0.676258992806 0.699478487614
0.689374682257 0.0 0.777777777778 0.749000799361 0.792698826597
0.779867819014 0.0 0.888888888889 0.906474820144 0.904172099087
0.623792577529 0.0 0.75 0.730615507594 0.74185136897
0.37264870361 0.0 0.5 0.407673860911 0.47001303781
0.821555668531 0.0 0.916666666667 0.876099120703 0.883311603651
0.637519064565 0.0 0.805555555556 0.806554756195 0.765319426336
0.730554143366 0.0 0.805555555556 0.730615507594 0.778357235984
0.746314184037 0.0 0.777777777778 0.691446842526 0.782268578879
0.674631418404 0.0 0.805555555556 0.772981614708 0.765319426336
0.563802745297 0.0 0.694444444444 0.610711430855 0.629074315515
0.749364514489 0.0 0.805555555556 0.804956035172 0.857887874837
0.657346212506 0.0 0.805555555556 0.868904876099 0.831812255541
0.689374682257 0.0 0.777777777778 0.744204636291 0.77183833116
0.593797661413 0.0 0.75 0.737809752198 0.707953063885
0.603457041179 0.0 0.722222222222 0.670663469225 0.682529335072
0.55465175394 0.0 0.666666666667 0.606714628297 0.635593220339
0.760549059481 0.0 0.888888888889 0.878497202238 0.846153846154
0.492119979664 0.0 0.611111111111 0.598721023181 0.625814863103
0.574478901881 0.0 0.694444444444 0.652278177458 0.665580182529
0.635993899339 0.0 0.777777777778 0.789768185452 0.762711864407
0.501779359431 0.0 0.583333333333 0.440447641886 0.518252933507
0.564819522115 0.0 0.694444444444 0.661870503597 0.6629726206
0.652262328419 0.0 0.777777777778 0.827338129496 0.807692307692
0.655312658871 0.0 0.805555555556 0.826538768985 0.782920469361
0.437722419929 0.0 0.555555555556 0.501199040767 0.539765319426
0.426537874936 0.0 0.527777777778 0.486011191047 0.541720990874
0.721403152008 0.0 0.888888888889 0.905675459632 0.829856584094
0.640569395018 0.0 0.722222222222 0.699440447642 0.734028683181
0.453990849009 0.0 0.583333333333 0.601119104716 0.61408083442
0.786476868327 0.0 0.861111111111 0.827338129496 0.842242503259
0.662938485003 0.0 0.777777777778 0.687450039968 0.687744458931
0.776817488561 0.0 0.916666666667 0.988009592326 0.922425032595
0.485510930351 0.0 0.638888888889 0.635491606715 0.616036505867
0.876461616675 0.0 0.916666666667 0.904076738609 0.934159061278
0.674123029995 0.0 0.833333333333 0.84412470024 0.781616688396
0.662430096594 0.0 0.777777777778 0.739408473221 0.730769230769
0.485002541942 0.0 0.583333333333 0.513988808953 0.559322033898
0.632943568887 0.0 0.777777777778 0.7585931255 0.720990873533
0.694966954753 0.0 0.805555555556 0.809752198241 0.79335071708
0.679206914082 0.0 0.833333333333 0.936850519584 0.866362451108
0.561769191662 0.0 0.666666666667 0.611510791367 0.631681877445
0.776309100153 0.0 0.888888888889 0.869704236611 0.837679269883
0.660904931368 0.0 0.722222222222 0.629096722622 0.680573663625
0.493645144891 0.0 0.583333333333 0.605915267786 0.645371577575
0.621759023894 0.0 0.75 0.824940047962 0.79335071708
0.724453482461 0.0 0.777777777778 0.697042366107 0.74185136897
0.593289273005 0.0 0.666666666667 0.671462829736 0.709908735332
0.692933401118 0.0 0.777777777778 0.73381294964 0.746414602347
0.660904931368 0.0 0.805555555556 0.89448441247 0.832464146023
0.711743772242 0.0 0.861111111111 0.836131095124 0.770534550196
0.716319267921 0.0 0.805555555556 0.705835331735 0.711212516297
0.55465175394 0.0 0.638888888889 0.636290967226 0.665580182529
0.607015760041 0.0 0.777777777778 0.842525979217 0.762711864407
0.834265378749 0.0 0.888888888889 0.921662669864 0.926988265971
0.560752414845 0.0 0.638888888889 0.618705035971 0.654498044329
0.666497203864 0.0 0.833333333333 0.910471622702 0.821382007823
0.65175394001 0.0 0.75 0.731414868106 0.72816166884
0.667005592272 0.0 0.777777777778 0.783373301359 0.761408083442
0.850533807829 0.0 0.888888888889 0.804956035172 0.835723598435
0.571936959837 0.0 0.694444444444 0.684252597922 0.668839634941
0.582613116421 0.0 0.694444444444 0.732214228617 0.720990873533
0.787493645145 0.0 0.888888888889 0.827338129496 0.799869621904
0.516522623284 0.0 0.638888888889 0.641886490807 0.634941329857
0.615658362989 0.0 0.694444444444 0.659472422062 0.684485006519
0.639044229792 0.0 0.805555555556 0.818545163869 0.740547588005
0.86222674123 0.0 0.916666666667 0.904076738609 0.906779661017
0.585663446873 0.0 0.666666666667 0.614708233413 0.64406779661
0.604982206406 0.0 0.694444444444 0.680255795364 0.69295958279
0.555160142349 0.0 0.666666666667 0.649080735412 0.647327249022
0.609049313676 0.0 0.722222222222 0.761790567546 0.74185136897
0.782409761057 0.0 0.861111111111 0.904876099121 0.889178617992
0.802236908998 0.0 0.861111111111 0.827338129496 0.8370273794
0.624300965938 0.0 0.833333333333 0.978417266187 0.841590612777
0.561769191662 0.0 0.722222222222 0.739408473221 0.67926988266
0.6802236909 0.0 0.805555555556 0.828137490008 0.782920469361
0.670564311134 0.0 0.777777777778 0.802557953637 0.777705345502
0.766649720386 0.0 0.861111111111 0.875299760192 0.847457627119
0.55465175394 0.0 0.694444444444 0.719424460432 0.680573663625
0.687849517031 0.0 0.805555555556 0.792166266986 0.756192959583
0.689883070666 0.0 0.805555555556 0.820143884892 0.782920469361
0.713777325877 0.0 0.833333333333 0.751398880895 0.715123859192
0.618708693442 0.0 0.694444444444 0.731414868106 0.745762711864
0.710726995425 0.0 0.861111111111 1.0 0.906779661017
0.730045754957 0.0 0.833333333333 0.87929656275 0.841590612777
0.605490594814 0.0 0.722222222222 0.725819344524 0.700782268579
0.633960345704 0.0 0.75 0.780975219824 0.747718383312
1.0 0.0 1.0 0.974420463629 1.0
