0.92316017316 0.0 0.978260869565 1.0 1.0
0.948773448773 1.0 0.978260869565 0.911024062675 0.917103882476
0.160894660895 0.0 0.195652173913 0.0783435926133 0.0645330535152
0.111471861472 0.0 0.152173913043 0.0923335198657 0.0839454354669
1.0 0.0 1.0 0.916620033576 0.893494228751
0.133116883117 1.0 0.173913043478 0.1186345831 0.12277019937
0.933982683983 0.0 0.978260869565 0.960268606603 0.969045120672
0.913059163059 1.0 0.891304347826 0.777839955232 0.854669464848
0.96645021645 0.0 1.0 0.931729155008 0.91500524659
0.761544011544 0.0 0.869565217391 0.833799664242 0.898216159496
0.230519480519 1.0 0.260869565217 0.172915500839 0.171563483736
0.123015873016 0.0 0.173913043478 0.153329602686 0.090241343127
0.786796536797 1.0 0.826086956522 0.699496362619 0.802203567681
0.25974025974 0.0 0.347826086957 0.255176273083 0.273347324239
0.744949494949 1.0 0.869565217391 0.874650251819 0.831584470094
0.838744588745 0.0 0.95652173913 0.99720201455 0.922875131165
0.87518037518 1.0 0.934782608696 0.876329043089 0.925498426023
0.557359307359 0.0 0.760869565217 0.802462227196 0.737670514166
0.541486291486 0.0 0.717391304348 0.751538891998 0.671563483736
0.647546897547 0.0 0.804347826087 0.785674314494 0.785414480588
0.266955266955 0.0 0.391304347826 0.270844991606 0.247114375656
0.14898989899 0.0 0.217391304348 0.189143816452 0.163693599161
0.924963924964 1.0 0.95652173913 0.853945159485 0.873557187828
0.251443001443 0.0 0.304347826087 0.2937884723 0.293809024134
0.859668109668 0.0 0.978260869565 0.951874650252 0.942812172088
0.772005772006 0.0 0.891304347826 0.847229994404 0.789611752361
0.222222222222 0.0 0.326086956522 0.280917739228 0.235047219307
0.809163059163 0.0 0.934782608696 0.867375489647 0.917103882476
0.853896103896 0.0 0.913043478261 0.847229994404 0.818992654774
0.664862914863 0.0 0.847826086957 0.860660324566 0.845750262329
0.724025974026 1.0 0.739130434783 0.583659764969 0.704092339979
0.202741702742 0.0 0.304347826087 0.247341913822 0.221930745016
0.534271284271 0.0 0.695652173913 0.619473978735 0.594963273872
0.728715728716 1.0 0.760869565217 0.631785114717 0.685204616999
0.603535353535 0.0 0.782608695652 0.88528259653 0.750786988458
0.478715728716 0.0 0.630434782609 0.520425293788 0.502623294858
0.166666666667 1.0 0.195652173913 0.130386121992 0.157922350472
0.892857142857 0.0 0.95652173913 0.904308897594 0.865162644281
0.715367965368 0.0 0.826086956522 0.814773363179 0.796432318993
0.19227994228 0.0 0.282608695652 0.226636821489 0.193599160546
0.691919191919 1.0 0.717391304348 0.566871852266 0.724554039874
0.859307359307 1.0 0.913043478261 0.82260772244 0.810073452256
0.303391053391 1.0 0.369565217391 0.298824846111 0.301154249738
0.16810966811 0.0 0.239130434783 0.207610520425 0.179433368311
0.181457431457 0.0 0.260869565217 0.254057078903 0.198845750262
0.213924963925 1.0 0.282608695652 0.202574146614 0.228226652676
0.503246753247 1.0 0.478260869565 0.362618914382 0.398216159496
0.390331890332 1.0 0.391304347826 0.2372691662 0.315320041973
0.495670995671 0.0 0.673913043478 0.64913262451 0.558761804827
0.837301587302 1.0 0.847826086957 0.681589255736 0.769674711438
0.337301587302 0.0 0.434782608696 0.373810856184 0.445435466946
0.145021645022 1.0 0.173913043478 0.0945719082261 0.135886673662
0.326118326118 1.0 0.347826086957 0.310016787913 0.363064008395
0.119047619048 0.0 0.173913043478 0.088416340235 0.0692549842602
0.449855699856 1.0 0.54347826087 0.382204812535 0.511017838405
0.463203463203 1.0 0.45652173913 0.317851147174 0.387198321091
0.638888888889 1.0 0.673913043478 0.53217683268 0.690451206716
0.176406926407 1.0 0.217391304348 0.11471740347 0.177334732424
0.308441558442 1.0 0.304347826087 0.217683268047 0.240293809024
0.633838383838 1.0 0.804347826087 0.738108561835 0.764952780693
0.569624819625 0.0 0.739130434783 0.668718522664 0.64795383001
0.41341991342 1.0 0.434782608696 0.338556239508 0.402938090241
0.270202020202 0.0 0.413043478261 0.397873531058 0.345225603358
0.420274170274 1.0 0.521739130435 0.477895914941 0.52518363064
0.896103896104 0.0 0.95652173913 0.872411863458 0.95907660021
0.309884559885 0.0 0.478260869565 0.436485730274 0.392444910808
0.392496392496 0.0 0.54347826087 0.448796866256 0.475341028332
0.452380952381 0.0 0.521739130435 0.4124230554 0.394018887723
0.455627705628 0.0 0.608695652174 0.635702294348 0.549842602308
0.977994227994 0.0 0.95652173913 0.864017907107 0.847324239244
0.689754689755 1.0 0.782608695652 0.664241745943 0.760230849948
0.629148629149 0.0 0.717391304348 0.7062115277 0.663693599161
0.699855699856 1.0 0.652173913043 0.501958589815 0.537250786988
0.228715728716 0.0 0.369565217391 0.387800783436 0.327387198321
0.497113997114 0.0 0.652173913043 0.686625629547 0.620671563484
0.18253968254 0.0 0.239130434783 0.200335758254 0.220881427072
0.157647907648 0.0 0.217391304348 0.103525461668 0.0771248688353
0.459235209235 0.0 0.608695652174 0.592613318411 0.598111227702
0.193362193362 1.0 0.239130434783 0.126468942361 0.142182581322
0.496031746032 0.0 0.652173913043 0.558477895915 0.585519412382
0.600288600289 1.0 0.565217391304 0.485730274203 0.541448058762
0.330808080808 0.0 0.5 0.510352546167 0.393494228751
0.583694083694 1.0 0.695652173913 0.606043648573 0.63221406086
0.141053391053 0.0 0.195652173913 0.129826524902 0.144281217209
0.294733044733 0.0 0.434782608696 0.393956351427 0.335257082896
0.357142857143 1.0 0.413043478261 0.264689423615 0.35834207765
0.472582972583 1.0 0.586956521739 0.564073866816 0.54092339979
0.318542568543 0.0 0.434782608696 0.349748181309 0.351521511018
0.269480519481 0.0 0.326086956522 0.225517627308 0.245015739769
0.354256854257 0.0 0.45652173913 0.377168438724 0.411332633788
0.603535353535 1.0 0.608695652174 0.482932288752 0.575026232949
0.597402597403 0.0 0.673913043478 0.630106323447 0.672612801679
0.607503607504 0.0 0.630434782609 0.58645775042 0.595487932844
0.704184704185 0.0 0.717391304348 0.660884163402 0.567681007345
0.649350649351 1.0 0.695652173913 0.538891997762 0.59758656873
0.354256854257 0.0 0.478260869565 0.482932288752 0.487932843652
0.861832611833 0.0 0.95652173913 0.945159485171 0.923399790136
0.677128427128 0.0 0.760869565217 0.731393396754 0.668940188877
0.457792207792 0.0 0.5 0.396194739787 0.451731374607
0.62012987013 1.0 0.695652173913 0.576385002798 0.730849947534
