0.419796557121 0.5 0.434782608696 0.274301675978 0.435799782372
0.487480438185 0.5 0.54347826087 0.41843575419 0.593035908596
0.812597809077 0.0 0.826086956522 0.801675977654 0.892274211099
0.634976525822 0.0 0.695652173913 0.703910614525 0.717083786725
0.728873239437 0.0 0.695652173913 0.620670391061 0.589771490751
0.845070422535 0.0 0.869565217391 0.845251396648 0.77965179543
0.678794992175 0.0 0.586956521739 0.550837988827 0.479869423286
0.434272300469 0.0 0.586956521739 0.656983240223 0.652339499456
0.438575899844 1.0 0.478260869565 0.331843575419 0.337323177367
0.745696400626 0.5 0.804347826087 0.788826815642 0.790533188248
0.396713615023 0.5 0.54347826087 0.483240223464 0.545157780196
0.330203442879 0.5 0.478260869565 0.45251396648 0.519042437432
0.966353677621 0.5 0.95652173913 0.843016759777 0.927094668118
0.884194053208 0.5 0.891304347826 0.817877094972 0.784004352557
0.701095461659 0.0 0.673913043478 0.626815642458 0.538084874864
0.913536776213 0.0 0.891304347826 0.875418994413 0.797062023939
0.73200312989 0.5 0.782608695652 0.648044692737 0.768770402612
0.897496087637 0.5 0.869565217391 0.769832402235 0.903155603917
0.400234741784 0.0 0.413043478261 0.268156424581 0.29760609358
0.443270735524 0.0 0.434782608696 0.297765363128 0.290533188248
0.945226917058 0.0 0.95652173913 0.975977653631 1.0
0.476525821596 0.0 0.652173913043 0.711173184358 0.667573449402
0.713223787167 0.0 0.869565217391 0.955865921788 0.97007616975
0.548122065728 0.0 0.717391304348 0.788268156425 0.715995647443
0.4186228482 0.0 0.565217391304 0.558100558659 0.495103373232
0.638106416275 0.0 0.695652173913 0.670391061453 0.544613710555
0.471048513302 0.0 0.521739130435 0.425139664804 0.379760609358
0.487480438185 0.5 0.478260869565 0.410055865922 0.430903155604
0.656885758998 0.0 0.586956521739 0.495530726257 0.539717083787
0.492566510172 0.0 0.521739130435 0.425139664804 0.370511425462
0.775430359937 0.0 0.804347826087 0.802793296089 0.80957562568
0.479264475743 0.0 0.586956521739 0.57374301676 0.556039173014
0.309467918623 0.0 0.45652173913 0.473184357542 0.443960826986
0.471439749609 0.0 0.586956521739 0.605027932961 0.646898803047
0.454225352113 0.0 0.565217391304 0.561452513966 0.506528835691
0.571596244131 0.0 0.652173913043 0.632402234637 0.57725788901
0.958528951487 0.0 0.891304347826 0.88156424581 0.80957562568
0.697965571205 0.0 0.630434782609 0.496648044693 0.378128400435
0.575899843505 0.5 0.630434782609 0.537430167598 0.609902067465
0.769953051643 0.5 0.782608695652 0.705586592179 0.753536452666
0.397887323944 0.0 0.54347826087 0.534636871508 0.461915125136
0.397887323944 0.0 0.54347826087 0.534636871508 0.461915125136
0.684272300469 0.0 0.717391304348 0.70782122905 0.699129488575
0.642801251956 0.0 0.673913043478 0.658100558659 0.583786724701
0.755868544601 0.0 0.913043478261 0.94748603352 0.989118607182
0.66627543036 0.0 0.782608695652 0.835195530726 0.846028291621
1.0 0.0 1.0 1.0 0.949401523395
0.775821596244 0.0 0.717391304348 0.678212290503 0.617519042437
0.459702660407 0.0 0.652173913043 0.720670391061 0.694232861806
0.722613458529 0.0 0.826086956522 0.886592178771 0.830250272035
0.493348982786 0.0 0.630434782609 0.613407821229 0.564200217628
0.462050078247 0.0 0.54347826087 0.492737430168 0.434167573449
0.683489827856 0.5 0.652173913043 0.541340782123 0.497823721436
0.694053208138 0.5 0.652173913043 0.504469273743 0.497823721436
0.363458528951 0.0 0.45652173913 0.45251396648 0.467899891186
0.363458528951 0.0 0.45652173913 0.45251396648 0.467899891186
0.70813771518 0.0 0.739130434783 0.686592178771 0.563656147987
0.845070422535 0.0 0.869565217391 0.83687150838 0.759521218716
0.942097026604 0.0 0.95652173913 0.984916201117 0.866702937976
0.589593114241 0.0 0.739130434783 0.808938547486 0.748095756257
0.518388106416 0.5 0.565217391304 0.517877094972 0.573449401523
0.552034428795 0.5 0.521739130435 0.325139664804 0.4880304679
0.784037558685 0.0 0.869565217391 0.908938547486 0.901523394995
0.604851330203 0.0 0.739130434783 0.73687150838 0.773122959739
0.452660406886 0.5 0.478260869565 0.378770949721 0.402611534276
0.577464788732 0.5 0.565217391304 0.458100558659 0.488574537541
0.593896713615 0.5 0.608695652174 0.449720670391 0.628944504897
0.612284820031 0.5 0.630434782609 0.497765363128 0.678998911861
0.336463223787 0.0 0.413043478261 0.354189944134 0.265505984766
0.463615023474 0.0 0.565217391304 0.554748603352 0.4880304679
0.565727699531 0.0 0.586956521739 0.510055865922 0.426550598477
0.655320813772 0.0 0.717391304348 0.653631284916 0.542437431991
0.376369327074 0.5 0.369565217391 0.244134078212 0.23830250272
0.489045383412 0.5 0.413043478261 0.274860335196 0.236126224157
0.667840375587 0.0 0.586956521739 0.465363128492 0.388465723613
0.697965571205 0.0 0.630434782609 0.496648044693 0.378128400435
0.480438184664 0.0 0.673913043478 0.744134078212 0.727421109902
0.41744913928 0.0 0.565217391304 0.584916201117 0.558215451578
0.684272300469 0.0 0.673913043478 0.664804469274 0.628400435256
0.724569640063 0.0 0.739130434783 0.753631284916 0.760065288357
