0.629508196721 0.5 0.767441860465 0.785198555957 0.812426035503
0.529508196721 0.5 0.651162790698 0.652827918171 0.737278106509
0.543442622951 0.0 0.604651162791 0.548134777377 0.568047337278
0.581967213115 0.5 0.627906976744 0.624548736462 0.573964497041
0.528278688525 0.0 0.558139534884 0.524067388688 0.651479289941
0.496721311475 0.0 0.558139534884 0.574007220217 0.657396449704
0.579918032787 0.0 0.651162790698 0.587244283995 0.602366863905
0.311885245902 0.0 0.395348837209 0.382671480144 0.4
0.667213114754 0.5 0.604651162791 0.543922984356 0.527810650888
0.886475409836 0.0 0.906976744186 0.893501805054 0.905917159763
0.743032786885 0.5 0.767441860465 0.728038507822 0.759763313609
0.752049180328 0.5 0.767441860465 0.747292418773 0.744970414201
0.551229508197 0.0 0.511627906977 0.39229843562 0.365088757396
0.58893442623 0.0 0.674418604651 0.680505415162 0.642603550296
0.589344262295 0.0 0.744186046512 0.761732851986 0.757396449704
0.540163934426 0.0 0.674418604651 0.682310469314 0.685798816568
0.545081967213 0.0 0.53488372093 0.493983152828 0.49349112426
0.470901639344 0.0 0.488372093023 0.439831528279 0.422485207101
0.813114754098 0.0 0.813953488372 0.80385078219 0.713017751479
0.654098360656 0.0 0.720930232558 0.673285198556 0.730177514793
0.909016393443 0.0 0.860465116279 0.761732851986 0.753846153846
0.968442622951 0.0 0.906976744186 0.809265944645 0.832544378698
0.443852459016 0.0 0.488372093023 0.462093862816 0.454437869822
0.670081967213 0.0 0.627906976744 0.507821901324 0.479289940828
0.479508196721 0.0 0.53488372093 0.539711191336 0.515384615385
0.573360655738 0.0 0.674418604651 0.724428399519 0.647928994083
0.429508196721 0.5 0.488372093023 0.442839951865 0.460355029586
0.527868852459 0.0 0.581395348837 0.594464500602 0.521301775148
0.437295081967 0.0 0.511627906977 0.508423586041 0.483431952663
0.518442622951 0.0 0.581395348837 0.565583634176 0.555029585799
0.764754098361 0.5 0.697674418605 0.596269554753 0.598224852071
0.594672131148 0.0 0.651162790698 0.612515042118 0.566863905325
0.449180327869 0.0 0.53488372093 0.496389891697 0.408284023669
0.716393442623 0.0 0.651162790698 0.590854392298 0.533727810651
0.547131147541 0.0 0.604651162791 0.592057761733 0.530177514793
0.656147540984 0.0 0.790697674419 0.773164861613 0.785798816568
0.395081967213 0.0 0.511627906977 0.471720818291 0.487573964497
0.541803278689 0.0 0.581395348837 0.513237063779 0.466863905325
0.409016393443 0.0 0.441860465116 0.429602888087 0.355621301775
0.502459016393 0.0 0.581395348837 0.602888086643 0.534911242604
0.416803278689 0.5 0.53488372093 0.470517448857 0.470414201183
0.410655737705 0.0 0.46511627907 0.409145607702 0.386982248521
0.321721311475 0.0 0.372093023256 0.315282791817 0.25798816568
0.557786885246 0.0 0.558139534884 0.455475330927 0.434911242604
0.227459016393 0.0 0.279069767442 0.272563176895 0.262130177515
0.379918032787 0.0 0.395348837209 0.419975932611 0.415384615385
0.597950819672 0.0 0.627906976744 0.630565583634 0.625443786982
0.58893442623 0.0 0.674418604651 0.680505415162 0.642603550296
0.577868852459 1.0 0.627906976744 0.611311672684 0.544378698225
0.481967213115 1.0 0.488372093023 0.457882069795 0.359171597633
0.354508196721 0.0 0.46511627907 0.342358604091 0.41124260355
0.886475409836 0.0 0.906976744186 0.893501805054 0.905917159763
0.700409836066 0.0 0.627906976744 0.517448856799 0.502366863905
0.46762295082 1.0 0.488372093023 0.471119133574 0.379881656805
0.566393442623 0.0 0.604651162791 0.506016847172 0.516568047337
0.567213114754 0.0 0.53488372093 0.522864019254 0.494082840237
0.391393442623 0.0 0.488372093023 0.450661853189 0.478698224852
0.529098360656 0.0 0.604651162791 0.548736462094 0.474556213018
0.640983606557 0.0 0.697674418605 0.64861612515 0.646153846154
0.519262295082 0.0 0.627906976744 0.574007220217 0.497041420118
0.311885245902 0.0 0.395348837209 0.382671480144 0.4
0.72868852459 0.0 0.720930232558 0.638989169675 0.768047337278
0.731967213115 0.0 0.767441860465 0.759927797834 0.815976331361
1.0 0.0 1.0 0.959687123947 1.0
0.767213114754 0.5 0.790697674419 0.703369434416 0.74201183432
0.733606557377 0.5 0.720930232558 0.635379061372 0.645562130178
0.476229508197 0.0 0.53488372093 0.537906137184 0.478698224852
0.764344262295 0.0 0.744186046512 0.694344163658 0.705917159763
0.374590163934 0.5 0.418604651163 0.377858002407 0.359171597633
0.352049180328 0.5 0.46511627907 0.419374247894 0.455029585799
0.56762295082 0.5 0.674418604651 0.678098676294 0.766863905325
0.913114754098 0.0 0.93023255814 0.901925391095 0.95798816568
0.287295081967 0.0 0.395348837209 0.406738868833 0.420118343195
0.615983606557 0.5 0.697674418605 0.698555956679 0.755029585799
0.642213114754 0.0 0.674418604651 0.660649819495 0.653846153846
0.766803278689 0.0 0.720930232558 0.726835138387 0.708875739645
0.793032786885 0.0 0.790697674419 0.761131167268 0.87100591716
0.700409836066 0.0 0.627906976744 0.517448856799 0.502366863905
0.579508196721 0.0 0.627906976744 0.564380264741 0.567455621302
0.748770491803 0.0 0.767441860465 0.70036101083 0.78875739645
0.629918032787 0.0 0.744186046512 0.746690734055 0.714792899408
0.584016393443 0.0 0.651162790698 0.635379061372 0.607692307692
0.349180327869 1.0 0.372093023256 0.321299638989 0.343786982249
0.354098360656 1.0 0.372093023256 0.305054151625 0.330769230769
0.757786885246 0.0 0.813953488372 0.832129963899 0.685207100592
0.941393442623 0.0 0.976744186047 1.0 0.981656804734
0.799590163934 1.0 0.767441860465 0.703971119134 0.608875739645
0.519672131148 0.0 0.627906976744 0.572803850782 0.583431952663
0.543032786885 0.0 0.558139534884 0.568592057762 0.625443786982
0.357786885246 0.0 0.46511627907 0.472322503008 0.453846153846
0.321721311475 0.0 0.372093023256 0.315282791817 0.25798816568
0.56762295082 0.5 0.674418604651 0.678098676294 0.766863905325
0.451639344262 0.0 0.53488372093 0.496389891697 0.42426035503
0.654918032787 0.0 0.604651162791 0.533092659446 0.510059171598
0.391393442623 0.0 0.488372093023 0.450661853189 0.478698224852
0.527868852459 0.0 0.581395348837 0.594464500602 0.521301775148
0.939754098361 0.0 0.906976744186 0.863417569194 0.85798816568
0.529918032787 0.0 0.488372093023 0.424789410349 0.460946745562
0.88893442623 0.0 0.906976744186 0.9440433213 0.931952662722
0.651229508197 0.0 0.674418604651 0.64019253911 0.63550295858
