0.757020757021 0.0 0.823529411765 0.751567398119 0.798975672215
0.692307692308 0.0 0.764705882353 0.693573667712 0.745198463508
0.762515262515 0.0 0.823529411765 0.650470219436 0.701024327785
0.748473748474 0.0 0.735294117647 0.534482758621 0.65556978233
0.627594627595 0.0 0.735294117647 0.655172413793 0.671574903969
0.671550671551 0.0 0.705882352941 0.612068965517 0.685019206146
0.825396825397 0.0 0.823529411765 0.682601880878 0.755441741357
0.907814407814 0.0 0.911764705882 0.75078369906 0.798975672215
0.6336996337 0.0 0.735294117647 0.69670846395 0.704225352113
0.702686202686 0.0 0.764705882353 0.704545454545 0.734314980794
0.726495726496 0.0 0.823529411765 0.807993730408 0.795774647887
0.653846153846 0.0 0.676470588235 0.568965517241 0.647887323944
0.97557997558 0.0 1.0 1.0 1.0
0.738095238095 0.0 0.823529411765 0.746865203762 0.743918053777
0.648351648352 0.0 0.735294117647 0.664576802508 0.677336747759
0.786324786325 0.0 0.823529411765 0.677115987461 0.708706786172
0.884004884005 0.0 0.911764705882 0.789184952978 0.806658130602
0.460927960928 0.0 0.558823529412 0.478056426332 0.519846350832
0.47557997558 0.0 0.558823529412 0.419278996865 0.474391805378
0.73199023199 0.0 0.794117647059 0.657523510972 0.674775928297
0.913308913309 0.0 0.882352941176 0.795454545455 0.856594110115
0.632478632479 0.0 0.676470588235 0.605015673981 0.654929577465
0.85347985348 0.0 0.823529411765 0.659090909091 0.734955185659
0.850427350427 0.0 0.941176470588 0.925548589342 0.87900128041
0.818681318681 0.0 0.882352941176 0.766457680251 0.757362355954
0.651404151404 0.0 0.705882352941 0.605799373041 0.641485275288
0.825396825397 0.0 0.852941176471 0.825235109718 0.84443021767
0.960927960928 0.0 0.882352941176 0.680250783699 0.778489116517
0.664835164835 0.0 0.735294117647 0.733542319749 0.745198463508
0.807692307692 0.0 0.852941176471 0.792319749216 0.79833546735
0.81684981685 0.0 0.823529411765 0.745297805643 0.786171574904
0.822954822955 0.0 0.852941176471 0.74921630094 0.766965428937
0.468864468864 0.0 0.529411764706 0.423197492163 0.490396927017
0.713064713065 0.0 0.794117647059 0.806426332288 0.793854033291
0.689255189255 0.0 0.735294117647 0.609717868339 0.641485275288
0.603785103785 0.0 0.617647058824 0.485109717868 0.567221510883
0.673992673993 0.0 0.764705882353 0.728056426332 0.715749039693
0.678266178266 0.0 0.764705882353 0.783699059561 0.772087067862
1.0 0.0 0.970588235294 0.837774294671 0.871959026889
0.481074481074 0.0 0.588235294118 0.514106583072 0.52880921895
0.64652014652 0.0 0.705882352941 0.55329153605 0.580025608195
0.589743589744 0.0 0.647058823529 0.574451410658 0.612035851472
0.533577533578 0.0 0.588235294118 0.541536050157 0.590909090909
0.611721611722 0.0 0.617647058824 0.51802507837 0.599231754161
0.711233211233 0.0 0.794117647059 0.723354231975 0.706786171575
0.791208791209 0.0 0.794117647059 0.665360501567 0.709987195903
0.734432234432 0.0 0.735294117647 0.566614420063 0.627400768246
0.824786324786 0.0 0.852941176471 0.703761755486 0.716389244558
0.542735042735 0.0 0.558823529412 0.422413793103 0.508962868118
0.852258852259 0.0 0.823529411765 0.718652037618 0.777848911652
0.678266178266 0.0 0.705882352941 0.684169278997 0.724071702945
0.866910866911 0.0 0.882352941176 0.829153605016 0.839308578745
0.700244200244 0.0 0.764705882353 0.730407523511 0.729193341869
0.537240537241 0.0 0.588235294118 0.561128526646 0.608834827145
0.769841269841 0.0 0.764705882353 0.708463949843 0.759282970551
0.808302808303 0.0 0.882352941176 0.808777429467 0.77528809219
0.764957264957 0.0 0.823529411765 0.814263322884 0.802176696543
0.572039072039 0.0 0.647058823529 0.57210031348 0.589628681178
0.600732600733 0.0 0.647058823529 0.581504702194 0.619718309859
0.760683760684 0.0 0.735294117647 0.566614420063 0.642765685019
0.636752136752 0.0 0.705882352941 0.719435736677 0.724071702945
0.671550671551 0.0 0.676470588235 0.617554858934 0.679257362356
0.711233211233 0.0 0.735294117647 0.636363636364 0.672215108835
0.608058608059 0.0 0.647058823529 0.538401253918 0.583226632522
0.62148962149 0.0 0.676470588235 0.556426332288 0.582586427657
0.512820512821 0.0 0.558823529412 0.46394984326 0.521126760563
0.993284493284 0.0 0.911764705882 0.74921630094 0.824583866837
0.660561660562 0.0 0.676470588235 0.583072100313 0.634443021767
0.596459096459 0.0 0.647058823529 0.548589341693 0.58066581306
0.799755799756 0.0 0.794117647059 0.712382445141 0.752240717029
0.860805860806 0.0 0.882352941176 0.876959247649 0.87323943662
0.727106227106 0.0 0.735294117647 0.640282131661 0.683098591549
0.592796092796 0.0 0.676470588235 0.610501567398 0.608834827145
0.600122100122 0.0 0.676470588235 0.613636363636 0.617157490397
0.486568986569 0.0 0.558823529412 0.487460815047 0.520486555698
0.943223443223 0.0 0.911764705882 0.789968652038 0.823303457106
0.830280830281 0.0 0.882352941176 0.823667711599 0.79833546735
0.650183150183 0.0 0.676470588235 0.597178683386 0.637644046095
0.652625152625 0.0 0.705882352941 0.622257053292 0.635723431498
0.742979242979 0.0 0.823529411765 0.793103448276 0.757362355954
0.666666666667 0.0 0.735294117647 0.715517241379 0.70742637644
0.697802197802 0.0 0.764705882353 0.644984326019 0.635083226633
0.655677655678 0.0 0.735294117647 0.684952978056 0.669014084507
0.865079365079 0.0 0.882352941176 0.852664576803 0.848911651729
0.675824175824 0.0 0.764705882353 0.705329153605 0.675416133163
0.750305250305 0.0 0.794117647059 0.699059561129 0.697183098592
0.71916971917 0.0 0.735294117647 0.649686520376 0.679897567222
0.692918192918 0.0 0.705882352941 0.651253918495 0.688220230474
0.761294261294 0.0 0.794117647059 0.73197492163 0.734314980794
0.795482295482 0.0 0.823529411765 0.718652037618 0.719590268886
0.594017094017 0.0 0.647058823529 0.586990595611 0.605633802817
0.65873015873 0.0 0.764705882353 0.739811912226 0.691421254802
0.595848595849 0.0 0.617647058824 0.559561128527 0.607554417414
0.810744810745 0.0 0.852941176471 0.815830721003 0.795134443022
0.687423687424 0.0 0.735294117647 0.626175548589 0.630601792574
0.862026862027 0.0 0.911764705882 0.912225705329 0.870038412292
0.654456654457 0.0 0.735294117647 0.626959247649 0.605633802817
0.642246642247 0.0 0.676470588235 0.596394984326 0.62099871959
0.700854700855 0.0 0.735294117647 0.702978056426 0.711907810499
0.821733821734 0.0 0.852941176471 0.880877742947 0.862996158771
