0.904458598726 1.0 0.862745098039 0.833674513818 0.829604950024
0.106268856856 0.0 0.156862745098 0.0757420675537 0.0609233698239
1.0 0.0 1.0 1.0 1.0
0.131746563862 1.0 0.176470588235 0.0982599795292 0.117563065207
0.989272544418 0.0 0.960784313725 0.9252814739 0.92241789624
0.908816627556 0.0 0.941176470588 0.924257932446 0.926701570681
0.938317130406 0.0 0.921568627451 0.910951893552 0.853403141361
0.799530673818 0.0 0.823529411765 0.829068577277 0.877201332699
0.127723768019 0.0 0.176470588235 0.143807574207 0.124226558782
0.711699631244 0.0 0.745098039216 0.666325486182 0.71299381247
0.755615152531 0.0 0.882352941176 0.893039918117 0.816753926702
0.307408649011 1.0 0.372549019608 0.312691914023 0.313184198001
0.770365403956 0.0 0.862745098039 0.849027635619 0.907663017611
0.514917867918 1.0 0.529411764706 0.363868986694 0.519276534983
0.555481059336 0.0 0.705882352941 0.698567041965 0.687767729653
0.938317130406 0.0 0.882352941176 0.870010235415 0.847215611614
0.906469996648 0.0 0.921568627451 0.872057318321 0.848167539267
0.13308749581 1.0 0.156862745098 0.0880245649949 0.0999524036173
0.347636607442 1.0 0.392156862745 0.266120777892 0.283674440743
0.257794166946 0.0 0.372549019608 0.386386898669 0.329842931937
0.501843781428 0.0 0.666666666667 0.648925281474 0.629700142789
0.685216225277 1.0 0.686274509804 0.578812691914 0.59876249405
0.73717733825 1.0 0.764705882353 0.726202661208 0.751546882437
0.646329198793 0.0 0.803921568627 0.850562947799 0.747739171823
0.177673483071 0.0 0.235294117647 0.200102354145 0.188957639219
0.83204827355 0.0 0.843137254902 0.823439099284 0.819133745835
0.730472678512 1.0 0.666666666667 0.546571136131 0.606377915278
0.665102246061 0.0 0.78431372549 0.784544524053 0.761542122799
0.148843446195 1.0 0.196078431373 0.128966223132 0.149452641599
0.361045926919 1.0 0.333333333333 0.231832139202 0.271775345074
0.268856855515 0.0 0.392156862745 0.332650972364 0.346025702047
0.173650687228 0.0 0.254901960784 0.166325486182 0.168967158496
0.410995641971 1.0 0.43137254902 0.377686796315 0.437410756782
0.742205833054 1.0 0.803921568627 0.765609007165 0.792479771537
0.145491116326 0.0 0.196078431373 0.118730808598 0.0880533079486
0.743881997989 1.0 0.78431372549 0.68065506653 0.739171822941
0.58565202816 0.0 0.725490196078 0.748208802456 0.703474535935
0.440496144821 0.0 0.411764705882 0.350051177073 0.376487386959
0.261816962789 1.0 0.294117647059 0.168372569089 0.248453117563
0.390881662756 0.0 0.43137254902 0.300409416581 0.336982389338
0.59973181361 1.0 0.56862745098 0.436540429887 0.479295573536
0.239356352665 1.0 0.274509803922 0.202661207779 0.237981913375
0.224941334227 1.0 0.254901960784 0.176560900716 0.225130890052
0.358364063024 0.0 0.509803921569 0.513306038895 0.452165635412
0.230305062018 0.0 0.333333333333 0.284544524053 0.245121370776
0.564532349983 0.0 0.686274509804 0.678096212897 0.63683960019
0.871940998994 0.0 0.862745098039 0.796827021494 0.778676820562
0.354341267181 1.0 0.352941176471 0.258955987718 0.315564017135
0.298022125377 0.0 0.352941176471 0.237973387922 0.224178962399
0.133757961783 1.0 0.176470588235 0.110030706244 0.118514992861
0.213543412672 0.0 0.313725490196 0.248208802456 0.276534983341
0.3281930942 0.0 0.450980392157 0.438075742068 0.426939552594
0.633925578277 1.0 0.588235294118 0.422210849539 0.539742979534
0.761984579283 1.0 0.725490196078 0.608495394063 0.722989052832
0.218571907476 0.0 0.294117647059 0.240532241556 0.236078058068
0.807576265505 0.0 0.862745098039 0.811156601842 0.804378867206
0.150854844117 0.0 0.21568627451 0.132036847492 0.15516420752
0.200134093195 1.0 0.21568627451 0.148925281474 0.158019990481
0.846463291988 0.0 0.803921568627 0.712384851586 0.682532127558
0.775058665773 0.0 0.843137254902 0.795803480041 0.797239409805
0.883003687563 0.0 0.882352941176 0.791197543501 0.805806758686
0.365739188736 1.0 0.313725490196 0.184237461617 0.242741551642
0.817968488099 0.0 0.882352941176 0.870522006141 0.856734888149
0.162587998659 0.0 0.21568627451 0.154042988741 0.179914326511
0.92691920885 0.0 0.862745098039 0.843398157625 0.84483579248
0.48307073416 0.0 0.647058823529 0.658648925281 0.682532127558
0.748240026819 0.0 0.823529411765 0.765097236438 0.776297001428
0.481729802213 0.0 0.627450980392 0.601842374616 0.621132793908
0.694267515924 0.0 0.686274509804 0.639201637666 0.683484055212
0.31511900771 0.0 0.43137254902 0.385363357216 0.390290337934
0.657727120349 0.0 0.764705882353 0.789150460594 0.73346025702
0.440160911834 0.0 0.56862745098 0.61054247697 0.568300809139
0.300368756286 0.0 0.411764705882 0.393039918117 0.376487386959
0.188400938652 0.0 0.274509803922 0.257420675537 0.17134697763
0.446195105598 0.0 0.607843137255 0.633060388946 0.6530223703
0.20717398592 0.0 0.254901960784 0.169907881269 0.201332698715
0.740529668119 1.0 0.705882352941 0.558853633572 0.606377915278
0.384847468991 0.0 0.529411764706 0.525588536336 0.49928605426
0.790479383171 0.0 0.803921568627 0.735926305015 0.726796763446
0.347971840429 0.0 0.392156862745 0.331115660184 0.362684435983
0.640965471002 1.0 0.647058823529 0.560900716479 0.641123274631
0.641971169963 1.0 0.607843137255 0.486693961105 0.562113279391
0.533690915186 1.0 0.627450980392 0.518935516888 0.540694907187
0.454911163258 1.0 0.490196078431 0.374104401228 0.432651118515
0.628226617499 0.0 0.745098039216 0.756908904811 0.670157068063
0.429433456252 1.0 0.470588235294 0.404810644831 0.419800095193
0.202145491116 1.0 0.235294117647 0.123848515865 0.154688243693
0.281260476031 0.0 0.333333333333 0.285568065507 0.298429319372
0.470667113644 0.0 0.588235294118 0.513817809621 0.511661113755
0.139121689574 0.0 0.196078431373 0.14790174002 0.157068062827
0.463962453905 0.0 0.549019607843 0.505629477994 0.539742979534
0.429098223265 0.0 0.529411764706 0.523029682702 0.536411232746
0.835735836406 0.0 0.862745098039 0.837768679632 0.839124226559
0.566878980892 0.0 0.666666666667 0.623336745138 0.702998572109
0.472678511566 1.0 0.509803921569 0.407881269191 0.414564493099
0.549446865572 0.0 0.627450980392 0.583418628454 0.588767253689
0.543747904794 0.0 0.529411764706 0.457011258956 0.465968586387
0.725779416695 0.0 0.725490196078 0.618730808598 0.65445026178
0.576600737513 1.0 0.56862745098 0.413510747185 0.469776297001
0.619510559839 0.0 0.607843137255 0.502558853634 0.546882436935
