0.271388778353 0.0 0.260869565217 0.189664963089 0.149017467249
0.379625945086 0.0 0.434782608696 0.352072685974 0.328056768559
0.571826502189 0.0 0.695652173913 0.587166382737 0.588973799127
0.588141663351 0.0 0.717391304348 0.663259511641 0.671397379913
0.485873458018 0.0 0.54347826087 0.41737649063 0.452510917031
0.435734182252 0.0 0.45652173913 0.287904599659 0.372270742358
0.731794667728 0.0 0.782608695652 0.689948892675 0.813318777293
0.721050537207 0.0 0.717391304348 0.597955706985 0.65884279476
0.566653402308 0.0 0.739130434783 0.875638841567 0.777838427948
0.613609231994 0.0 0.760869565217 0.84043157297 0.802401746725
0.317150815758 0.0 0.413043478261 0.391254968768 0.397925764192
0.445284520493 0.0 0.521739130435 0.508801817149 0.532205240175
0.560684440907 0.0 0.5 0.335036910846 0.390829694323
0.307600477517 0.0 0.369565217391 0.232254400909 0.278930131004
0.355352168723 0.0 0.434782608696 0.45428733674 0.464519650655
0.355352168723 0.0 0.434782608696 0.45428733674 0.464519650655
0.135694389176 0.0 0.173913043478 0.113571834185 0.104257641921
0.135694389176 0.0 0.173913043478 0.113571834185 0.104257641921
0.988062077199 0.0 0.934782608696 0.912549687677 0.890829694323
0.560286510147 0.0 0.695652173913 0.667234525838 0.713427947598
0.391165937127 0.0 0.54347826087 0.607041453719 0.523471615721
0.350179068842 0.0 0.45652173913 0.474162407723 0.474344978166
0.708316752885 0.0 0.847826086957 0.971607041454 0.953602620087
0.629128531635 0.0 0.782608695652 0.865417376491 0.83788209607
0.292081177875 0.0 0.347826086957 0.341283361726 0.273471615721
0.487067250298 0.0 0.608695652174 0.689381033504 0.604257641921
0.114604058894 0.0 0.152173913043 0.0897217490062 0.07096069869
0.212892956626 0.0 0.217391304348 0.139125496877 0.103711790393
0.352566653402 0.0 0.434782608696 0.507666098807 0.396834061135
0.474731396737 0.0 0.565217391304 0.576377058489 0.535480349345
0.287703939515 0.0 0.413043478261 0.452583759228 0.441593886463
0.204138479904 0.0 0.282608695652 0.328790459966 0.28384279476
0.522881018703 0.0 0.521739130435 0.291311754685 0.424672489083
0.658973338639 0.0 0.608695652174 0.403180011357 0.484716157205
0.689216076403 0.0 0.695652173913 0.553094832482 0.652292576419
0.590927178671 0.0 0.630434782609 0.503691084611 0.619541484716
0.529645841624 0.0 0.5 0.281090289608 0.401200873362
0.448467966574 0.0 0.391304347826 0.229982964225 0.259825327511
0.138081973737 0.0 0.173913043478 0.123225440091 0.109170305677
0.138081973737 0.0 0.173913043478 0.123225440091 0.109170305677
0.609231993633 0.0 0.760869565217 0.795002839296 0.795851528384
0.463987266216 0.0 0.586956521739 0.531516183986 0.623362445415
0.212892956626 0.0 0.217391304348 0.139125496877 0.103711790393
0.212892956626 0.0 0.217391304348 0.139125496877 0.103711790393
0.287703939515 0.0 0.413043478261 0.452583759228 0.441593886463
0.302427377636 0.0 0.347826086957 0.378194207836 0.316593886463
0.365698368484 0.0 0.391304347826 0.2578080636 0.194868995633
0.442499005173 0.0 0.54347826087 0.489494605338 0.437227074236
0.285316354954 0.0 0.347826086957 0.22714366837 0.281113537118
0.567051333068 0.0 0.5 0.33730834753 0.340611353712
0.267409470752 0.0 0.369565217391 0.401476433844 0.359716157205
0.309192200557 0.0 0.413043478261 0.444633730835 0.389192139738
1.0 0.0 1.0 1.0 1.0
0.900119379228 0.0 0.913043478261 0.921067575241 0.938864628821
0.225626740947 0.0 0.304347826087 0.355479840999 0.301855895197
0.254277755671 0.0 0.369565217391 0.458262350937 0.364082969432
0.442896935933 0.0 0.5 0.560477001704 0.468886462882
0.567847194588 0.0 0.608695652174 0.678591709256 0.651200873362
0.296458416236 1.0 0.347826086957 0.235661555934 0.323144104803
0.467966573816 1.0 0.521739130435 0.326519023282 0.507641921397
0.494627934739 1.0 0.608695652174 0.541169789892 0.577510917031
0.514922403502 1.0 0.608695652174 0.551391254969 0.543122270742
0.609231993633 0.0 0.630434782609 0.622941510505 0.632096069869
0.314763231198 0.0 0.326086956522 0.231686541738 0.251637554585
0.240350179069 0.0 0.326086956522 0.265190232822 0.289301310044
0.154397134899 0.0 0.217391304348 0.174332765474 0.101528384279
0.368085953044 0.0 0.434782608696 0.482112436116 0.489628820961
0.389176283327 0.0 0.5 0.491198182851 0.561135371179
0.625547154795 0.0 0.739130434783 0.751845542306 0.774563318777
0.547552725826 0.0 0.695652173913 0.718909710392 0.75327510917
0.32948666932 0.0 0.413043478261 0.44804088586 0.458515283843
0.32948666932 0.0 0.413043478261 0.44804088586 0.458515283843
0.303223239156 0.0 0.413043478261 0.345826235094 0.327510917031
0.191404695583 0.0 0.260869565217 0.17149346962 0.219978165939
0.341026661361 0.0 0.45652173913 0.471323111868 0.505458515284
0.382809391166 0.0 0.478260869565 0.500851788756 0.47980349345
0.324313569439 0.0 0.45652173913 0.53378762067 0.464519650655
0.302825308396 0.0 0.434782608696 0.507098239637 0.446506550218
0.376840429765 0.0 0.45652173913 0.399772856332 0.328056768559
0.284918424194 0.0 0.326086956522 0.22714366837 0.218340611354
