0.535983263598 0.0 0.682926829268 0.70249017038 0.689189189189
0.634309623431 0.333333333333 0.609756097561 0.580602883355 0.583538083538
0.630543933054 0.666666666667 0.682926829268 0.587811271298 0.597051597052
0.518410041841 0.0 0.536585365854 0.493446920052 0.387592137592
0.703765690377 0.0 0.634146341463 0.569462647444 0.489557739558
0.536820083682 0.0 0.512195121951 0.427260812582 0.412776412776
0.623849372385 0.0 0.658536585366 0.606815203145 0.54484029484
0.807949790795 0.666666666667 0.756097560976 0.58125819135 0.665233415233
0.804184100418 0.0 0.926829268293 0.923984272608 0.937346437346
0.798326359833 0.0 0.90243902439 0.874836173001 0.898034398034
0.75690376569 0.0 0.80487804878 0.77129750983 0.72113022113
0.500836820084 0.0 0.463414634146 0.435779816514 0.418304668305
0.473640167364 0.0 0.609756097561 0.631061598952 0.600122850123
0.61589958159 0.0 0.585365853659 0.415465268676 0.414004914005
0.394979079498 0.0 0.536585365854 0.455439056356 0.472972972973
0.539748953975 0.0 0.487804878049 0.374180865007 0.410319410319
0.677824267782 0.0 0.731707317073 0.623853211009 0.678746928747
0.424686192469 0.333333333333 0.512195121951 0.508519003932 0.514742014742
0.538912133891 0.0 0.585365853659 0.571428571429 0.561425061425
0.351882845188 0.0 0.487804878049 0.402359108781 0.434889434889
0.554811715481 0.0 0.707317073171 0.722804718218 0.771498771499
1.0 0.333333333333 1.0 1.0 0.961302211302
0.7410041841 0.0 0.731707317073 0.74246395806 0.694103194103
0.68870292887 0.0 0.80487804878 0.784403669725 0.812653562654
0.697907949791 0.0 0.634146341463 0.516382699869 0.54914004914
0.55690376569 0.0 0.707317073171 0.726081258191 0.734029484029
0.586610878661 0.0 0.560975609756 0.44495412844 0.488329238329
0.448117154812 0.666666666667 0.536585365854 0.404325032765 0.483415233415
0.823012552301 0.0 0.80487804878 0.705111402359 0.717444717445
0.419246861925 0.0 0.585365853659 0.53997378768 0.566953316953
0.807949790795 0.666666666667 0.756097560976 0.58125819135 0.665233415233
0.638912133891 0.0 0.707317073171 0.596330275229 0.648034398034
0.258577405858 0.0 0.317073170732 0.29619921363 0.256142506143
0.222175732218 0.0 0.292682926829 0.268020969856 0.195945945946
0.449372384937 0.0 0.487804878049 0.420707732634 0.403562653563
0.430962343096 0.0 0.536585365854 0.58125819135 0.531326781327
0.451046025105 0.0 0.487804878049 0.469855832241 0.385135135135
0.352719665272 0.0 0.487804878049 0.4875491481 0.419533169533
0.559414225941 0.0 0.658536585366 0.587155963303 0.588452088452
0.681589958159 0.0 0.780487804878 0.775884665793 0.745085995086
0.671129707113 0.666666666667 0.80487804878 0.826343381389 0.831081081081
0.57280334728 0.666666666667 0.707317073171 0.701834862385 0.718673218673
0.494560669456 0.0 0.487804878049 0.414809960682 0.390663390663
0.403765690377 0.0 0.414634146341 0.315858453473 0.350737100737
0.692887029289 0.0 0.682926829268 0.641546526868 0.601965601966
0.789539748954 0.0 0.756097560976 0.711664482307 0.663390663391
0.495815899582 0.0 0.487804878049 0.475753604194 0.511056511057
0.360251046025 0.0 0.439024390244 0.382044560944 0.370393120393
0.678242677824 0.0 0.609756097561 0.552424639581 0.576781326781
0.573640167364 0.0 0.536585365854 0.462647444299 0.478501228501
0.776150627615 0.0 0.780487804878 0.854521625164 0.797297297297
0.694979079498 0.333333333333 0.829268292683 0.792922673657 0.835380835381
0.354811715481 0.666666666667 0.463414634146 0.408256880734 0.359336609337
0.35690376569 0.666666666667 0.463414634146 0.416120576671 0.382063882064
0.671129707113 0.0 0.634146341463 0.587811271298 0.552825552826
0.359832635983 0.0 0.487804878049 0.548492791612 0.511056511057
0.498744769874 0.666666666667 0.609756097561 0.531454783748 0.589680589681
0.403347280335 0.0 0.536585365854 0.477064220183 0.47972972973
0.517991631799 0.0 0.560975609756 0.507208387942 0.562653562654
0.382426778243 0.0 0.512195121951 0.519003931848 0.535012285012
0.490794979079 0.0 0.560975609756 0.604193971166 0.590909090909
0.52719665272 0.0 0.536585365854 0.384665792923 0.455773955774
0.800836820084 0.0 0.853658536585 0.780471821756 0.845208845209
0.597489539749 0.0 0.585365853659 0.549148099607 0.439189189189
0.451046025105 0.0 0.536585365854 0.511795543906 0.496928746929
0.490794979079 0.666666666667 0.634146341463 0.640891218873 0.665233415233
0.382845188285 0.666666666667 0.439024390244 0.427916120577 0.394348894349
0.329707112971 0.0 0.439024390244 0.395806028834 0.313882063882
0.561506276151 0.0 0.536585365854 0.437090432503 0.40171990172
0.635564853556 0.0 0.634146341463 0.569462647444 0.485872235872
0.337238493724 0.0 0.463414634146 0.413499344692 0.441646191646
0.356066945607 0.0 0.487804878049 0.407601572739 0.416461916462
0.636820083682 0.666666666667 0.585365853659 0.511795543906 0.512899262899
0.353974895397 0.0 0.487804878049 0.488859764089 0.453931203931
0.490794979079 0.0 0.560975609756 0.604193971166 0.590909090909
0.840585774059 0.0 0.780487804878 0.691349934469 0.712530712531
0.623849372385 0.0 0.658536585366 0.560288335518 0.613022113022
0.943514644351 0.0 0.926829268293 0.899737876802 0.878378378378
0.310041841004 0.0 0.463414634146 0.484927916121 0.390663390663
0.275732217573 0.0 0.341463414634 0.304062909567 0.287469287469
0.546025104603 0.0 0.487804878049 0.361074705111 0.376535626536
0.523430962343 0.0 0.512195121951 0.401703800786 0.391277641278
0.568619246862 0.0 0.560975609756 0.448230668414 0.523341523342
0.424686192469 0.0 0.512195121951 0.475098296199 0.472972972973
0.510460251046 0.0 0.609756097561 0.570773263434 0.584152334152
0.437656903766 0.666666666667 0.585365853659 0.604193971166 0.592137592138
0.65230125523 0.0 0.707317073171 0.768020969856 0.695945945946
0.661924686192 0.0 0.780487804878 0.808650065531 0.72972972973
0.630543933054 0.0 0.634146341463 0.483617300131 0.542997542998
0.60460251046 0.0 0.658536585366 0.586500655308 0.589680589681
0.783682008368 0.0 0.756097560976 0.692660550459 0.708230958231
0.437238493724 0.666666666667 0.560975609756 0.479685452163 0.487100737101
0.618828451883 0.0 0.707317073171 0.624508519004 0.640663390663
0.403347280335 0.0 0.536585365854 0.477064220183 0.47972972973
0.461087866109 0.0 0.487804878049 0.454128440367 0.425675675676
0.751464435146 0.0 0.731707317073 0.642857142857 0.598894348894
0.359832635983 0.0 0.414634146341 0.361074705111 0.340294840295
0.635564853556 0.0 0.585365853659 0.484272608126 0.452088452088
0.310878661088 0.0 0.463414634146 0.485583224115 0.425061425061
0.397489539749 0.0 0.512195121951 0.488204456094 0.377764127764
0.490376569038 0.0 0.560975609756 0.52752293578 0.511056511057
0.707531380753 0.0 0.682926829268 0.595674967235 0.580466830467
0.577405857741 0.0 0.560975609756 0.551114023591 0.447174447174
0.699581589958 0.0 0.731707317073 0.710353866317 0.638206388206
0.928870292887 0.0 0.951219512195 0.98623853211 1.0
0.649372384937 0.0 0.585365853659 0.463958060288 0.441646191646
0.407112970711 0.0 0.560975609756 0.491480996068 0.4957002457
0.27280334728 0.0 0.317073170732 0.184141546527 0.178746928747
0.660251046025 0.0 0.609756097561 0.579292267366 0.538083538084
0.411715481172 0.333333333333 0.512195121951 0.460681520315 0.452702702703
0.559414225941 0.0 0.512195121951 0.426605504587 0.39742014742
0.88870292887 0.0 0.90243902439 0.78374836173 0.769041769042
0.753138075314 0.0 0.853658536585 0.766710353866 0.769656019656
0.503347280335 0.0 0.536585365854 0.549148099607 0.520884520885
0.652719665272 0.0 0.707317073171 0.756880733945 0.61855036855
0.449372384937 0.0 0.487804878049 0.420707732634 0.403562653563
0.389121338912 0.0 0.512195121951 0.549803407602 0.530712530713
0.614644351464 0.333333333333 0.658536585366 0.597640891219 0.628992628993
0.734309623431 0.0 0.80487804878 0.760157273919 0.762899262899
0.807112970711 0.0 0.829268292683 0.780471821756 0.769656019656
0.690376569038 0.0 0.707317073171 0.608125819135 0.627764127764
0.724267782427 0.0 0.780487804878 0.762123197903 0.775184275184
0.836820083682 0.0 0.780487804878 0.711009174312 0.714987714988
0.607949790795 0.0 0.609756097561 0.560288335518 0.545454545455
0.610878661088 0.666666666667 0.585365853659 0.513106159895 0.543611793612
0.694560669456 0.0 0.682926829268 0.57994757536 0.587837837838
0.422594142259 0.0 0.512195121951 0.542595019659 0.56941031941
0.724267782427 0.0 0.780487804878 0.762123197903 0.775184275184
0.358158995816 0.0 0.390243902439 0.3250327654 0.335995085995
0.559414225941 0.0 0.512195121951 0.426605504587 0.39742014742
0.416736401674 0.666666666667 0.439024390244 0.389908256881 0.267199017199
0.479079497908 0.0 0.609756097561 0.551769331586 0.529484029484
0.947280334728 1.0 0.90243902439 0.802752293578 0.913390663391
0.709623430962 0.0 0.780487804878 0.694626474443 0.664004914005
0.671966527197 0.0 0.707317073171 0.670380078637 0.691646191646
0.623430962343 0.0 0.560975609756 0.412844036697 0.434889434889
0.902928870293 0.0 0.90243902439 0.836828309305 0.78316953317
0.934309623431 0.0 0.926829268293 0.868938401048 0.810196560197
0.435146443515 0.0 0.536585365854 0.42005242464 0.468058968059
0.7410041841 0.0 0.756097560976 0.753604193971 0.654176904177
0.480334728033 0.0 0.512195121951 0.456094364351 0.429975429975
0.581171548117 0.0 0.585365853659 0.602883355177 0.503071253071
0.65230125523 0.0 0.756097560976 0.787680209699 0.644963144963
0.662761506276 0.0 0.731707317073 0.693971166448 0.644348894349
0.552719665272 0.0 0.512195121951 0.421363040629 0.450245700246
0.658158995816 0.0 0.658536585366 0.585190039318 0.590294840295
0.500836820084 0.0 0.463414634146 0.435779816514 0.418304668305
0.667782426778 0.0 0.80487804878 0.802096985583 0.818796068796
0.807112970711 0.0 0.829268292683 0.780471821756 0.769656019656
0.581171548117 0.0 0.609756097561 0.466579292267 0.448402948403
0.7410041841 0.0 0.731707317073 0.683486238532 0.709459459459
0.693723849372 0.0 0.707317073171 0.604849279161 0.67628992629
0.671548117155 0.0 0.658536585366 0.608125819135 0.5085995086
0.595815899582 0.0 0.560975609756 0.452162516383 0.366707616708
0.724267782427 0.0 0.80487804878 0.761467889908 0.730343980344
0.672384937238 1.0 0.634146341463 0.583224115334 0.614864864865
0.61129707113 0.0 0.560975609756 0.503931847969 0.541154791155
0.748953974895 0.0 0.829268292683 0.853866317169 0.7457002457
0.402092050209 0.0 0.536585365854 0.488204456094 0.345208845209
0.741422594142 0.0 0.707317073171 0.638925294889 0.69656019656
0.422594142259 0.666666666667 0.536585365854 0.465923984273 0.442874692875
0.4 0.666666666667 0.512195121951 0.435124508519 0.422604422604
0.652719665272 0.0 0.658536585366 0.657929226737 0.643734643735
0.47280334728 0.0 0.487804878049 0.480340760157 0.4957002457
0.551464435146 1.0 0.536585365854 0.414154652687 0.540540540541
0.851464435146 0.0 0.975609756098 0.917431192661 0.922604422604
0.756066945607 0.0 0.853658536585 0.902359108781 0.72972972973
0.648535564854 0.0 0.658536585366 0.606159895151 0.574938574939
0.547280334728 0.0 0.560975609756 0.455439056356 0.534398034398
0.426359832636 0.0 0.585365853659 0.536697247706 0.545454545455
0.641841004184 0.0 0.682926829268 0.716906946265 0.691646191646
0.702928870293 0.0 0.634146341463 0.551114023591 0.592137592138
0.461087866109 0.333333333333 0.512195121951 0.421363040629 0.449017199017
0.385774058577 0.333333333333 0.414634146341 0.366317169069 0.408476658477
0.840585774059 0.0 0.780487804878 0.691349934469 0.712530712531
0.702928870293 0.0 0.634146341463 0.551114023591 0.592137592138
0.650627615063 1.0 0.658536585366 0.601572739187 0.539926289926
0.507112970711 0.0 0.512195121951 0.49868938401 0.423218673219
0.435146443515 0.0 0.536585365854 0.42005242464 0.468058968059
0.379916317992 0.0 0.487804878049 0.414154652687 0.453316953317
0.4589958159 0.0 0.512195121951 0.488204456094 0.426904176904
0.497907949791 0.0 0.536585365854 0.515727391874 0.457616707617
0.513807531381 0.666666666667 0.512195121951 0.542595019659 0.457002457002
0.726359832636 0.0 0.731707317073 0.6749672346 0.679975429975
0.533891213389 0.0 0.585365853659 0.444298820446 0.454545454545
0.534309623431 0.0 0.658536585366 0.649410222805 0.664619164619
0.476569037657 0.0 0.512195121951 0.545216251638 0.504914004914
0.451046025105 0.0 0.512195121951 0.524246395806 0.52886977887
0.265271966527 0.0 0.317073170732 0.182830930537 0.195945945946
0.800418410042 0.0 0.780487804878 0.729357798165 0.804054054054
0.387866108787 0.0 0.536585365854 0.478374836173 0.500614250614
0.325941422594 0.0 0.439024390244 0.360419397117 0.415233415233
0.592887029289 0.333333333333 0.658536585366 0.610091743119 0.611179361179
0.421757322176 0.0 0.512195121951 0.35124508519 0.399877149877
0.684518828452 0.0 0.707317073171 0.646788990826 0.620393120393
0.679079497908 0.0 0.707317073171 0.713630406291 0.654176904177
0.862343096234 0.666666666667 0.829268292683 0.781782437746 0.785626535627
0.546025104603 0.0 0.609756097561 0.601572739187 0.557125307125
0.838912133891 0.666666666667 0.853658536585 0.769331585845 0.81941031941
0.379916317992 0.0 0.487804878049 0.414154652687 0.453316953317
