0.572420175845 0.0 0.710526315789 0.665964912281 0.743559017376
0.690883850069 0.0 0.842105263158 0.766315789474 0.815458358298
0.76862563628 0.0 0.947368421053 0.859649122807 0.871779508688
0.492827394725 0.0 0.605263157895 0.489122807018 0.57639304973
0.759370661731 0.0 0.868421052632 0.738245614035 0.812462552427
0.543267006016 0.0 0.684210526316 0.591578947368 0.639304973038
0.44840351689 0.0 0.631578947368 0.647719298246 0.645895745956
0.727440999537 0.0 0.815789473684 0.748771929825 0.832834032355
0.496066635817 0.0 0.605263157895 0.560701754386 0.633912522469
0.681628875521 0.0 0.763157894737 0.613333333333 0.703415218694
0.634428505322 0.0 0.815789473684 0.823859649123 0.803475134811
0.582137899121 0.0 0.710526315789 0.630175438596 0.670461354104
0.515039333642 0.0 0.657894736842 0.618947368421 0.644098262433
0.552521980565 0.0 0.684210526316 0.634385964912 0.666267225884
0.642295233688 0.0 0.763157894737 0.689122807018 0.725584182145
0.398426654327 0.0 0.526315789474 0.420350877193 0.463151587777
0.592781119852 0.0 0.736842105263 0.681403508772 0.693828639904
0.530310041647 0.0 0.684210526316 0.576140350877 0.584781306171
0.732993984267 0.0 0.842105263158 0.71298245614 0.756141402037
0.55159648311 0.0 0.657894736842 0.543157894737 0.597363690833
0.740860712633 0.0 0.815789473684 0.708070175439 0.783103654883
0.574271170754 0.0 0.736842105263 0.705964912281 0.696225284602
0.415548357242 0.0 0.578947368421 0.524210526316 0.523666866387
0.398889403054 0.0 0.552631578947 0.515087719298 0.523067705213
0.54789449329 0.0 0.710526315789 0.724210526316 0.710005991612
0.519204072189 0.0 0.657894736842 0.574736842105 0.591971240264
0.455807496529 0.0 0.605263157895 0.550877192982 0.5584182145
0.560851457658 0.0 0.657894736842 0.625263157895 0.677651288197
0.521517815826 0.0 0.657894736842 0.530526315789 0.551228280407
0.495141138362 0.0 0.631578947368 0.562105263158 0.579988016777
0.539102267469 0.0 0.657894736842 0.535438596491 0.571599760336
0.565016196205 0.0 0.736842105263 0.710877192982 0.684841222289
0.492364645997 0.0 0.631578947368 0.56350877193 0.576992210905
0.609902822767 0.0 0.736842105263 0.649824561404 0.670461354104
0.457658491439 0.0 0.578947368421 0.456842105263 0.493708807669
0.423415085609 0.0 0.552631578947 0.538245614035 0.562013181546
0.571031929662 0.0 0.684210526316 0.601403508772 0.63690832834
0.599722350764 0.0 0.763157894737 0.702456140351 0.681246255243
0.560851457658 0.0 0.605263157895 0.536140350877 0.638106650689
0.495141138362 0.0 0.631578947368 0.543859649123 0.557219892151
0.422026839426 0.0 0.526315789474 0.464561403509 0.509886159377
0.369736233225 0.0 0.473684210526 0.351578947368 0.403235470342
0.606663581675 0.0 0.710526315789 0.594385964912 0.63271420012
0.482646922721 0.0 0.605263157895 0.496140350877 0.52127022169
0.455807496529 0.0 0.605263157895 0.509473684211 0.506291192331
0.579361406756 0.0 0.631578947368 0.560701754386 0.647094068304
0.631652012957 0.0 0.710526315789 0.654736842105 0.710005991612
0.68718186025 0.0 0.763157894737 0.652631578947 0.71120431396
0.521980564553 0.0 0.684210526316 0.668771929825 0.642899940084
0.386395187413 0.0 0.473684210526 0.352280701754 0.415817855003
0.41045812124 0.0 0.5 0.456140350877 0.511084481726
0.563627950023 0.0 0.684210526316 0.592280701754 0.609946075494
0.478019435447 0.0 0.631578947368 0.56350877193 0.550629119233
0.586765386395 0.0 0.736842105263 0.715087719298 0.696225284602
0.43405830634 0.0 0.552631578947 0.524912280702 0.546434991013
0.595557612217 0.0 0.763157894737 0.717192982456 0.680647094068
0.579361406756 0.0 0.684210526316 0.583157894737 0.614140203715
0.630263766775 0.0 0.789473684211 0.798596491228 0.764529658478
0.51180009255 0.0 0.631578947368 0.569824561404 0.586578789694
0.527070800555 0.0 0.657894736842 0.601403508772 0.605751947274
0.465525219806 0.0 0.578947368421 0.507368421053 0.533253445177
0.391948172143 0.0 0.5 0.433684210526 0.468544038346
0.490976399815 0.0 0.631578947368 0.557192982456 0.553624925105
0.794076816289 0.0 0.921052631579 0.820350877193 0.815458358298
0.566404442388 0.0 0.710526315789 0.691228070175 0.675853804673
0.586765386395 0.0 0.710526315789 0.598596491228 0.608148591971
0.48634891254 0.0 0.631578947368 0.657543859649 0.641701617735
0.39055992596 0.0 0.526315789474 0.451228070175 0.456560814859
0.492364645997 0.0 0.657894736842 0.505263157895 0.478130617136
0.348449791763 0.0 0.447368421053 0.335438596491 0.38106650689
0.66358167515 0.0 0.789473684211 0.700350877193 0.699820251648
0.499305876909 0.0 0.631578947368 0.574736842105 0.574595566207
0.538639518741 0.0 0.657894736842 0.571228070175 0.582384661474
0.590467376215 0.0 0.736842105263 0.693333333333 0.671060515279
0.518741323461 0.0 0.657894736842 0.619649122807 0.608148591971
0.561776955113 0.0 0.684210526316 0.587368421053 0.593768723787
0.586765386395 0.0 0.710526315789 0.682807017544 0.681845416417
0.631652012957 0.0 0.789473684211 0.802105263158 0.761533852606
0.566867191115 0.0 0.710526315789 0.653333333333 0.635110844817
0.422026839426 0.0 0.552631578947 0.541052631579 0.539844218095
0.41045812124 0.0 0.5 0.391578947368 0.438585979629
0.626099028228 0.0 0.710526315789 0.569122807018 0.611144397843
0.531235539102 0.0 0.657894736842 0.574035087719 0.574595566207
0.770476631189 0.0 0.815789473684 0.753684210526 0.822049131216
0.414622859787 0.0 0.552631578947 0.531929824561 0.523067705213
0.5497454882 0.0 0.631578947368 0.587368421053 0.629119233074
0.758445164276 0.0 0.868421052632 0.775438596491 0.780107849011
0.603424340583 0.0 0.736842105263 0.666666666667 0.654284002397
0.791300323924 0.0 0.842105263158 0.749473684211 0.811863391252
0.409069875058 0.0 0.526315789474 0.444912280702 0.460155781905
0.501156871819 0.0 0.657894736842 0.666666666667 0.630916716597
0.599259602036 0.0 0.684210526316 0.614736842105 0.651288196525
0.552521980565 0.0 0.657894736842 0.588070175439 0.606351108448
0.484960666358 0.0 0.631578947368 0.622456140351 0.597962852007
0.626099028228 0.0 0.736842105263 0.564912280702 0.579388855602
0.436834798704 0.0 0.552631578947 0.470175438596 0.48412222888
0.41416011106 0.0 0.526315789474 0.51298245614 0.527261833433
0.562702452568 0.0 0.710526315789 0.565614035088 0.543439185141
0.481258676539 0.0 0.605263157895 0.458245614035 0.464349910126
0.541878759833 0.0 0.578947368421 0.511578947368 0.597363690833
0.420175844516 0.0 0.5 0.449824561404 0.497303774715
0.439611291069 0.0 0.578947368421 0.52350877193 0.509886159377
0.580749652938 0.0 0.710526315789 0.616140350877 0.606351108448
0.510874595095 0.0 0.631578947368 0.549473684211 0.551827441582
0.623322535863 0.0 0.763157894737 0.692631578947 0.668663870581
0.385469689958 0.0 0.473684210526 0.393684210526 0.435590173757
0.676075890791 0.0 0.763157894737 0.677894736842 0.705212702217
0.411846367422 0.0 0.473684210526 0.417543859649 0.482923906531
0.524294308191 0.0 0.684210526316 0.637192982456 0.596165368484
0.528459046738 0.0 0.631578947368 0.529122807018 0.54883163571
0.392873669597 0.0 0.552631578947 0.530526315789 0.494307968844
0.406756131421 0.0 0.526315789474 0.47298245614 0.47872977831
0.428042572883 0.0 0.526315789474 0.454035087719 0.481126423008
0.481258676539 0.0 0.578947368421 0.450526315789 0.47872977831
0.447940768163 0.0 0.552631578947 0.457543859649 0.478130617136
0.467838963443 0.0 0.605263157895 0.607719298246 0.587777112043
0.66913465988 0.0 0.736842105263 0.619649122807 0.666866387058
0.650624710782 0.0 0.815789473684 0.731929824561 0.678849610545
0.525219805646 0.0 0.631578947368 0.599298245614 0.60934691432
0.791763072652 0.0 0.868421052632 0.781052631579 0.810065907729
0.554372975474 0.0 0.710526315789 0.658947368421 0.617735170761
0.789449329014 0.0 0.815789473684 0.655438596491 0.739364889155
0.500231374364 0.0 0.657894736842 0.625263157895 0.582983822648
0.54604349838 0.0 0.657894736842 0.561403508772 0.566806470941
0.483109671448 0.0 0.605263157895 0.549473684211 0.545236668664
0.715872281351 0.0 0.815789473684 0.705964912281 0.714799281007
0.39426191578 0.0 0.5 0.47649122807 0.491312162972
0.58769088385 0.0 0.710526315789 0.654736842105 0.643499101258
0.567329939843 0.0 0.657894736842 0.59298245614 0.615937687238
0.676075890791 0.0 0.736842105263 0.525614035088 0.5817855003
0.909763998149 0.0 1.0 1.0 1.0
0.718648773716 0.0 0.789473684211 0.710175438596 0.745356500899
0.656177695511 0.0 0.763157894737 0.764210526316 0.760335530258
0.606663581675 0.0 0.684210526316 0.56 0.596165368484
0.508560851458 0.0 0.605263157895 0.564912280702 0.581186339125
0.412771864877 0.0 0.526315789474 0.522807017544 0.524865188736
0.457658491439 0.0 0.631578947368 0.599298245614 0.53924505692
0.656177695511 0.0 0.736842105263 0.623157894737 0.651887357699
0.530310041647 0.0 0.657894736842 0.625263157895 0.608148591971
0.854696899584 0.0 0.947368421053 0.824561403509 0.830437387657
0.590930124942 0.0 0.710526315789 0.574736842105 0.568603954464
0.526608051828 0.0 0.631578947368 0.561403508772 0.569203115638
0.701064322073 0.0 0.868421052632 0.859649122807 0.790293588975
0.559463211476 0.0 0.684210526316 0.663157894737 0.645296584781
0.689495603887 0.0 0.868421052632 0.891228070175 0.808268424206
0.566404442388 0.0 0.684210526316 0.595087719298 0.587177950869
0.546968995835 0.0 0.605263157895 0.529824561404 0.582384661474
0.556223970384 0.0 0.684210526316 0.565614035088 0.549430796884
0.496992133272 0.0 0.605263157895 0.565614035088 0.567405632115
0.60573808422 0.0 0.710526315789 0.659649122807 0.659676452966
0.455344747802 0.0 0.552631578947 0.524210526316 0.538645895746
0.76122165664 0.0 0.842105263158 0.783859649123 0.799880167765
0.627950023137 0.0 0.684210526316 0.590175438596 0.640503295386
0.533549282739 0.0 0.657894736842 0.604912280702 0.588376273217
0.525219805646 0.0 0.605263157895 0.503859649123 0.535650089874
0.532623785285 0.0 0.657894736842 0.618947368421 0.600359496705
0.642295233688 0.0 0.736842105263 0.604210526316 0.616536848412
0.48819990745 0.0 0.552631578947 0.484210526316 0.531455961654
0.455807496529 0.0 0.605263157895 0.593684210526 0.552426602756
0.660342434058 0.0 0.657894736842 0.527719298246 0.636309167166
0.776029615919 0.0 0.815789473684 0.706666666667 0.764529658478
0.511337343822 0.0 0.631578947368 0.604210526316 0.589574595566
0.470615455807 0.0 0.605263157895 0.617543859649 0.587777112043
0.596483109671 0.0 0.710526315789 0.71649122807 0.701018573996
0.554372975474 0.0 0.657894736842 0.638596491228 0.637507489515
0.564553447478 0.0 0.710526315789 0.700350877193 0.654883163571
0.564090698751 0.0 0.684210526316 0.614035087719 0.598562013182
0.529384544193 0.0 0.684210526316 0.619649122807 0.569802276812
0.559925960204 0.0 0.657894736842 0.597192982456 0.602756141402
0.650161962055 0.0 0.710526315789 0.562105263158 0.606351108448
0.708468301712 0.0 0.815789473684 0.741052631579 0.729778310365
0.62378528459 0.0 0.631578947368 0.418947368421 0.521869382864
0.577047663119 0.0 0.710526315789 0.660350877193 0.627920910725
0.595094863489 0.0 0.710526315789 0.569122807018 0.559616536848
0.765386395187 0.0 0.789473684211 0.677192982456 0.748951467945
0.63118926423 0.0 0.710526315789 0.611228070175 0.633313361294
0.621934289681 0.0 0.736842105263 0.640701754386 0.626722588376
0.56779268857 0.0 0.710526315789 0.729122807018 0.682444577591
0.66358167515 0.0 0.763157894737 0.703859649123 0.700419412822
0.56594169366 0.0 0.684210526316 0.569824561404 0.556021569802
0.579361406756 0.0 0.710526315789 0.678596491228 0.645296584781
0.630726515502 0.0 0.815789473684 0.771929824561 0.681845416417
0.577047663119 0.0 0.605263157895 0.468771929825 0.545835829838
0.599259602036 0.0 0.710526315789 0.644210526316 0.630916716597
0.559000462749 0.0 0.657894736842 0.696842105263 0.691431995207
0.621934289681 0.0 0.684210526316 0.541052631579 0.580587177951
0.739009717723 0.0 0.789473684211 0.721403508772 0.761533852606
0.571957427117 0.0 0.684210526316 0.654035087719 0.638106650689
0.610828320222 0.0 0.710526315789 0.699649122807 0.692630317555
1.0 0.0 1.0 0.845614035088 0.927501497903
0.564090698751 0.0 0.631578947368 0.52350877193 0.557819053325
0.793614067561 0.0 0.894736842105 0.859649122807 0.842420611144
0.74132346136 0.0 0.736842105263 0.616842105263 0.714200119832
0.593243868579 0.0 0.657894736842 0.529824561404 0.565608148592
0.889865802869 0.0 0.921052631579 0.767719298246 0.822648292391
0.580286904211 0.0 0.710526315789 0.617543859649 0.584781306171
0.634428505322 0.0 0.763157894737 0.590175438596 0.560814859197
0.744099953725 0.0 0.763157894737 0.610526315789 0.684841222289
0.591855622397 0.0 0.657894736842 0.571929824561 0.602156980228
0.529384544193 0.0 0.605263157895 0.565614035088 0.582384661474
