0.942136498516 1.0 0.872340425532 0.765711135612 0.866910229645
0.106083086053 0.0 0.148936170213 0.0578831312018 0.0793319415449
1.0 0.0 0.957446808511 0.890297684675 0.969206680585
0.961424332344 0.0 1.0 1.0 1.0
0.126854599407 1.0 0.170212765957 0.0843439911797 0.0996868475992
0.97737388724 0.0 0.978723404255 0.884785005513 0.958768267223
0.90059347181 0.0 0.978723404255 0.991179713341 0.975469728601
0.930637982196 0.0 0.957446808511 0.965270121279 0.967118997912
0.800816023739 0.0 0.914893617021 0.916207276736 0.915970772443
0.906528189911 0.0 0.957446808511 0.846196251378 0.848121085595
0.135756676558 0.0 0.191489361702 0.142227122381 0.117432150313
0.383160237389 0.0 0.531914893617 0.509371554576 0.541753653445
0.123887240356 0.0 0.170212765957 0.114112458655 0.098121085595
0.532640949555 0.0 0.68085106383 0.645534729879 0.605949895616
0.536350148368 1.0 0.510638297872 0.486218302095 0.580897703549
0.5396884273 0.0 0.702127659574 0.722160970232 0.68006263048
0.566765578635 0.0 0.723404255319 0.676957001103 0.716075156576
0.6646884273 1.0 0.595744680851 0.452590959206 0.527661795407
0.669881305638 0.0 0.808510638298 0.78776185226 0.82254697286
0.166913946588 1.0 0.191489361702 0.101433296582 0.125260960334
0.201038575668 0.0 0.297872340426 0.266262403528 0.198329853862
0.78412462908 0.0 0.872340425532 0.831863285557 0.793841336117
0.962166172107 0.0 0.936170212766 0.824696802646 0.973903966597
0.939169139466 1.0 0.914893617021 0.793825799338 0.811586638831
0.737388724036 0.0 0.851063829787 0.820286659316 0.81732776618
0.438427299703 0.0 0.595744680851 0.537486218302 0.507828810021
0.764836795252 1.0 0.744680851064 0.579382579934 0.694676409186
0.762982195846 0.0 0.723404255319 0.584895259096 0.663361169102
0.444362017804 1.0 0.382978723404 0.304851157663 0.403444676409
0.204005934718 1.0 0.212765957447 0.121830209482 0.145615866388
0.725148367953 1.0 0.68085106383 0.533076074972 0.60751565762
0.731824925816 1.0 0.702127659574 0.636163175303 0.704592901879
0.805267062315 1.0 0.787234042553 0.601433296582 0.633611691023
0.454376854599 0.0 0.617021276596 0.615766262404 0.613778705637
0.944732937685 0.0 0.957446808511 0.89250275634 0.922233820459
0.219584569733 0.0 0.31914893617 0.249724366042 0.237995824635
0.477744807122 0.0 0.63829787234 0.546306504961 0.565240083507
0.166172106825 0.0 0.234042553191 0.179713340684 0.194154488518
0.839391691395 0.0 0.936170212766 0.848952590959 0.812630480167
0.890207715134 1.0 0.851063829787 0.768467475193 0.865866388309
0.234050445104 0.0 0.340425531915 0.294377067255 0.248956158664
0.862017804154 1.0 0.893617021277 0.804299889746 0.810020876827
0.614614243323 1.0 0.574468085106 0.39250275634 0.495302713987
0.944732937685 0.0 0.978723404255 0.93164277839 0.970250521921
0.348664688427 1.0 0.31914893617 0.141124586549 0.204070981211
0.472551928783 1.0 0.489361702128 0.388643880926 0.494258872651
0.418768545994 0.0 0.574468085106 0.586549062845 0.556889352818
0.362388724036 0.0 0.510638297872 0.465821389195 0.519311064718
0.831231454006 0.0 0.872340425532 0.85170893054 0.950939457203
0.32678041543 1.0 0.340425531915 0.222160970232 0.278705636743
0.278931750742 0.0 0.404255319149 0.38368246968 0.394050104384
0.587166172107 1.0 0.553191489362 0.431091510474 0.594989561587
0.611275964392 0.0 0.765957446809 0.759095920617 0.724425887265
0.562685459941 1.0 0.531914893617 0.37651598677 0.51617954071
0.498887240356 0.0 0.659574468085 0.636163175303 0.674321503132
0.806379821958 0.0 0.893617021277 0.868246968026 0.853862212944
0.285979228487 1.0 0.255319148936 0.134509371555 0.171189979123
0.777448071217 0.0 0.765957446809 0.615214994487 0.739039665971
0.621661721068 1.0 0.659574468085 0.55237045204 0.655532359081
0.145400593472 1.0 0.170212765957 0.093164277839 0.10490605428
0.146142433234 0.0 0.212765957447 0.178059536935 0.103340292276
0.677670623145 1.0 0.63829787234 0.544101433297 0.628392484342
0.515949554896 1.0 0.468085106383 0.322491730981 0.386221294363
0.303412462908 1.0 0.36170212766 0.238699007718 0.336638830898
0.248887240356 0.0 0.36170212766 0.339581036384 0.277139874739
0.175074183976 0.0 0.255319148936 0.190187431092 0.149269311065
0.21884272997 1.0 0.234042553191 0.11631753032 0.147703549061
0.143916913947 0.0 0.170212765957 0.0804851157663 0.0882045929019
0.598664688427 0.0 0.744680851064 0.695700110254 0.683716075157
0.327893175074 0.0 0.468085106383 0.429437706725 0.439979123173
0.172106824926 0.0 0.234042553191 0.170893054024 0.156054279749
0.268175074184 1.0 0.276595744681 0.200661521499 0.235386221294
0.943620178042 0.0 0.978723404255 0.986218302095 0.923799582463
0.35793768546 1.0 0.404255319149 0.26019845645 0.305323590814
0.25296735905 0.0 0.297872340426 0.226571113561 0.258350730689
0.518916913947 1.0 0.446808510638 0.294928335171 0.356993736952
0.255934718101 0.0 0.382978723404 0.368798235943 0.35490605428
0.232195845697 1.0 0.297872340426 0.262954796031 0.30375782881
0.640578635015 0.0 0.787234042553 0.757993384785 0.796450939457
0.709940652819 0.0 0.829787234043 0.791620727674 0.755741127349
0.797106824926 1.0 0.829787234043 0.69184123484 0.846033402923
0.192878338279 0.0 0.276595744681 0.230429988975 0.234342379958
0.848664688427 1.0 0.914893617021 0.815325248071 0.935803757829
0.796364985163 0.0 0.787234042553 0.67585446527 0.762004175365
0.955860534125 0.0 0.893617021277 0.769018743109 0.789665970772
0.401706231454 0.0 0.553191489362 0.555126791621 0.466075156576
0.34384272997 0.0 0.489361702128 0.451488423374 0.484342379958
0.486275964392 0.0 0.553191489362 0.501102535832 0.472338204593
0.816765578635 1.0 0.808510638298 0.711686879824 0.856993736952
0.303783382789 0.0 0.446808510638 0.43605292172 0.426931106472
0.44881305638 1.0 0.425531914894 0.27177508269 0.389352818372
0.790430267062 0.0 0.829787234043 0.73980154355 0.801670146138
0.595697329377 1.0 0.617021276596 0.52756339581 0.567849686848
0.921735905045 0.0 0.936170212766 0.875964718853 0.879958246347
0.22440652819 0.0 0.276595744681 0.186879823594 0.185281837161
0.287833827893 0.0 0.425531914894 0.43605292172 0.393528183716
0.729228486647 0.0 0.765957446809 0.657662624035 0.740605427975
0.407640949555 0.0 0.510638297872 0.461411245865 0.469728601253
0.885014836795 0.0 0.851063829787 0.749173098126 0.853862212944
0.875741839763 0.0 0.914893617021 0.80815876516 0.867954070981
0.23590504451 0.0 0.255319148936 0.153252480706 0.167536534447
0.94028189911 0.0 0.957446808511 0.927232635061 0.903966597077
0.462537091988 0.0 0.489361702128 0.346747519294 0.419102296451
0.643916913947 0.0 0.617021276596 0.51598676957 0.537056367432
0.970326409496 0.0 0.957446808511 0.874310915105 0.913361169102
0.352744807122 1.0 0.446808510638 0.372657111356 0.409707724426
0.771884272997 0.0 0.808510638298 0.699007717751 0.770876826722
0.262982195846 0.0 0.340425531915 0.277839029768 0.22860125261
0.9146884273 0.0 0.914893617021 0.855016538037 0.900835073069
0.580489614243 0.0 0.595744680851 0.47243660419 0.508872651357
0.753709198813 0.0 0.808510638298 0.715545755237 0.711377870564
0.24443620178 0.0 0.297872340426 0.231532524807 0.216597077244
0.546735905045 0.0 0.574468085106 0.472987872106 0.576722338205
0.808976261128 0.0 0.808510638298 0.756890848953 0.808977035491
0.889836795252 0.0 0.872340425532 0.780044101433 0.877348643006
0.5 0.0 0.574468085106 0.481256890849 0.546972860125
0.760756676558 0.0 0.787234042553 0.726571113561 0.844989561587
0.317136498516 0.0 0.340425531915 0.242557883131 0.292797494781
0.372774480712 0.0 0.425531914894 0.36769570011 0.356471816284
0.554525222552 0.0 0.68085106383 0.619625137817 0.617954070981
0.178783382789 0.0 0.234042553191 0.212789415656 0.211377870564
0.815652818991 0.0 0.872340425532 0.862734288864 0.834029227557
0.195474777448 1.0 0.276595744681 0.203969128997 0.204592901879
0.156528189911 0.0 0.191489361702 0.105843439912 0.133089770355
0.395029673591 0.0 0.446808510638 0.332414553473 0.368475991649
0.141320474777 0.0 0.170212765957 0.122381477398 0.108559498956
0.228486646884 1.0 0.297872340426 0.23980154355 0.270354906054
0.213278931751 0.0 0.276595744681 0.256890848953 0.305845511482
0.691023738872 0.0 0.723404255319 0.590407938258 0.700417536534
0.188798219585 0.0 0.234042553191 0.21223814774 0.231732776618
0.854970326409 0.0 0.914893617021 0.875964718853 0.931106471816
0.720697329377 0.0 0.765957446809 0.710033076075 0.78235908142
0.820845697329 0.0 0.808510638298 0.706725468578 0.776096033403
0.740727002967 1.0 0.808510638298 0.76019845645 0.831941544885
0.699183976261 0.0 0.723404255319 0.652701212789 0.707202505219
0.751483679525 1.0 0.851063829787 0.808710033076 0.836638830898
0.29821958457 1.0 0.382978723404 0.354465270121 0.378392484342
0.629821958457 1.0 0.702127659574 0.603087100331 0.644050104384
0.274851632047 1.0 0.31914893617 0.253031973539 0.330897703549
0.648367952522 0.0 0.68085106383 0.609151047409 0.648225469729
0.849777448071 0.0 0.893617021277 0.832965821389 0.901356993737
0.282640949555 0.0 0.382978723404 0.362734288864 0.383089770355
0.332715133531 0.0 0.36170212766 0.311466372657 0.31732776618
0.22737388724 0.0 0.276595744681 0.182469680265 0.143006263048
0.441765578635 0.0 0.404255319149 0.293274531422 0.307933194154
0.666543026706 0.0 0.68085106383 0.630099228225 0.668058455115
0.816765578635 0.0 0.829787234043 0.745314222712 0.896137787056
0.415430267062 0.0 0.510638297872 0.44046306505 0.365866388309
0.337166172107 0.0 0.425531914894 0.334068357222 0.339248434238
0.587537091988 0.0 0.723404255319 0.775082690187 0.747912317328
0.511869436202 0.0 0.531914893617 0.429988974642 0.478079331942
0.826409495549 0.0 0.808510638298 0.647739801544 0.655532359081
0.68175074184 0.0 0.765957446809 0.743109151047 0.755741127349
0.49443620178 0.0 0.553191489362 0.436604189636 0.458246346555
0.2896884273 0.0 0.340425531915 0.282249173098 0.288622129436
0.151706231454 0.0 0.212765957447 0.146637265711 0.1748434238
0.50296735905 1.0 0.617021276596 0.525909592062 0.56732776618
0.259643916914 1.0 0.276595744681 0.127342888644 0.159707724426
0.245548961424 1.0 0.31914893617 0.221058434399 0.243215031315
0.431379821958 0.0 0.531914893617 0.426681367144 0.442066805846
0.387611275964 0.0 0.468085106383 0.336824696803 0.426931106472
0.584569732938 0.0 0.617021276596 0.557331863286 0.623173277662
0.654673590504 0.0 0.659574468085 0.572216097023 0.562630480167
0.280786350148 0.0 0.276595744681 0.199558985667 0.209812108559
0.486646884273 0.0 0.489361702128 0.400220507166 0.445720250522
0.745178041543 0.0 0.808510638298 0.732635060639 0.794885177453
0.321216617211 0.0 0.382978723404 0.300441014333 0.302192066806
0.716617210682 0.0 0.765957446809 0.678059536935 0.731732776618
0.743694362018 0.0 0.702127659574 0.597023153252 0.719728601253
0.600890207715 0.0 0.617021276596 0.566152149945 0.669624217119
0.176928783383 1.0 0.212765957447 0.10749724366 0.0923799582463
0.860534124629 0.0 0.893617021277 0.832414553473 0.886743215031
0.864243323442 0.0 0.893617021277 0.817530319735 0.885177453027
0.295252225519 0.0 0.276595744681 0.113561190739 0.164405010438
0.192136498516 1.0 0.212765957447 0.0920617420066 0.0824634655532
0.818991097923 0.0 0.872340425532 0.873759647189 0.860647181628
0.843471810089 0.0 0.872340425532 0.769018743109 0.768267223382
0.191394658754 0.0 0.234042553191 0.151047409041 0.134133611691
0.41765578635 0.0 0.468085106383 0.40407938258 0.453549060543
0.930267062315 0.0 0.893617021277 0.778390297685 0.814196242171
0.339762611276 0.0 0.36170212766 0.273980154355 0.313674321503
0.365356083086 0.0 0.446808510638 0.397464167585 0.391440501044
0.650964391691 0.0 0.702127659574 0.703969128997 0.737995824635
0.364614243323 0.0 0.446808510638 0.417861080485 0.435803757829
0.311572700297 0.0 0.36170212766 0.31256890849 0.274530271399
0.427299703264 0.0 0.489361702128 0.448732083793 0.48382045929
0.660608308605 0.0 0.744680851064 0.709481808159 0.692588726514
0.458086053412 0.0 0.489361702128 0.377618522602 0.367954070981
0.692507418398 0.0 0.68085106383 0.577728776185 0.592379958246
0.401335311573 0.0 0.489361702128 0.414002205072 0.423799582463
0.676928783383 0.0 0.744680851064 0.690738699008 0.751043841336
0.285608308605 1.0 0.340425531915 0.285556780595 0.32254697286
0.317136498516 1.0 0.425531914894 0.322491730981 0.401356993737
0.639836795252 1.0 0.595744680851 0.433296582139 0.501043841336
0.175445103858 0.0 0.234042553191 0.174751929438 0.17745302714
0.623887240356 0.0 0.617021276596 0.535281146637 0.569415448852
0.402448071217 0.0 0.531914893617 0.485115766262 0.463987473904
0.86943620178 0.0 0.893617021277 0.855016538037 0.915448851775
0.672106824926 0.0 0.744680851064 0.613561190739 0.686325678497
0.238130563798 0.0 0.276595744681 0.237596471885 0.23643006263
