0.348561759729 0.0 0.372093023256 0.236439499305 0.185271770894
0.36717428088 0.0 0.395348837209 0.236439499305 0.185271770894
0.733925549915 0.0 0.720930232558 0.785813630042 0.694330800701
0.687394247039 0.0 0.813953488372 0.897079276773 0.7463471654
0.63282571912 0.0 0.651162790698 0.670375521558 0.677381648159
0.68062605753 0.0 0.627906976744 0.613351877608 0.392168322618
0.739424703892 0.0 0.651162790698 0.730876216968 0.599649327878
0.272842639594 0.0 0.325581395349 0.294853963839 0.237288135593
0.80076142132 0.0 0.720930232558 0.6578581363 0.54178842782
0.428510998308 0.0 0.441860465116 0.30876216968 0.236703682057
0.384094754653 1.0 0.46511627907 0.395688456189 0.466978375219
0.360406091371 1.0 0.395348837209 0.359527121001 0.409117475161
0.480118443316 1.0 0.604651162791 0.574408901252 0.545879602572
0.324873096447 1.0 0.395348837209 0.28511821975 0.375803623612
0.357868020305 0.0 0.441860465116 0.497913769124 0.443015780245
0.357868020305 0.0 0.441860465116 0.497913769124 0.443015780245
0.629441624365 0.0 0.697674418605 0.755910987483 0.594973699591
0.788494077834 0.0 0.744186046512 0.754520166898 0.597895967271
0.213620981387 1.0 0.279069767442 0.194019471488 0.243132670953
0.311336717428 1.0 0.418604651163 0.405424200278 0.360607831677
0.657360406091 0.0 0.674418604651 0.724617524339 0.551724137931
0.548646362098 0.0 0.441860465116 0.332406119611 0.347165400351
0.97758037225 1.0 0.976744186047 0.970792767733 0.964348334307
1.0 1.0 1.0 1.0 1.0
0.672165820643 0.0 0.697674418605 0.668984700974 0.486849795441
0.613367174281 0.0 0.604651162791 0.478442280946 0.383401519579
0.71192893401 0.0 0.581395348837 0.575104311544 0.457627118644
0.936971235195 0.0 0.813953488372 0.832406119611 0.729982466394
0.331218274112 0.0 0.418604651163 0.469401947149 0.323787258913
0.35152284264 0.0 0.441860465116 0.502781641168 0.371127995324
0.260575296108 0.0 0.302325581395 0.262865090403 0.241379310345
0.534263959391 0.0 0.441860465116 0.344228094576 0.35885447107
0.428510998308 0.0 0.441860465116 0.30876216968 0.236703682057
0.257191201354 0.0 0.348837209302 0.332406119611 0.174751607247
0.486040609137 0.0 0.46511627907 0.316411682893 0.282875511397
0.541455160745 0.0 0.651162790698 0.698191933241 0.493863237873
0.739847715736 0.0 0.674418604651 0.639082058414 0.593804792519
0.555414551607 0.0 0.46511627907 0.417246175243 0.378141437756
0.842639593909 1.0 0.767441860465 0.773296244784 0.796610169492
0.703045685279 1.0 0.813953488372 0.826147426982 0.791934541204
0.40524534687 0.0 0.441860465116 0.389429763561 0.362361192285
0.491539763113 0.0 0.53488372093 0.559805285118 0.394506136762
0.640439932318 0.0 0.720930232558 0.7719054242 0.647574517826
0.68358714044 1.0 0.674418604651 0.650208623088 0.605493863238
0.732656514382 1.0 0.720930232558 0.607093184979 0.739918176505
0.871404399323 1.0 0.813953488372 0.700278164117 0.803039158387
0.648900169205 0.0 0.581395348837 0.465924895688 0.356516656926
0.59179357022 0.0 0.558139534884 0.414464534075 0.409701928697
0.505922165821 0.0 0.488372093023 0.329624478442 0.248392752776
0.66116751269 0.0 0.581395348837 0.45966620306 0.324956165985
0.486886632826 0.0 0.511627906977 0.574408901252 0.50438340152
0.43062605753 0.0 0.441860465116 0.477746870654 0.445938047925
0.68358714044 0.0 0.604651162791 0.488873435327 0.360607831677
0.638747884941 0.0 0.558139534884 0.434631432545 0.354178842782
0.376057529611 0.0 0.418604651163 0.412378303199 0.27235534775
0.35448392555 0.0 0.441860465116 0.52016689847 0.466393921683
0.328680203046 0.0 0.348837209302 0.223226703755 0.219754529515
0.553299492386 0.0 0.53488372093 0.399860917942 0.324956165985
0.569796954315 0.0 0.581395348837 0.59388038943 0.420222092344
0.343062605753 0.0 0.46511627907 0.475660639777 0.357685563998
0.53510998308 0.0 0.46511627907 0.364394993046 0.187025131502
0.623942470389 0.0 0.558139534884 0.42628650904 0.284044418469
0.419627749577 0.0 0.488372093023 0.556328233658 0.507890122735
0.357868020305 0.0 0.441860465116 0.497913769124 0.443015780245
0.628595600677 0.0 0.581395348837 0.576495132128 0.326125073057
0.537648054146 0.0 0.558139534884 0.569541029207 0.321449444769
0.395939086294 0.0 0.441860465116 0.425591098748 0.237872589129
0.321065989848 0.0 0.325581395349 0.246870653686 0.139684395091
0.494077834179 1.0 0.581395348837 0.457579972184 0.5447106955
0.327834179357 1.0 0.441860465116 0.374826147427 0.436002337814
0.630287648054 0.0 0.697674418605 0.780250347705 0.696084161309
0.597292724196 0.0 0.651162790698 0.710013908206 0.668030391584
0.30076142132 0.0 0.395348837209 0.404728789986 0.348334307423
0.277495769882 0.0 0.325581395349 0.343532684284 0.295733489188
0.520727580372 0.0 0.53488372093 0.569541029207 0.478082992402
0.613790186125 0.0 0.53488372093 0.456189151599 0.479251899474
0.556260575296 0.0 0.674418604651 0.728789986092 0.696668614845
0.502115059222 0.0 0.604651162791 0.638386648122 0.621858562244
0.380287648054 0.0 0.441860465116 0.452712100139 0.466393921683
0.397208121827 0.0 0.488372093023 0.52016689847 0.49561659848
