0.811797752809 0.0 0.933333333333 0.823906083244 0.921875
0.47191011236 0.0 0.533333333333 0.382070437567 0.431490384615
0.834269662921 0.0 0.9 0.816435432231 0.849759615385
0.692696629213 0.0 0.766666666667 0.68303094984 0.701923076923
0.727528089888 0.0 0.766666666667 0.807897545358 0.859375
0.875872769589 0.0 0.954545454545 1.0 1.0
0.505617977528 0.0 0.6 0.669156883671 0.645432692308
0.612359550562 0.0 0.7 0.710779082177 0.689903846154
0.779213483146 0.0 0.8 0.834578441836 0.879807692308
0.864606741573 0.0 0.933333333333 0.80469583778 0.800480769231
0.38595505618 0.0 0.433333333333 0.441835645678 0.451923076923
0.422471910112 0.0 0.466666666667 0.340448239061 0.349759615385
0.483146067416 0.0 0.5 0.367129135539 0.402644230769
0.550561797753 0.0 0.633333333333 0.566702241195 0.526442307692
0.787640449438 0.0 0.866666666667 0.742796157951 0.704326923077
0.989138867339 0.0 1.0 0.906298003072 0.926345609065
0.485393258427 0.0 0.566666666667 0.647812166489 0.592548076923
0.565873015873 0.0 0.52380952381 0.448126801153 0.514440433213
0.565873015873 0.0 0.52380952381 0.448126801153 0.514440433213
0.565873015873 0.0 0.52380952381 0.448126801153 0.514440433213
0.565873015873 0.0 0.52380952381 0.448126801153 0.514440433213
0.742134831461 0.0 0.833333333333 0.680896478122 0.611778846154
0.534269662921 0.0 0.5 0.362860192102 0.417067307692
0.705973622964 0.0 0.772727272727 0.749615975422 0.699716713881
0.801396431342 0.0 0.772727272727 0.611367127496 0.64730878187
0.625290923196 0.0 0.590909090909 0.536098310292 0.576487252125
1.0 0.0 0.954545454545 0.576036866359 0.627478753541
0.805626598465 0.0 0.857142857143 0.846739130435 0.80119047619
0.811235955056 0.0 0.833333333333 0.765208110993 0.748798076923
0.588764044944 0.0 0.666666666667 0.614727854856 0.542067307692
0.587301587302 0.0 0.571428571429 0.383285302594 0.404332129964
0.587301587302 0.0 0.571428571429 0.383285302594 0.404332129964
0.767415730337 0.0 0.766666666667 0.721451440768 0.725961538462
0.604344453064 0.0 0.590909090909 0.539170506912 0.555240793201
0.589604344453 0.0 0.545454545455 0.506912442396 0.552407932011
0.721489526765 0.0 0.636363636364 0.47619047619 0.560906515581
0.697439875873 0.0 0.681818181818 0.516129032258 0.531161473088
0.653219550039 0.0 0.636363636364 0.539170506912 0.555240793201
0.783553141971 0.0 0.863636363636 0.698924731183 0.617563739377
0.685027152832 0.0 0.636363636364 0.508448540707 0.553824362606
0.309550561798 0.0 0.333333333333 0.283884738527 0.256009615385
0.670786516854 0.0 0.766666666667 0.604055496265 0.502403846154
0.346629213483 0.0 0.366666666667 0.283884738527 0.256009615385
0.65393258427 0.0 0.633333333333 0.538954108858 0.551682692308
0.594259115593 0.0 0.545454545455 0.536098310292 0.576487252125
0.368539325843 0.0 0.4 0.325506937033 0.284855769231
0.692785104732 0.0 0.681818181818 0.52688172043 0.528328611898
0.743211792087 0.0 0.772727272727 0.703533026114 0.664305949008
0.768813033359 0.0 0.727272727273 0.506912442396 0.538243626062
0.754072924748 0.0 0.727272727273 0.539170506912 0.555240793201
0.656322730799 0.0 0.636363636364 0.456221198157 0.464589235127
0.743987587277 0.0 0.727272727273 0.62980030722 0.634560906516
1.0 0.0 1.0 1.0 0.987980769231
0.33202247191 0.0 0.333333333333 0.290288153682 0.276442307692
0.687354538402 0.0 0.681818181818 0.539170506912 0.531161473088
0.581846392552 0.0 0.590909090909 0.529953917051 0.507082152975
0.287078651685 0.0 0.3 0.283884738527 0.256009615385
0.452808988764 0.0 0.5 0.430096051227 0.367788461538
0.617532971296 0.0 0.590909090909 0.439324116743 0.450424929178
0.868890612878 0.0 0.818181818182 0.596006144393 0.630311614731
0.640031031808 0.0 0.636363636364 0.568356374808 0.555240793201
0.451123595506 0.0 0.4 0.297758804696 0.330528846154
0.850271528317 0.0 0.863636363636 0.725038402458 0.692634560907
0.646237393328 0.0 0.636363636364 0.466973886329 0.457507082153
0.637703646237 0.0 0.590909090909 0.42242703533 0.449008498584
0.695112490303 0.0 0.681818181818 0.529953917051 0.522662889518
0.568657874321 0.0 0.545454545455 0.425499231951 0.42776203966
0.708426966292 0.0 0.8 0.781216648879 0.668269230769
0.650892164469 0.0 0.636363636364 0.529953917051 0.522662889518
0.737005430566 0.0 0.772727272727 0.603686635945 0.545325779037
0.88595810706 0.0 0.863636363636 0.698924731183 0.698300283286
0.616757176106 0.0 0.590909090909 0.425499231951 0.42776203966
0.822342901474 0.0 0.772727272727 0.566820276498 0.592067988669
0.738557020946 0.0 0.727272727273 0.568356374808 0.555240793201
0.526764934057 0.0 0.5 0.425499231951 0.42776203966
0.526764934057 0.0 0.5 0.425499231951 0.42776203966
0.712179984484 0.0 0.681818181818 0.566820276498 0.57223796034
0.573312645462 0.0 0.545454545455 0.425499231951 0.42776203966
0.531746031746 0.0 0.52380952381 0.419308357349 0.400722021661
0.764158262219 0.0 0.727272727273 0.596006144393 0.606232294618
0.66718386346 0.0 0.681818181818 0.549923195084 0.508498583569
0.878200155159 0.0 0.818181818182 0.749615975422 0.781869688385
0.629945694337 0.0 0.590909090909 0.439324116743 0.450424929178
0.71746031746 0.0 0.619047619048 0.416426512968 0.485559566787
0.823118696664 0.0 0.772727272727 0.482334869432 0.50283286119
0.358695652174 0.0 0.357142857143 0.369565217391 0.340476190476
0.785880527541 0.0 0.727272727273 0.42242703533 0.449008498584
0.864235841738 0.0 0.818181818182 0.626728110599 0.640226628895
0.672614429791 0.0 0.636363636364 0.425499231951 0.42776203966
0.77734678045 0.0 0.818181818182 0.671274961598 0.596317280453
0.760279286268 0.0 0.727272727273 0.640552995392 0.6388101983
0.729247478666 0.0 0.727272727273 0.609831029186 0.576487252125
0.537626066718 0.0 0.5 0.425499231951 0.42776203966
0.537626066718 0.0 0.5 0.425499231951 0.42776203966
0.653219550039 0.0 0.590909090909 0.42242703533 0.449008498584
0.619860356866 0.0 0.590909090909 0.529953917051 0.522662889518
0.602792862684 0.0 0.590909090909 0.499231950845 0.474504249292
0.823118696664 0.0 0.772727272727 0.603686635945 0.616147308782
0.576415826222 0.0 0.545454545455 0.529953917051 0.522662889518
0.785104732351 0.0 0.681818181818 0.408602150538 0.473087818697
