0.596866096866 0.0 0.75 0.676048858205 0.783358701167
0.505097706032 0.0 0.619047619048 0.551810237203 0.685323383085
0.795666949873 0.0 0.833333333333 0.69163545568 0.89552238806
0.795666949873 0.0 0.833333333333 0.69163545568 0.89552238806
0.534834324554 0.0 0.619047619048 0.631086142322 0.761194029851
0.522090059473 0.0 0.642857142857 0.618601747815 0.710820895522
0.527065527066 0.0 0.6875 0.695698353691 0.733637747336
0.554487179487 0.0 0.666666666667 0.619224641529 0.696600710299
0.436356707317 0.0 0.551020408163 0.448879168945 0.521076688674
0.654205607477 0.0 0.690476190476 0.507490636704 0.656094527363
0.56339031339 0.0 0.6875 0.613913967074 0.671232876712
0.401444350042 0.0 0.5 0.441947565543 0.524253731343
0.559116809117 0.0 0.645833333333 0.505576208178 0.599695585997
0.711894586895 0.0 0.833333333333 0.81678173128 0.875697615424
0.65349002849 0.0 0.8125 0.817843866171 0.837645865043
0.350071225071 0.0 0.520833333333 0.492299522039 0.499746321664
0.676638176638 0.0 0.770833333333 0.643653744025 0.726534753932
0.489316239316 0.0 0.583333333333 0.446627721721 0.529173008625
0.489710365854 0.0 0.591836734694 0.518862766539 0.593194514982
0.489710365854 0.0 0.591836734694 0.518862766539 0.593194514982
0.512820512821 0.0 0.666666666667 0.665958576739 0.688483003551
0.516381766382 0.0 0.6875 0.705788635157 0.707255200406
0.409544159544 0.0 0.520833333333 0.395645246946 0.455606291223
0.431402439024 0.0 0.530612244898 0.472936030618 0.543930929406
0.709401709402 0.0 0.770833333333 0.70897503983 0.8132927448
0.435975609756 0.0 0.551020408163 0.462001093494 0.510411376333
0.435975609756 0.0 0.551020408163 0.462001093494 0.510411376333
0.586890243902 0.0 0.591836734694 0.434663750683 0.591670898933
0.586890243902 0.0 0.591836734694 0.434663750683 0.591670898933
0.724715099715 0.0 0.875 0.852894317578 0.862506341958
0.461894586895 0.0 0.625 0.580456718003 0.575342465753
0.45584045584 0.0 0.541666666667 0.515666489644 0.587011669203
0.486280487805 0.0 0.612244897959 0.626025150355 0.656678517014
0.488954970263 0.0 0.571428571429 0.448189762797 0.52052238806
0.452743902439 0.0 0.530612244898 0.525423728814 0.601828339259
0.872132540357 0.0 0.833333333333 0.675405742821 0.865671641791
0.442663817664 0.0 0.604166666667 0.55443441317 0.54236428209
0.871707731521 0.0 0.904761904762 0.847690387016 0.963930348259
0.623575498575 0.0 0.645833333333 0.512480084971 0.637239979706
0.486406117247 0.0 0.547619047619 0.44506866417 0.530472636816
0.932336182336 0.0 0.9375 0.77482740308 0.915271435819
0.43660968661 0.0 0.541666666667 0.475836431227 0.51598173516
0.549161585366 0.0 0.632653061224 0.523236741389 0.583544946673
0.70584045584 0.0 0.833333333333 0.849707912905 0.865550481989
0.648148148148 0.0 0.75 0.630908125332 0.671740233384
0.706457094308 0.0 0.761904761905 0.744069912609 0.82960199005
0.55235042735 0.0 0.708333333333 0.669676048858 0.654490106545
0.835113960114 0.0 0.833333333333 0.704726500266 0.847285641806
0.747663551402 0.0 0.738095238095 0.578027465668 0.728233830846
0.574074074074 0.0 0.6875 0.665427509294 0.692034500254
0.476635514019 0.0 0.594594594595 0.556809631302 0.575665859564
0.88572642311 0.0 0.904761904762 0.882646691635 1.0
0.585811384877 0.0 0.619047619048 0.523720349563 0.626243781095
0.658878504673 0.0 0.690476190476 0.609238451935 0.713308457711
0.518162393162 0.0 0.5625 0.409453000531 0.500253678336
0.470085470085 0.0 0.583333333333 0.552841210834 0.573313039066
0.490740740741 0.0 0.645833333333 0.620286776421 0.598680872653
0.661324786325 0.0 0.708333333333 0.59160913436 0.677828513445
0.314786585366 0.0 0.428571428571 0.346090759978 0.364144235653
0.342606707317 0.0 0.408163265306 0.304537998907 0.369222955815
0.897435897436 0.0 0.916666666667 0.889537971322 1.0
0.628292268479 0.0 0.642857142857 0.485018726592 0.599502487562
0.452279202279 0.0 0.520833333333 0.406797663303 0.466768138001
0.584112149533 0.0 0.642857142857 0.541822721598 0.61131840796
0.471537807986 0.0 0.547619047619 0.557428214732 0.608208955224
0.735754985755 0.0 0.791666666667 0.719065321296 0.789446981228
0.655904842821 0.0 0.666666666667 0.564918851436 0.680348258706
0.413817663818 0.0 0.583333333333 0.569835369092 0.525114155251
0.476143630103 0.0 0.567567567568 0.494356659142 0.527239709443
0.582882439744 0.0 0.675675675676 0.663656884876 0.694915254237
0.470241023119 0.0 0.567567567568 0.515425131678 0.541162227603
0.870014245014 0.0 0.875 0.777482740308 0.89497716895
0.898504273504 0.0 0.9375 0.80722251726 0.890410958904
0.256054131054 0.0 0.375 0.329261816251 0.33231861999
0.373406966865 0.0 0.428571428571 0.302122347066 0.368781094527
0.528775209051 0.0 0.648648648649 0.525959367946 0.52784503632
0.714743589744 0.0 0.770833333333 0.67180031864 0.737189244039
0.47792022792 0.0 0.604166666667 0.541688794477 0.535768645358
0.666666666667 0.0 0.75 0.654806160382 0.69101978691
0.428774928775 0.0 0.520833333333 0.460966542751 0.488077118214
0.626168224299 0.0 0.690476190476 0.641073657928 0.695895522388
0.637108262108 0.0 0.75 0.793414763675 0.799594114663
0.504273504274 0.0 0.645833333333 0.613913967074 0.591070522577
0.398425971471 0.0 0.513513513514 0.396538750941 0.400121065375
0.388096409247 0.0 0.513513513514 0.443942814146 0.436440677966
0.420560747664 0.0 0.513513513514 0.417607223476 0.442493946731
0.441711756026 0.0 0.513513513514 0.471783295711 0.517554479419
0.198717948718 0.0 0.291666666667 0.217206585236 0.241501775748
0.770299145299 0.0 0.791666666667 0.681890600106 0.777777777778
0.54594017094 0.0 0.625 0.611789697292 0.649923896499
0.67094017094 0.0 0.729166666667 0.663303239511 0.721968543886
0.638487680544 0.0 0.738095238095 0.668539325843 0.685323383085
0.745539507222 0.0 0.761904761905 0.68102372035 0.780472636816
0.316951566952 0.0 0.479166666667 0.48858204992 0.440892947742
0.6773241515 0.0 0.72972972973 0.494356659142 0.556295399516
0.57156910969 0.0 0.72972972973 0.674191121144 0.63014527845
0.376783079193 0.0 0.459459459459 0.384499623777 0.415859564165
0.623575498575 0.0 0.708333333333 0.585236325013 0.614408929477
0.621495327103 0.0 0.642857142857 0.550561797753 0.643034825871
0.313933729822 0.0 0.404761904762 0.376404494382 0.399253731343
0.459757834758 0.0 0.5625 0.46468401487 0.474885844749
0.500849617672 0.0 0.595238095238 0.536828963795 0.555348258706
0.363994097393 0.0 0.486486486486 0.413844996238 0.403753026634
0.395497026338 0.0 0.5 0.450062421973 0.457711442786
0.319088319088 0.0 0.458333333333 0.423260754116 0.395738203957
0.294515669516 0.0 0.4375 0.466277217207 0.434804667681
0.702635327635 0.0 0.791666666667 0.75092936803 0.773211567732
0.486965076242 0.0 0.621621621622 0.53122648608 0.507869249395
0.659124446631 0.0 0.783783783784 0.747178329571 0.733050847458
0.50424808836 0.0 0.571428571429 0.503745318352 0.546641791045
0.590260698475 0.0 0.702702702703 0.585402558315 0.582929782082
0.383384146341 0.0 0.530612244898 0.533624931657 0.496190959878
0.411706837186 0.0 0.513513513514 0.480812641084 0.488498789346
0.604525332022 0.0 0.756756756757 0.667419112114 0.624092009685
0.643585386576 0.0 0.714285714286 0.696004993758 0.733830845771
0.636497786522 0.0 0.783783783784 0.769751693002 0.730629539952
0.884259259259 0.0 0.895833333333 0.837493361657 0.934043632674
0.799857549858 0.0 0.8125 0.690387679235 0.785388127854
0.541206457094 0.0 0.595238095238 0.539950062422 0.59328358209
0.427782497876 0.0 0.47619047619 0.354556803995 0.412935323383
0.387604525332 0.0 0.486486486486 0.410082768999 0.417675544794
0.466305951795 0.0 0.540540540541 0.38374717833 0.415859564165
0.393292682927 0.0 0.489795918367 0.445051940951 0.454545454545
0.393292682927 0.0 0.489795918367 0.445051940951 0.454545454545
0.487456960157 0.0 0.621621621622 0.586155003762 0.556900726392
0.760683760684 0.0 0.875 0.825278810409 0.815322171487
0.443679291687 0.0 0.540540540541 0.488337095561 0.495157384988
0.774216524217 0.0 0.791666666667 0.706319702602 0.792491121258
0.390313390313 0.0 0.541666666667 0.496016994158 0.447995941147
0.506148548942 0.0 0.621621621622 0.592927012792 0.579297820823
0.31726512543 0.0 0.432432432432 0.359668924003 0.346246973366
0.63994097393 0.0 0.756756756757 0.663656884876 0.648305084746
0.264957264957 0.0 0.395833333333 0.32819968136 0.298325722983
0.546304163127 0.0 0.619047619048 0.500624219725 0.528606965174
0.546304163127 0.0 0.619047619048 0.500624219725 0.528606965174
0.530250860797 0.0 0.621621621622 0.48532731377 0.494552058111
0.882478632479 0.0 0.916666666667 0.861391396707 0.927447995941
0.65165675446 0.0 0.642857142857 0.486267166042 0.595149253731
0.50381097561 0.0 0.510204081633 0.404592673592 0.498222447943
0.500712250712 0.0 0.5625 0.527881040892 0.56570268899
0.813034188034 0.0 0.854166666667 0.782262347318 0.840690005074
0.702209005947 0.0 0.714285714286 0.609238451935 0.696517412935
0.632562715199 0.0 0.756756756757 0.772761474793 0.747578692494
0.382193802263 0.0 0.459459459459 0.418359668924 0.440072639225
0.680911680912 0.0 0.791666666667 0.727031332979 0.713850837139
0.72110181997 0.0 0.756756756757 0.645598194131 0.707021791768
0.440727988195 0.0 0.513513513514 0.43942814146 0.463075060533
0.376291195278 0.0 0.486486486486 0.473288186606 0.459443099274
0.580288870008 0.0 0.595238095238 0.541822721598 0.623134328358
0.74358974359 0.0 0.854166666667 0.776951672862 0.762049720954
0.853276353276 0.0 0.875 0.822623473181 0.896499238965
0.581988105353 0.0 0.619047619048 0.553058676654 0.61131840796
0.872150997151 0.0 0.875 0.738714816782 0.831050228311
0.469749139203 0.0 0.540540540541 0.353649360421 0.377723970944
0.661091982292 0.0 0.783783783784 0.730624529722 0.701573849879
0.489424495819 0.0 0.567567567568 0.425884123401 0.440072639225
0.519541206457 0.0 0.595238095238 0.556803995006 0.573383084577
0.448598130841 0.0 0.540540540541 0.473288186606 0.473365617433
0.828703703704 0.0 0.895833333333 0.865108868826 0.889903602232
0.54058042302 0.0 0.675675675676 0.663656884876 0.620460048426
0.464338416134 0.0 0.567567567568 0.534988713318 0.523607748184
0.36645351697 0.0 0.486486486486 0.419112114372 0.390435835351
0.434070121951 0.0 0.591836734694 0.670311645708 0.603859827324
0.394982784063 0.0 0.513513513514 0.532731376975 0.505447941889
0.383903133903 0.0 0.4375 0.442910249602 0.480466768138
0.427447122479 0.0 0.540540540541 0.502633559067 0.480629539952
0.358091490408 0.0 0.432432432432 0.364936042137 0.381355932203
0.712606837607 0.0 0.8125 0.812533191715 0.803145611365
0.477619281849 0.0 0.594594594595 0.641083521445 0.614406779661
0.440236104279 0.0 0.513513513514 0.40331075997 0.4200968523
0.729700854701 0.0 0.791666666667 0.771640998407 0.799594114663
0.283831908832 0.0 0.354166666667 0.331917153478 0.351090816844
0.511432926829 0.0 0.530612244898 0.483324220886 0.553580497715
0.425971470733 0.0 0.540540540541 0.519187358916 0.493946731235
0.470732907034 0.0 0.621621621622 0.59668924003 0.535108958838
0.606125356125 0.0 0.770833333333 0.757833244822 0.682394723491
0.87962962963 0.0 0.9375 0.852363250133 0.883815322171
0.35683942226 0.0 0.428571428571 0.352059925094 0.368781094527
0.430398425971 0.0 0.513513513514 0.447705041384 0.452784503632
0.393673780488 0.0 0.551020408163 0.591033351558 0.521584560691
0.681751106739 0.0 0.810810810811 0.706546275395 0.665254237288
0.556074766355 0.0 0.595238095238 0.539950062422 0.588308457711
0.737535612536 0.0 0.791666666667 0.711099309612 0.744292237443
0.426282051282 0.0 0.520833333333 0.519915029209 0.512430238458
0.498770290212 0.0 0.567567567568 0.425884123401 0.443704600484
0.539104771274 0.0 0.675675675676 0.686982693755 0.636803874092
0.200142450142 0.0 0.3125 0.287307488051 0.261288685946
0.452362804878 0.0 0.530612244898 0.440131219245 0.447435246318
0.642400393507 0.0 0.810810810811 0.788562829195 0.704600484262
0.516478111166 0.0 0.621621621622 0.583897667419 0.562953995157
0.486473192327 0.0 0.540540540541 0.428141459744 0.458232445521
0.585833743237 0.0 0.72972972973 0.751693002257 0.691888619855
0.507624200689 0.0 0.621621621622 0.612490594432 0.582324455206
0.598130841121 0.0 0.702702702703 0.700526711813 0.679176755448
0.440951571793 0.0 0.47619047619 0.376404494382 0.424129353234
0.434333497295 0.0 0.486486486486 0.422121896163 0.452784503632
0.574786324786 0.0 0.729166666667 0.715878916622 0.64434297311
0.464743589744 0.0 0.5625 0.502920870951 0.487569761542
0.846798780488 0.0 0.877551020408 0.822307271733 0.873031995937
0.579439252336 0.0 0.648648648649 0.613995485327 0.625907990315
