0.554611650485 0.0 0.666666666667 0.634627625716 0.759043927649
0.504854368932 0.0 0.666666666667 0.625079567155 0.694444444444
0.605582524272 0.0 0.690476190476 0.564608529599 0.702196382429
0.677588996764 0.0 0.785714285714 0.718650541057 0.826873385013
0.367313915858 0.0 0.52380952381 0.466581795035 0.515503875969
0.367313915858 0.0 0.52380952381 0.466581795035 0.515503875969
0.504045307443 0.0 0.666666666667 0.645448758752 0.687984496124
0.752427184466 0.0 0.761904761905 0.612348822406 0.788759689922
0.425813371469 0.0 0.551020408163 0.467775467775 0.526686807654
0.438915857605 0.0 0.571428571429 0.502864417568 0.554263565891
0.439756882374 0.0 0.510204081633 0.406964656965 0.520140986908
0.542071197411 0.0 0.714285714286 0.683004455761 0.684108527132
0.438684304612 0.0 0.591836734694 0.607068607069 0.62638469285
0.407362459547 0.0 0.52380952381 0.492043284532 0.544573643411
0.407362459547 0.0 0.52380952381 0.492043284532 0.544573643411
0.407362459547 0.0 0.52380952381 0.492043284532 0.544573643411
0.609224168752 0.0 0.714285714286 0.664760914761 0.723564954683
0.436084142395 0.0 0.571428571429 0.486950986633 0.514857881137
0.723989989274 0.0 0.816326530612 0.752079002079 0.822255790534
0.5 0.0 0.617647058824 0.558603491272 0.597005208333
0.62783171521 0.0 0.714285714286 0.694462126034 0.759689922481
0.468446601942 0.0 0.619047619048 0.605346912794 0.605943152455
0.30103682517 0.0 0.408163265306 0.329521829522 0.373111782477
0.726537216828 0.0 0.809523809524 0.809675366009 0.877260981912
0.559870550162 0.0 0.642857142857 0.693825588797 0.759043927649
0.70289017341 0.0 0.823529411765 0.753948462178 0.779296875
0.638898820164 0.0 0.795918367347 0.783783783784 0.771903323263
0.642394822006 0.0 0.714285714286 0.708465945258 0.781007751938
0.764158576052 0.0 0.785714285714 0.684277530236 0.80684754522
0.621387283237 0.0 0.705882352941 0.610972568579 0.670572916667
0.483414239482 0.0 0.595238095238 0.518141311267 0.549741602067
0.387200572041 0.0 0.489795918367 0.439189189189 0.477844914401
0.406553398058 0.0 0.52380952381 0.495225970719 0.517441860465
0.890776699029 0.0 0.904761904762 0.833227243794 0.956072351421
0.379335001788 0.0 0.469387755102 0.392411642412 0.438066465257
0.650889967638 0.0 0.714285714286 0.75238701464 0.823643410853
0.524490525563 0.0 0.65306122449 0.648128898129 0.653575025176
0.569181265642 0.0 0.673469387755 0.664760914761 0.694360523666
0.397653721683 0.0 0.547619047619 0.527052832591 0.509689922481
0.344654987487 0.0 0.469387755102 0.377338877339 0.38469284995
0.50283171521 0.0 0.619047619048 0.628898790579 0.644702842377
0.252055774044 0.0 0.34693877551 0.283783783784 0.320241691843
0.54854368932 0.0 0.642857142857 0.569064290261 0.604005167959
0.397249190939 0.0 0.47619047619 0.42584341184 0.476098191214
0.351132686084 0.0 0.428571428571 0.386378103119 0.437984496124
0.40936717912 0.0 0.530612244898 0.50051975052 0.508056394763
0.547729710404 0.0 0.69387755102 0.713097713098 0.695367573011
0.461808261886 0.0 0.6 0.59324155194 0.583379501385
0.418550272798 0.0 0.511111111111 0.349186483104 0.382825484765
0.349302824455 0.0 0.428571428571 0.387214137214 0.433534743202
0.745086705202 0.0 0.823529411765 0.764754779717 0.811848958333
0.400786557025 0.0 0.510204081633 0.401247401247 0.415911379658
0.365391490883 0.0 0.428571428571 0.35343035343 0.413897280967
0.512944983819 0.0 0.595238095238 0.588796944621 0.62984496124
0.716019417476 0.0 0.785714285714 0.769573520051 0.822351421189
0.621380050054 0.0 0.775510204082 0.814449064449 0.778449144008
0.660115606936 0.0 0.735294117647 0.656691604323 0.694661458333
0.504624277457 0.0 0.558823529412 0.50540315877 0.561197916667
0.289238469789 0.0 0.428571428571 0.426195426195 0.396273917422
0.564161849711 0.0 0.647058823529 0.600166251039 0.625651041667
0.696531791908 0.0 0.764705882353 0.634247714048 0.673828125
0.651445086705 0.0 0.735294117647 0.596009975062 0.619791666667
0.726941747573 0.0 0.785714285714 0.79949077021 0.84819121447
0.506936416185 0.0 0.588235294118 0.544472152951 0.5703125
0.542774566474 0.0 0.676470588235 0.574397339983 0.547526041667
0.647398843931 0.0 0.705882352941 0.629260182876 0.677083333333
0.672330097087 0.0 0.714285714286 0.630808402292 0.693798449612
0.269932070075 0.0 0.387755102041 0.303014553015 0.289023162135
0.686705202312 0.0 0.794117647059 0.688279301746 0.68359375
0.956069364162 0.0 1.0 0.941812136326 1.0
0.62216828479 0.0 0.619047619048 0.602800763845 0.706718346253
0.475867000358 0.0 0.632653061224 0.631496881497 0.575025176234
0.264926707186 0.0 0.367346938776 0.372661122661 0.369587109768
0.73063583815 0.0 0.823529411765 0.773898586866 0.777994791667
0.245145631068 0.0 0.333333333333 0.312539783577 0.321059431525
0.33865939205 0.0 0.488888888889 0.532540675845 0.478670360111
0.622543352601 0.0 0.705882352941 0.661679135495 0.674479166667
0.342637540453 0.0 0.404761904762 0.415022278803 0.448966408269
0.814801573114 0.0 0.775510204082 0.653326403326 0.786505538771
0.716184971098 0.0 0.794117647059 0.761429758936 0.77734375
0.434061488673 0.0 0.47619047619 0.434754933164 0.486434108527
0.713294797688 0.0 0.794117647059 0.683291770574 0.695963541667
0.60243117626 0.0 0.734693877551 0.730249480249 0.689325276939
0.635838150289 0.0 0.676470588235 0.580216126351 0.630859375
0.631472491909 0.0 0.642857142857 0.660089115213 0.739018087855
0.222491909385 0.0 0.309523809524 0.295989815404 0.298449612403
0.584393063584 0.0 0.676470588235 0.597672485453 0.595052083333
0.670520231214 0.0 0.794117647059 0.745635910224 0.7109375
0.724855491329 0.0 0.823529411765 0.787198669992 0.77734375
0.558959537572 0.0 0.647058823529 0.598503740648 0.598958333333
0.192348945299 0.0 0.265306122449 0.182432432432 0.197885196375
0.58901734104 0.0 0.676470588235 0.630091438071 0.630859375
0.624595469256 0.0 0.666666666667 0.681094844048 0.72480620155
0.159814086521 0.0 0.224489795918 0.147089397089 0.168177240685
0.54450867052 0.0 0.617647058824 0.624272651704 0.63671875
0.351537216828 0.0 0.428571428571 0.437301082113 0.445090439276
0.351537216828 0.0 0.428571428571 0.437301082113 0.445090439276
0.512716763006 0.0 0.647058823529 0.68578553616 0.634114583333
0.602312138728 0.0 0.676470588235 0.699085619285 0.70703125
0.655884645362 0.0 0.666666666667 0.459949937422 0.530747922438
