0.649181905679 0.0 0.692307692308 0.613193403298 0.70790103751
0.862367661213 0.0 0.897435897436 0.750374812594 0.832402234637
0.819056785371 0.0 0.846153846154 0.66191904048 0.738228252195
0.843118383061 0.0 0.871794871795 0.694902548726 0.76057462091
0.466794995188 0.0 0.512820512821 0.484257871064 0.518754988029
0.730028873917 0.0 0.794871794872 0.778860569715 0.772545889864
0.692974013474 0.0 0.74358974359 0.67616191904 0.679968076616
0.536092396535 0.0 0.589743589744 0.510494752624 0.499600957702
0.722329162656 0.0 0.769230769231 0.703148425787 0.686352753392
0.611164581328 0.0 0.666666666667 0.512743628186 0.48683160415
0.49602932193 0.0 0.483870967742 0.530373831776 0.56843575419
0.935996150144 0.0 0.923076923077 0.856821589205 0.8946528332
0.452358036574 0.0 0.487179487179 0.425787106447 0.408619313647
0.675649663138 0.0 0.717948717949 0.587706146927 0.562649640862
0.500481231954 0.0 0.538461538462 0.529235382309 0.506783719074
0.747353224254 0.0 0.794871794872 0.775862068966 0.743814844374
0.51395572666 0.0 0.564102564103 0.501499250375 0.462090981644
0.956222639149 0.0 0.966666666667 1.0 1.0
0.640038498556 0.0 0.641025641026 0.464767616192 0.474062250599
0.892432770482 0.0 0.9 0.891100702576 0.892323030907
0.934552454283 0.0 0.948717948718 0.821589205397 0.814046288907
0.808469682387 0.0 0.846153846154 0.799100449775 0.765363128492
0.384023099134 0.0 0.384615384615 0.243628185907 0.245810055866
0.631019387117 0.0 0.6 0.525761124122 0.559322033898
1.0 0.0 1.0 1.0 1.0
0.788617886179 0.0 0.733333333333 0.662763466042 0.717846460618
0.727141482194 0.0 0.74358974359 0.64167916042 0.624900239425
0.813633520951 0.0 0.766666666667 0.655737704918 0.700897308076
0.786116322702 0.0 0.8 0.792740046838 0.77666999003
0.428296438884 0.0 0.435897435897 0.374812593703 0.363926576217
0.887429643527 0.0 0.9 0.954332552693 0.938185443669
0.91994996873 0.0 0.9 0.788056206089 0.803589232303
0.775484677924 0.0 0.766666666667 0.682669789227 0.686939182453
0.722951844903 0.0 0.7 0.670960187354 0.688933200399
0.722951844903 0.0 0.7 0.670960187354 0.688933200399
0.786741713571 0.0 0.766666666667 0.744730679157 0.759720837488
0.693558474046 0.0 0.666666666667 0.660421545667 0.679960119641
0.807379612258 0.0 0.766666666667 0.708430913349 0.741774675972
0.842401500938 0.0 0.866666666667 0.838407494145 0.806580259222
0.868667917448 0.0 0.866666666667 0.861826697892 0.855433698903
0.67292057536 0.0 0.633333333333 0.593676814988 0.623130608175
0.67292057536 0.0 0.633333333333 0.593676814988 0.623130608175
0.67292057536 0.0 0.633333333333 0.593676814988 0.623130608175
0.67292057536 0.0 0.633333333333 0.593676814988 0.623130608175
0.67292057536 0.0 0.633333333333 0.593676814988 0.623130608175
0.67292057536 0.0 0.633333333333 0.593676814988 0.623130608175
0.67292057536 0.0 0.633333333333 0.593676814988 0.623130608175
0.67292057536 0.0 0.633333333333 0.593676814988 0.623130608175
0.67292057536 0.0 0.633333333333 0.593676814988 0.623130608175
0.67292057536 0.0 0.633333333333 0.593676814988 0.623130608175
0.67292057536 0.0 0.633333333333 0.593676814988 0.623130608175
0.714821763602 0.0 0.633333333333 0.576112412178 0.645064805583
0.685428392745 0.0 0.633333333333 0.600702576112 0.640079760718
0.685428392745 0.0 0.633333333333 0.600702576112 0.640079760718
0.685428392745 0.0 0.633333333333 0.600702576112 0.640079760718
0.685428392745 0.0 0.633333333333 0.600702576112 0.640079760718
0.685428392745 0.0 0.633333333333 0.600702576112 0.640079760718
0.685428392745 0.0 0.633333333333 0.600702576112 0.640079760718
0.685428392745 0.0 0.633333333333 0.600702576112 0.640079760718
0.685428392745 0.0 0.633333333333 0.600702576112 0.640079760718
0.685428392745 0.0 0.633333333333 0.600702576112 0.640079760718
0.685428392745 0.0 0.633333333333 0.600702576112 0.640079760718
0.685428392745 0.0 0.633333333333 0.600702576112 0.640079760718
0.685428392745 0.0 0.633333333333 0.600702576112 0.640079760718
0.685428392745 0.0 0.633333333333 0.600702576112 0.640079760718
0.685428392745 0.0 0.633333333333 0.600702576112 0.640079760718
0.685428392745 0.0 0.633333333333 0.600702576112 0.640079760718
0.685428392745 0.0 0.633333333333 0.600702576112 0.640079760718
0.685428392745 0.0 0.633333333333 0.600702576112 0.640079760718
0.685428392745 0.0 0.633333333333 0.600702576112 0.640079760718
0.685428392745 0.0 0.633333333333 0.600702576112 0.640079760718
0.685428392745 0.0 0.633333333333 0.600702576112 0.640079760718
0.685428392745 0.0 0.633333333333 0.600702576112 0.640079760718
0.685428392745 0.0 0.633333333333 0.600702576112 0.640079760718
0.685428392745 0.0 0.633333333333 0.600702576112 0.640079760718
0.685428392745 0.0 0.633333333333 0.600702576112 0.640079760718
0.685428392745 0.0 0.633333333333 0.600702576112 0.640079760718
0.685428392745 0.0 0.633333333333 0.600702576112 0.640079760718
0.777360850532 0.0 0.733333333333 0.742388758782 0.773678963111
0.97593840231 0.0 0.974358974359 0.918290854573 0.906624102155
0.819887429644 0.0 0.766666666667 0.708430913349 0.747756729811
0.768605378361 0.0 0.733333333333 0.696721311475 0.717846460618
0.710444027517 0.0 0.666666666667 0.593676814988 0.623130608175
0.710444027517 0.0 0.666666666667 0.593676814988 0.623130608175
0.710444027517 0.0 0.666666666667 0.593676814988 0.623130608175
0.710444027517 0.0 0.666666666667 0.593676814988 0.623130608175
0.831144465291 0.0 0.833333333333 0.86299765808 0.846460618146
0.72607879925 0.0 0.733333333333 0.754098360656 0.731804586241
0.72607879925 0.0 0.733333333333 0.754098360656 0.731804586241
0.838649155722 0.0 0.8 0.701405152225 0.72482552343
0.687304565353 0.0 0.666666666667 0.658079625293 0.662013958126
0.72607879925 0.0 0.733333333333 0.667447306792 0.642073778664
0.783614759225 0.0 0.733333333333 0.629976580796 0.662013958126
0.696060037523 0.0 0.7 0.754098360656 0.731804586241
0.76110068793 0.0 0.766666666667 0.74355971897 0.718843469591
0.436958614052 0.0 0.461538461538 0.41904047976 0.375099760575
0.754221388368 0.0 0.733333333333 0.733021077283 0.732801595214
0.704190118824 0.0 0.666666666667 0.680327868852 0.69591226321
0.704190118824 0.0 0.666666666667 0.680327868852 0.69591226321
0.704190118824 0.0 0.666666666667 0.680327868852 0.69591226321
