0.721379310345 0.375 0.653846153846 0.55980861244 0.44398340249
0.568275862069 0.125 0.5 0.425837320574 0.373443983402
0.464827586207 0.125 0.423076923077 0.38995215311 0.302904564315
0.735172413793 0.0 0.692307692308 0.672248803828 0.53112033195
0.338620689655 0.0 0.269230769231 0.184210526316 0.117565698479
0.448965517241 0.25 0.384615384615 0.234449760766 0.237897648686
0.697931034483 0.25 0.692307692308 0.523923444976 0.394190871369
0.513103448276 0.0 0.461538461538 0.346889952153 0.30428769018
0.426206896552 0.375 0.346153846154 0.212918660287 0.112033195021
0.775172413793 0.5 0.730769230769 0.691387559809 0.723374827109
0.754482758621 0.625 0.807692307692 0.647129186603 0.65836791148
0.43724137931 0.25 0.346153846154 0.247607655502 0.23928077455
0.618620689655 0.375 0.5 0.456937799043 0.326417704011
0.784827586207 0.375 0.769230769231 0.746411483254 0.715076071923
0.324827586207 0.0 0.230769230769 0.118421052632 0.0165975103734
0.695172413793 0.125 0.692307692308 0.595693779904 0.508990318119
0.650344827586 1.0 0.615384615385 0.477272727273 0.573997233748
1.0 0.5 1.0 1.0 1.0
0.574482758621 0.375 0.461538461538 0.459330143541 0.305670816044
0.736551724138 0.375 0.615384615385 0.480861244019 0.352697095436
0.480689655172 0.25 0.423076923077 0.288277511962 0.195020746888
0.568275862069 0.375 0.538461538462 0.417464114833 0.434301521438
0.651724137931 0.125 0.692307692308 0.627990430622 0.536652835408
0.611034482759 0.25 0.5 0.50956937799 0.351313969571
0.705517241379 0.5 0.653846153846 0.584928229665 0.594744121715
0.664137931034 0.25 0.576923076923 0.456937799043 0.39142461964
0.705517241379 0.125 0.615384615385 0.665071770335 0.571230982019
0.724137931034 0.625 0.692307692308 0.604066985646 0.686030428769
0.899310344828 0.125 0.884615384615 0.821770334928 0.81051175657
0.809655172414 0.125 0.807692307692 0.806220095694 0.818810511757
0.719310344828 0.375 0.615384615385 0.502392344498 0.49377593361
0.485517241379 0.375 0.384615384615 0.273923444976 0.236514522822
0.578620689655 0.0 0.5 0.476076555024 0.360995850622
0.608965517241 0.25 0.538461538462 0.478468899522 0.554633471646
0.615172413793 0.0 0.538461538462 0.434210526316 0.262793914246
0.583448275862 0.0 0.538461538462 0.581339712919 0.441217150761
0.66 0.5 0.576923076923 0.511961722488 0.533886583679
0.660689655172 0.375 0.692307692308 0.627990430622 0.536652835408
0.924137931034 0.625 0.884615384615 0.66028708134 0.684647302905
0.72275862069 0.25 0.730769230769 0.604066985646 0.579529737206
0.814482758621 0.5 0.846153846154 0.694976076555 0.723374827109
0.654482758621 0.25 0.538461538462 0.417464114833 0.322268326418
0.657931034483 0.375 0.576923076923 0.473684210526 0.413554633472
0.772413793103 0.375 0.615384615385 0.502392344498 0.297372060858
0.453793103448 0.125 0.423076923077 0.342105263158 0.334716459198
0.771724137931 0.0 0.769230769231 0.659090909091 0.738589211618
0.414482758621 0.25 0.346153846154 0.236842105263 0.217150760719
0.814482758621 0.5 0.846153846154 0.694976076555 0.723374827109
0.522068965517 0.25 0.384615384615 0.16028708134 0.13969571231
0.425517241379 0.25 0.346153846154 0.184210526316 0.117565698479
0.635862068966 0.125 0.576923076923 0.55023923445 0.449515905947
0.653103448276 0.0 0.576923076923 0.411483253589 0.30428769018
0.526206896552 0.125 0.5 0.498803827751 0.532503457815
0.531724137931 0.0 0.538461538462 0.488038277512 0.488243430152
0.826206896552 0.125 0.769230769231 0.686602870813 0.655601659751
0.686206896552 0.375 0.576923076923 0.314593301435 0.188105117566
0.574482758621 0.375 0.461538461538 0.459330143541 0.305670816044
0.513103448276 0.25 0.461538461538 0.368421052632 0.331950207469
0.51724137931 0.5 0.461538461538 0.303827751196 0.295988934993
0.526896551724 0.5 0.5 0.356459330144 0.395573997234
0.466206896552 0.25 0.346153846154 0.217703349282 0.168741355463
0.58275862069 0.25 0.538461538462 0.484449760766 0.424619640387
0.646206896552 0.375 0.538461538462 0.354066985646 0.355463347165
0.521379310345 0.25 0.423076923077 0.312200956938 0.27939142462
0.513103448276 0.5 0.5 0.447368421053 0.499308437068
0.751724137931 0.375 0.653846153846 0.397129186603 0.463347164592
0.688275862069 0.75 0.615384615385 0.327751196172 0.322268326418
0.713793103448 0.5 0.692307692308 0.409090909091 0.399723374827
0.721379310345 0.375 0.692307692308 0.790669856459 0.676348547718
0.659310344828 0.375 0.576923076923 0.667464114833 0.550484094053
0.613793103448 0.25 0.461538461538 0.318181818182 0.269709543568
0.906896551724 0.125 0.961538461538 0.832535885167 0.914246196404
0.521379310345 0.25 0.384615384615 0.193779904306 0.0788381742739
0.726206896552 0.375 0.576923076923 0.502392344498 0.297372060858
0.501379310345 0.0 0.384615384615 0.351674641148 0.208852005533
0.646206896552 0.25 0.538461538462 0.468899521531 0.287690179806
0.409655172414 0.125 0.384615384615 0.331339712919 0.312586445367
0.444137931034 0.125 0.346153846154 0.321770334928 0.204702627939
0.64 0.625 0.576923076923 0.30980861244 0.337482710927
0.749655172414 0.625 0.653846153846 0.385167464115 0.399723374827
0.356551724138 0.0 0.269230769231 0.171052631579 0.116182572614
0.423448275862 0.25 0.307692307692 0.22966507177 0.106500691563
0.636551724138 0.25 0.615384615385 0.632775119617 0.53112033195
0.786896551724 0.25 0.807692307692 0.94019138756 0.919778699862
0.92 0.375 0.884615384615 0.941387559809 0.876901798064
0.653793103448 0.25 0.615384615385 0.461722488038 0.457814661134
0.829655172414 0.375 0.730769230769 0.638755980861 0.741355463347
0.666206896552 0.125 0.653846153846 0.790669856459 0.676348547718
0.724827586207 0.25 0.730769230769 0.582535885167 0.491009681881
0.726206896552 0.25 0.653846153846 0.538277511962 0.46887966805
0.659310344828 0.5 0.615384615385 0.703349282297 0.639004149378
0.744137931034 0.25 0.615384615385 0.537081339713 0.453665283541
0.798620689655 0.125 0.653846153846 0.443779904306 0.507607192254
0.611724137931 0.375 0.576923076923 0.484449760766 0.381742738589
0.609655172414 0.5 0.5 0.346889952153 0.333333333333
0.435172413793 0.0 0.346153846154 0.226076555024 0.240663900415
0.717931034483 0.5 0.653846153846 0.327751196172 0.322268326418
0.594482758621 0.0 0.538461538462 0.400717703349 0.40387275242
0.553103448276 0.125 0.461538461538 0.320574162679 0.255878284924
0.571034482759 0.25 0.5 0.328947368421 0.331950207469
0.653793103448 0.25 0.615384615385 0.461722488038 0.457814661134
0.500689655172 0.125 0.423076923077 0.363636363636 0.262793914246
0.43724137931 0.25 0.346153846154 0.247607655502 0.23928077455
0.607586206897 0.125 0.576923076923 0.480861244019 0.542185338866
0.755862068966 0.5 0.730769230769 0.715311004785 0.731673582296
0.924137931034 0.625 0.884615384615 0.66028708134 0.684647302905
0.715862068966 0.25 0.730769230769 0.617224880383 0.580912863071
0.688965517241 0.25 0.653846153846 0.488038277512 0.392807745505
0.428275862069 0.25 0.346153846154 0.206937799043 0.117565698479
0.384137931034 0.375 0.307692307692 0.198564593301 0.178423236515
0.521379310345 0.25 0.423076923077 0.312200956938 0.27939142462
0.428275862069 0.25 0.346153846154 0.206937799043 0.117565698479
0.719310344828 0.375 0.615384615385 0.502392344498 0.49377593361
0.503448275862 0.0 0.423076923077 0.464114832536 0.362378976487
0.457931034483 0.5 0.384615384615 0.252392344498 0.295988934993
0.62275862069 0.25 0.538461538462 0.66028708134 0.514522821577
0.717931034483 0.25 0.653846153846 0.538277511962 0.503457814661
0.782068965517 0.375 0.730769230769 0.571770334928 0.500691562932
0.719310344828 0.375 0.615384615385 0.525119617225 0.51867219917
0.495172413793 0.125 0.384615384615 0.254784688995 0.235131396957
0.809655172414 0.0 0.807692307692 0.672248803828 0.751037344398
0.723448275862 0.25 0.730769230769 0.596889952153 0.688796680498
0.621379310345 0.5 0.538461538462 0.532296650718 0.507607192254
0.428275862069 0.25 0.346153846154 0.206937799043 0.117565698479
0.683448275862 0.25 0.692307692308 0.582535885167 0.491009681881
0.717931034483 0.375 0.692307692308 0.52990430622 0.542185338866
0.506206896552 0.0 0.461538461538 0.358851674641 0.32918395574
0.729655172414 0.125 0.692307692308 0.556220095694 0.573997233748
0.499310344828 0.375 0.461538461538 0.288277511962 0.297372060858
0.776551724138 0.375 0.769230769231 0.767942583732 0.831258644537
0.744137931034 0.25 0.615384615385 0.537081339713 0.453665283541
0.719310344828 0.375 0.615384615385 0.525119617225 0.51867219917
0.724827586207 0.25 0.730769230769 0.582535885167 0.491009681881
0.651724137931 0.125 0.692307692308 0.627990430622 0.536652835408
0.478620689655 0.0 0.423076923077 0.288277511962 0.195020746888
0.430344827586 0.125 0.384615384615 0.367224880383 0.337482710927
0.540689655172 0.125 0.538461538462 0.456937799043 0.48132780083
0.726206896552 0.0 0.615384615385 0.517942583732 0.525587828492
0.345517241379 0.0 0.307692307692 0.236842105263 0.217150760719
0.529655172414 0.375 0.5 0.430622009569 0.435684647303
0.603448275862 0.25 0.538461538462 0.326555023923 0.323651452282
0.726206896552 0.25 0.653846153846 0.538277511962 0.46887966805
0.666206896552 0.125 0.653846153846 0.790669856459 0.676348547718
0.665517241379 0.25 0.576923076923 0.333732057416 0.258644536653
0.646206896552 0.375 0.653846153846 0.691387559809 0.676348547718
0.758620689655 0.25 0.807692307692 0.836124401914 0.857538035961
0.615172413793 0.5 0.538461538462 0.319377990431 0.269709543568
0.555862068966 0.0 0.461538461538 0.434210526316 0.286307053942
0.563448275862 0.25 0.461538461538 0.312200956938 0.147994467497
0.688965517241 0.25 0.615384615385 0.601674641148 0.536652835408
0.521379310345 0.25 0.384615384615 0.246411483254 0.178423236515
0.92 0.375 0.884615384615 0.941387559809 0.876901798064
0.626896551724 0.125 0.538461538462 0.320574162679 0.255878284924
0.580689655172 0.125 0.5 0.320574162679 0.255878284924
0.566896551724 0.375 0.5 0.366028708134 0.360995850622
0.759310344828 0.125 0.653846153846 0.6004784689 0.500691562932
0.397931034483 0.25 0.307692307692 0.282296650718 0.206085753804
0.691724137931 0.25 0.653846153846 0.766746411483 0.571230982019
0.535862068966 0.5 0.461538461538 0.30023923445 0.338865836791
0.868275862069 0.25 0.846153846154 0.659090909091 0.738589211618
0.657931034483 0.375 0.538461538462 0.480861244019 0.402489626556
0.548275862069 0.375 0.461538461538 0.392344497608 0.441217150761
0.607586206897 0.125 0.576923076923 0.480861244019 0.542185338866
0.653103448276 0.0 0.576923076923 0.411483253589 0.30428769018
0.639310344828 0.625 0.576923076923 0.297846889952 0.287690179806
0.815172413793 0.25 0.846153846154 0.775119617225 0.625172890733
0.784827586207 0.375 0.730769230769 0.584928229665 0.524204702628
0.771034482759 0.0 0.730769230769 0.661483253589 0.560165975104
0.423448275862 0.25 0.384615384615 0.303827751196 0.295988934993
0.621379310345 0.5 0.538461538462 0.532296650718 0.507607192254
0.653793103448 0.125 0.615384615385 0.474880382775 0.48132780083
0.42275862069 0.25 0.384615384615 0.303827751196 0.278008298755
0.726206896552 0.375 0.576923076923 0.502392344498 0.297372060858
0.397931034483 0.25 0.307692307692 0.282296650718 0.206085753804
0.691724137931 0.125 0.576923076923 0.525119617225 0.45643153527
0.586206896552 0.625 0.5 0.278708133971 0.293222683264
0.522068965517 0.375 0.5 0.528708133971 0.50622406639
0.735172413793 0.0 0.692307692308 0.672248803828 0.53112033195
0.726206896552 0.25 0.653846153846 0.538277511962 0.46887966805
0.582068965517 0.25 0.5 0.356459330144 0.348547717842
0.68 0.5 0.653846153846 0.623205741627 0.623789764869
0.453103448276 0.25 0.384615384615 0.272727272727 0.242047026279
0.500689655172 0.125 0.423076923077 0.287081339713 0.242047026279
0.533793103448 0.375 0.5 0.483253588517 0.558782849239
0.503448275862 0.25 0.384615384615 0.25956937799 0.179806362379
0.68275862069 0.0 0.615384615385 0.450956937799 0.337482710927
0.445517241379 0.0 0.346153846154 0.336124401914 0.200553250346
0.56275862069 0.0 0.538461538462 0.453349282297 0.448132780083
0.766206896552 0.0 0.807692307692 0.799043062201 0.734439834025
0.691724137931 0.25 0.653846153846 0.766746411483 0.571230982019
0.38 0.25 0.269230769231 0.118421052632 0.0165975103734
0.824137931034 0.375 0.730769230769 0.636363636364 0.475795297372
0.457931034483 0.25 0.423076923077 0.482057416268 0.401106500692
0.411724137931 0.125 0.346153846154 0.321770334928 0.204702627939
0.569655172414 0.625 0.5 0.253588516746 0.255878284924
0.764137931034 0.375 0.730769230769 0.693779904306 0.615491009682
0.713793103448 0.625 0.692307692308 0.423444976077 0.449515905947
0.567586206897 0.125 0.538461538462 0.522727272727 0.529737206086
0.56275862069 0.625 0.5 0.33971291866 0.323651452282
0.384137931034 0.0 0.307692307692 0.206937799043 0.141078838174
