0.807029177719 0.0 0.92 0.903474903475 0.950570342205
0.675729442971 0.0 0.72 0.679536679537 0.773130544994
0.633952254642 0.0 0.68 0.615186615187 0.700887198986
0.660477453581 0.0 0.72 0.709137709138 0.780735107731
0.620689655172 0.0 0.68 0.66537966538 0.726235741445
0.68700265252 0.0 0.76 0.709137709138 0.759188846641
0.839522546419 0.0 0.88 0.75546975547 0.850443599493
0.611405835544 0.0 0.64 0.519948519949 0.608365019011
0.835543766578 0.0 1.0 0.981981981982 0.946768060837
0.682360742706 0.0 0.68 0.58815958816 0.707224334601
0.684350132626 0.0 0.72 0.638352638353 0.71989860583
0.723474801061 0.0 0.76 0.66537966538 0.749049429658
0.784482758621 0.0 0.84 0.805662805663 0.866920152091
0.840848806366 0.0 0.84 0.612612612613 0.740177439797
0.600795755968 0.0 0.64 0.519948519949 0.586818757921
0.587533156499 0.0 0.6 0.519948519949 0.608365019011
0.596816976127 0.0 0.56 0.469755469755 0.607097591888
0.590185676393 0.0 0.64 0.512226512227 0.565272496831
0.633952254642 0.0 0.6 0.469755469755 0.607097591888
0.699602122016 0.0 0.76 0.607464607465 0.657794676806
0.640583554377 0.0 0.68 0.519948519949 0.586818757921
0.680371352785 0.0 0.76 0.676962676963 0.703422053232
0.649204244032 0.0 0.64 0.496782496782 0.609632446134
0.636604774536 0.0 0.6 0.469755469755 0.607097591888
0.521220159151 0.0 0.52 0.519948519949 0.608365019011
0.594164456233 0.0 0.64 0.512226512227 0.565272496831
0.650530503979 0.0 0.68 0.622908622909 0.692015209125
0.809018567639 0.0 0.92 0.872586872587 0.871989860583
0.596816976127 0.0 0.64 0.607464607465 0.657794676806
0.711538461538 0.0 0.76 0.608751608752 0.666666666667
0.618037135279 0.0 0.64 0.519948519949 0.595690747782
0.680371352785 0.0 0.72 0.79407979408 0.846641318124
0.763262599469 0.0 0.8 0.615186615187 0.688212927757
0.669098143236 0.0 0.68 0.496782496782 0.588086185044
0.56100795756 0.0 0.56 0.519948519949 0.608365019011
0.67374005305 0.0 0.72 0.6138996139 0.666666666667
0.678381962865 0.0 0.68 0.521235521236 0.619771863118
0.563660477454 0.0 0.6 0.512226512227 0.565272496831
0.716843501326 0.0 0.76 0.608751608752 0.666666666667
0.660477453581 0.0 0.72 0.646074646075 0.680608365019
0.73474801061 0.0 0.8 0.694980694981 0.730038022814
0.817639257294 0.0 0.88 0.797940797941 0.839036755387
0.696286472149 0.0 0.72 0.519948519949 0.595690747782
0.792440318302 0.0 0.76 0.696267696268 0.826362484157
0.643236074271 0.0 0.68 0.6138996139 0.666666666667
0.712864721485 0.0 0.76 0.657657657658 0.705956907478
0.696286472149 0.0 0.68 0.494208494208 0.607097591888
0.71949602122 0.0 0.72 0.585585585586 0.680608365019
0.570291777188 0.0 0.6 0.519948519949 0.574144486692
0.712201591512 0.0 0.76 0.684684684685 0.730038022814
0.885941644562 0.0 0.88 0.714285714286 0.826362484157
0.692307692308 0.0 0.68 0.519948519949 0.62484157161
0.803050397878 0.0 0.84 0.786357786358 0.844106463878
0.584880636605 0.0 0.6 0.42471042471 0.494296577947
0.640583554377 0.0 0.6 0.469755469755 0.594423320659
0.75198938992 0.0 0.88 0.800514800515 0.764258555133
0.804376657825 0.0 0.88 0.83268983269 0.847908745247
0.51724137931 0.0 0.52 0.42471042471 0.494296577947
0.590185676393 0.0 0.6 0.512226512227 0.579214195184
0.635941644562 0.0 0.64 0.535392535393 0.610899873257
1.0 0.0 1.0 0.785070785071 0.893536121673
0.870026525199 0.0 0.96 1.0 1.0
0.726127320955 0.0 0.8 0.683397683398 0.697084917617
0.564986737401 0.0 0.56 0.519948519949 0.595690747782
0.635941644562 0.0 0.72 0.697554697555 0.68948035488
0.711538461538 0.0 0.76 0.607464607465 0.645120405577
0.679708222812 0.0 0.68 0.543114543115 0.623574144487
0.521220159151 0.0 0.52 0.42471042471 0.494296577947
0.755305039788 0.0 0.84 0.776061776062 0.77566539924
0.557029177719 0.0 0.56 0.42471042471 0.494296577947
0.946949602122 0.0 1.0 0.817245817246 0.865652724968
0.666445623342 0.0 0.72 0.598455598456 0.62484157161
0.836206896552 0.0 0.8 0.481338481338 0.614702154626
0.788461538462 0.0 0.84 0.696267696268 0.73257287706
0.59151193634 0.0 0.72 0.701415701416 0.643852978454
0.620689655172 0.0 0.64 0.638352638353 0.688212927757
0.668435013263 0.0 0.72 0.589446589447 0.615969581749
0.669098143236 0.0 0.68 0.570141570142 0.634980988593
0.691644562334 0.0 0.72 0.512226512227 0.565272496831
0.771883289125 0.0 0.84 0.749034749035 0.76299112801
0.687665782493 0.0 0.64 0.469755469755 0.594423320659
0.712201591512 0.0 0.72 0.648648648649 0.716096324461
0.720159151194 0.0 0.76 0.682110682111 0.718631178707
0.490716180371 0.0 0.48 0.42471042471 0.494296577947
0.490716180371 0.0 0.48 0.42471042471 0.494296577947
0.490716180371 0.0 0.48 0.42471042471 0.494296577947
0.660477453581 0.0 0.68 0.638352638353 0.688212927757
0.649867374005 0.0 0.68 0.63963963964 0.678073510773
0.527851458886 0.0 0.52 0.42471042471 0.494296577947
0.807029177719 0.0 0.88 0.842985842986 0.84917617237
0.732095490716 0.0 0.8 0.706563706564 0.714828897338
0.771220159151 0.0 0.72 0.622908622909 0.749049429658
0.552387267905 0.0 0.52 0.401544401544 0.49556400507
0.607427055703 0.0 0.64 0.640926640927 0.669201520913
0.603448275862 0.0 0.6 0.512226512227 0.579214195184
0.738063660477 0.0 0.72 0.646074646075 0.735107731305
0.567639257294 0.0 0.56 0.42471042471 0.494296577947
0.7824933687 0.0 0.92 0.934362934363 0.869455006337
0.560344827586 0.0 0.6 0.451737451737 0.475285171103
0.620026525199 0.0 0.68 0.539253539254 0.546261089987
0.594164456233 0.0 0.64 0.550836550837 0.566539923954
0.706233421751 0.0 0.72 0.638352638353 0.692015209125
0.622679045093 0.0 0.68 0.62676962677 0.631178707224
0.650530503979 0.0 0.68 0.528957528958 0.566539923954
0.556366047745 0.0 0.52 0.401544401544 0.49556400507
0.666445623342 0.0 0.72 0.635778635779 0.647655259823
0.752652519894 0.0 0.76 0.688545688546 0.750316856781
0.787135278515 0.0 0.76 0.570141570142 0.673003802281
0.753315649867 0.0 0.8 0.720720720721 0.743979721166
0.476790450928 0.0 0.48 0.451737451737 0.496831432193
0.642572944297 0.0 0.76 0.6138996139 0.564005069708
0.464190981432 0.0 0.44 0.42471042471 0.494296577947
0.464190981432 0.0 0.44 0.42471042471 0.494296577947
0.492705570292 0.0 0.52 0.451737451737 0.475285171103
0.565649867374 0.0 0.6 0.539253539254 0.56020278834
0.571618037135 0.0 0.56 0.42471042471 0.494296577947
0.552387267905 0.0 0.6 0.539253539254 0.546261089987
0.552387267905 0.0 0.6 0.539253539254 0.546261089987
0.783156498674 0.0 0.88 0.675675675676 0.656527249683
0.479442970822 0.0 0.52 0.444015444015 0.453738910013
0.73474801061 0.0 0.8 0.604890604891 0.61216730038
0.553713527851 0.0 0.6 0.539253539254 0.546261089987
0.733421750663 0.0 0.68 0.494208494208 0.615969581749
0.662466843501 0.0 0.72 0.62676962677 0.631178707224
0.697612732095 0.0 0.76 0.765765765766 0.76299112801
0.589522546419 0.0 0.64 0.531531531532 0.53865652725
0.516578249337 0.0 0.52 0.451737451737 0.496831432193
0.516578249337 0.0 0.52 0.451737451737 0.496831432193
0.516578249337 0.0 0.52 0.451737451737 0.496831432193
0.665119363395 0.0 0.64 0.531531531532 0.615969581749
0.589522546419 0.0 0.6 0.539253539254 0.58174904943
0.589522546419 0.0 0.6 0.539253539254 0.58174904943
0.928381962865 0.0 1.0 0.945945945946 0.950570342205
0.613395225464 0.0 0.68 0.563706563707 0.555133079848
0.503978779841 0.0 0.48 0.42471042471 0.494296577947
0.596153846154 0.0 0.56 0.425997425997 0.51711026616
0.596153846154 0.0 0.56 0.425997425997 0.51711026616
0.496684350133 0.0 0.52 0.451737451737 0.475285171103
0.496684350133 0.0 0.52 0.451737451737 0.475285171103
0.694297082228 0.0 0.72 0.56241956242 0.600760456274
0.5324933687 0.0 0.56 0.451737451737 0.475285171103
0.5324933687 0.0 0.56 0.451737451737 0.475285171103
0.5324933687 0.0 0.56 0.451737451737 0.475285171103
0.5324933687 0.0 0.56 0.451737451737 0.475285171103
0.746021220159 0.0 0.76 0.640926640927 0.692015209125
0.527851458886 0.0 0.52 0.42471042471 0.481622306717
0.519230769231 0.0 0.56 0.444015444015 0.453738910013
0.553713527851 0.0 0.56 0.451737451737 0.496831432193
0.819628647215 0.0 0.84 0.620334620335 0.674271229404
0.672413793103 0.0 0.68 0.512226512227 0.566539923954
0.703580901857 0.0 0.76 0.586872586873 0.595690747782
0.541114058355 0.0 0.52 0.42471042471 0.494296577947
0.636604774536 0.0 0.64 0.42471042471 0.481622306717
0.890583554377 0.0 0.88 0.722007722008 0.80608365019
0.744694960212 0.0 0.76 0.723294723295 0.766793409379
0.870026525199 0.0 0.92 0.831402831403 0.851711026616
0.600795755968 0.0 0.56 0.401544401544 0.49556400507
0.789124668435 0.0 0.8 0.674388674389 0.728770595691
0.565649867374 0.0 0.52 0.401544401544 0.49556400507
0.565649867374 0.0 0.52 0.401544401544 0.49556400507
0.718169761273 0.0 0.76 0.65250965251 0.670468948035
0.521220159151 0.0 0.52 0.451737451737 0.496831432193
0.635941644562 0.0 0.6 0.425997425997 0.51711026616
0.450265251989 0.0 0.44 0.451737451737 0.496831432193
0.506631299735 0.0 0.56 0.505791505792 0.49556400507
0.620689655172 0.0 0.64 0.544401544402 0.576679340938
0.729442970822 0.0 0.76 0.474903474903 0.512040557668
0.742705570292 0.0 0.84 0.760617760618 0.723700887199
0.537135278515 0.0 0.56 0.451737451737 0.475285171103
0.623342175066 0.0 0.56 0.39897039897 0.514575411914
0.602785145889 0.0 0.56 0.401544401544 0.49556400507
0.793766578249 0.0 0.88 0.777348777349 0.755386565272
0.757957559682 0.0 0.88 0.867438867439 0.803548795944
0.573607427056 0.0 0.6 0.451737451737 0.475285171103
0.596153846154 0.0 0.64 0.563706563707 0.567807351077
0.523209549072 0.0 0.56 0.468468468468 0.475285171103
0.573607427056 0.0 0.6 0.47619047619 0.496831432193
0.932360742706 0.0 0.96 0.824967824968 0.868187579214
0.581564986737 0.0 0.6 0.490347490347 0.518377693283
0.78050397878 0.0 0.76 0.486486486486 0.572877059569
0.666445623342 0.0 0.76 0.777348777349 0.731305449937
0.568302387268 0.0 0.6 0.482625482625 0.496831432193
0.778514588859 0.0 0.84 0.633204633205 0.634980988593
0.73474801061 0.0 0.76 0.69111969112 0.717363751584
0.653846153846 0.0 0.64 0.583011583012 0.641318124208
0.590185676393 0.0 0.6 0.543114543115 0.574144486692
0.785145888594 0.0 0.88 0.779922779923 0.742712294043
0.605437665782 0.0 0.64 0.598455598456 0.60329531052
0.691644562334 0.0 0.72 0.670527670528 0.686945500634
0.586870026525 0.0 0.64 0.571428571429 0.557667934094
0.706233421751 0.0 0.72 0.610038610039 0.643852978454
0.636604774536 0.0 0.64 0.530244530245 0.5690747782
0.715517241379 0.0 0.72 0.651222651223 0.692015209125
0.706233421751 0.0 0.72 0.56241956242 0.596958174905
0.655835543767 0.0 0.72 0.624195624196 0.60329531052
0.869363395225 0.0 0.88 0.728442728443 0.77566539924
0.606763925729 0.0 0.64 0.563706563707 0.567807351077
0.872015915119 0.0 0.92 0.904761904762 0.907477820025
0.701591511936 0.0 0.76 0.648648648649 0.63371356147
0.838859416446 0.0 0.88 0.741312741313 0.752851711027
