1.0 0.0 0.941176470588 0.851219512195 0.940269749518
0.94161358811 0.25 0.911764705882 0.908130081301 1.0
0.96178343949 0.25 1.0 1.0 0.958574181118
0.872611464968 1.0 0.852941176471 0.70162601626 0.804431599229
0.196921443737 0.0 0.117647058824 0.080487804878 0.0115606936416
0.978237791932 0.5 0.941176470588 0.858536585366 0.929672447013
0.821656050955 1.0 0.823529411765 0.727642276423 0.887283236994
0.429936305732 0.75 0.441176470588 0.349593495935 0.414258188825
0.86093418259 0.75 0.852941176471 0.645528455285 0.790944123314
0.237261146497 0.25 0.176470588235 0.0991869918699 0.0549132947977
0.304670912951 0.5 0.264705882353 0.223577235772 0.208092485549
0.839702760085 0.0 0.882352941176 0.80406504065 0.850674373796
0.942144373673 0.25 0.882352941176 0.661788617886 0.741811175337
0.223460721868 0.0 0.176470588235 0.160975609756 0.151252408478
0.88110403397 0.5 0.911764705882 0.722764227642 0.818882466281
0.297770700637 0.0 0.294117647059 0.276422764228 0.275529865125
0.607749469214 0.0 0.676470588235 0.572357723577 0.633911368015
0.207537154989 0.0 0.147058823529 0.125203252033 0.0818882466281
0.260615711253 0.0 0.235294117647 0.171544715447 0.134874759152
0.772823779193 0.0 0.823529411765 0.651219512195 0.736994219653
0.677282377919 0.75 0.617647058824 0.333333333333 0.384393063584
0.602441613588 0.75 0.529411764706 0.291056910569 0.357418111753
0.244692144374 0.0 0.205882352941 0.135772357724 0.0655105973025
0.724522292994 0.75 0.676470588235 0.566666666667 0.725433526012
0.838110403397 0.0 0.852941176471 0.820325203252 0.859344894027
0.884288747346 0.0 0.911764705882 0.725203252033 0.874759152216
0.409766454352 0.0 0.441176470588 0.326829268293 0.318882466281
0.486730360934 0.75 0.470588235294 0.449593495935 0.484585741811
0.599787685775 0.0 0.647058823529 0.521951219512 0.528901734104
0.832271762208 0.5 0.764705882353 0.560975609756 0.747591522158
0.533970276008 0.0 0.588235294118 0.478861788618 0.456647398844
0.433121019108 0.5 0.382352941176 0.314634146341 0.370905587669
0.561571125265 0.0 0.617647058824 0.490243902439 0.544315992293
0.665074309979 0.0 0.705882352941 0.556097560976 0.568400770713
0.394373673036 0.0 0.411764705882 0.352032520325 0.338150289017
0.343418259023 0.0 0.352941176471 0.336585365854 0.362235067437
0.488853503185 0.0 0.529411764706 0.454471544715 0.55105973025
0.514861995754 0.75 0.558823529412 0.556097560976 0.61753371869
0.755838641189 0.75 0.705882352941 0.473983739837 0.657032755299
0.924628450106 0.0 0.941176470588 0.730081300813 0.821772639692
0.512738853503 0.0 0.558823529412 0.385365853659 0.361271676301
0.902335456476 0.25 0.852941176471 0.59593495935 0.453757225434
0.685244161359 0.75 0.647058823529 0.434146341463 0.511560693642
0.311571125265 0.25 0.235294117647 0.0991869918699 0.0549132947977
0.38906581741 0.5 0.323529411765 0.221951219512 0.210019267823
0.569532908705 0.75 0.5 0.232520325203 0.26493256262
0.484607218684 0.75 0.441176470588 0.318699186992 0.424855491329
0.247876857749 0.25 0.205882352941 0.143902439024 0.125240847784
0.723460721868 0.0 0.794117647059 0.552032520325 0.684007707129
0.803609341826 0.0 0.852941176471 0.632520325203 0.76204238921
0.700636942675 0.0 0.764705882353 0.505691056911 0.578034682081
0.324309978769 0.0 0.323529411765 0.216260162602 0.205202312139
0.276539278132 0.0 0.264705882353 0.180487804878 0.135838150289
0.623673036093 0.5 0.588235294118 0.382926829268 0.401734104046
0.805732484076 0.75 0.735294117647 0.415447154472 0.380539499037
0.218152866242 0.0 0.147058823529 0.080487804878 0.0115606936416
0.196921443737 0.0 0.117647058824 0.080487804878 0.0115606936416
0.43949044586 0.0 0.470588235294 0.317886178862 0.324662813102
0.754246284501 0.75 0.794117647059 0.50487804878 0.609826589595
0.485138004246 0.5 0.411764705882 0.226016260163 0.263005780347
0.352441613588 0.25 0.294117647059 0.134959349593 0.124277456647
0.68949044586 0.0 0.735294117647 0.673170731707 0.657032755299
0.373673036093 0.0 0.382352941176 0.259349593496 0.289980732177
0.794585987261 0.25 0.823529411765 0.744715447154 0.88246628131
0.451167728238 0.0 0.5 0.414634146341 0.312138728324
0.847133757962 0.25 0.852941176471 0.769105691057 0.894026974952
0.436305732484 0.0 0.352941176471 0.080487804878 0.0115606936416
0.237261146497 0.25 0.176470588235 0.0991869918699 0.0549132947977
0.373673036093 0.5 0.352941176471 0.19918699187 0.190751445087
0.92144373673 0.5 0.852941176471 0.630081300813 0.684971098266
0.829617834395 0.0 0.823529411765 0.790243902439 0.824662813102
0.933121019108 0.25 0.941176470588 0.773170731707 0.924855491329
0.819532908705 0.5 0.823529411765 0.820325203252 0.914258188825
0.416135881104 0.25 0.323529411765 0.0910569105691 0.0664739884393
0.304670912951 0.5 0.264705882353 0.223577235772 0.208092485549
0.380042462845 0.0 0.352941176471 0.156910569106 0.105009633911
0.270700636943 0.0 0.176470588235 0.112195121951 0.0481695568401
0.737261146497 0.25 0.794117647059 0.759349593496 0.920038535645
0.752653927813 0.25 0.764705882353 0.70325203252 0.780346820809
0.733545647558 0.0 0.764705882353 0.691056910569 0.718689788054
0.554670912951 0.5 0.529411764706 0.373170731707 0.439306358382
0.876857749469 0.25 0.882352941176 0.79918699187 0.910404624277
0.887473460722 0.0 0.911764705882 0.686991869919 0.76493256262
0.869957537155 0.0 0.882352941176 0.708943089431 0.814065510597
0.802016985138 0.5 0.794117647059 0.658536585366 0.870905587669
0.537685774947 0.0 0.529411764706 0.336585365854 0.393063583815
0.854033970276 0.5 0.852941176471 0.589430894309 0.654142581888
0.698513800425 0.25 0.705882352941 0.578048780488 0.675337186898
0.845541401274 0.25 0.911764705882 0.730894308943 0.884393063584
0.809978768577 0.0 0.823529411765 0.749593495935 0.768786127168
0.517515923567 0.0 0.529411764706 0.40081300813 0.501926782274
0.546709129512 0.5 0.558823529412 0.39593495935 0.466281310212
0.303078556263 0.0 0.205882352941 0.108943089431 0.097302504817
0.658174097665 0.5 0.705882352941 0.615447154472 0.59633911368
0.774416135881 0.0 0.794117647059 0.586991869919 0.752408477842
0.400212314225 0.25 0.411764705882 0.287804878049 0.287090558767
0.6491507431 0.25 0.676470588235 0.486178861789 0.611753371869
0.307855626327 0.0 0.235294117647 0.147967479675 0.11753371869
0.273885350318 0.0 0.205882352941 0.112195121951 0.0346820809249
0.652335456476 0.25 0.617647058824 0.543902439024 0.640655105973
0.694267515924 0.25 0.705882352941 0.59593495935 0.701348747592
0.759554140127 0.0 0.764705882353 0.70081300813 0.811175337187
0.311040339703 0.25 0.235294117647 0.130894308943 0.0915221579961
0.460721868365 0.0 0.382352941176 0.212195121951 0.257225433526
0.730360934183 0.5 0.764705882353 0.779674796748 0.813102119461
0.574840764331 0.25 0.5 0.358536585366 0.462427745665
0.746815286624 0.25 0.735294117647 0.648780487805 0.690751445087
0.926751592357 0.0 0.911764705882 0.657723577236 0.6204238921
0.876326963907 0.0 0.882352941176 0.79593495935 0.836223506744
0.507430997877 0.0 0.411764705882 0.208943089431 0.306358381503
0.446921443737 0.0 0.382352941176 0.168292682927 0.157032755299
0.878450106157 0.5 0.852941176471 0.682113821138 0.803468208092
0.813163481953 0.75 0.823529411765 0.686178861789 0.85549132948
0.808917197452 0.0 0.823529411765 0.609756097561 0.710019267823
0.682059447983 0.0 0.647058823529 0.517886178862 0.585741811175
0.721337579618 0.25 0.794117647059 0.708943089431 0.790944123314
0.357218683652 0.0 0.294117647059 0.162601626016 0.125240847784
0.375265392781 0.0 0.294117647059 0.251219512195 0.246628131021
0.788747346072 0.25 0.823529411765 0.625203252033 0.842967244701
0.713375796178 0.0 0.764705882353 0.641463414634 0.66859344894
0.762208067941 0.0 0.794117647059 0.756097560976 0.706165703276
0.613057324841 0.25 0.647058823529 0.516260162602 0.591522157996
0.786624203822 0.5 0.794117647059 0.613008130081 0.76493256262
0.529193205945 0.25 0.558823529412 0.429268292683 0.431599229287
0.587579617834 0.0 0.558823529412 0.417886178862 0.445086705202
0.575902335456 0.5 0.558823529412 0.405691056911 0.558766859345
0.644373673036 0.5 0.647058823529 0.468292682927 0.512524084778
0.457006369427 0.25 0.411764705882 0.229268292683 0.186897880539
0.657643312102 0.0 0.676470588235 0.559349593496 0.660886319846
0.63110403397 0.0 0.558823529412 0.352845528455 0.398843930636
0.494692144374 0.0 0.470588235294 0.344715447154 0.336223506744
0.52813163482 0.0 0.5 0.3 0.389210019268
0.596072186837 0.25 0.617647058824 0.442276422764 0.490366088632
0.473460721868 0.0 0.441176470588 0.246341463415 0.243737957611
0.31847133758 0.25 0.264705882353 0.142276422764 0.130057803468
0.212845010616 0.0 0.147058823529 0.116260162602 0.0809248554913
0.70966029724 0.25 0.705882352941 0.583739837398 0.730250481696
0.412420382166 0.0 0.323529411765 0.117886178862 0.0549132947977
0.766985138004 0.0 0.764705882353 0.549593495935 0.627167630058
0.622611464968 0.5 0.617647058824 0.623577235772 0.64450867052
0.548832271762 0.5 0.558823529412 0.463414634146 0.565510597303
0.559978768577 0.5 0.5 0.379674796748 0.49710982659
0.627388535032 0.5 0.647058823529 0.532520325203 0.603082851638
0.499469214437 0.25 0.441176470588 0.266666666667 0.366088631985
0.450636942675 0.25 0.411764705882 0.175609756098 0.161849710983
0.326963906582 0.0 0.264705882353 0.112195121951 0.0346820809249
0.445329087049 0.0 0.441176470588 0.280487804878 0.344894026975
0.346602972399 0.25 0.323529411765 0.29918699187 0.282273603083
0.748407643312 0.75 0.705882352941 0.489430894309 0.538535645472
0.860403397028 0.0 0.882352941176 0.747967479675 0.722543352601
0.332271762208 0.25 0.294117647059 0.239837398374 0.281310211946
0.425159235669 0.0 0.382352941176 0.217886178862 0.179190751445
0.640658174098 0.5 0.617647058824 0.539024390244 0.680154142582
0.276539278132 0.0 0.205882352941 0.135772357724 0.0761078998073
0.727707006369 0.25 0.676470588235 0.508130081301 0.631984585742
0.234076433121 0.0 0.176470588235 0.116260162602 0.0809248554913
0.642250530786 0.0 0.617647058824 0.471544715447 0.534682080925
0.493099787686 0.25 0.441176470588 0.415447154472 0.522157996146
0.395435244161 0.25 0.352941176471 0.178048780488 0.199421965318
0.613588110403 0.25 0.558823529412 0.363414634146 0.447013487476
0.44161358811 0.0 0.411764705882 0.259349593496 0.290944123314
0.351910828025 0.0 0.294117647059 0.191869918699 0.143545279383
0.253184713376 0.0 0.205882352941 0.185365853659 0.16859344894
0.562632696391 0.25 0.558823529412 0.406504065041 0.501926782274
0.637473460722 0.25 0.617647058824 0.390243902439 0.420038535645
0.407112526539 0.25 0.352941176471 0.255284552846 0.268786127168
0.582802547771 0.25 0.588235294118 0.308943089431 0.347784200385
0.315286624204 0.0 0.235294117647 0.125203252033 0.0818882466281
0.705414012739 0.25 0.735294117647 0.679674796748 0.750481695568
0.635350318471 0.0 0.617647058824 0.534146341463 0.630057803468
0.673036093418 0.0 0.588235294118 0.321951219512 0.357418111753
0.789278131635 0.5 0.764705882353 0.60406504065 0.788053949904
0.42144373673 0.25 0.382352941176 0.268292682927 0.351637764933
0.753184713376 0.5 0.794117647059 0.643902439024 0.83140655106
0.444798301486 0.0 0.411764705882 0.345528455285 0.404624277457
0.606157112527 0.0 0.647058823529 0.528455284553 0.554913294798
0.685774946921 0.0 0.676470588235 0.49593495935 0.450867052023
0.403397027601 0.25 0.382352941176 0.19512195122 0.21098265896
0.472399150743 0.0 0.441176470588 0.426016260163 0.385356454721
0.47186836518 0.25 0.411764705882 0.234146341463 0.277456647399
0.373673036093 0.0 0.352941176471 0.279674796748 0.298651252408
0.707537154989 0.25 0.735294117647 0.634146341463 0.682080924855
0.740445859873 0.5 0.794117647059 0.663414634146 0.815028901734
0.424097664544 0.25 0.382352941176 0.211382113821 0.231213872832
0.285031847134 0.0 0.235294117647 0.140650406504 0.0982658959538
0.66932059448 0.0 0.647058823529 0.50487804878 0.574181117534
0.789808917197 0.5 0.852941176471 0.667479674797 0.705202312139
0.688959660297 0.25 0.647058823529 0.525203252033 0.626204238921
0.598195329087 0.0 0.588235294118 0.391869918699 0.470134874759
0.506900212314 0.0 0.411764705882 0.217073170732 0.227360308285
0.382696390658 0.0 0.294117647059 0.144715447154 0.166666666667
0.552547770701 0.25 0.529411764706 0.368292682927 0.428709055877
0.718152866242 0.5 0.705882352941 0.60487804878 0.745664739884
0.369957537155 0.25 0.323529411765 0.154471544715 0.119460500963
0.622080679406 0.75 0.676470588235 0.60487804878 0.757225433526
0.743630573248 0.25 0.705882352941 0.5 0.594412331407
0.584394904459 0.25 0.588235294118 0.410569105691 0.389210019268
0.591295116773 0.75 0.529411764706 0.276422764228 0.326589595376
0.408704883227 0.25 0.352941176471 0.247967479675 0.236994219653
0.643842887473 0.25 0.676470588235 0.639837398374 0.760115606936
