0.546519193234 0.6 0.571428571429 0.617543859649 0.60875
0.811320754717 0.6 0.928571428571 0.989473684211 0.95625
0.781392322707 0.4 0.892857142857 1.0 0.8675
0.670787247885 0.4 0.714285714286 0.782456140351 0.61625
0.500975927131 0.6 0.392857142857 0.19298245614 0.18375
0.450878334418 0.4 0.392857142857 0.258479532164 0.2525
0.310344827586 0.0 0.25 0.266666666667 0.21875
0.601821730644 0.2 0.642857142857 0.692397660819 0.5275
0.481457384515 0.0 0.357142857143 0.156725146199 0.12625
0.574495770982 0.4 0.464285714286 0.156725146199 0.12625
0.590110605075 0.8 0.642857142857 0.578947368421 0.61
0.590110605075 0.8 0.642857142857 0.578947368421 0.61
0.808067664281 0.6 0.714285714286 0.367251461988 0.3775
0.763175016265 0.4 0.714285714286 0.46432748538 0.5475
0.711125569291 0.6 0.571428571429 0.233918128655 0.295
0.544567338972 0.6 0.428571428571 0.19298245614 0.18375
0.741704619388 0.6 0.714285714286 0.555555555556 0.635
1.0 0.2 1.0 0.947368421053 1.0
0.594664931685 0.2 0.607142857143 0.687719298246 0.47625
0.511385816526 0.8 0.464285714286 0.374269005848 0.42
0.782042940794 1.0 0.714285714286 0.66432748538 0.69
0.657774886142 1.0 0.642857142857 0.494736842105 0.48375
0.580351333767 0.0 0.642857142857 0.72865497076 0.52625
0.489264801561 0.0 0.5 0.562573099415 0.365
0.659076122316 1.0 0.714285714286 0.669005847953 0.69875
0.892648015615 0.8 0.928571428571 0.86783625731 0.88625
0.663630448926 0.4 0.714285714286 0.748538011696 0.7825
0.704619388419 0.8 0.75 0.746198830409 0.8675
0.420949902407 0.4 0.357142857143 0.180116959064 0.10625
0.626545217957 0.4 0.535714285714 0.244444444444 0.27375
0.691607026675 0.8 0.642857142857 0.479532163743 0.63875
0.685100845804 0.6 0.642857142857 0.423391812865 0.43625
0.497072218608 0.2 0.5 0.424561403509 0.41375
0.715679895901 0.6 0.714285714286 0.658479532164 0.72
0.689655172414 0.4 0.714285714286 0.581286549708 0.66625
0.674690956409 0.6 0.714285714286 0.656140350877 0.77875
0.721535458686 0.0 0.714285714286 0.653801169591 0.45625
0.679895901106 0.2 0.75 0.794152046784 0.5975
0.892648015615 0.8 0.928571428571 0.86783625731 0.88625
0.513988288874 0.2 0.392857142857 0.356725146199 0.19
0.566037735849 0.6 0.607142857143 0.669005847953 0.69875
0.566037735849 0.6 0.607142857143 0.669005847953 0.69875
0.566037735849 0.6 0.607142857143 0.669005847953 0.69875
0.405985686402 0.4 0.392857142857 0.412865497076 0.44875
0.670136629798 0.2 0.607142857143 0.355555555556 0.2325
0.672739102147 0.6 0.571428571429 0.348538011696 0.2875
0.71372804164 0.6 0.678571428571 0.477192982456 0.48375
0.669486011711 0.2 0.714285714286 0.767251461988 0.54125
0.677293428757 0.0 0.714285714286 0.639766081871 0.40125
0.646063760573 0.8 0.642857142857 0.540350877193 0.58125
0.405985686402 0.4 0.392857142857 0.412865497076 0.44875
0.395575797007 0.0 0.321428571429 0.229239766082 0.215
0.843851659076 0.6 0.928571428571 0.886549707602 0.85
0.705270006506 0.6 0.714285714286 0.687719298246 0.68875
0.474951203643 0.6 0.464285714286 0.502923976608 0.5375
0.588158750813 0.2 0.571428571429 0.52865497076 0.45625
0.594014313598 0.2 0.535714285714 0.505263157895 0.49625
0.620039037085 0.4 0.535714285714 0.453801169591 0.40625
0.671437865973 0.6 0.571428571429 0.466666666667 0.4675
0.62589459987 0.4 0.5 0.312280701754 0.2875
0.552374756018 0.2 0.571428571429 0.665497076023 0.47125
0.636304489265 0.0 0.714285714286 0.815204678363 0.63875
0.904359141184 0.6 0.785714285714 0.412865497076 0.32875
0.784645413142 0.6 0.678571428571 0.366081871345 0.2925
0.750162654522 0.6 0.714285714286 0.554385964912 0.6525
0.453480806766 0.4 0.357142857143 0.19298245614 0.18375
0.582303188029 0.0 0.571428571429 0.511111111111 0.275
0.418998048146 0.0 0.392857142857 0.346198830409 0.2675
0.709824333116 0.2 0.75 0.729824561404 0.49
0.505530253741 0.4 0.464285714286 0.408187134503 0.37625
0.386467143787 0.4 0.357142857143 0.361403508772 0.35875
0.412491867274 0.4 0.392857142857 0.361403508772 0.35875
0.280416395576 0.0 0.178571428571 0.115789473684 0.015
0.401431359792 0.0 0.357142857143 0.281871345029 0.17625
0.303838646714 0.0 0.25 0.231578947368 0.19625
0.32335718933 0.0 0.25 0.180116959064 0.10625
0.793103448276 0.0 0.678571428571 0.646783625731 0.37125
0.388418998048 0.0 0.285714285714 0.169590643275 0.07125
0.500975927131 0.4 0.428571428571 0.279532163743 0.29625
0.666232921275 0.2 0.642857142857 0.533333333333 0.29625
