0.539613716989 0.0 0.642857142857 0.616912235746 0.585087191822
0.790697674419 0.0 0.833333333333 0.789878283152 0.837041491281
0.443042964131 0.0 0.5 0.461883408072 0.390258568851
0.416239653134 1.0 0.5 0.476617552851 0.387251954299
0.480488766259 0.0 0.595238095238 0.470852017937 0.531569452796
0.5108395743 0.0 0.571428571429 0.478539397822 0.416115453999
0.537642885298 1.0 0.547619047619 0.551569506726 0.4624173181
0.921560898699 0.0 0.952380952381 1.0 0.942874323512
0.416239653134 1.0 0.5 0.476617552851 0.387251954299
0.870319274734 0.0 0.952380952381 0.942344650865 0.88093806374
0.452897122586 0.0 0.571428571429 0.507367072389 0.587492483464
0.435553803705 0.0 0.619047619048 0.624599615631 0.601322910403
0.489554592038 0.0 0.619047619048 0.632927610506 0.529164161155
0.790697674419 0.0 0.833333333333 0.789878283152 0.837041491281
1.0 0.0 1.0 0.953875720692 1.0
0.370516357903 0.0 0.52380952381 0.441383728379 0.473842453397
0.729601891998 0.0 0.785714285714 0.722613709161 0.822008418521
0.760741032716 0.0 0.785714285714 0.677130044843 0.76127480457
0.735514387071 0.0 0.761904761905 0.731582319026 0.722790138304
0.743003547497 0.0 0.833333333333 0.794362588085 0.730006013229
0.667717776902 0.0 0.714285714286 0.62267777066 0.67167769092
0.731178557351 0.0 0.857142857143 0.971812940423 0.89536981359
0.697280252266 0.5 0.785714285714 0.774503523382 0.702946482261
0.519905400079 0.0 0.547619047619 0.527866752082 0.442573662057
0.665352778873 0.0 0.690476190476 0.611146700833 0.56764882742
0.218762317698 0.5 0.309523809524 0.254964766176 0.297654840649
0.604256996453 0.0 0.619047619048 0.546444586803 0.647023451594
0.653527788727 0.0 0.619047619048 0.570787956438 0.514131088394
0.616870319275 1.0 0.714285714286 0.746316463805 0.712567648827
0.470634607804 1.0 0.5 0.415759128764 0.443776307877
0.493890421758 0.0 0.52380952381 0.479180012812 0.453998797354
0.620417816318 1.0 0.666666666667 0.629724535554 0.541190619363
0.398896334253 1.0 0.47619047619 0.450992953235 0.406494287432
0.558139534884 0.0 0.714285714286 0.756566303652 0.736620565244
0.560504532913 0.0 0.619047619048 0.629724535554 0.464221286831
0.556168703193 0.0 0.714285714286 0.727098014094 0.634996993385
0.364998029168 0.0 0.547619047619 0.511851377322 0.437161755863
0.48679542767 0.0 0.666666666667 0.742472773863 0.585688514732
0.564840362633 1.0 0.738095238095 0.812299807816 0.754660252556
0.385494678754 1.0 0.547619047619 0.614990390775 0.556223692123
0.617658651951 0.0 0.595238095238 0.581037796284 0.583884546001
0.558139534884 0.0 0.714285714286 0.756566303652 0.736620565244
0.537248718959 0.0 0.690476190476 0.729660474055 0.706554419723
0.600315333071 0.0 0.785714285714 0.83536194747 0.781719783524
0.543555380371 0.0 0.571428571429 0.464445868033 0.483463619964
0.84706346078 1.0 0.809523809524 0.727098014094 0.79073962718
0.595191170674 0.0 0.714285714286 0.697629724536 0.793746241732
0.499014584155 0.0 0.642857142857 0.60602178091 0.642814191221
0.410327158061 0.0 0.52380952381 0.521460602178 0.517137702946
0.588096176587 0.0 0.571428571429 0.49199231262 0.556223692123
0.48482459598 0.0 0.619047619048 0.579756566304 0.710162357186
0.819471817107 0.0 0.809523809524 0.711723254324 0.818400481058
0.292077256602 0.0 0.380952380952 0.370275464446 0.346963319302
0.442648797793 0.0 0.571428571429 0.564381806534 0.601322910403
0.476152936539 0.0 0.619047619048 0.658552210122 0.600120264582
0.34489554592 0.0 0.452380952381 0.44266495836 0.407095610343
0.612534489555 0.0 0.642857142857 0.624599615631 0.653638003608
0.827355143871 0.0 0.857142857143 0.796284433056 0.871918220084
0.690973590855 1.0 0.785714285714 0.740550928892 0.817799158148
0.476547102877 1.0 0.619047619048 0.616912235746 0.601924233313
0.428064643279 0.0 0.547619047619 0.479180012812 0.49248346362
0.478912100907 0.0 0.619047619048 0.650224215247 0.663860493085
0.390224674813 0.0 0.404761904762 0.323510570147 0.329524954901
0.305478912101 0.0 0.357142857143 0.301089045484 0.272399278413
0.405597162002 0.0 0.52380952381 0.527866752082 0.520144317498
0.367363027197 0.0 0.452380952381 0.431133888533 0.449188214071
0.5108395743 0.0 0.571428571429 0.478539397822 0.416115453999
0.391407173827 1.0 0.452380952381 0.361947469571 0.350571256765
0.437130469058 1.0 0.404761904762 0.3600256246 0.395670475045
0.58730784391 0.5 0.761904761905 0.741832158873 0.749248346362
0.662199448167 0.0 0.714285714286 0.707238949391 0.589897775105
0.560504532913 0.0 0.571428571429 0.534913516976 0.528562838244
0.475364603863 0.0 0.666666666667 0.67200512492 0.674082982562
0.76192353173 0.0 0.761904761905 0.670083279949 0.668069753458
0.340953882538 0.0 0.404761904762 0.381165919283 0.390258568851
0.257784785179 0.0 0.357142857143 0.373478539398 0.303066746843
0.778084351596 1.0 0.809523809524 0.778987828315 0.797955502105
0.84942845881 1.0 0.928571428571 0.834080717489 0.894167167769
0.706346078045 0.0 0.833333333333 0.883408071749 0.824413710162
0.588490342925 0.0 0.690476190476 0.632286995516 0.65724594107
0.793851005124 0.0 0.904761904762 0.95131326073 0.843054720385
0.75325187229 0.0 0.857142857143 0.861627162076 0.787733012628
0.394560504533 0.0 0.5 0.483664317745 0.443776307877
0.475364603863 0.0 0.595238095238 0.567584881486 0.553818400481
0.573512022073 0.0 0.619047619048 0.664317745035 0.662657847264
0.374063854947 0.0 0.47619047619 0.427290198591 0.482862297054
0.707134410721 0.0 0.714285714286 0.718129404228 0.580877931449
0.794245171462 0.0 0.738095238095 0.631005765535 0.699338544799
0.53921955065 0.0 0.690476190476 0.702114029468 0.643415514131
0.747733543555 0.0 0.738095238095 0.709801409353 0.687913409501
0.616476152937 0.0 0.785714285714 0.825752722614 0.778111846061
0.562869530942 0.0 0.547619047619 0.424727738629 0.47745039086
0.856917619235 0.0 0.857142857143 0.85201793722 0.875526157547
0.345289712259 0.0 0.452380952381 0.455477258168 0.466025255562
0.573512022073 0.0 0.619047619048 0.664317745035 0.662657847264
0.573512022073 0.0 0.619047619048 0.664317745035 0.662657847264
0.419392983839 0.0 0.547619047619 0.526585522101 0.559230306675
0.4540796216 0.0 0.571428571429 0.55733504164 0.601322910403
0.535672053607 1.0 0.642857142857 0.566303651505 0.553217077571
0.527000394166 1.0 0.619047619048 0.527866752082 0.533974744438
0.296807252661 0.0 0.404761904762 0.356822549648 0.339747444378
0.561292865589 0.0 0.619047619048 0.587443946188 0.540589296452
0.572329523059 0.0 0.666666666667 0.604740550929 0.601322910403
0.500591249507 0.0 0.52380952381 0.488789237668 0.474443776308
0.452897122586 0.0 0.571428571429 0.507367072389 0.587492483464
0.862830114308 0.5 0.904761904762 0.88468930173 0.885748647023
0.732755222704 0.0 0.833333333333 0.764253683536 0.721587492483
0.496649586125 1.0 0.571428571429 0.516976297245 0.422730006013
0.614111154907 1.0 0.690476190476 0.684176809737 0.623571858088
0.587702010248 0.0 0.714285714286 0.677770659833 0.755862898376
0.33622388648 0.0 0.452380952381 0.452274183216 0.428141912207
0.218762317698 0.5 0.309523809524 0.254964766176 0.297654840649
0.390618841151 0.0 0.5 0.460602178091 0.479855682502
0.456444619629 0.0 0.547619047619 0.509288917361 0.533974744438
0.496649586125 1.0 0.571428571429 0.516976297245 0.422730006013
0.722506897911 1.0 0.809523809524 0.853299167201 0.808779314492
0.529365392196 0.0 0.595238095238 0.652786675208 0.570655441972
0.706346078045 0.0 0.785714285714 0.832158872518 0.718580877931
0.559322033898 0.0 0.595238095238 0.525944907111 0.574263379435
0.457627118644 0.0 0.52380952381 0.536194746957 0.514732411305
0.210090658258 0.0 0.309523809524 0.282511210762 0.241731809982
0.357903035081 0.0 0.452380952381 0.438180653427 0.398677089597
0.494678754434 0.0 0.52380952381 0.566944266496 0.476849067949
0.670871107607 0.0 0.761904761905 0.695067264574 0.814792543596
0.260938115885 0.5 0.357142857143 0.31197950032 0.354179194227
0.492707922743 0.0 0.642857142857 0.70467648943 0.651834034877
0.551832873473 0.0 0.738095238095 0.698270339526 0.789536981359
0.620811982657 0.5 0.761904761905 0.63933376041 0.726398075767
0.66811194324 0.0 0.666666666667 0.684176809737 0.647624774504
0.649980291683 0.0 0.714285714286 0.784753363229 0.734215273602
0.865983445014 0.0 0.857142857143 0.822549647662 0.819603126879
0.581001182499 0.0 0.571428571429 0.506726457399 0.543595911004
0.58297201419 0.0 0.571428571429 0.499679692505 0.517739025857
0.394954670871 0.0 0.5 0.454196028187 0.519542994588
0.424122979898 1.0 0.547619047619 0.586803331198 0.475045099218
0.386677177769 1.0 0.5 0.447789878283 0.395069152135
0.551438707134 0.0 0.619047619048 0.5733504164 0.561034275406
0.488372093023 0.0 0.547619047619 0.47597693786 0.443776307877
0.442648797793 0.0 0.571428571429 0.564381806534 0.601322910403
0.854158454868 0.0 0.904761904762 0.859064702114 0.846061334937
0.621994481671 0.0 0.642857142857 0.582959641256 0.557426337943
0.603862830114 0.0 0.595238095238 0.578475336323 0.530968129886
0.504927079227 0.0 0.642857142857 0.621396540679 0.627781118461
0.471817106819 0.0 0.642857142857 0.691864189622 0.619963920625
0.431612140323 0.0 0.5 0.403587443946 0.452194828623
0.345683878597 0.0 0.47619047619 0.459961563101 0.494888755262
0.366180528183 0.0 0.452380952381 0.474055092889 0.392663860493
0.790697674419 0.0 0.833333333333 0.789878283152 0.837041491281
0.746156878203 0.0 0.738095238095 0.709801409353 0.668069753458
0.350413874655 0.0 0.428571428571 0.444586803331 0.378232110643
0.742215214821 0.0 0.880952380952 0.873158231903 0.753457606735
0.46078044935 0.0 0.595238095238 0.504804612428 0.5375826819
0.747733543555 0.0 0.738095238095 0.709801409353 0.687913409501
0.739061884115 1.0 0.833333333333 0.796284433056 0.831028262177
0.6811194324 1.0 0.785714285714 0.759128763613 0.692122669874
0.551832873473 0.0 0.738095238095 0.698270339526 0.789536981359
0.665746945211 0.0 0.714285714286 0.699551569507 0.690318701143
0.834450137958 0.0 0.857142857143 0.882767456758 0.864702345159
0.50216791486 0.0 0.5 0.493914157591 0.444377630788
0.536460386283 0.0 0.547619047619 0.445868033312 0.565243535779
0.40165549862 1.0 0.47619047619 0.427290198591 0.429344558028
0.739061884115 1.0 0.833333333333 0.796284433056 0.831028262177
0.62002364998 0.0 0.738095238095 0.734785393978 0.757666867108
0.812376823019 0.0 0.880952380952 0.892376681614 0.91100420926
0.616081986598 0.0 0.690476190476 0.675848814862 0.570054119062
0.599527000394 0.0 0.642857142857 0.594490711083 0.518941671678
0.812376823019 0.0 0.809523809524 0.701473414478 0.702345159351
0.482853764289 0.0 0.619047619048 0.619474695708 0.639807576669
0.494678754434 0.0 0.52380952381 0.566944266496 0.476849067949
0.635001970832 0.0 0.666666666667 0.60730301089 0.559831629585
0.555774536855 0.0 0.690476190476 0.659192825112 0.782321106434
0.443437130469 0.0 0.595238095238 0.57399103139 0.636199639206
0.53921955065 0.0 0.690476190476 0.702114029468 0.643415514131
0.475758770201 1.0 0.547619047619 0.490070467649 0.386049308479
0.385100512416 0.0 0.452380952381 0.444586803331 0.515333734215
0.737879385101 0.0 0.785714285714 0.797565663037 0.783523752255
0.564446196295 1.0 0.714285714286 0.710442024343 0.636800962117
0.79030350808 0.0 0.785714285714 0.750800768738 0.782922429345
0.5108395743 0.0 0.571428571429 0.478539397822 0.416115453999
0.454867954277 0.0 0.547619047619 0.579756566304 0.529765484065
0.357903035081 0.0 0.452380952381 0.44330557335 0.436560432952
0.509657075286 0.0 0.571428571429 0.506085842409 0.463619963921
0.553409538825 0.0 0.619047619048 0.62331838565 0.609741431149
0.365392195507 1.0 0.47619047619 0.387572069186 0.358989777511
0.428852975956 0.0 0.547619047619 0.566303651505 0.589897775105
0.61568782026 0.0 0.761904761905 0.8199871877 0.788334335538
0.677177769019 0.0 0.666666666667 0.653427290199 0.67107636801
0.770201024832 0.0 0.785714285714 0.743754003844 0.680096211666
0.685849428459 0.0 0.738095238095 0.696989109545 0.707757065544
0.35159637367 0.0 0.404761904762 0.388212684177 0.360192423331
0.475758770201 1.0 0.547619047619 0.490070467649 0.386049308479
0.616476152937 0.0 0.690476190476 0.739910313901 0.722790138304
0.26645644462 0.0 0.380952380952 0.322229340167 0.330727600722
0.443042964131 0.0 0.5 0.461883408072 0.390258568851
0.535277887268 0.0 0.714285714286 0.680333119795 0.670475045099
0.32321639732 0.0 0.333333333333 0.303010890455 0.307276007216
0.750886874261 0.0 0.785714285714 0.691223574632 0.710162357186
0.718959400867 0.0 0.761904761905 0.67264573991 0.670475045099
0.319668900276 0.0 0.404761904762 0.401024983985 0.337943475646
0.657075285771 0.0 0.619047619048 0.594490711083 0.612748045701
