0.112193483373 0.0 0.156862745098 0.110059760956 0.113447432763
1.0 0.0 1.0 1.0 1.0
0.114880752435 0.0 0.156862745098 0.0806772908367 0.0537897310513
0.161572052402 0.0 0.176470588235 0.0761952191235 0.0924205378973
0.884111521666 1.0 0.882352941176 0.801792828685 0.901711491443
0.127981189117 1.0 0.176470588235 0.121015936255 0.165770171149
0.892173328855 0.0 0.941176470588 0.927290836653 0.937897310513
0.930466913 0.0 0.941176470588 0.867529880478 0.917848410758
0.916022841787 0.0 0.921568627451 0.855577689243 0.924205378973
0.847161572052 0.0 0.901960784314 0.873007968127 0.821026894866
0.860597917366 0.0 0.901960784314 0.804780876494 0.869437652812
0.136378904938 0.0 0.196078431373 0.10906374502 0.0767726161369
0.126637554585 0.0 0.156862745098 0.0921314741036 0.0953545232274
0.610681894525 0.0 0.745098039216 0.750996015936 0.79804400978
0.728249916023 0.0 0.843137254902 0.759462151394 0.825916870416
0.834061135371 1.0 0.843137254902 0.725597609562 0.786797066015
0.70204904266 1.0 0.725490196078 0.572709163347 0.642542787286
0.447094390326 0.0 0.607843137255 0.59312749004 0.58239608802
0.773597581458 1.0 0.78431372549 0.606573705179 0.772127139364
0.743701713134 0.0 0.823529411765 0.771414342629 0.840586797066
0.647967752771 0.0 0.764705882353 0.767430278884 0.732029339853
0.185085656701 0.0 0.274509803922 0.198207171315 0.253300733496
0.425596237823 0.0 0.588235294118 0.567231075697 0.577995110024
0.140409808532 1.0 0.176470588235 0.120019920319 0.141320293399
0.529056096742 0.0 0.686274509804 0.695219123506 0.687041564792
0.152166610682 0.0 0.21568627451 0.168824701195 0.19217603912
0.334900906953 1.0 0.333333333333 0.204183266932 0.258679706601
0.64427275781 1.0 0.627450980392 0.498505976096 0.60782396088
0.827007054081 1.0 0.862745098039 0.788844621514 0.856723716381
0.631172321129 1.0 0.647058823529 0.533366533865 0.6
0.280483708431 1.0 0.294117647059 0.21015936255 0.244498777506
0.219684245885 0.0 0.333333333333 0.293824701195 0.292420537897
0.785354383608 0.0 0.843137254902 0.818725099602 0.905134474328
0.806516627477 0.0 0.882352941176 0.804780876494 0.866014669927
0.233120591199 0.0 0.352941176471 0.34561752988 0.321760391198
0.192139737991 1.0 0.21568627451 0.130976095618 0.208312958435
0.801142089352 0.0 0.862745098039 0.81125498008 0.847432762836
0.383271750084 0.0 0.549019607843 0.495019920319 0.500244498778
0.729929459187 1.0 0.686274509804 0.630478087649 0.737897310513
0.56533422909 0.0 0.725490196078 0.770418326693 0.720293398533
0.52065838092 1.0 0.490196078431 0.393426294821 0.486063569682
0.166274773262 0.0 0.235294117647 0.224103585657 0.187775061125
0.629492777964 1.0 0.56862745098 0.492529880478 0.558924205379
0.822304333221 1.0 0.823529411765 0.77390438247 0.892909535452
0.6973463218 0.0 0.803921568627 0.772908366534 0.812224938875
0.753443063487 0.0 0.862745098039 0.863545816733 0.896821515892
0.500167954316 0.0 0.666666666667 0.65687250996 0.670904645477
0.500839771582 1.0 0.470588235294 0.381474103586 0.445476772616
0.821632515956 1.0 0.803921568627 0.620019920319 0.737408312958
0.210614712798 0.0 0.313725490196 0.264442231076 0.288508557457
0.16493113873 1.0 0.196078431373 0.134960159363 0.185819070905
0.891837420222 0.0 0.921568627451 0.862549800797 0.897310513447
0.263352368156 0.0 0.392156862745 0.317231075697 0.357457212714
0.676855895197 1.0 0.764705882353 0.748505976096 0.803422982885
0.51595566006 1.0 0.549019607843 0.426792828685 0.532029339853
0.601948270071 1.0 0.588235294118 0.473605577689 0.556968215159
0.850520658381 0.0 0.862745098039 0.775896414343 0.79217603912
0.366140409809 1.0 0.470588235294 0.398406374502 0.480684596577
0.242861941552 0.0 0.372549019608 0.338147410359 0.330073349633
0.317769566678 0.0 0.470588235294 0.423804780876 0.424449877751
0.408464897548 0.0 0.56862745098 0.601593625498 0.515403422983
0.194827007054 0.0 0.294117647059 0.232569721116 0.181907090465
0.683574067854 0.0 0.666666666667 0.543824701195 0.634718826406
0.415183070205 1.0 0.372549019608 0.298306772908 0.371149144254
0.360094054417 1.0 0.352941176471 0.231573705179 0.288019559902
0.277124622103 0.0 0.411764705882 0.354581673307 0.371149144254
0.330870003359 1.0 0.392156862745 0.30577689243 0.381907090465
0.469600268727 0.0 0.627450980392 0.624501992032 0.552567237164
0.678535438361 1.0 0.607843137255 0.435258964143 0.545232273839
0.417198522002 1.0 0.411764705882 0.300796812749 0.425916870416
0.647295935506 0.0 0.78431372549 0.768426294821 0.81760391198
0.557944239167 0.0 0.705882352941 0.649402390438 0.682640586797
0.637554585153 1.0 0.705882352941 0.53735059761 0.701222493888
0.443399395364 1.0 0.450980392157 0.330677290837 0.396577017115
0.678535438361 1.0 0.666666666667 0.527888446215 0.661613691932
0.232784682566 1.0 0.254901960784 0.152390438247 0.186797066015
0.225058784011 1.0 0.235294117647 0.14093625498 0.181907090465
0.129660732281 0.0 0.176470588235 0.144422310757 0.139853300733
0.310043668122 0.0 0.450980392157 0.388446215139 0.439608801956
0.233120591199 1.0 0.274509803922 0.17280876494 0.236185819071
0.471279811891 1.0 0.529411764706 0.407370517928 0.507579462103
0.323144104803 0.0 0.490196078431 0.447709163347 0.443031784841
0.763520322472 1.0 0.78431372549 0.58764940239 0.649877750611
0.354047699026 0.0 0.509803921569 0.448705179283 0.516381418093
0.817937520994 1.0 0.823529411765 0.702689243028 0.778973105134
0.840107490763 0.0 0.843137254902 0.78735059761 0.881662591687
0.357406785354 0.0 0.529411764706 0.521414342629 0.512958435208
0.168290225059 0.0 0.254901960784 0.252988047809 0.209290953545
0.471951629157 1.0 0.43137254902 0.31922310757 0.437163814181
0.572052401747 0.0 0.686274509804 0.595119521912 0.645965770171
0.836748404434 0.0 0.862745098039 0.840637450199 0.902689486553
0.714141753443 1.0 0.803921568627 0.687250996016 0.763814180929
0.677527712462 1.0 0.745098039216 0.723107569721 0.739364303178
0.292912327847 0.0 0.43137254902 0.359561752988 0.425916870416
0.842794759825 1.0 0.882352941176 0.82719123506 0.882151589242
0.15317433658 1.0 0.196078431373 0.11703187251 0.151589242054
0.1165602956 0.0 0.156862745098 0.105079681275 0.109046454768
0.624454148472 0.0 0.627450980392 0.500498007968 0.61662591687
0.47934161908 0.0 0.647058823529 0.647908366534 0.655745721271
0.160900235136 0.0 0.21568627451 0.0926294820717 0.0865525672372
0.291568693315 1.0 0.313725490196 0.184262948207 0.288508557457
0.65367819953 0.0 0.745098039216 0.684262948207 0.680195599022
0.241182398388 0.0 0.274509803922 0.194721115538 0.21662591687
0.823983876386 0.0 0.823529411765 0.761952191235 0.826894865526
0.738663083641 0.0 0.803921568627 0.718625498008 0.712469437653
0.562646960027 1.0 0.509803921569 0.356573705179 0.39706601467
0.289217332885 0.0 0.372549019608 0.267430278884 0.333496332518
0.117903930131 0.0 0.156862745098 0.0926294820717 0.127139364303
0.788713469936 0.0 0.862745098039 0.848107569721 0.822982885086
0.327510917031 0.0 0.450980392157 0.434760956175 0.453789731051
0.665099093047 1.0 0.725490196078 0.673306772908 0.754523227384
0.582465569365 0.0 0.705882352941 0.740039840637 0.742298288509
0.552233792408 0.0 0.588235294118 0.484561752988 0.551100244499
0.188780651663 0.0 0.254901960784 0.175298804781 0.20097799511
0.146792072556 0.0 0.176470588235 0.124003984064 0.137897310513
0.253611017803 0.0 0.333333333333 0.3296812749 0.351589242054
0.546859254283 1.0 0.647058823529 0.558764940239 0.590709046455
0.131340275445 1.0 0.176470588235 0.0826693227092 0.0899755501222
0.176352032247 0.0 0.235294117647 0.236553784861 0.245476772616
0.531743365805 0.0 0.666666666667 0.692729083665 0.674327628362
0.461202552906 0.0 0.56862745098 0.510956175299 0.586797066015
0.84447430299 0.0 0.823529411765 0.745517928287 0.884596577017
0.795431642593 0.0 0.803921568627 0.731573705179 0.821026894866
0.744037621767 0.0 0.803921568627 0.711155378486 0.766259168704
0.154182062479 0.0 0.196078431373 0.147908366534 0.158924205379
0.694659052738 0.0 0.686274509804 0.579183266932 0.671882640587
0.437353039973 1.0 0.43137254902 0.303784860558 0.409290953545
0.280147799798 1.0 0.294117647059 0.169820717131 0.222493887531
0.70675176352 0.0 0.764705882353 0.666832669323 0.759413202934
0.691635875042 0.0 0.725490196078 0.640438247012 0.746210268949
0.15552569701 0.0 0.21568627451 0.164342629482 0.177017114914
0.306012764528 0.0 0.411764705882 0.332669322709 0.312958435208
0.144104803493 0.0 0.196078431373 0.101593625498 0.116870415648
0.2096069869 0.0 0.294117647059 0.274402390438 0.275794621027
0.257306012765 0.0 0.333333333333 0.24203187251 0.269437652812
0.524689284515 0.0 0.56862745098 0.479083665339 0.503667481663
0.888478333893 0.0 0.862745098039 0.790338645418 0.863569682152
0.561639234128 1.0 0.666666666667 0.551792828685 0.621515892421
0.16963385959 0.0 0.21568627451 0.138446215139 0.171638141809
0.670137722539 0.0 0.78431372549 0.735557768924 0.740342298289
0.660060463554 1.0 0.725490196078 0.629482071713 0.60488997555
0.375881760161 1.0 0.490196078431 0.442231075697 0.507090464548
0.339939536446 1.0 0.352941176471 0.253486055777 0.342787286064
0.345649983205 0.0 0.43137254902 0.350099601594 0.415158924205
0.429291232785 0.0 0.411764705882 0.295816733068 0.355501222494
0.495465233456 0.0 0.607843137255 0.623505976096 0.627872860636
0.525025193147 0.0 0.549019607843 0.416832669323 0.528117359413
0.756802149815 0.0 0.764705882353 0.651892430279 0.717359413203
0.421901242862 0.0 0.529411764706 0.382470119522 0.430806845966
0.198186093383 0.0 0.235294117647 0.137948207171 0.132518337408
0.200873362445 0.0 0.254901960784 0.145418326693 0.178973105134
0.312730937185 0.0 0.392156862745 0.322211155378 0.384841075795
0.270070540813 0.0 0.352941176471 0.298306772908 0.324694376528
0.225394692644 1.0 0.254901960784 0.157868525896 0.20391198044
0.242861941552 1.0 0.333333333333 0.288844621514 0.305134474328
0.328182734296 0.0 0.450980392157 0.447709163347 0.471393643032
0.63721867652 0.0 0.686274509804 0.61703187251 0.654278728606
0.215317433658 0.0 0.254901960784 0.183764940239 0.235696821516
0.541484716157 0.0 0.627450980392 0.512948207171 0.59608801956
0.217668794088 0.0 0.294117647059 0.231075697211 0.264547677262
0.536781995297 0.0 0.56862745098 0.427290836653 0.490464547677
0.347665435002 0.0 0.43137254902 0.377988047809 0.463569682152
0.581121934834 0.0 0.627450980392 0.508964143426 0.588753056235
0.607322808196 0.0 0.647058823529 0.554780876494 0.576039119804
0.375209942896 0.0 0.43137254902 0.365039840637 0.434718826406
0.733960362781 0.0 0.78431372549 0.669820717131 0.775061124694
0.478333893181 0.0 0.588235294118 0.554780876494 0.567726161369
0.492442055761 0.0 0.607843137255 0.537848605578 0.520782396088
0.592206919718 0.0 0.56862745098 0.460657370518 0.524694376528
0.475646624118 0.0 0.588235294118 0.518426294821 0.563325183374
0.404433993954 0.0 0.470588235294 0.360059760956 0.422982885086
0.777628485052 1.0 0.803921568627 0.660856573705 0.772127139364
0.65367819953 0.0 0.705882352941 0.611553784861 0.654767726161
0.255962378233 1.0 0.313725490196 0.222111553785 0.297310513447
0.714141753443 0.0 0.78431372549 0.671812749004 0.750611246944
0.289889150151 0.0 0.372549019608 0.368027888446 0.375550122249
0.398051729929 1.0 0.43137254902 0.306274900398 0.362836185819
0.191132012093 0.0 0.254901960784 0.186752988048 0.220048899756
0.230433322136 0.0 0.274509803922 0.180278884462 0.214180929095
0.389318105475 0.0 0.43137254902 0.319721115538 0.299266503667
0.812562982869 0.0 0.823529411765 0.723107569721 0.804400977995
0.627141417534 0.0 0.725490196078 0.724601593625 0.690953545232
0.352368155862 1.0 0.372549019608 0.245517928287 0.348166259169
0.827342962714 0.0 0.862745098039 0.793824701195 0.80097799511
0.180047027209 0.0 0.235294117647 0.122011952191 0.116870415648
0.776956667786 0.0 0.823529411765 0.706175298805 0.724205378973
0.222707423581 1.0 0.313725490196 0.282868525896 0.304156479218
0.666778636211 0.0 0.686274509804 0.650398406375 0.698288508557
0.407121263016 0.0 0.470588235294 0.403884462151 0.461613691932
0.791400738999 0.0 0.803921568627 0.694721115538 0.80782396088
0.628485052066 0.0 0.705882352941 0.646414342629 0.662591687042
0.552905609674 1.0 0.588235294118 0.452689243028 0.541809290954
0.315418206248 0.0 0.392156862745 0.277390438247 0.261613691932
0.487067517635 0.0 0.627450980392 0.641434262948 0.60293398533
0.847833389318 0.0 0.862745098039 0.7953187251 0.815158924205
0.313402754451 0.0 0.333333333333 0.260458167331 0.336919315403
0.74907625126 0.0 0.725490196078 0.602589641434 0.659657701711
0.498488411152 0.0 0.607843137255 0.562749003984 0.595599022005
0.215317433658 1.0 0.313725490196 0.215637450199 0.241075794621
0.438696674505 0.0 0.529411764706 0.510956175299 0.536919315403
