0.517 0.0 0.589743589744 0.427327528466 0.541463414634
0.594 0.0 0.692307692308 0.606831882117 0.671002710027
0.846 0.0 0.923076923077 0.763563295378 0.784823848238
0.763 0.0 0.846153846154 0.765572672472 0.788075880759
0.6715 0.0 0.769230769231 0.553918285332 0.592411924119
0.72 0.0 0.820512820513 0.703281982585 0.714363143631
0.767 0.0 0.794871794872 0.615539182853 0.69593495935
0.626 0.0 0.692307692308 0.579370395177 0.635772357724
0.6005 0.0 0.717948717949 0.604152712659 0.611924119241
0.4405 0.0 0.538461538462 0.377762893503 0.439566395664
0.6535 0.0 0.74358974359 0.651038178165 0.669918699187
0.642 0.0 0.717948717949 0.61352980576 0.649322493225
0.559 0.0 0.666666666667 0.543871399866 0.566395663957
0.617 0.0 0.666666666667 0.553918285332 0.621680216802
0.4135 0.0 0.512820512821 0.425318151373 0.481300813008
0.583 0.0 0.692307692308 0.621567314133 0.629810298103
0.56 0.0 0.615384615385 0.496316141996 0.564769647696
0.6375 0.0 0.717948717949 0.64567983925 0.667208672087
0.611 0.0 0.666666666667 0.62424648359 0.672628726287
0.7965 0.0 0.820512820513 0.621567314133 0.680758807588
0.681 0.0 0.74358974359 0.618888144675 0.653116531165
0.63 0.0 0.717948717949 0.602143335566 0.620054200542
0.457 0.0 0.538461538462 0.474882786336 0.526829268293
0.527 0.0 0.589743589744 0.504353650368 0.562601626016
0.7955 0.0 0.769230769231 0.55525787006 0.661788617886
0.613 0.0 0.666666666667 0.588077695914 0.636314363144
0.4295 0.0 0.538461538462 0.450100468855 0.478590785908
0.705 0.0 0.769230769231 0.712659075687 0.726287262873
0.4005 0.0 0.487179487179 0.419959812458 0.473170731707
0.5975 0.0 0.692307692308 0.60281312793 0.610298102981
0.5915 0.0 0.641025641026 0.55056932351 0.60433604336
0.73 0.0 0.820512820513 0.729403884796 0.713279132791
0.6425 0.0 0.74358974359 0.705291359678 0.689972899729
0.681 0.0 0.717948717949 0.615539182853 0.663414634146
0.6055 0.0 0.692307692308 0.685197588747 0.687804878049
0.595 0.0 0.692307692308 0.572002679169 0.578319783198
0.6575 0.0 0.74358974359 0.712659075687 0.707317073171
0.5775 0.0 0.717948717949 0.661754855995 0.620596205962
0.5335 0.0 0.615384615385 0.527796383121 0.557181571816
0.523 0.0 0.615384615385 0.539182853315 0.558265582656
0.6375 0.0 0.717948717949 0.572672471534 0.588075880759
0.8575 0.0 0.897435897436 0.787675820496 0.79566395664
0.605 0.0 0.641025641026 0.562625586068 0.620596205962
0.6785 0.0 0.692307692308 0.563295378433 0.634146341463
0.361 0.0 0.461538461538 0.35432016075 0.39891598916
0.521 0.0 0.615384615385 0.492967180174 0.513279132791
0.534 0.0 0.666666666667 0.612860013396 0.584823848238
0.442 0.0 0.564102564103 0.515740120563 0.515989159892
0.5395 0.0 0.615384615385 0.528466175486 0.558807588076
0.6225 0.0 0.692307692308 0.632953784327 0.648780487805
0.6625 0.0 0.74358974359 0.703281982585 0.69756097561
0.6065 0.0 0.692307692308 0.661754855995 0.661246612466
0.7025 0.0 0.769230769231 0.772270596115 0.767479674797
0.4905 0.0 0.564102564103 0.435365036839 0.480216802168
0.64 0.0 0.74358974359 0.683858004019 0.661246612466
0.5735 0.0 0.641025641026 0.483590087073 0.520867208672
0.4595 0.0 0.512820512821 0.382451440054 0.453658536585
0.492 0.0 0.564102564103 0.39718687207 0.446612466125
0.4375 0.0 0.538461538462 0.407233757535 0.434688346883
0.804 0.0 0.74358974359 0.553918285332 0.675338753388
0.6175 0.0 0.692307692308 0.585398526457 0.59945799458
0.4195 0.0 0.512820512821 0.392498325519 0.428726287263
0.4545 0.0 0.538461538462 0.415941058272 0.454742547425
1.0 0.0 1.0 1.0 1.0
0.5605 0.0 0.692307692308 0.649028801072 0.609756097561
0.555 0.0 0.589743589744 0.44943067649 0.518699186992
0.3875 0.0 0.487179487179 0.405894172806 0.437398373984
0.591 0.0 0.692307692308 0.665103817816 0.648238482385
0.521 0.0 0.589743589744 0.503683858004 0.539295392954
0.5915 0.0 0.641025641026 0.559946416611 0.6
0.736 0.0 0.820512820513 0.686537173476 0.668292682927
0.4665 0.0 0.564102564103 0.435365036839 0.457452574526
0.6095 0.0 0.692307692308 0.551908908238 0.560975609756
0.735 0.0 0.794871794872 0.71466845278 0.714905149051
0.6185 0.0 0.74358974359 0.699933020764 0.654200542005
0.5985 0.0 0.666666666667 0.591426657736 0.609756097561
0.8265 0.0 0.871794871795 0.789685197589 0.785907859079
0.5465 0.0 0.641025641026 0.504353650368 0.513279132791
0.496 0.0 0.589743589744 0.569323509712 0.576151761518
0.494 0.0 0.615384615385 0.50770261219 0.49647696477
0.5625 0.0 0.641025641026 0.502344273275 0.523577235772
0.728 0.0 0.820512820513 0.811788345613 0.771815718157
0.6405 0.0 0.717948717949 0.677160080375 0.673170731707
0.5065 0.0 0.615384615385 0.55056932351 0.544173441734
0.561 0.0 0.615384615385 0.47086403215 0.516531165312
0.709 0.0 0.820512820513 0.761553918285 0.711111111111
0.52 0.0 0.589743589744 0.49229738781 0.525203252033
0.4865 0.0 0.589743589744 0.490288010717 0.49647696477
0.483 0.0 0.564102564103 0.490288010717 0.516531165312
0.9425 0.0 0.871794871795 0.68251841929 0.781029810298
0.5205 0.0 0.615384615385 0.49229738781 0.50243902439
0.5395 0.0 0.615384615385 0.520428667113 0.542547425474
0.5955 0.0 0.692307692308 0.594775619558 0.584823848238
0.6115 0.0 0.692307692308 0.670462156731 0.665040650407
0.7415 0.0 0.846153846154 0.823844608171 0.768563685637
0.722 0.0 0.769230769231 0.707970529136 0.718157181572
0.57 0.0 0.666666666667 0.596784996651 0.588617886179
0.614 0.0 0.717948717949 0.632953784327 0.610298102981
0.5475 0.0 0.666666666667 0.606162089752 0.578861788618
0.635 0.0 0.717948717949 0.664434025452 0.654742547425
0.4615 0.0 0.589743589744 0.529805760214 0.510027100271
0.446 0.0 0.538461538462 0.516409912927 0.531165311653
0.685 0.0 0.74358974359 0.628935030141 0.639566395664
0.4825 0.0 0.564102564103 0.510381781648 0.531707317073
0.5355 0.0 0.666666666667 0.582719356999 0.546883468835
0.7405 0.0 0.769230769231 0.670462156731 0.69756097561
0.7765 0.0 0.846153846154 0.835231078366 0.80433604336
0.652 0.0 0.717948717949 0.596784996651 0.605962059621
0.7145 0.0 0.794871794872 0.750167448091 0.724119241192
0.469 0.0 0.538461538462 0.425318151373 0.466666666667
0.613 0.0 0.692307692308 0.551239115874 0.556639566396
0.519 0.0 0.564102564103 0.388479571333 0.450406504065
0.62 0.0 0.692307692308 0.558606831882 0.568563685637
0.666 0.0 0.692307692308 0.56128600134 0.607588075881
0.6675 0.0 0.74358974359 0.676490288011 0.665582655827
0.752 0.0 0.769230769231 0.640991292699 0.678590785908
0.8245 0.0 0.948717948718 0.965840589417 0.866124661247
0.4675 0.0 0.589743589744 0.560616208975 0.538753387534
0.791 0.0 0.794871794872 0.663094440723 0.705149051491
0.669 0.0 0.74358974359 0.632953784327 0.626016260163
0.6245 0.0 0.692307692308 0.589417280643 0.5972899729
0.6675 0.0 0.717948717949 0.614199598125 0.630894308943
0.7095 0.0 0.794871794872 0.693904889484 0.666666666667
0.544 0.0 0.615384615385 0.52913596785 0.547425474255
0.693 0.0 0.769230769231 0.754855994642 0.730623306233
0.743 0.0 0.769230769231 0.704621567314 0.725745257453
0.6125 0.0 0.692307692308 0.551908908238 0.553387533875
0.7105 0.0 0.820512820513 0.764233087743 0.706775067751
0.7155 0.0 0.769230769231 0.713998660415 0.711653116531
0.521 0.0 0.589743589744 0.542531815137 0.563143631436
0.5655 0.0 0.615384615385 0.490957803081 0.529539295393
0.6835 0.0 0.717948717949 0.584058941728 0.615176151762
0.466 0.0 0.564102564103 0.405894172806 0.419512195122
0.6605 0.0 0.769230769231 0.790354989953 0.734959349593
0.54 0.0 0.589743589744 0.48626925653 0.527371273713
0.72 0.0 0.820512820513 0.795713328868 0.741463414634
0.6015 0.0 0.692307692308 0.620227729404 0.60433604336
0.8695 0.0 0.846153846154 0.734092431346 0.782655826558
0.615 0.0 0.666666666667 0.567314132619 0.590243902439
0.673 0.0 0.692307692308 0.562625586068 0.609214092141
0.56 0.0 0.615384615385 0.559276624246 0.583739837398
0.6385 0.0 0.717948717949 0.637642330877 0.624932249322
0.832 0.0 0.923076923077 0.880776959143 0.813550135501
0.6505 0.0 0.692307692308 0.63496316142 0.654742547425
0.6975 0.0 0.794871794872 0.81446751507 0.760433604336
0.6325 0.0 0.717948717949 0.582049564635 0.569647696477
0.752 0.0 0.820512820513 0.764233087743 0.736043360434
0.464 0.0 0.564102564103 0.508372404555 0.506233062331
0.721 0.0 0.74358974359 0.643670462157 0.672086720867
0.5095 0.0 0.589743589744 0.532484929672 0.540921409214
0.645 0.0 0.717948717949 0.640991292699 0.631436314363
0.683 0.0 0.717948717949 0.636972538513 0.657994579946
0.769 0.0 0.820512820513 0.768921634293 0.752845528455
0.6845 0.0 0.794871794872 0.740120562626 0.682384823848
0.815 0.0 0.794871794872 0.632953784327 0.691056910569
0.8085 0.0 0.820512820513 0.739450770261 0.757723577236
0.654 0.0 0.74358974359 0.728734092431 0.693224932249
0.599 0.0 0.666666666667 0.569323509712 0.575609756098
0.494 0.0 0.538461538462 0.474212993972 0.520867208672
0.6385 0.0 0.74358974359 0.653047555258 0.612466124661
0.6225 0.0 0.666666666667 0.595445411922 0.616802168022
0.488 0.0 0.589743589744 0.548559946417 0.536043360434
0.7715 0.0 0.794871794872 0.731413261889 0.742547425474
0.884 0.0 0.897435897436 0.731413261889 0.740921409214
0.7425 0.0 0.769230769231 0.616208975218 0.639024390244
0.6275 0.0 0.666666666667 0.572672471534 0.59891598916
0.65 0.0 0.692307692308 0.60281312793 0.620596205962
0.7745 0.0 0.74358974359 0.5920964501 0.664498644986
0.771 0.0 0.794871794872 0.677829872739 0.692140921409
0.5885 0.0 0.666666666667 0.636972538513 0.623848238482
0.632 0.0 0.717948717949 0.594105827194 0.574525745257
0.5035 0.0 0.615384615385 0.620227729404 0.586449864499
0.621 0.0 0.74358974359 0.72538513061 0.659620596206
0.6265 0.0 0.717948717949 0.658405894173 0.627100271003
0.537 0.0 0.564102564103 0.521098459478 0.570189701897
0.7525 0.0 0.794871794872 0.678499665104 0.676964769648
0.781 0.0 0.769230769231 0.638981915606 0.687262872629
0.5515 0.0 0.615384615385 0.491627595445 0.509485094851
0.645 0.0 0.692307692308 0.615539182853 0.626016260163
0.4695 0.0 0.589743589744 0.568653717348 0.534959349593
0.599 0.0 0.666666666667 0.594105827194 0.592411924119
0.607 0.0 0.666666666667 0.545880776959 0.555555555556
0.7785 0.0 0.74358974359 0.574012056263 0.648238482385
0.6705 0.0 0.692307692308 0.547890154052 0.584281842818
0.703 0.0 0.769230769231 0.676490288011 0.656368563686
0.6245 0.0 0.74358974359 0.713328868051 0.649322493225
0.582 0.0 0.666666666667 0.668452779638 0.643902439024
0.691 0.0 0.74358974359 0.641661085064 0.638482384824
0.677 0.0 0.717948717949 0.626255860683 0.636314363144
0.569 0.0 0.641025641026 0.567314132619 0.565311653117
0.624 0.0 0.692307692308 0.675150703282 0.659078590786
0.48 0.0 0.538461538462 0.432016075017 0.463956639566
0.61 0.0 0.717948717949 0.653047555258 0.60487804878
0.691 0.0 0.74358974359 0.625586068319 0.622222222222
0.6725 0.0 0.692307692308 0.547890154052 0.583739837398
0.603 0.0 0.717948717949 0.638981915606 0.586449864499
0.646 0.0 0.692307692308 0.603482920295 0.611924119241
0.6995 0.0 0.769230769231 0.691225720027 0.663956639566
0.64 0.0 0.692307692308 0.669122572003 0.665040650407
0.5925 0.0 0.692307692308 0.65639651708 0.615718157182
