0.373657169547 0.5 0.529411764706 0.411494252874 0.473723168024
0.294255021018 0.5 0.411764705882 0.2 0.313101406366
0.622139187296 0.5 0.647058823529 0.408429118774 0.529977794226
0.751517982251 0.5 0.764705882353 0.530268199234 0.589933382679
0.370387669313 0.5 0.5 0.314942528736 0.487786824574
0.370387669313 0.5 0.5 0.314942528736 0.487786824574
0.598318542737 0.0 0.882352941176 0.970881226054 0.983715766099
0.783745913125 0.0 0.970588235294 0.999233716475 1.0
0.433442316674 0.5 0.617647058824 0.52183908046 0.641746854182
0.377860812704 0.5 0.617647058824 0.591570881226 0.618800888231
0.716487622606 0.0 0.794117647059 0.769348659004 0.631384159882
1.0 0.0 1.0 0.937931034483 0.79126572909
0.893507706679 0.5 0.882352941176 0.633716475096 0.837897853442
0.370387669313 0.5 0.5 0.314942528736 0.487786824574
0.47828117702 0.0 0.676470588235 0.715708812261 0.686898593634
0.489023820645 0.0 0.735294117647 0.841379310345 0.680236861584
0.262027090145 0.0 0.411764705882 0.442911877395 0.320503330866
0.262027090145 0.0 0.411764705882 0.442911877395 0.320503330866
0.65950490425 0.0 0.911764705882 0.933333333333 0.822353811991
0.511910322279 0.0 0.735294117647 0.786973180077 0.580310880829
0.307800093414 0.0 0.5 0.525670498084 0.455218356773
0.553946753853 0.0 0.823529411765 0.724137931034 0.878608438194
0.617468472676 0.0 0.705882352941 0.670498084291 0.666173205033
0.655768332555 0.0 0.794117647059 0.845210727969 0.774981495189
0.358243811303 0.0 0.588235294118 0.63754789272 0.623982235381
0.406352171882 0.0 0.676470588235 0.817624521073 0.733530717987
0.617001401214 0.5 0.823529411765 0.688888888889 0.79126572909
0.751985053713 0.5 0.941176470588 0.793869731801 0.898593634345
0.314806165343 0.5 0.5 0.384674329502 0.464840858623
0.335357309668 0.5 0.441176470588 0.236781609195 0.364914877868
0.349836524988 0.0 0.470588235294 0.352490421456 0.364914877868
0.374591312471 0.0 0.5 0.384674329502 0.410066617321
0.598318542737 0.0 0.676470588235 0.587739463602 0.535159141377
0.731433909388 0.0 0.882352941176 0.84061302682 0.80606957809
0.604390471742 0.5 0.852941176471 0.784674329502 0.749814951887
0.736571695469 0.5 0.911764705882 0.79846743295 0.830495928942
0.945819710416 0.0 0.970588235294 0.854406130268 0.765358993338
0.53386268099 0.0 0.676470588235 0.615325670498 0.566247224278
0.609995329285 0.0 0.676470588235 0.686590038314 0.554404145078
0.702475478748 1.0 0.794117647059 0.733333333333 0.737231680237
0.583372255955 0.0 0.823529411765 0.738697318008 0.894152479645
0.546473610462 0.0 0.764705882353 0.680459770115 0.769059955588
0.530593180757 0.0 0.558823529412 0.511111111111 0.548482605477
0.568893040635 0.0 0.647058823529 0.685823754789 0.657290895633
0.378327884166 0.0 0.558823529412 0.534099616858 0.527017024426
0.811770200841 0.0 0.941176470588 0.869731800766 0.937823834197
0.237272302662 0.0 0.382352941176 0.410727969349 0.275351591414
0.237272302662 0.0 0.382352941176 0.410727969349 0.275351591414
0.215319943951 0.0 0.352941176471 0.344827586207 0.20725388601
0.215319943951 0.0 0.352941176471 0.344827586207 0.20725388601
0.423633815974 0.5 0.529411764706 0.32183908046 0.373056994819
0.503035964503 0.5 0.647058823529 0.533333333333 0.533678756477
0.421298458664 0.5 0.5 0.267432950192 0.410066617321
0.596450256889 0.5 0.617647058824 0.376245210728 0.576609918579
0.390938813638 0.5 0.5 0.351724137931 0.539600296077
0.436244745446 0.5 0.558823529412 0.383908045977 0.584752035529
0.636618402616 0.0 0.735294117647 0.641379310345 0.733530717987
0.395609528258 0.0 0.617647058824 0.699616858238 0.570688378979
0.394208313872 0.5 0.617647058824 0.596168582375 0.625462620281
0.528724894909 0.5 0.735294117647 0.697318007663 0.753515914138
0.827650630546 0.5 0.823529411765 0.564750957854 0.740932642487
0.469873890705 0.5 0.676470588235 0.445210727969 0.686158401184
0.218122372723 0.0 0.294117647059 0.206896551724 0.150259067358
0.49042503503 0.0 0.676470588235 0.519540229885 0.615099925981
0.446053246147 0.5 0.529411764706 0.299616858238 0.455218356773
0.459598318543 0.5 0.647058823529 0.399233716475 0.60843819393
0.513778608127 0.0 0.764705882353 0.873563218391 0.725388601036
0.510976179355 0.0 0.764705882353 0.907279693487 0.748334566987
0.22232601588 0.5 0.323529411765 0.164750957854 0.266469282013
0.243811303129 0.5 0.382352941176 0.236781609195 0.339748334567
0.579168612798 0.0 0.882352941176 1.0 1.0
0.344231667445 0.5 0.5 0.472030651341 0.452257586973
0.355908453993 0.5 0.529411764706 0.421455938697 0.516654330126
0.353106025222 0.5 0.588235294118 0.55938697318 0.573649148779
0.256422232602 0.0 0.382352941176 0.381609195402 0.259067357513
0.42269967305 0.0 0.558823529412 0.475095785441 0.389341228719
0.421298458664 0.0 0.588235294118 0.492720306513 0.507772020725
0.289117234937 0.0 0.411764705882 0.343295019157 0.313841598816
0.660906118636 0.5 0.911764705882 0.846743295019 0.947446336047
0.765063054647 0.5 1.0 0.932567049808 0.982975573649
