0.640813253012 0.214285714286 0.677419354839 0.476 0.570205479452
0.601656626506 0.428571428571 0.645161290323 0.5 0.438356164384
0.786144578313 0.0714285714286 0.709677419355 0.646 0.637842465753
0.727409638554 0.142857142857 0.741935483871 0.562 0.634417808219
0.874246987952 0.285714285714 0.838709677419 0.767 0.634417808219
0.911144578313 0.285714285714 0.870967741935 0.794 0.667808219178
0.878765060241 0.357142857143 0.870967741935 0.739 0.77654109589
0.913403614458 0.928571428571 0.806451612903 0.737 0.736301369863
0.609186746988 0.5 0.612903225806 0.507 0.48801369863
0.934487951807 0.285714285714 0.838709677419 0.803 0.733732876712
0.768072289157 0.428571428571 0.838709677419 0.692 0.650684931507
0.768072289157 0.428571428571 0.838709677419 0.692 0.650684931507
0.715361445783 0.214285714286 0.645161290323 0.503 0.447773972603
0.746234939759 0.5 0.677419354839 0.503 0.447773972603
0.9375 0.5 0.838709677419 0.693 0.77654109589
0.74171686747 0.357142857143 0.709677419355 0.565 0.720890410959
0.935240963855 0.785714285714 1.0 0.988 1.0
0.678463855422 0.214285714286 0.645161290323 0.604 0.470890410959
0.772590361446 0.642857142857 0.741935483871 0.565 0.720890410959
0.74171686747 0.357142857143 0.709677419355 0.565 0.720890410959
0.678463855422 0.214285714286 0.645161290323 0.604 0.470890410959
0.798192771084 0.142857142857 0.741935483871 0.611 0.660102739726
0.672439759036 0.214285714286 0.677419354839 0.6 0.569349315068
0.773343373494 0.928571428571 0.774193548387 0.661 0.648116438356
0.847891566265 0.642857142857 0.774193548387 0.63 0.603595890411
0.9375 0.5 0.838709677419 0.693 0.77654109589
0.674698795181 0.285714285714 0.612903225806 0.46 0.350171232877
0.643825301205 0.0 0.58064516129 0.46 0.350171232877
0.605421686747 0.785714285714 0.612903225806 0.321 0.356164383562
0.74171686747 0.357142857143 0.709677419355 0.565 0.720890410959
0.764307228916 0.428571428571 0.806451612903 0.619 0.580479452055
0.764307228916 0.428571428571 0.806451612903 0.619 0.580479452055
0.772590361446 0.642857142857 0.741935483871 0.565 0.720890410959
0.735692771084 0.642857142857 0.709677419355 0.538 0.6875
0.709337349398 0.5 0.677419354839 0.604 0.470890410959
0.678463855422 0.214285714286 0.645161290323 0.604 0.470890410959
0.841114457831 0.285714285714 0.774193548387 0.666 0.607876712329
0.810240963855 0.0714285714286 0.741935483871 0.666 0.607876712329
0.805722891566 0.0 0.741935483871 0.695 0.649828767123
0.646084337349 0.642857142857 0.677419354839 0.616 0.496575342466
0.936746987952 0.285714285714 0.935483870968 0.973 0.875
0.973644578313 0.285714285714 0.967741935484 1.0 0.908390410959
0.743222891566 0.428571428571 0.774193548387 0.62 0.614726027397
0.743222891566 0.428571428571 0.774193548387 0.62 0.614726027397
0.786144578313 0.0714285714286 0.709677419355 0.646 0.637842465753
0.753012048193 0.285714285714 0.741935483871 0.573 0.685787671233
0.61671686747 0.357142857143 0.645161290323 0.608 0.445205479452
0.740210843373 0.214285714286 0.741935483871 0.601 0.571061643836
0.935240963855 0.785714285714 1.0 0.988 1.0
0.634036144578 0.5 0.709677419355 0.605 0.611301369863
0.725903614458 0.428571428571 0.774193548387 0.645 0.636130136986
0.682981927711 0.428571428571 0.709677419355 0.593 0.549657534247
0.932228915663 0.714285714286 0.903225806452 0.863 0.742294520548
0.65813253012 0.142857142857 0.612903225806 0.403 0.580479452055
0.925451807229 0.857142857143 0.870967741935 0.809 0.809931506849
0.847891566265 0.642857142857 0.774193548387 0.63 0.603595890411
0.769578313253 1.0 0.806451612903 0.724 0.680650684932
0.742469879518 0.428571428571 0.741935483871 0.774 0.739726027397
0.636295180723 0.285714285714 0.677419354839 0.598 0.508561643836
0.74171686747 0.357142857143 0.709677419355 0.565 0.720890410959
0.734186746988 0.5 0.741935483871 0.574 0.537671232877
0.592620481928 0.5 0.612903225806 0.5 0.435787671233
0.973644578313 0.285714285714 0.967741935484 1.0 0.908390410959
0.589608433735 0.357142857143 0.612903225806 0.515 0.530821917808
0.916415662651 0.357142857143 0.870967741935 0.884 0.821917808219
0.596385542169 0.714285714286 0.645161290323 0.499 0.565068493151
0.635542168675 0.285714285714 0.58064516129 0.447 0.426369863014
0.855421686747 0.285714285714 0.870967741935 0.859 0.855308219178
0.880271084337 0.142857142857 0.935483870968 0.781 0.991438356164
0.596385542169 0.714285714286 0.645161290323 0.499 0.565068493151
0.75828313253 0.0 0.774193548387 0.633 0.664383561644
0.684487951807 0.357142857143 0.612903225806 0.468 0.479452054795
0.974397590361 0.5 0.870967741935 0.72 0.809931506849
0.776355421687 0.428571428571 0.806451612903 0.701 0.791952054795
0.743222891566 0.428571428571 0.741935483871 0.594 0.527397260274
0.743222891566 0.428571428571 0.741935483871 0.594 0.527397260274
0.722138554217 0.428571428571 0.741935483871 0.572 0.565924657534
0.847891566265 0.642857142857 0.774193548387 0.63 0.603595890411
0.894578313253 0.142857142857 0.838709677419 0.835 0.821061643836
0.72515060241 0.428571428571 0.774193548387 0.64 0.564212328767
0.622740963855 0.357142857143 0.483870967742 0.343 0.322773972603
0.9375 0.5 0.838709677419 0.693 0.77654109589
0.826054216867 0.357142857143 0.741935483871 0.64 0.607876712329
0.555722891566 0.142857142857 0.58064516129 0.528 0.435787671233
0.817771084337 0.857142857143 0.806451612903 0.595 0.77654109589
0.754518072289 0.0714285714286 0.741935483871 0.622 0.630136986301
0.659638554217 0.357142857143 0.516129032258 0.37 0.356164383562
0.728162650602 0.428571428571 0.709677419355 0.66 0.463184931507
0.786144578313 0.0714285714286 0.709677419355 0.646 0.637842465753
0.743222891566 0.428571428571 0.741935483871 0.594 0.527397260274
0.605421686747 0.785714285714 0.612903225806 0.321 0.356164383562
0.9375 0.5 0.838709677419 0.693 0.77654109589
0.621987951807 0.142857142857 0.645161290323 0.548 0.530821917808
0.826807228916 0.0714285714286 0.774193548387 0.714 0.72345890411
1.0 0.714285714286 0.903225806452 0.734 0.845034246575
0.744728915663 0.285714285714 0.741935483871 0.57 0.602739726027
0.703313253012 0.214285714286 0.709677419355 0.574 0.537671232877
0.869728915663 0.785714285714 0.806451612903 0.618 0.652397260274
0.596385542169 0.714285714286 0.645161290323 0.499 0.565068493151
0.672439759036 0.214285714286 0.677419354839 0.6 0.569349315068
