0.366646229307 0.0 0.333333333333 0.234146341463 0.145490454246
1.0 1.0 1.0 1.0 1.0
0.469037400368 0.0 0.410256410256 0.134959349593 0.191573403555
0.549356223176 0.8 0.589743589744 0.567479674797 0.443712969059
0.964438994482 0.2 0.923076923077 0.732520325203 0.868334430546
0.91048436542 1.0 0.948717948718 0.905691056911 0.820276497696
0.947884733292 0.4 0.897435897436 0.688617886179 0.818959842001
0.892090741876 0.6 0.871794871795 0.672357723577 0.703752468729
0.408951563458 0.4 0.384615384615 0.243902439024 0.206056616195
0.916002452483 0.0 0.820512820513 0.747154471545 0.810401579987
0.388105456775 0.2 0.384615384615 0.352032520325 0.222514812377
0.558553034948 1.0 0.615384615385 0.560975609756 0.551678736011
0.91048436542 0.4 0.923076923077 0.834146341463 0.921658986175
0.558553034948 0.6 0.589743589744 0.580487804878 0.470704410797
0.429797670141 0.0 0.410256410256 0.172357723577 0.233048057933
0.457388105457 0.2 0.358974358974 0.20325203252 0.263989466754
0.40282035561 0.2 0.333333333333 0.219512195122 0.173798551679
0.877375843041 0.4 0.897435897436 0.882926829268 0.89400921659
0.701410177805 0.6 0.692307692308 0.621138211382 0.658327847268
0.475168608216 0.2 0.461538461538 0.305691056911 0.35418038183
0.878602084611 0.0 0.871794871795 0.765853658537 0.765635286373
0.768240343348 0.0 0.794871794872 0.642276422764 0.775510204082
0.456161863887 0.0 0.512820512821 0.421951219512 0.405529953917
0.406499080319 0.0 0.435897435897 0.268292682927 0.278472679394
0.789699570815 0.0 0.820512820513 0.79837398374 0.800526662278
0.886572654813 0.0 0.897435897436 0.788617886179 0.757077024358
0.540159411404 0.0 0.589743589744 0.539024390244 0.439763001975
0.862047823421 0.0 0.846153846154 0.780487804878 0.724160631995
0.896995708155 0.2 0.897435897436 0.69918699187 0.85780118499
0.392397302269 0.2 0.358974358974 0.249593495935 0.214614878209
0.443899448191 0.0 0.384615384615 0.155284552846 0.195523370639
0.44880441447 0.4 0.487179487179 0.442276422764 0.298222514812
0.86572654813 0.6 0.846153846154 0.713008130081 0.729427254773
0.679337829552 0.6 0.666666666667 0.40162601626 0.418038183015
0.480686695279 0.0 0.538461538462 0.432520325203 0.46741277156
0.675045984059 1.0 0.74358974359 0.742276422764 0.67478604345
0.653586756591 0.4 0.564102564103 0.40487804878 0.540487162607
0.711220110362 0.0 0.74358974359 0.685365853659 0.734035549704
0.521152667075 0.2 0.538461538462 0.386991869919 0.529953917051
0.859595340282 0.2 0.794871794872 0.532520325203 0.603028308097
0.570815450644 0.0 0.641025641026 0.615447154472 0.610928242265
0.413243408952 0.2 0.410256410256 0.347967479675 0.28439763002
0.613733905579 0.0 0.692307692308 0.569918699187 0.641869651086
0.603923973023 0.0 0.666666666667 0.591869918699 0.628044766294
0.687308399755 0.2 0.641025641026 0.378861788618 0.447004608295
0.817903126916 0.4 0.769230769231 0.617886178862 0.747202106649
0.662170447578 1.0 0.717948717949 0.734146341463 0.53982883476
0.508277130595 0.0 0.564102564103 0.506504065041 0.475312705727
0.869405272839 0.2 0.871794871795 0.819512195122 0.88676761027
0.762722256284 0.0 0.820512820513 0.648780487805 0.621461487821
0.664009809933 0.0 0.717948717949 0.712195121951 0.646477946017
0.422440220723 0.0 0.384615384615 0.243089430894 0.218564845293
0.422440220723 0.0 0.461538461538 0.375609756098 0.378538512179
0.562844880441 0.0 0.615384615385 0.556910569106 0.489795918367
0.575107296137 0.2 0.512820512821 0.343902439024 0.382488479263
0.930717351318 0.2 0.846153846154 0.654471544715 0.733377221856
0.469037400368 0.0 0.487179487179 0.352845528455 0.46017116524
0.496627835684 0.0 0.487179487179 0.323577235772 0.351547070441
0.515021459227 0.0 0.487179487179 0.315447154472 0.337063857801
0.522378908645 0.4 0.435897435897 0.281300813008 0.294272547729
0.845493562232 0.0 0.820512820513 0.760162601626 0.878209348255
0.7621091355 0.0 0.769230769231 0.641463414634 0.699802501646
0.83629675046 0.0 0.820512820513 0.682926829268 0.779460171165
0.82219497241 0.6 0.820512820513 0.688617886179 0.664252797893
0.64193746168 0.0 0.641025641026 0.461788617886 0.601053324556
0.726548129982 0.0 0.666666666667 0.416260162602 0.430546412113
0.5806253832 0.0 0.589743589744 0.49756097561 0.518762343647
0.524831391784 0.0 0.512820512821 0.330081300813 0.327188940092
0.569589209074 0.0 0.487179487179 0.254471544715 0.39038841343
0.565297363581 0.0 0.589743589744 0.473983739837 0.498354180382
0.62783568363 0.0 0.589743589744 0.488617886179 0.535220539829
0.839362354384 0.6 0.846153846154 0.808943089431 0.817643186307
0.900674432863 0.2 0.846153846154 0.658536585366 0.752468729427
0.823421213979 0.0 0.74358974359 0.532520325203 0.560895325872
0.505211526671 0.0 0.512820512821 0.473983739837 0.483212639895
0.484365419988 0.0 0.461538461538 0.283739837398 0.37590520079
0.449417535254 0.0 0.384615384615 0.275609756098 0.314022383147
0.80564071122 0.0 0.717948717949 0.510569105691 0.5543120474
0.852237890865 0.0 0.820512820513 0.676422764228 0.741277156024
0.635193133047 0.4 0.564102564103 0.352845528455 0.375246872943
0.629675045984 0.0 0.538461538462 0.210569105691 0.36142198815
0.41814837523 0.0 0.435897435897 0.339837398374 0.292955892034
0.575720416922 0.0 0.538461538462 0.390243902439 0.319947333772
0.73022685469 0.2 0.666666666667 0.515447154472 0.628703094141
0.688534641324 0.2 0.615384615385 0.453658536585 0.533903884134
0.53586756591 0.2 0.615384615385 0.59756097561 0.537853851218
0.767627222563 0.2 0.769230769231 0.747154471545 0.793285055958
0.610668301655 0.0 0.564102564103 0.369918699187 0.417379855168
0.431637032495 0.0 0.461538461538 0.329268292683 0.358788676761
0.662170447578 0.0 0.615384615385 0.365040650407 0.452271231073
0.815450643777 0.0 0.769230769231 0.626829268293 0.649111257406
0.489270386266 0.0 0.461538461538 0.213821138211 0.281764318631
0.465971796444 0.4 0.435897435897 0.313008130081 0.314022383147
0.587369711833 0.4 0.589743589744 0.551219512195 0.597103357472
0.811771919068 0.2 0.74358974359 0.551219512195 0.564845292956
0.715511955855 0.6 0.717948717949 0.593495934959 0.58064516129
0.755977927652 0.2 0.74358974359 0.633333333333 0.709677419355
0.746167995095 0.0 0.692307692308 0.60406504065 0.672152732061
0.735131820969 0.6 0.74358974359 0.572357723577 0.617511520737
0.616799509503 0.2 0.589743589744 0.520325203252 0.554970375247
