0.871491875923 0.5 0.935483870968 0.745535714286 0.928884986831
0.790251107829 0.0 0.870967741935 0.814732142857 0.883230904302
0.74741506647 0.0 0.838709677419 0.772321428571 0.814749780509
0.854505169867 0.0 0.870967741935 0.825892857143 0.940298507463
0.769571639586 0.0 0.806451612903 0.714285714286 0.797190517998
0.87223042836 0.0 0.870967741935 0.795758928571 0.915715539947
0.77917282127 0.0 0.806451612903 0.756696428571 0.819139596137
0.69940915805 0.5 0.741935483871 0.618303571429 0.745390693591
0.97341211226 0.5 0.967741935484 0.714285714286 0.897278314311
0.745199409158 0.0 0.774193548387 0.714285714286 0.760316066725
0.665435745938 0.0 0.774193548387 0.768973214286 0.737489025461
0.652880354505 0.0 0.677419354839 0.59375 0.633889376646
0.771048744461 0.5 0.838709677419 0.732142857143 0.834064969271
0.839734121123 0.0 0.838709677419 0.763392857143 0.830553116769
0.689069423929 0.0 0.709677419355 0.569196428571 0.598770851624
0.674298375185 0.5 0.774193548387 0.688616071429 0.742756804214
0.828655834564 0.0 0.935483870968 0.935267857143 0.900790166813
0.798375184638 0.5 0.806451612903 0.712053571429 0.855136084284
0.698670605613 0.5 0.806451612903 0.707589285714 0.747146619842
0.850073855244 0.5 0.870967741935 0.7109375 0.838454784899
0.634416543575 0.0 0.645161290323 0.502232142857 0.524143985953
0.822008862629 0.0 0.838709677419 0.799107142857 0.836698858648
0.835302806499 0.0 0.935483870968 0.947544642857 0.91132572432
0.799852289513 0.0 0.870967741935 0.816964285714 0.799824407375
0.675036927622 0.0 0.709677419355 0.534598214286 0.531167690957
0.816838995569 0.0 0.806451612903 0.691964285714 0.745390693591
0.741506646972 0.5 0.709677419355 0.5703125 0.730465320457
0.68094534712 0.0 0.741935483871 0.8046875 0.789288849868
0.633677991137 0.0 0.677419354839 0.641741071429 0.63125548727
0.656573116691 0.0 0.677419354839 0.603794642857 0.610184372256
0.761447562777 0.5 0.870967741935 0.849330357143 0.881474978051
0.643279172821 0.5 0.709677419355 0.546875 0.59964881475
0.683899556869 0.5 0.709677419355 0.537946428571 0.63125548727
0.71270310192 0.5 0.774193548387 0.657366071429 0.722563652327
0.868537666174 0.5 0.903225806452 0.890625 1.0
0.757016248154 0.0 0.709677419355 0.671875 0.748902546093
0.820531757755 0.0 0.903225806452 0.924107142857 0.886742756804
0.864106351551 0.0 0.935483870968 0.936383928571 0.910447761194
0.779911373708 0.5 0.806451612903 0.669642857143 0.766461808604
0.621122599705 0.5 0.677419354839 0.578125 0.636523266023
0.736336779911 0.0 0.774193548387 0.713169642857 0.702370500439
0.80059084195 0.0 0.741935483871 0.529017857143 0.601404741001
0.697193500739 0.0 0.838709677419 0.848214285714 0.737489025461
0.520679468242 0.5 0.516129032258 0.291294642857 0.383669885865
0.947562776957 1.0 0.935483870968 0.6875 0.913959613696
0.702363367799 0.0 0.645161290323 0.491071428571 0.551360842845
0.622599704579 0.0 0.709677419355 0.691964285714 0.618086040386
0.771787296898 0.0 0.741935483871 0.6953125 0.738366988586
0.683899556869 0.0 0.709677419355 0.655133928571 0.638279192274
0.807976366322 0.5 0.806451612903 0.606026785714 0.711150131694
0.754062038405 0.0 0.709677419355 0.595982142857 0.645302897278
0.624815361891 0.0 0.709677419355 0.693080357143 0.612818261633
0.793205317578 0.5 0.806451612903 0.647321428571 0.731343283582
0.768833087149 0.0 0.806451612903 0.739955357143 0.707638279192
0.721565731167 0.0 0.806451612903 0.755580357143 0.676031606673
0.722304283604 0.5 0.806451612903 0.782366071429 0.802458296752
0.609305760709 0.0 0.58064516129 0.421875 0.431079894644
0.721565731167 0.5 0.741935483871 0.717633928571 0.796312554873
0.730428360414 0.5 0.806451612903 0.800223214286 0.827041264267
0.841211225997 0.5 0.838709677419 0.780133928571 0.884108867428
0.77400295421 0.0 0.741935483871 0.6875 0.715539947322
0.96011816839 0.5 0.967741935484 0.806919642857 0.900790166813
0.908419497784 1.0 0.935483870968 0.693080357143 0.855136084284
0.875184638109 0.0 0.774193548387 0.720982142857 0.818261633011
0.762924667651 0.0 0.806451612903 0.797991071429 0.752414398595
0.706056129985 0.0 0.709677419355 0.657366071429 0.640035118525
0.755539143279 0.0 0.709677419355 0.602678571429 0.63125548727
0.866322008863 0.0 0.870967741935 0.859375 0.85601404741
0.723042836041 0.0 0.774193548387 0.734375 0.673397717296
0.683899556869 0.0 0.645161290323 0.532366071429 0.546971027217
0.714180206795 0.0 0.709677419355 0.6015625 0.585601404741
0.838995568685 0.0 0.806451612903 0.71875 0.739244951712
0.664697193501 0.0 0.709677419355 0.690848214286 0.628621597893
0.743722304284 0.5 0.709677419355 0.628348214286 0.739244951712
0.660265878877 1.0 0.774193548387 0.763392857143 0.831431079895
0.782127031019 0.5 0.870967741935 0.806919642857 0.803336259877
0.863367799114 0.0 0.870967741935 0.848214285714 0.831431079895
0.658050221566 0.5 0.709677419355 0.670758928571 0.692712906058
0.736336779911 0.5 0.774193548387 0.572544642857 0.601404741001
0.695716395864 0.0 0.774193548387 0.797991071429 0.703248463565
0.688330871492 0.0 0.709677419355 0.6640625 0.617208077261
0.713441654357 0.5 0.774193548387 0.746651785714 0.762949956102
0.678729689808 0.5 0.709677419355 0.649553571429 0.68832309043
0.908419497784 0.5 0.903225806452 0.685267857143 0.764705882353
0.841211225997 0.5 0.870967741935 0.831473214286 0.884108867428
1.0 0.5 1.0 0.839285714286 0.922739244952
0.684638109306 0.5 0.677419354839 0.581473214286 0.651448639157
0.894387001477 0.0 0.935483870968 0.9609375 0.91132572432
0.714180206795 0.5 0.741935483871 0.660714285714 0.692712906058
0.709748892171 0.5 0.709677419355 0.652901785714 0.710272168569
0.806499261448 0.0 0.806451612903 0.775669642857 0.744512730465
0.858197932053 0.5 0.870967741935 0.743303571429 0.794556628622
0.823485967504 0.0 0.806451612903 0.760044642857 0.744512730465
0.597488921713 0.5 0.677419354839 0.637276785714 0.611062335382
0.791728212703 0.0 0.806451612903 0.794642857143 0.748902546093
0.776957163959 0.0 0.838709677419 0.827008928571 0.73573309921
0.689807976366 0.0 0.709677419355 0.715401785714 0.657594381036
0.91211225997 0.0 0.935483870968 1.0 0.951712028095
0.749630723781 0.0 0.806451612903 0.863839285714 0.769973661106
0.895125553914 0.5 0.903225806452 0.876116071429 0.929762949956
