0.751469353484 0.833333333333 0.714285714286 0.409356725146 0.587719298246
0.753988245172 0.833333333333 0.714285714286 0.353216374269 0.568226120858
0.659109991604 0.333333333333 0.642857142857 0.54269005848 0.557504873294
0.659109991604 0.333333333333 0.642857142857 0.54269005848 0.557504873294
0.654911838791 0.333333333333 0.607142857143 0.45730994152 0.477582846004
0.659109991604 0.333333333333 0.642857142857 0.54269005848 0.557504873294
0.693534844668 0.666666666667 0.678571428571 0.54269005848 0.557504873294
0.659109991604 0.333333333333 0.642857142857 0.54269005848 0.557504873294
0.801007556675 0.333333333333 0.821428571429 0.547368421053 0.684210526316
0.732157850546 0.333333333333 0.678571428571 0.401169590643 0.505847953216
1.0 0.166666666667 1.0 1.0 1.0
0.995801847187 0.166666666667 0.964285714286 0.914619883041 0.92007797271
0.76658270361 0.0 0.785714285714 0.547368421053 0.684210526316
0.725440806045 0.0 0.75 0.515789473684 0.646198830409
0.87825356843 0.333333333333 0.928571428571 0.771929824561 0.885964912281
0.843828715365 0.166666666667 0.892857142857 0.771929824561 0.885964912281
0.68094038623 0.0 0.607142857143 0.408187134503 0.391812865497
0.68094038623 0.0 0.607142857143 0.408187134503 0.391812865497
0.76658270361 0.833333333333 0.857142857143 0.920467836257 0.857699805068
0.76658270361 0.833333333333 0.857142857143 0.920467836257 0.857699805068
0.659109991604 0.333333333333 0.642857142857 0.54269005848 0.557504873294
0.654911838791 0.333333333333 0.607142857143 0.45730994152 0.477582846004
0.632241813602 0.666666666667 0.678571428571 0.685380116959 0.460038986355
0.625524769102 0.333333333333 0.75 0.8 0.600389863548
0.725440806045 0.0 0.75 0.515789473684 0.646198830409
0.725440806045 0.0 0.75 0.515789473684 0.646198830409
0.625524769102 0.333333333333 0.75 0.8 0.600389863548
0.659949622166 0.666666666667 0.785714285714 0.8 0.600389863548
0.745591939547 0.0 0.714285714286 0.469005847953 0.490253411306
0.68094038623 0.0 0.607142857143 0.408187134503 0.391812865497
0.696053736356 0.333333333333 0.642857142857 0.488888888889 0.51559454191
0.696053736356 0.333333333333 0.642857142857 0.488888888889 0.51559454191
0.879093198992 0.5 0.892857142857 0.847953216374 0.832358674464
0.879093198992 0.5 0.892857142857 0.847953216374 0.832358674464
0.761544920235 0.833333333333 0.75 0.495906432749 0.553606237817
0.761544920235 0.833333333333 0.75 0.495906432749 0.553606237817
0.882451721243 1.0 0.857142857143 0.790643274854 0.803118908382
0.597816960537 0.333333333333 0.642857142857 0.685380116959 0.460038986355
0.659109991604 0.333333333333 0.642857142857 0.54269005848 0.557504873294
0.659109991604 0.333333333333 0.642857142857 0.54269005848 0.557504873294
0.673383711167 0.666666666667 0.714285714286 0.716959064327 0.498050682261
0.696893366919 0.666666666667 0.785714285714 0.746198830409 0.558479532164
0.853904282116 0.666666666667 0.928571428571 0.907602339181 0.889863547758
0.853904282116 0.666666666667 0.928571428571 0.907602339181 0.889863547758
0.843828715365 0.166666666667 0.892857142857 0.771929824561 0.885964912281
0.843828715365 0.166666666667 0.892857142857 0.771929824561 0.885964912281
0.826196473552 0.333333333333 0.857142857143 0.679532163743 0.771929824561
0.826196473552 0.333333333333 0.857142857143 0.679532163743 0.771929824561
0.830394626364 0.333333333333 0.892857142857 0.764912280702 0.851851851852
0.867338371117 0.333333333333 0.892857142857 0.711111111111 0.809941520468
0.738874895046 0.333333333333 0.714285714286 0.437426900585 0.4522417154
0.715365239295 0.333333333333 0.642857142857 0.408187134503 0.391812865497
0.806884970613 0.166666666667 0.892857142857 0.825730994152 0.927875243665
0.8026868178 0.166666666667 0.857142857143 0.740350877193 0.847953216374
0.80604534005 0.166666666667 0.821428571429 0.863157894737 0.810916179337
0.867338371117 0.5 0.964285714286 0.968421052632 0.988304093567
0.673383711167 0.666666666667 0.714285714286 0.716959064327 0.498050682261
0.632241813602 0.666666666667 0.678571428571 0.685380116959 0.460038986355
0.836272040302 0.333333333333 0.821428571429 0.712280701754 0.659844054581
0.825356842989 0.0 0.857142857143 0.741520467836 0.720272904483
0.68094038623 0.0 0.607142857143 0.408187134503 0.391812865497
0.68094038623 0.0 0.607142857143 0.408187134503 0.391812865497
0.659109991604 0.333333333333 0.642857142857 0.54269005848 0.557504873294
0.706968933669 0.666666666667 0.607142857143 0.459649122807 0.455165692008
0.625524769102 0.333333333333 0.75 0.8 0.600389863548
0.625524769102 0.333333333333 0.75 0.8 0.600389863548
0.725440806045 0.0 0.75 0.515789473684 0.646198830409
0.801007556675 0.333333333333 0.821428571429 0.547368421053 0.684210526316
0.809403862301 0.333333333333 0.857142857143 0.866666666667 0.926900584795
0.809403862301 0.333333333333 0.857142857143 0.866666666667 0.926900584795
0.72376154492 0.5 0.714285714286 0.438596491228 0.648148148148
0.719563392107 0.5 0.678571428571 0.353216374269 0.568226120858
0.725440806045 0.0 0.75 0.515789473684 0.646198830409
0.725440806045 0.0 0.75 0.515789473684 0.646198830409
0.801007556675 1.0 0.892857142857 0.920467836257 0.857699805068
0.76658270361 0.833333333333 0.857142857143 0.920467836257 0.857699805068
0.662468513854 0.166666666667 0.714285714286 0.546198830409 0.615009746589
0.696893366919 0.5 0.75 0.546198830409 0.615009746589
0.867338371117 0.5 0.964285714286 0.968421052632 0.988304093567
0.901763224181 0.666666666667 1.0 0.968421052632 0.988304093567
