0.799046321526 0.0 0.807692307692 0.638823529412 0.822128851541
0.846049046322 0.0 0.846153846154 0.729411764706 0.901960784314
0.827656675749 0.0 0.730769230769 0.544705882353 0.810924369748
0.75068119891 0.0 0.692307692308 0.538823529412 0.761904761905
0.745231607629 0.0 0.769230769231 0.625882352941 0.763305322129
0.794277929155 0.0 0.807692307692 0.752941176471 0.896358543417
0.818119891008 0.0 0.807692307692 0.710588235294 0.868347338936
0.900057770075 0.0 0.903225806452 0.857142857143 1.0
0.965940054496 0.0 0.884615384615 0.732941176471 0.959383753501
0.711852861035 0.0 0.730769230769 0.572941176471 0.697478991597
0.622615803815 0.0 0.615384615385 0.447058823529 0.593837535014
1.0 0.0 0.923076923077 0.669411764706 0.883753501401
0.689774696707 0.0 0.774193548387 0.701821668265 0.753005464481
0.754768392371 0.0 0.807692307692 0.737647058824 0.819327731092
0.806539509537 0.0 0.730769230769 0.538823529412 0.747899159664
0.579019073569 0.0 0.538461538462 0.468235294118 0.640056022409
0.857629427793 0.0 0.807692307692 0.649411764706 0.827731092437
0.66485013624 0.0 0.653846153846 0.503529411765 0.641456582633
0.759536784741 0.0 0.653846153846 0.503529411765 0.733893557423
0.875340599455 0.0 1.0 1.0 1.0
0.758855585831 0.0 0.846153846154 0.855294117647 0.892156862745
0.778610354223 0.0 0.769230769231 0.574117647059 0.707282913165
0.535422343324 0.0 0.5 0.388235294118 0.546218487395
0.655313351499 0.0 0.615384615385 0.410588235294 0.570028011204
0.761580381471 0.0 0.807692307692 0.924705882353 0.997198879552
0.6689373297 0.0 0.692307692308 0.48 0.574229691877
0.66825613079 0.0 0.653846153846 0.456470588235 0.588235294118
0.608310626703 0.0 0.615384615385 0.485882352941 0.595238095238
0.542234332425 0.0 0.5 0.388235294118 0.546218487395
0.50408719346 0.0 0.461538461538 0.388235294118 0.546218487395
0.66689373297 0.0 0.615384615385 0.434117647059 0.59943977591
0.602861035422 0.0 0.615384615385 0.528235294118 0.628851540616
0.772479564033 0.0 0.769230769231 0.565882352941 0.682072829132
0.820163487738 0.0 0.846153846154 0.603529411765 0.690476190476
0.674754477181 0.0 0.709677419355 0.523489932886 0.601092896175
0.725476839237 0.0 0.692307692308 0.482352941176 0.627450980392
0.670980926431 0.0 0.615384615385 0.434117647059 0.59943977591
0.489782016349 0.0 0.461538461538 0.412941176471 0.549019607843
0.544277929155 0.0 0.538461538462 0.412941176471 0.525210084034
0.741825613079 0.0 0.769230769231 0.657647058824 0.736694677871
0.651226158038 0.0 0.576923076923 0.367058823529 0.547619047619
0.939373297003 0.0 0.923076923077 0.691764705882 0.812324929972
0.66280653951 0.0 0.692307692308 0.663529411765 0.738095238095
0.58514986376 0.0 0.576923076923 0.515294117647 0.627450980392
0.579019073569 0.0 0.538461538462 0.388235294118 0.532212885154
0.662125340599 0.0 0.576923076923 0.412941176471 0.600840336134
0.625340599455 0.0 0.615384615385 0.412941176471 0.525210084034
0.551089918256 0.0 0.538461538462 0.435294117647 0.549019607843
0.6689373297 0.0 0.653846153846 0.416470588235 0.532212885154
0.535422343324 0.0 0.5 0.412941176471 0.549019607843
0.5810626703 0.0 0.5 0.367058823529 0.547619047619
0.791553133515 0.0 0.769230769231 0.668235294118 0.789915966387
0.623978201635 0.0 0.615384615385 0.416470588235 0.52380952381
0.766348773842 0.0 0.653846153846 0.410588235294 0.621848739496
0.596049046322 0.0 0.576923076923 0.522352941176 0.640056022409
0.614441416894 0.0 0.576923076923 0.412941176471 0.549019607843
0.714615829001 0.0 0.741935483871 0.519654841802 0.590163934426
0.710490463215 0.0 0.615384615385 0.377647058824 0.570028011204
0.676430517711 0.0 0.615384615385 0.421176470588 0.578431372549
0.6689373297 0.0 0.692307692308 0.64 0.712885154062
0.756811989101 0.0 0.730769230769 0.683529411765 0.805322128852
0.955722070845 0.0 0.923076923077 0.747058823529 0.875350140056
0.605585831063 0.0 0.538461538462 0.476470588235 0.638655462185
0.619891008174 0.0 0.576923076923 0.496470588235 0.634453781513
0.617166212534 0.0 0.615384615385 0.405882352941 0.501400560224
0.649863760218 0.0 0.576923076923 0.434117647059 0.59943977591
0.701634877384 0.0 0.692307692308 0.517647058824 0.619047619048
0.66485013624 0.0 0.615384615385 0.382352941176 0.52380952381
0.818801089918 0.0 0.769230769231 0.571764705882 0.712885154062
0.791553133515 0.0 0.769230769231 0.689411764706 0.802521008403
0.725476839237 0.0 0.769230769231 0.68 0.726890756303
0.843324250681 0.0 0.846153846154 0.821176470588 0.908963585434
0.626702997275 0.0 0.538461538462 0.377647058824 0.556022408964
0.687329700272 0.0 0.576923076923 0.423529411765 0.62324929972
0.599455040872 0.0 0.576923076923 0.523529411765 0.634453781513
0.614441416894 0.0 0.576923076923 0.445882352941 0.571428571429
0.700272479564 0.0 0.730769230769 0.777647058824 0.834733893557
0.74727520436 0.0 0.769230769231 0.647058823529 0.711484593838
0.745231607629 0.0 0.769230769231 0.618823529412 0.680672268908
0.688010899183 0.0 0.615384615385 0.389411764706 0.547619047619
0.848092643052 0.0 0.807692307692 0.543529411765 0.669467787115
0.617166212534 0.0 0.576923076923 0.445882352941 0.571428571429
0.709809264305 0.0 0.769230769231 0.594117647059 0.617647058824
0.589918256131 0.0 0.576923076923 0.405882352941 0.501400560224
0.769754768392 0.0 0.769230769231 0.522352941176 0.602240896359
0.623978201635 0.0 0.576923076923 0.497647058824 0.62324929972
0.650544959128 0.0 0.576923076923 0.434117647059 0.585434173669
0.91485013624 0.0 0.884615384615 0.638823529412 0.74649859944
0.612397820163 0.0 0.576923076923 0.405882352941 0.516806722689
0.698228882834 0.0 0.653846153846 0.494117647059 0.613445378151
0.696185286104 0.0 0.730769230769 0.530588235294 0.570028011204
0.612397820163 0.0 0.538461538462 0.462352941176 0.609243697479
0.66825613079 0.0 0.615384615385 0.497647058824 0.62324929972
0.682561307902 0.0 0.576923076923 0.487058823529 0.663865546218
0.826294277929 0.0 0.769230769231 0.554117647059 0.682072829132
0.83242506812 0.0 0.769230769231 0.549411764706 0.683473389356
0.634196185286 0.0 0.653846153846 0.532941176471 0.584033613445
0.527929155313 0.0 0.5 0.325882352941 0.422969187675
0.527929155313 0.0 0.5 0.325882352941 0.422969187675
0.650544959128 0.0 0.615384615385 0.474117647059 0.578431372549
