0.762094102054 0.0 0.84 0.693803159174 0.767038413879
0.74817760106 0.0 0.76 0.555285540705 0.691449814126
0.654738237243 0.0 0.72 0.654921020656 0.736059479554
0.750828363154 0.0 0.84 0.722964763062 0.770755885998
0.785950960901 0.0 0.84 0.642770352369 0.724907063197
0.698475811796 0.0 0.76 0.628189550425 0.702602230483
0.745526838966 0.0 0.8 0.664641555286 0.745972738538
0.762094102054 0.0 0.76 0.654921020656 0.789343246592
0.686547382372 0.0 0.76 0.705953827461 0.764560099133
0.675944333996 0.0 0.72 0.573511543135 0.656753407683
0.642147117296 0.0 0.72 0.681652490887 0.728624535316
0.789264413519 0.0 0.84 0.659781287971 0.728624535316
0.58449304175 0.0 0.6 0.490886998785 0.594795539033
0.934393638171 0.0 1.0 0.947752126367 1.0
0.830351225977 0.0 0.88 0.667071688943 0.733581164808
0.63154406892 0.0 0.68 0.590522478736 0.657992565056
0.683422459893 0.0 0.714285714286 0.732061762035 0.817034700315
0.617627567926 0.0 0.64 0.490886998785 0.582403965304
0.715043074884 0.0 0.8 0.739975698663 0.767038413879
0.660039761431 0.0 0.72 0.563791008505 0.613382899628
0.83830351226 0.0 0.92 0.71567436209 0.742255266419
0.638170974155 0.0 0.64 0.469015795869 0.574969021066
0.536779324056 0.0 0.56 0.490886998785 0.573729863693
0.520874751491 0.0 0.52 0.490886998785 0.594795539033
0.744864148443 0.0 0.76 0.538274605103 0.620817843866
0.683896620278 0.0 0.72 0.643985419198 0.705080545229
0.62027833002 0.0 0.68 0.686512758202 0.723667905824
0.856858846918 0.0 0.84 0.601458080194 0.712515489467
0.600397614314 0.0 0.64 0.600243013366 0.654275092937
0.695162359178 0.0 0.72 0.51397326853 0.582403965304
0.644135188867 0.0 0.68 0.483596597813 0.540272614622
0.90788601723 0.0 0.96 0.913730255164 0.952912019827
0.65606361829 0.0 0.64 0.479951397327 0.582403965304
0.613651424785 0.0 0.64 0.616038882139 0.674101610905
0.542743538767 0.0 0.6 0.509113001215 0.534076827757
0.576540755467 0.0 0.6 0.483596597813 0.540272614622
1.0 0.0 1.0 0.792223572296 0.868649318463
0.854208084824 0.0 0.96 1.0 0.969021065675
0.554010695187 0.0 0.571428571429 0.485921889192 0.542586750789
0.850894632207 0.0 0.92 0.742405832321 0.743494423792
0.698475811796 0.0 0.68 0.426488456865 0.514250309789
0.792577866137 0.0 0.76 0.678007290401 0.779429987608
0.724983432737 0.0 0.76 0.609963547995 0.64312267658
0.907223326706 0.0 0.96 0.817739975699 0.831474597274
0.600397614314 0.0 0.64 0.509113001215 0.534076827757
0.754804506296 0.0 0.76 0.554070473876 0.613382899628
0.559973492379 0.0 0.6 0.419198055893 0.443618339529
0.730284956925 0.0 0.72 0.538274605103 0.609665427509
0.801855533466 0.0 0.84 0.590522478736 0.613382899628
0.523525513585 0.0 0.56 0.419198055893 0.443618339529
0.84385026738 0.0 0.828571428571 0.77838328792 0.853838065195
0.809625668449 0.0 0.742857142857 0.537693006358 0.664563617245
0.525513585156 0.0 0.56 0.509113001215 0.534076827757
0.485752153744 0.0 0.52 0.509113001215 0.534076827757
0.503644797879 0.0 0.48 0.400972053463 0.483271375465
0.573889993373 0.0 0.6 0.510328068044 0.542750929368
0.625579854208 0.0 0.64 0.523693803159 0.567534076828
0.669317428761 0.0 0.72 0.551640340219 0.558859975217
0.775347912525 0.0 0.76 0.493317132442 0.566294919455
0.65606361829 0.0 0.68 0.592952612394 0.625774473358
0.569251159708 0.0 0.52 0.402187120292 0.505576208178
0.717031146455 0.0 0.68 0.445929526124 0.536555142503
0.739562624254 0.0 0.76 0.575941676792 0.608426270136
0.642147117296 0.0 0.64 0.521263669502 0.576208178439
0.611663353214 0.0 0.64 0.475091130012 0.499380421314
0.722332670643 0.0 0.8 0.736330498177 0.711276332094
0.465871438038 0.0 0.48 0.426488456865 0.46468401487
0.452617627568 0.0 0.48 0.419198055893 0.443618339529
0.580516898608 0.0 0.6 0.543134872418 0.574969021066
0.613651424785 0.0 0.64 0.509113001215 0.534076827757
0.64479787939 0.0 0.64 0.437424058323 0.493184634449
0.60901259112 0.0 0.64 0.501822600243 0.520446096654
0.626905235255 0.0 0.64 0.526123936817 0.562577447336
0.602385685885 0.0 0.56 0.415552855407 0.506815365551
0.697150430749 0.0 0.72 0.538274605103 0.563816604709
0.600397614314 0.0 0.6 0.512758201701 0.561338289963
0.657388999337 0.0 0.6 0.426488456865 0.531598513011
0.500994035785 0.0 0.48 0.437424058323 0.505576208178
0.568588469185 0.0 0.6 0.557715674362 0.57249070632
0.692511597084 0.0 0.76 0.65127582017 0.629491945477
0.686547382372 0.0 0.76 0.699878493317 0.671623296159
0.41871657754 0.0 0.4 0.313351498638 0.376445846477
0.549370444003 0.0 0.6 0.622114216282 0.614622057001
0.565275016567 0.0 0.64 0.524908869988 0.493184634449
0.719681908549 0.0 0.68 0.489671931956 0.571251548947
0.504812834225 0.0 0.485714285714 0.258855585831 0.319663512093
0.516235917826 0.0 0.52 0.336573511543 0.374225526642
0.452406417112 0.0 0.4 0.318801089918 0.412197686646
0.587143803844 0.0 0.6 0.515188335358 0.542750929368
0.791978609626 0.0 0.771428571429 0.605812897366 0.666666666667
0.599734923791 0.0 0.56 0.471445929526 0.551425030979
0.542080848244 0.0 0.52 0.473876063183 0.532837670384
0.662027833002 0.0 0.64 0.511543134872 0.570012391574
0.503644797879 0.0 0.48 0.334143377886 0.392812887237
0.522862823062 0.0 0.52 0.336573511543 0.374225526642
0.660039761431 0.0 0.68 0.623329283111 0.638166047088
0.641484426773 0.0 0.64 0.496962332928 0.532837670384
0.630881378396 0.0 0.64 0.484811664642 0.509293680297
0.556660039761 0.0 0.52 0.400972053463 0.470879801735
0.60901259112 0.0 0.56 0.31227217497 0.39405204461
