0.363814500327 0.0 0.333333333333 0.245962732919 0.222379603399
0.525146962769 0.166666666667 0.481481481481 0.557763975155 0.474504249292
0.33115610712 0.333333333333 0.222222222222 0.12298136646 0.0169971671388
0.63879817113 0.333333333333 0.555555555556 0.47950310559 0.378186968839
0.414108425865 0.0 0.37037037037 0.335403726708 0.371104815864
0.610711952972 0.5 0.555555555556 0.377639751553 0.42209631728
0.687785760941 0.333333333333 0.592592592593 0.608695652174 0.471671388102
0.459830176355 0.0 0.444444444444 0.457142857143 0.451841359773
0.45264532985 0.5 0.37037037037 0.273291925466 0.21954674221
0.338340953625 0.166666666667 0.259259259259 0.221118012422 0.114730878187
0.602220770738 0.833333333333 0.481481481481 0.182608695652 0.223796033994
0.510777269758 0.0 0.518518518519 0.417391304348 0.347025495751
0.802743305029 0.5 0.814814814815 0.801242236025 0.56940509915
0.836054866101 0.666666666667 0.888888888889 0.924223602484 0.757790368272
0.835401698236 0.666666666667 0.888888888889 0.845962732919 0.862606232295
0.650555192685 0.166666666667 0.555555555556 0.52298136646 0.483002832861
0.612671456564 0.166666666667 0.62962962963 0.571428571429 0.603399433428
0.56629653821 0.5 0.555555555556 0.447204968944 0.456090651558
0.311561071195 0.0 0.222222222222 0.12298136646 0.0169971671388
0.686479425212 0.0 0.62962962963 0.580124223602 0.654390934844
0.473546701502 0.0 0.444444444444 0.423602484472 0.429178470255
0.651208360549 0.333333333333 0.555555555556 0.43602484472 0.185552407932
0.650555192685 0.166666666667 0.555555555556 0.52298136646 0.483002832861
0.505551926845 0.166666666667 0.481481481481 0.393788819876 0.373937677054
0.921619856303 1.0 0.962962962963 0.940372670807 1.0
0.62769431744 0.5 0.62962962963 0.550310559006 0.576487252125
0.465708687133 0.166666666667 0.407407407407 0.337888198758 0.271954674221
0.429131286741 0.166666666667 0.333333333333 0.299378881988 0.178470254958
0.481384715872 0.5 0.407407407407 0.337888198758 0.271954674221
0.700849118223 1.0 0.62962962963 0.491925465839 0.528328611898
0.666884389288 0.5 0.518518518519 0.371428571429 0.274787535411
0.674722403658 0.5 0.592592592593 0.557763975155 0.637393767705
0.487916394513 0.333333333333 0.407407407407 0.262111801242 0.21388101983
0.650555192685 0.166666666667 0.555555555556 0.52298136646 0.483002832861
0.747224036577 0.333333333333 0.703703703704 0.590062111801 0.450424929178
0.76028739386 0.5 0.703703703704 0.601242236025 0.471671388102
0.386022207707 0.333333333333 0.37037037037 0.330434782609 0.301699716714
0.54408883083 0.333333333333 0.444444444444 0.427329192547 0.331444759207
0.537557152188 0.833333333333 0.481481481481 0.377639751553 0.436260623229
0.73350751143 0.333333333333 0.740740740741 0.79751552795 0.596317280453
0.725016329197 0.0 0.666666666667 0.601242236025 0.626062322946
0.815806662312 0.0 0.777777777778 0.762732919255 0.759206798867
0.668190725016 0.833333333333 0.592592592593 0.463354037267 0.464589235127
0.596342259961 0.166666666667 0.481481481481 0.521739130435 0.304532577904
0.458523840627 0.666666666667 0.37037037037 0.12298136646 0.0169971671388
0.419333768779 0.666666666667 0.333333333333 0.12298136646 0.0169971671388
0.448726322665 0.333333333333 0.407407407407 0.337888198758 0.349858356941
0.50163291966 0.0 0.481481481481 0.406211180124 0.21954674221
0.715871979099 0.333333333333 0.592592592593 0.549068322981 0.521246458924
0.772697583279 0.5 0.666666666667 0.647204968944 0.618980169972
0.865447419987 0.166666666667 0.814814814815 0.591304347826 0.518413597734
0.435662965382 0.5 0.37037037037 0.273291925466 0.21954674221
0.542129327237 0.166666666667 0.481481481481 0.411180124224 0.470254957507
0.635532331809 0.166666666667 0.555555555556 0.489440993789 0.533994334278
0.633572828217 0.5 0.592592592593 0.684472049689 0.562322946176
0.716525146963 0.666666666667 0.666666666667 0.383850931677 0.348441926346
0.455258001306 0.0 0.37037037037 0.258385093168 0.270538243626
0.389941214892 0.333333333333 0.333333333333 0.191304347826 0.120396600567
0.576747224037 0.5 0.481481481481 0.354037267081 0.28045325779
0.453298497714 0.166666666667 0.444444444444 0.470807453416 0.470254957507
0.612671456564 0.5 0.592592592593 0.321739130435 0.345609065156
0.634879163945 0.833333333333 0.592592592593 0.321739130435 0.345609065156
0.429784454605 0.5 0.37037037037 0.289440993789 0.218130311615
0.54408883083 0.5 0.444444444444 0.480745341615 0.395184135977
0.59307642064 0.5 0.518518518519 0.464596273292 0.373937677054
0.451992161986 0.333333333333 0.37037037037 0.191304347826 0.120396600567
0.661659046375 0.333333333333 0.592592592593 0.511801242236 0.348441926346
0.583278902678 0.333333333333 0.481481481481 0.427329192547 0.269121813031
0.311561071195 0.0 0.259259259259 0.191304347826 0.120396600567
0.370346178968 0.0 0.333333333333 0.245962732919 0.222379603399
0.448073154801 0.166666666667 0.37037037037 0.315527950311 0.21388101983
0.816459830176 0.5 0.740740740741 0.566459627329 0.43342776204
0.446766819073 0.166666666667 0.407407407407 0.311801242236 0.311614730878
0.433050293926 0.333333333333 0.37037037037 0.177639751553 0.118980169972
0.650555192685 0.166666666667 0.555555555556 0.52298136646 0.483002832861
0.370346178968 0.333333333333 0.296296296296 0.306832298137 0.212464589235
0.348138471587 0.0 0.296296296296 0.283229813665 0.247875354108
0.63879817113 0.833333333333 0.555555555556 0.458385093168 0.344192634561
0.483997387329 0.0 0.481481481481 0.393788819876 0.478753541076
0.691704768125 0.333333333333 0.62962962963 0.511801242236 0.348441926346
0.63096015676 0.666666666667 0.592592592593 0.491925465839 0.528328611898
0.416067929458 0.5 0.37037037037 0.274534161491 0.28611898017
0.493794905291 0.0 0.407407407407 0.433540372671 0.317280453258
0.6120182887 0.0 0.555555555556 0.583850931677 0.521246458924
0.350751143044 0.0 0.296296296296 0.177639751553 0.118980169972
0.537557152188 0.166666666667 0.555555555556 0.581366459627 0.56940509915
0.81711299804 0.833333333333 0.888888888889 0.814906832298 0.712464589235
0.525146962769 0.0 0.518518518519 0.488198757764 0.515580736544
0.854996734161 0.333333333333 0.888888888889 0.811180124224 0.875354107649
0.737426518615 0.333333333333 0.777777777778 0.688198757764 0.686968838527
0.65774003919 0.0 0.518518518519 0.468322981366 0.416430594901
0.726975832789 0.0 0.62962962963 0.628571428571 0.64730878187
0.727629000653 0.333333333333 0.592592592593 0.603726708075 0.526912181303
0.530372305683 0.0 0.444444444444 0.221118012422 0.245042492918
0.554539516656 0.333333333333 0.444444444444 0.347826086957 0.310198300283
0.454604833442 0.333333333333 0.333333333333 0.293167701863 0.20821529745
0.746570868713 0.0 0.703703703704 0.650931677019 0.669971671388
0.972566949706 0.5 1.0 0.919254658385 0.794617563739
0.762246897453 0.5 0.703703703704 0.510559006211 0.473087818697
0.698889614631 0.333333333333 0.62962962963 0.627329192547 0.573654390935
0.659699542782 0.666666666667 0.62962962963 0.495652173913 0.498583569405
0.589157413455 0.166666666667 0.555555555556 0.493167701863 0.531161473088
0.54408883083 0.0 0.444444444444 0.516770186335 0.417847025496
0.340300457218 0.0 0.296296296296 0.245962732919 0.222379603399
0.346832135859 0.333333333333 0.259259259259 0.12298136646 0.0169971671388
0.499020248204 0.0 0.407407407407 0.324223602484 0.395184135977
0.386022207707 0.333333333333 0.37037037037 0.330434782609 0.301699716714
0.314173742652 0.333333333333 0.222222222222 0.177639751553 0.118980169972
0.389941214892 0.333333333333 0.296296296296 0.12298136646 0.0169971671388
0.311561071195 0.0 0.222222222222 0.12298136646 0.0169971671388
0.472240365774 0.5 0.407407407407 0.286956521739 0.220963172805
1.0 0.833333333333 1.0 1.0 0.889518413598
0.705421293272 0.833333333333 0.666666666667 0.64099378882 0.541076487252
0.953625081646 1.0 0.962962962963 0.87950310559 0.847025495751
0.587851077727 0.333333333333 0.481481481481 0.388819875776 0.331444759207
0.728935336381 0.5 0.666666666667 0.570186335404 0.536827195467
0.536903984324 0.166666666667 0.481481481481 0.474534161491 0.378186968839
0.421946440235 0.0 0.333333333333 0.286956521739 0.150141643059
0.294578706728 0.0 0.222222222222 0.191304347826 0.120396600567
0.327237099935 0.0 0.259259259259 0.177639751553 0.118980169972
0.789026779882 0.333333333333 0.740740740741 0.664596273292 0.543909348442
0.446766819073 0.0 0.407407407407 0.263354037267 0.162889518414
0.73350751143 0.333333333333 0.592592592593 0.531677018634 0.321529745042
0.570215545395 0.333333333333 0.444444444444 0.378881987578 0.215297450425
0.442194644024 0.5 0.407407407407 0.274534161491 0.28611898017
0.774657086871 0.5 0.740740740741 0.910559006211 0.696883852691
0.65774003919 0.333333333333 0.518518518519 0.408695652174 0.339943342776
0.707380796865 0.5 0.62962962963 0.513043478261 0.458923512748
0.576747224037 0.333333333333 0.518518518519 0.51801242236 0.349858356941
0.550620509471 0.333333333333 0.518518518519 0.586335403727 0.453257790368
0.60091443501 0.833333333333 0.592592592593 0.621118012422 0.601983002833
0.822991508818 0.0 0.777777777778 0.734161490683 0.589235127479
0.357282821685 0.0 0.296296296296 0.177639751553 0.118980169972
0.602873938602 0.0 0.518518518519 0.407453416149 0.337110481586
0.524493794905 0.166666666667 0.444444444444 0.47701863354 0.313031161473
0.563683866754 1.0 0.518518518519 0.47701863354 0.42209631728
0.770084911822 0.833333333333 0.740740740741 0.55900621118 0.745042492918
0.409536250816 0.166666666667 0.37037037037 0.341614906832 0.322946175637
0.416067929458 0.166666666667 0.37037037037 0.40248447205 0.313031161473
0.740039190072 0.166666666667 0.62962962963 0.67950310559 0.609065155807
0.661659046375 0.5 0.62962962963 0.609937888199 0.446175637394
0.470280862182 0.5 0.407407407407 0.289440993789 0.218130311615
0.286087524494 0.0 0.185185185185 0.12298136646 0.0169971671388
0.602220770738 0.833333333333 0.481481481481 0.182608695652 0.223796033994
0.472240365774 0.333333333333 0.407407407407 0.433540372671 0.372521246459
0.390594382756 0.5 0.333333333333 0.289440993789 0.218130311615
0.519921619856 0.333333333333 0.444444444444 0.439751552795 0.378186968839
0.627041149575 0.0 0.62962962963 0.586335403727 0.634560906516
0.437622468975 0.666666666667 0.37037037037 0.234782608696 0.0991501416431
0.507511430438 0.666666666667 0.444444444444 0.300621118012 0.223796033994
0.76028739386 0.833333333333 0.740740740741 0.604968944099 0.679886685552
0.389941214892 0.333333333333 0.333333333333 0.191304347826 0.120396600567
0.819072501633 0.666666666667 0.703703703704 0.537888198758 0.369688385269
0.73350751143 0.333333333333 0.740740740741 0.79751552795 0.596317280453
0.409536250816 0.5 0.37037037037 0.219875776398 0.184135977337
0.470934030046 0.0 0.444444444444 0.349068322981 0.348441926346
0.442194644024 0.5 0.333333333333 0.269565217391 0.168555240793
0.765512736773 0.5 0.777777777778 0.788819875776 0.767705382436
0.751143043762 0.0 0.740740740741 0.770186335404 0.626062322946
0.679947746571 0.333333333333 0.62962962963 0.460869565217 0.351274787535
0.491182233834 0.166666666667 0.407407407407 0.260869565217 0.111898016997
0.527106466362 0.5 0.518518518519 0.459627329193 0.412181303116
0.481384715872 0.5 0.407407407407 0.337888198758 0.271954674221
0.54408883083 0.333333333333 0.444444444444 0.427329192547 0.331444759207
0.536903984324 0.833333333333 0.481481481481 0.316770186335 0.290368271955
0.527106466362 0.5 0.518518518519 0.459627329193 0.412181303116
0.460483344219 0.166666666667 0.444444444444 0.455900621118 0.402266288952
0.413455258001 0.0 0.333333333333 0.188819875776 0.14164305949
0.648595689092 0.0 0.62962962963 0.623602484472 0.43059490085
0.615284128021 0.333333333333 0.518518518519 0.427329192547 0.269121813031
0.45264532985 0.5 0.407407407407 0.341614906832 0.322946175637
0.736120182887 0.666666666667 0.703703703704 0.889440993789 0.732294617564
0.453298497714 0.166666666667 0.444444444444 0.470807453416 0.470254957507
0.835401698236 0.666666666667 0.888888888889 0.845962732919 0.862606232295
0.765512736773 0.333333333333 0.740740740741 0.71801242236 0.668555240793
0.621162638798 0.5 0.592592592593 0.555279503106 0.535410764873
0.676028739386 0.0 0.666666666667 0.64099378882 0.715297450425
0.460483344219 0.166666666667 0.444444444444 0.455900621118 0.402266288952
0.562377531025 0.166666666667 0.555555555556 0.462111801242 0.477337110482
0.63879817113 0.833333333333 0.555555555556 0.458385093168 0.344192634561
0.519921619856 0.0 0.444444444444 0.396273291925 0.36402266289
0.728282168517 0.0 0.703703703704 0.711801242236 0.553824362606
0.623122142391 0.5 0.592592592593 0.444720496894 0.477337110482
0.34225996081 0.0 0.259259259259 0.12298136646 0.0169971671388
0.596342259961 0.5 0.592592592593 0.35652173913 0.417847025496
0.63879817113 0.833333333333 0.555555555556 0.458385093168 0.344192634561
0.715218811234 0.833333333333 0.740740740741 0.691925465839 0.453257790368
0.809928151535 0.5 0.851851851852 0.832298136646 0.634560906516
0.346178967995 0.0 0.259259259259 0.239751552795 0.174220963173
0.642717178315 0.5 0.666666666667 0.59751552795 0.576487252125
0.357282821685 0.333333333333 0.259259259259 0.191304347826 0.120396600567
0.526453298498 0.333333333333 0.407407407407 0.341614906832 0.262039660057
0.403657740039 0.0 0.37037037037 0.357763975155 0.304532577904
0.727629000653 0.833333333333 0.703703703704 0.52049689441 0.584985835694
0.394513389941 0.166666666667 0.333333333333 0.352795031056 0.345609065156
0.559764859569 0.5 0.481481481481 0.580124223602 0.468838526912
0.457217504899 0.333333333333 0.37037037037 0.294409937888 0.276203966006
0.403657740039 0.0 0.37037037037 0.357763975155 0.304532577904
0.551273677335 0.5 0.481481481481 0.448447204969 0.372521246459
0.583932070542 0.5 0.518518518519 0.368944099379 0.375354107649
