1.0 0.5 1.0 0.777070063694 0.725072604066
0.940265486726 0.25 0.969696969697 1.0 0.944820909971
0.785398230088 1.0 0.727272727273 0.495905368517 0.498547918683
0.205199115044 0.0 0.121212121212 0.0900818926297 0.0116166505324
0.891039823009 0.75 0.848484848485 0.957233848954 1.0
0.988938053097 0.0 1.0 0.968152866242 0.837366892546
0.975663716814 0.75 0.878787878788 0.688808007279 0.827686350436
0.403761061947 0.75 0.393939393939 0.410373066424 0.418199419167
0.978982300885 0.25 0.939393939394 0.872611464968 0.909970958374
0.247234513274 0.25 0.181818181818 0.111010009099 0.055179090029
0.33407079646 0.5 0.30303030303 0.290263876251 0.278799612778
0.957411504425 0.75 0.909090909091 0.941765241128 0.91577928364
0.934734513274 0.0 0.969696969697 0.818926296633 0.909002904163
0.847898230088 0.5 0.878787878788 0.865332120109 0.853823814134
0.826327433628 0.0 0.878787878788 0.916287534122 0.77541142304
0.912610619469 0.0 0.939393939394 0.774340309372 0.741529525653
0.844579646018 0.25 0.848484848485 0.932666060055 0.972894482091
0.295353982301 0.25 0.212121212121 0.101910828025 0.0667957405615
0.642699115044 0.75 0.606060606061 0.514103730664 0.64472410455
0.921460176991 0.5 0.939393939394 0.96542311192 0.824782187803
0.266039823009 0.0 0.242424242424 0.202001819836 0.136495643756
0.762168141593 0.75 0.787878787879 0.646041856233 0.589545014521
0.254977876106 0.0 0.212121212121 0.151956323931 0.0658276863504
0.820796460177 0.75 0.818181818182 0.758871701547 0.750242013553
0.232853982301 0.0 0.181818181818 0.180163785259 0.151984511133
0.928097345133 0.25 0.909090909091 0.880800727934 0.840271055179
0.338495575221 0.25 0.272727272727 0.137397634213 0.0900290416263
0.586283185841 0.0 0.636363636364 0.676979071884 0.565343659245
0.638274336283 0.0 0.69696969697 0.637852593267 0.544046466602
0.216261061947 0.0 0.151515151515 0.140127388535 0.082284607938
0.60232300885 0.75 0.575757575758 0.600545950864 0.609874152953
0.782079646018 0.75 0.757575757576 0.617834394904 0.727008712488
0.669800884956 0.0 0.727272727273 0.516833484986 0.496611810261
0.357853982301 0.0 0.363636363636 0.376706096451 0.363988383349
0.618362831858 0.0 0.666666666667 0.552320291174 0.51403678606
0.614491150442 0.75 0.636363636364 0.540491355778 0.574056147144
0.41482300885 0.0 0.424242424242 0.310282074613 0.25266214908
0.923119469027 0.0 0.909090909091 0.767060964513 0.640851887706
0.68639380531 0.0 0.757575757576 0.727934485896 0.612778315586
0.563053097345 0.0 0.606060606061 0.464058234759 0.402710551791
0.837942477876 0.0 0.818181818182 0.910828025478 0.808325266215
0.752765486726 0.0 0.818181818182 0.648771610555 0.582768635044
0.504977876106 0.75 0.454545454545 0.244767970883 0.247821878025
0.46017699115 0.0 0.484848484848 0.497725204732 0.372700871249
0.741150442478 0.75 0.666666666667 0.356687898089 0.30880929332
0.742809734513 0.0 0.787878787879 0.756141947225 0.684414327202
0.856194690265 0.5 0.909090909091 0.949954504095 0.978702807357
0.304756637168 0.0 0.30303030303 0.242038216561 0.206195546951
0.365597345133 0.5 0.30303030303 0.222020018198 0.218780251694
0.522123893805 0.0 0.545454545455 0.467697907188 0.385285575992
0.282632743363 0.0 0.272727272727 0.242038216561 0.206195546951
0.330199115044 0.0 0.333333333333 0.309372156506 0.293320425944
0.707411504425 0.75 0.69696969697 0.563239308462 0.615682478219
0.317477876106 0.25 0.242424242424 0.101910828025 0.0667957405615
0.439159292035 0.0 0.454545454545 0.424931756142 0.449177153921
0.549778761062 0.5 0.484848484848 0.239308462238 0.259438528558
0.390486725664 0.5 0.333333333333 0.254777070064 0.262342691191
0.22732300885 0.0 0.151515151515 0.0900818926297 0.0116166505324
0.205199115044 0.0 0.121212121212 0.0900818926297 0.0116166505324
0.601216814159 0.75 0.515151515152 0.274795268426 0.348499515973
0.85564159292 0.25 0.818181818182 0.794358507734 0.774443368829
0.600110619469 0.75 0.545454545455 0.276615104641 0.333978702807
0.495575221239 0.75 0.424242424242 0.192902638763 0.179090029042
0.922566371681 0.25 0.909090909091 0.837124658781 0.789932236205
0.247234513274 0.25 0.181818181818 0.111010009099 0.055179090029
0.841261061947 0.0 0.848484848485 0.761601455869 0.724104549855
0.481194690265 0.0 0.515151515152 0.451319381256 0.43949661181
0.788163716814 0.5 0.757575757576 0.69881710646 0.696999031946
0.441924778761 0.0 0.363636363636 0.125568698817 0.0348499515973
0.429203539823 0.75 0.363636363636 0.192902638763 0.179090029042
0.553097345133 0.0 0.575757575758 0.496815286624 0.425943852856
0.391039823009 0.0 0.393939393939 0.326660600546 0.269119070668
0.880530973451 0.0 0.878787878788 0.770700636943 0.754114230397
0.439712389381 0.0 0.363636363636 0.0900818926297 0.0116166505324
0.727876106195 0.25 0.69696969697 0.479526842584 0.554695062924
0.697455752212 0.5 0.666666666667 0.541401273885 0.5701839303
0.798119469027 0.5 0.848484848485 0.738853503185 0.650532429816
0.757743362832 0.5 0.787878787879 0.752502274795 0.65440464666
0.861725663717 0.25 0.787878787879 0.505914467698 0.549854791868
0.339601769912 0.25 0.30303030303 0.161965423112 0.0784123910939
0.315818584071 0.0 0.212121212121 0.121929026388 0.0977734753146
0.836836283186 0.25 0.818181818182 0.797088262056 0.802516940949
0.810287610619 0.25 0.818181818182 0.818926296633 0.674733785092
0.904867256637 0.5 0.909090909091 0.762511373976 0.782187802517
0.766592920354 0.5 0.787878787879 0.777979981802 0.736689254598
0.878871681416 0.0 0.878787878788 0.851683348499 0.820909970958
0.289269911504 0.25 0.242424242424 0.161055505005 0.125847047435
0.444690265487 0.0 0.363636363636 0.213830755232 0.193610842207
0.608960176991 0.0 0.606060606061 0.563239308462 0.445304937076
0.722898230088 0.0 0.757575757576 0.589626933576 0.632139399806
0.767699115044 0.0 0.727272727273 0.631483166515 0.704743465634
0.884955752212 0.25 0.848484848485 0.538671519563 0.602129719264
0.540376106195 0.0 0.484848484848 0.288444040036 0.367860600194
0.738938053097 0.25 0.727272727273 0.556869881711 0.608906098742
0.83296460177 0.25 0.848484848485 0.680618744313 0.623426911907
0.689159292035 0.25 0.727272727273 0.686988171065 0.617618586641
0.620022123894 0.75 0.666666666667 0.655141037307 0.536302032914
0.899336283186 0.25 0.909090909091 0.718835304823 0.736689254598
0.721792035398 0.25 0.727272727273 0.666969972702 0.665053242982
0.801438053097 0.5 0.848484848485 0.722474977252 0.722168441433
0.664269911504 0.5 0.606060606061 0.606915377616 0.595353339787
0.678097345133 0.25 0.727272727273 0.73339399454 0.708615682478
0.550884955752 0.25 0.484848484848 0.313011828935 0.393998063892
0.902654867257 0.25 0.878787878788 0.807097361237 0.826718296225
0.823561946903 0.5 0.878787878788 0.746132848044 0.843175217812
0.711283185841 0.5 0.666666666667 0.523202911738 0.517909002904
0.282079646018 0.0 0.181818181818 0.125568698817 0.0484027105518
0.485066371681 0.5 0.484848484848 0.400363967243 0.480154888674
0.451880530973 0.0 0.393939393939 0.235668789809 0.178121974831
0.356194690265 0.25 0.333333333333 0.327570518653 0.321393998064
0.75 0.0 0.757575757576 0.611464968153 0.666989351404
0.730088495575 0.25 0.636363636364 0.414922656961 0.453049370765
0.472898230088 0.25 0.424242424242 0.43949044586 0.471442400774
0.461283185841 0.0 0.363636363636 0.170154686078 0.182962245886
0.704646017699 0.25 0.636363636364 0.371246587807 0.300096805421
0.775995575221 0.0 0.787878787879 0.66424021838 0.597289448209
0.636615044248 0.25 0.636363636364 0.710646041856 0.623426911907
0.533738938053 0.25 0.454545454545 0.464058234759 0.46757018393
0.867809734513 0.0 0.848484848485 0.801637852593 0.746369796709
0.26935840708 0.0 0.212121212121 0.22474977252 0.145208131655
0.751659292035 0.0 0.787878787879 0.84076433121 0.687318489835
0.872787610619 0.0 0.878787878788 0.856232939035 0.838334946757
0.715154867257 0.25 0.727272727273 0.727024567789 0.689254598258
0.39435840708 0.0 0.30303030303 0.173794358508 0.133591481123
0.420353982301 0.0 0.363636363636 0.229299363057 0.222652468538
0.651548672566 0.0 0.636363636364 0.505914467698 0.435624394966
0.851769911504 0.0 0.787878787879 0.622383985441 0.680542110358
0.381637168142 0.0 0.30303030303 0.272975432211 0.232333010649
0.516592920354 0.25 0.515151515152 0.409463148317 0.434656340755
0.455752212389 0.25 0.393939393939 0.152866242038 0.0987415295257
0.556969026549 0.0 0.515151515152 0.293903548681 0.312681510165
0.827433628319 0.25 0.818181818182 0.746132848044 0.717328170378
0.566924778761 0.5 0.545454545455 0.549590536852 0.529525653437
0.502765486726 0.25 0.393939393939 0.143767060965 0.110358180058
0.847345132743 0.0 0.848484848485 0.715195632393 0.730880929332
0.841814159292 0.25 0.878787878788 0.802547770701 0.811229428848
0.391592920354 0.25 0.393939393939 0.381255686988 0.343659244918
0.368362831858 0.0 0.333333333333 0.175614194722 0.105517909003
0.502765486726 0.25 0.454545454545 0.484076433121 0.464666021297
0.658185840708 0.0 0.636363636364 0.531392174704 0.456921587609
0.490597345133 0.0 0.363636363636 0.147406733394 0.055179090029
0.813053097345 0.5 0.818181818182 0.868061874431 0.774443368829
0.221792035398 0.0 0.151515151515 0.130118289354 0.081316553727
0.346792035398 0.0 0.30303030303 0.197452229299 0.16844143272
0.554756637168 0.25 0.545454545455 0.450409463148 0.458857696031
0.648783185841 0.0 0.666666666667 0.536851683348 0.428848015489
0.624446902655 0.5 0.545454545455 0.348498635123 0.400774443369
0.779867256637 0.25 0.787878787879 0.59508644222 0.670861568248
0.630530973451 0.0 0.606060606061 0.417652411283 0.490803484995
0.527654867257 0.0 0.454545454545 0.333030027298 0.30880929332
0.621128318584 0.0 0.606060606061 0.472247497725 0.419167473379
0.780420353982 0.5 0.727272727273 0.704276615105 0.745401742498
0.476769911504 0.0 0.393939393939 0.215650591447 0.153920619555
0.593473451327 0.25 0.575757575758 0.38398544131 0.285575992256
0.767699115044 0.5 0.666666666667 0.467697907188 0.509196515005
0.285951327434 0.0 0.242424242424 0.20746132848 0.169409486931
0.323008849558 0.0 0.272727272727 0.171974522293 0.0677637947725
0.409292035398 0.25 0.363636363636 0.323930846224 0.359148112294
0.455199115044 0.0 0.393939393939 0.20746132848 0.0909970958374
0.798119469027 0.5 0.787878787879 0.671519563239 0.679574056147
0.441924778761 0.0 0.363636363636 0.175614194722 0.119070667957
0.388274336283 0.0 0.333333333333 0.300272975432 0.251694094869
0.650442477876 0.0 0.636363636364 0.635122838944 0.576960309777
0.513827433628 0.0 0.484848484848 0.343039126479 0.334946757018
0.518252212389 0.5 0.484848484848 0.471337579618 0.499515972894
0.680862831858 0.0 0.666666666667 0.628753412193 0.52371732817
0.64657079646 0.5 0.606060606061 0.596906278435 0.566311713456
0.872787610619 0.0 0.848484848485 0.565059144677 0.714424007744
0.52267699115 0.5 0.515151515152 0.427661510464 0.491771539206
0.37610619469 0.0 0.363636363636 0.263876251137 0.19651500484
0.632743362832 0.5 0.575757575758 0.311191992721 0.198451113262
0.675884955752 0.25 0.69696969697 0.626023657871 0.692158760891
0.593473451327 0.5 0.575757575758 0.462238398544 0.414327202323
0.592367256637 0.25 0.575757575758 0.490445859873 0.43949661181
0.463495575221 0.0 0.424242424242 0.275705186533 0.305905130687
0.378318584071 0.25 0.333333333333 0.151046405823 0.124878993224
0.576327433628 0.0 0.545454545455 0.394904458599 0.455953533398
0.450221238938 0.25 0.393939393939 0.242038216561 0.216844143272
0.324668141593 0.25 0.272727272727 0.178343949045 0.142303969022
0.583517699115 0.0 0.484848484848 0.281164695177 0.303000968054
0.634955752212 0.0 0.575757575758 0.52593266606 0.515972894482
0.938053097345 0.25 0.848484848485 0.762511373976 0.830590513069
0.575221238938 0.5 0.545454545455 0.494085532302 0.484995159729
0.386061946903 0.0 0.333333333333 0.140127388535 0.082284607938
0.620575221239 0.5 0.606060606061 0.663330300273 0.586640851888
0.752765486726 0.25 0.727272727273 0.574158325751 0.715392061955
0.508849557522 0.0 0.484848484848 0.360327570519 0.194578896418
0.800331858407 0.5 0.757575757576 0.666060054595 0.820909970958
0.596238938053 0.25 0.575757575758 0.443130118289 0.332042594385
0.546460176991 0.0 0.454545454545 0.177434030937 0.159728944821
0.666482300885 0.0 0.636363636364 0.58143767061 0.54211035818
0.56360619469 0.0 0.575757575758 0.431301182894 0.325266214908
0.372787610619 0.25 0.363636363636 0.367606915378 0.391093901258
0.680862831858 0.25 0.69696969697 0.434940855323 0.474346563408
0.405420353982 0.25 0.393939393939 0.285714285714 0.258470474347
0.600663716814 0.0 0.575757575758 0.452229299363 0.454017424976
0.566924778761 0.0 0.484848484848 0.420382165605 0.475314617619
0.66482300885 0.25 0.636363636364 0.578707916288 0.539206195547
0.681969026549 0.25 0.606060606061 0.308462238399 0.212971926428
0.578539823009 0.75 0.515151515152 0.341219290264 0.408518877057
