0.513623978202 0.333333333333 0.428571428571 0.363974001857 0.306709265176
0.529291553134 0.0 0.5 0.396471680594 0.394036208733
0.431880108992 0.0 0.357142857143 0.223769730734 0.150159744409
0.858310626703 0.666666666667 0.821428571429 0.717734447539 0.600638977636
0.773160762943 0.666666666667 0.714285714286 0.52460538533 0.575079872204
0.853542234332 0.666666666667 0.857142857143 0.732590529248 0.79552715655
0.49591280654 0.333333333333 0.392857142857 0.223769730734 0.150159744409
0.431880108992 0.333333333333 0.357142857143 0.341689879294 0.312034078807
0.829019073569 0.333333333333 0.714285714286 0.447539461467 0.375931842386
0.66689373297 0.0 0.607142857143 0.401114206128 0.428115015974
1.0 1.0 0.857142857143 0.50139275766 0.576144834931
0.390326975477 0.0 0.285714285714 0.091922005571 0.0127795527157
0.41553133515 0.0 0.321428571429 0.132776230269 0.0894568690096
0.356948228883 0.0 0.25 0.132776230269 0.0894568690096
0.519754768392 0.333333333333 0.464285714286 0.381615598886 0.294994675186
0.519754768392 0.333333333333 0.464285714286 0.381615598886 0.294994675186
0.348092643052 0.0 0.285714285714 0.223769730734 0.150159744409
0.25272479564 0.0 0.142857142857 0.091922005571 0.0127795527157
0.649182561308 0.666666666667 0.642857142857 0.63695450325 0.659211927583
0.481607629428 0.0 0.392857142857 0.282265552461 0.230031948882
0.470027247956 0.333333333333 0.428571428571 0.306406685237 0.33439829606
0.687329700272 0.333333333333 0.642857142857 0.344475394615 0.443024494143
0.793596730245 0.333333333333 0.714285714286 0.465181058496 0.467518636848
0.788147138965 0.333333333333 0.785714285714 0.640668523677 0.604898828541
0.861716621253 0.0 0.821428571429 0.532961931291 0.471778487753
0.635558583106 0.666666666667 0.5 0.410399257196 0.29392971246
0.435967302452 0.0 0.321428571429 0.091922005571 0.0127795527157
0.565395095368 0.333333333333 0.5 0.381615598886 0.294994675186
0.386239782016 0.333333333333 0.321428571429 0.341689879294 0.312034078807
0.597411444142 0.333333333333 0.535714285714 0.442896935933 0.484558040469
0.678474114441 0.333333333333 0.678571428571 0.476323119777 0.580404685836
0.690054495913 0.666666666667 0.642857142857 0.502321262767 0.58785942492
0.623978201635 1.0 0.571428571429 0.461467038069 0.511182108626
0.365803814714 0.333333333333 0.285714285714 0.300835654596 0.235356762513
0.531335149864 0.0 0.392857142857 0.274837511606 0.309904153355
0.477520435967 0.333333333333 0.357142857143 0.216341689879 0.261980830671
0.847411444142 0.0 0.714285714286 0.355617455896 0.369542066028
0.847411444142 0.0 0.714285714286 0.355617455896 0.369542066028
0.611716621253 0.333333333333 0.535714285714 0.327762302693 0.162939297125
0.542915531335 0.333333333333 0.392857142857 0.240482822656 0.220447284345
0.273160762943 0.0 0.178571428571 0.132776230269 0.0894568690096
0.648501362398 0.0 0.678571428571 0.551532033426 0.454739084132
0.429155313351 0.0 0.321428571429 0.132776230269 0.0894568690096
0.470027247956 0.0 0.392857142857 0.183844011142 0.16719914803
0.470027247956 0.333333333333 0.428571428571 0.375116063138 0.430244941427
0.775885558583 0.333333333333 0.714285714286 0.682451253482 0.61661341853
0.994550408719 0.666666666667 1.0 1.0 0.857294994675
0.372615803815 0.333333333333 0.25 0.178272980501 0.0820021299255
0.49591280654 0.333333333333 0.392857142857 0.287836583101 0.351437699681
0.506130790191 0.333333333333 0.428571428571 0.342618384401 0.374866879659
0.372615803815 0.333333333333 0.285714285714 0.290622098422 0.234291799787
0.33174386921 0.0 0.25 0.201485608171 0.185303514377
0.966621253406 0.666666666667 1.0 0.825441039926 1.0
0.760899182561 0.333333333333 0.75 0.552460538533 0.667731629393
0.273160762943 0.0 0.178571428571 0.132776230269 0.0894568690096
0.273160762943 0.0 0.178571428571 0.132776230269 0.0894568690096
0.881471389646 0.333333333333 0.857142857143 0.722376973073 0.53887113951
0.705040871935 0.333333333333 0.714285714286 0.58217270195 0.467518636848
0.644414168937 0.666666666667 0.607142857143 0.384401114206 0.425985090522
0.712534059946 0.666666666667 0.678571428571 0.384401114206 0.425985090522
0.697547683924 0.0 0.678571428571 0.459610027855 0.300319488818
0.805858310627 0.0 0.75 0.518105849582 0.348242811502
0.779972752044 0.666666666667 0.785714285714 0.676880222841 0.552715654952
0.691416893733 0.333333333333 0.678571428571 0.519034354689 0.407880724175
0.286784741144 0.0 0.214285714286 0.183844011142 0.16719914803
0.300408719346 0.0 0.214285714286 0.132776230269 0.0894568690096
0.863079019074 0.333333333333 0.714285714286 0.373259052925 0.292864749734
0.721389645777 0.333333333333 0.571428571429 0.30547818013 0.32268370607
0.655313351499 0.0 0.535714285714 0.376973073352 0.24494142705
0.756130790191 0.0 0.642857142857 0.467966573816 0.234291799787
0.49931880109 0.333333333333 0.464285714286 0.422469823584 0.37167199148
0.617847411444 0.333333333333 0.571428571429 0.506035283194 0.544195953142
0.49727520436 0.0 0.392857142857 0.363974001857 0.221512247071
0.615122615804 0.333333333333 0.535714285714 0.486536675952 0.388711395101
0.680517711172 0.0 0.571428571429 0.256267409471 0.24494142705
0.517711171662 0.666666666667 0.428571428571 0.25348189415 0.248136315229
0.444822888283 0.333333333333 0.392857142857 0.410399257196 0.407880724175
0.568119891008 0.666666666667 0.571428571429 0.596100278552 0.61661341853
0.467302452316 0.0 0.321428571429 0.124419684308 0.107561235357
0.463215258856 0.0 0.357142857143 0.196843082637 0.130990415335
