830.0 0.0 14.0 349.0 390.0
828.0 0.0 15.0 375.0 369.0
779.0 0.0 14.0 345.0 358.0
830.0 0.0 14.0 343.0 373.0
846.0 0.0 15.0 390.0 405.0
842.0 0.0 14.0 277.0 302.0
862.0 0.0 16.0 409.0 334.0
857.0 0.0 14.0 326.0 336.0
846.0 0.0 14.0 277.0 302.0
1134.0 0.0 22.0 481.0 392.0
892.0 0.0 15.0 373.0 374.0
888.0 0.0 15.0 316.0 326.0
817.0 0.0 14.0 381.0 409.0
809.0 0.0 14.0 400.0 368.0
643.0 0.0 11.0 272.0 247.0
931.0 0.0 16.0 451.0 459.0
868.0 0.0 15.0 338.0 315.0
861.0 0.0 14.0 353.0 341.0
842.0 0.0 14.0 351.0 330.0
784.0 0.0 14.0 338.0 318.0
775.0 0.0 13.0 277.0 302.0
984.0 0.0 19.0 527.0 518.0
935.0 0.0 17.0 493.0 521.0
926.0 0.0 16.0 473.0 501.0
914.0 0.0 16.0 347.0 327.0
913.0 0.0 15.0 263.0 260.0
906.0 0.0 15.0 290.0 285.0
876.0 0.0 14.0 368.0 382.0
744.0 1.0 13.0 348.0 380.0
744.0 1.0 13.0 348.0 380.0
744.0 1.0 13.0 348.0 380.0
697.0 0.0 13.0 340.0 303.0
643.0 0.0 10.0 217.0 174.0
631.0 0.0 11.0 272.0 230.0
631.0 0.0 11.0 272.0 230.0
461.0 0.0 7.0 143.0 84.0
1074.0 0.0 19.0 517.0 573.0
989.0 1.0 20.0 595.0 552.0
918.0 0.0 14.0 321.0 352.0
900.0 0.0 14.0 299.0 312.0
833.0 0.0 13.0 297.0 328.0
822.0 0.0 15.0 368.0 270.0
750.0 0.0 12.0 286.0 318.0
749.0 0.0 12.0 277.0 302.0
707.0 0.0 11.0 290.0 283.0
699.0 0.0 11.0 296.0 319.0
664.0 0.0 12.0 319.0 301.0
633.0 0.0 10.0 277.0 302.0
1120.0 0.0 21.0 588.0 544.0
1081.0 3.0 20.0 430.0 444.0
1081.0 2.0 21.0 720.0 677.0
926.0 0.0 15.0 345.0 369.0
923.0 0.0 15.0 342.0 347.0
910.0 0.0 15.0 422.0 453.0
905.0 0.0 14.0 275.0 307.0
863.0 0.0 14.0 442.0 331.0
814.0 1.0 14.0 451.0 382.0
804.0 3.0 14.0 351.0 351.0
785.0 0.0 13.0 307.0 320.0
783.0 0.0 13.0 296.0 302.0
769.0 0.0 12.0 222.0 229.0
763.0 0.0 13.0 351.0 375.0
724.0 1.0 14.0 472.0 460.0
720.0 0.0 11.0 277.0 302.0
709.0 0.0 11.0 307.0 320.0
694.0 1.0 12.0 314.0 292.0
661.0 0.0 10.0 202.0 157.0
657.0 0.0 12.0 340.0 303.0
646.0 0.0 10.0 237.0 195.0
643.0 1.0 10.0 272.0 247.0
611.0 0.0 11.0 266.0 213.0
531.0 0.0 9.0 211.0 140.0
501.0 1.0 8.0 143.0 84.0
481.0 0.0 7.0 143.0 84.0
477.0 0.0 7.0 154.0 85.0
1297.0 1.0 25.0 662.0 663.0
1209.0 0.0 21.0 504.0 558.0
1199.0 2.0 22.0 506.0 511.0
1189.0 1.0 20.0 475.0 414.0
1114.0 0.0 19.0 478.0 583.0
1111.0 3.0 20.0 502.0 506.0
1105.0 0.0 19.0 437.0 471.0
1101.0 2.0 21.0 727.0 650.0
1093.0 0.0 19.0 596.0 666.0
1046.0 0.0 18.0 460.0 433.0
1004.0 0.0 19.0 473.0 407.0
987.0 0.0 18.0 557.0 559.0
979.0 1.0 17.0 347.0 310.0
937.0 1.0 18.0 618.0 603.0
934.0 1.0 15.0 316.0 335.0
934.0 1.0 15.0 316.0 335.0
929.0 1.0 15.0 381.0 338.0
913.0 3.0 14.0 367.0 353.0
910.0 0.0 18.0 599.0 549.0
906.0 0.0 14.0 439.0 350.0
