0.490301724138 0.375 0.5 0.541742286751 0.640043763676
0.364762931034 0.125 0.323529411765 0.294010889292 0.241794310722
0.346443965517 0.125 0.294117647059 0.262250453721 0.231947483589
0.508081896552 0.375 0.441176470588 0.463702359347 0.436542669584
0.351831896552 0.375 0.294117647059 0.21778584392 0.239606126915
0.464439655172 0.25 0.382352941176 0.396551724138 0.327133479212
0.530711206897 0.25 0.411764705882 0.345735027223 0.239606126915
0.346443965517 0.375 0.264705882353 0.110707803993 0.062363238512
0.409482758621 0.625 0.323529411765 0.244101633394 0.161925601751
0.619612068966 0.125 0.588235294118 0.575317604356 0.617067833698
0.522090517241 0.125 0.470588235294 0.351179673321 0.417943107221
0.475754310345 0.375 0.382352941176 0.219600725953 0.210065645514
0.571120689655 0.375 0.5 0.399274047187 0.492341356674
1.0 0.625 1.0 1.0 1.0
0.471982758621 0.25 0.382352941176 0.378402903811 0.237417943107
0.620689655172 0.375 0.647058823529 0.691470054446 0.675054704595
0.533405172414 0.0 0.529411764706 0.468239564428 0.472647702407
0.519396551724 0.0 0.5 0.420145190563 0.403719912473
0.327586206897 0.25 0.235294117647 0.129764065336 0.0919037199125
0.29525862069 0.25 0.205882352941 0.129764065336 0.0919037199125
0.601831896552 0.375 0.529411764706 0.372958257713 0.335886214442
0.507543103448 0.125 0.441176470588 0.322141560799 0.294310722101
0.584051724138 0.5 0.529411764706 0.36388384755 0.428884026258
0.677262931034 0.75 0.588235294118 0.359346642468 0.381838074398
0.327586206897 0.25 0.235294117647 0.129764065336 0.0919037199125
0.535021551724 0.0 0.470588235294 0.410163339383 0.315098468271
0.615840517241 0.125 0.529411764706 0.422867513612 0.439824945295
0.778556034483 0.25 0.735294117647 0.709618874773 0.795404814004
0.519396551724 0.5 0.5 0.492740471869 0.474835886214
0.800107758621 0.75 0.735294117647 0.698729582577 0.626914660832
0.551185344828 0.375 0.470588235294 0.470961887477 0.408096280088
0.321659482759 0.125 0.294117647059 0.267695099819 0.319474835886
0.394935344828 0.25 0.323529411765 0.241379310345 0.182713347921
0.311422413793 0.125 0.264705882353 0.209618874773 0.184901531729
0.523168103448 0.0 0.441176470588 0.349364791289 0.35010940919
0.726293103448 0.625 0.676470588235 0.5444646098 0.512035010941
0.506465517241 0.25 0.441176470588 0.419237749546 0.366520787746
0.552262931034 0.25 0.441176470588 0.331215970962 0.208971553611
0.459051724138 0.125 0.411764705882 0.458257713249 0.468271334792
0.390086206897 0.125 0.352941176471 0.276769509982 0.283369803063
0.605064655172 0.125 0.558823529412 0.522686025408 0.487964989059
0.736530172414 0.0 0.705882352941 0.803085299456 0.719912472648
0.522090517241 0.25 0.470588235294 0.548094373866 0.481400437637
0.475215517241 0.125 0.411764705882 0.476406533575 0.40590809628
0.346443965517 0.125 0.294117647059 0.262250453721 0.231947483589
0.449353448276 0.5 0.382352941176 0.191470054446 0.165207877462
0.518318965517 0.0 0.5 0.434664246824 0.46170678337
0.411637931034 0.5 0.382352941176 0.314882032668 0.291028446389
0.508081896552 0.375 0.441176470588 0.463702359347 0.436542669584
0.502693965517 0.125 0.411764705882 0.421052631579 0.314004376368
0.434267241379 0.625 0.352941176471 0.294010889292 0.241794310722
0.417025862069 0.5 0.382352941176 0.405626134301 0.396061269147
0.615840517241 0.625 0.588235294118 0.598003629764 0.597374179431
0.380926724138 0.5 0.264705882353 0.0898366606171 0.0131291028446
0.59536637931 0.5 0.558823529412 0.433756805808 0.439824945295
0.671875 0.25 0.617647058824 0.398366606171 0.370897155361
0.745689655172 0.875 0.676470588235 0.515426497278 0.560175054705
0.637931034483 0.875 0.558823529412 0.288566243194 0.333698030635
0.35775862069 0.125 0.323529411765 0.276769509982 0.283369803063
0.447198275862 0.25 0.411764705882 0.431034482759 0.432166301969
0.537715517241 0.125 0.5 0.533575317604 0.507658643326
0.614224137931 0.625 0.588235294118 0.501814882033 0.41466083151
0.344827586207 0.5 0.235294117647 0.0898366606171 0.0131291028446
0.536637931034 0.375 0.470588235294 0.426497277677 0.411378555799
0.575969827586 0.625 0.470588235294 0.364791288566 0.269146608315
0.54849137931 0.5 0.5 0.347549909256 0.442013129103
0.674568965517 0.25 0.647058823529 0.56442831216 0.589715536105
0.508081896552 0.375 0.411764705882 0.386569872958 0.336980306346
0.453663793103 0.25 0.411764705882 0.35390199637 0.387308533917
0.459051724138 0.25 0.411764705882 0.313974591652 0.308533916849
0.554418103448 0.125 0.5 0.413793103448 0.30306345733
0.622306034483 0.375 0.558823529412 0.453720508167 0.381838074398
0.648168103448 0.5 0.617647058824 0.562613430127 0.597374179431
0.417025862069 0.5 0.382352941176 0.297640653358 0.332603938731
0.481142241379 0.125 0.441176470588 0.41833030853 0.35010940919
0.693965517241 0.5 0.647058823529 0.601633393829 0.599562363239
0.698814655172 0.125 0.676470588235 0.619782214156 0.598468271335
0.52963362069 0.25 0.470588235294 0.427404718693 0.427789934354
0.398706896552 0.375 0.352941176471 0.241379310345 0.18818380744
0.696659482759 0.375 0.676470588235 0.582577132486 0.533916849015
0.877693965517 0.625 0.852941176471 0.843920145191 0.80306345733
0.429418103448 0.25 0.411764705882 0.335753176044 0.332603938731
0.508081896552 0.0 0.470588235294 0.463702359347 0.352297592998
0.560344827586 0.25 0.5 0.411978221416 0.503282275711
0.57650862069 0.375 0.558823529412 0.624319419238 0.63238512035
0.337823275862 0.25 0.294117647059 0.191470054446 0.153172866521
0.852909482759 0.25 0.823529411765 0.839382940109 0.815098468271
0.589439655172 0.25 0.588235294118 0.506352087114 0.543763676149
0.478987068966 0.0 0.411764705882 0.375680580762 0.2352297593
0.473060344828 0.75 0.382352941176 0.228675136116 0.202407002188
0.743534482759 0.75 0.676470588235 0.568965517241 0.619256017505
0.372306034483 0.25 0.264705882353 0.131578947368 0.062363238512
0.609375 0.625 0.617647058824 0.382032667877 0.455142231947
0.603987068966 0.375 0.5 0.366606170599 0.288840262582
0.549030172414 0.25 0.5 0.558983666062 0.55579868709
0.594288793103 0.375 0.5 0.406533575318 0.378555798687
0.539331896552 0.625 0.470588235294 0.352087114338 0.429978118162
0.387931034483 0.25 0.294117647059 0.165154264973 0.133479212254
0.561422413793 0.625 0.470588235294 0.28221415608 0.314004376368
0.561422413793 0.625 0.470588235294 0.28221415608 0.314004376368
0.390086206897 0.125 0.382352941176 0.383847549909 0.442013129103
0.840517241379 0.625 0.794117647059 0.805807622505 0.847921225383
0.464439655172 0.125 0.441176470588 0.254083484574 0.251641137856
0.485452586207 0.375 0.411764705882 0.280399274047 0.245076586433
0.647090517241 0.375 0.558823529412 0.414700544465 0.385120350109
0.644396551724 0.375 0.588235294118 0.481851179673 0.464989059081
0.524784482759 0.25 0.5 0.264065335753 0.294310722101
0.501077586207 0.5 0.5 0.320326678766 0.393873085339
0.487068965517 0.5 0.470588235294 0.364791288566 0.412472647702
0.529094827586 0.125 0.470588235294 0.390199637024 0.354485776805
0.620689655172 0.375 0.588235294118 0.507259528131 0.514223194748
0.494073275862 0.25 0.382352941176 0.296733212341 0.207877461707
0.352370689655 0.125 0.323529411765 0.343920145191 0.335886214442
0.516163793103 0.25 0.5 0.264065335753 0.294310722101
0.508081896552 0.375 0.411764705882 0.386569872958 0.336980306346
0.485452586207 0.625 0.382352941176 0.149727767695 0.160831509847
0.344827586207 0.5 0.235294117647 0.0898366606171 0.0131291028446
0.640625 0.75 0.617647058824 0.387477313975 0.37636761488
0.594827586207 0.375 0.558823529412 0.509074410163 0.524070021882
0.710129310345 0.625 0.676470588235 0.53720508167 0.631291028446
0.492456896552 0.375 0.470588235294 0.333030852995 0.415754923414
0.59375 0.375 0.529411764706 0.417422867514 0.355579868709
0.623922413793 0.375 0.529411764706 0.32667876588 0.343544857768
0.773706896552 1.0 0.705882352941 0.562613430127 0.588621444201
0.542025862069 0.125 0.441176470588 0.41833030853 0.429978118162
0.515086206897 0.375 0.441176470588 0.426497277677 0.411378555799
0.598599137931 0.375 0.588235294118 0.41833030853 0.443107221007
0.825431034483 0.625 0.794117647059 0.674228675136 0.705689277899
0.518857758621 0.0 0.441176470588 0.359346642468 0.371991247265
0.445043103448 0.125 0.382352941176 0.390199637024 0.354485776805
0.475215517241 0.125 0.411764705882 0.476406533575 0.40590809628
0.504849137931 0.25 0.411764705882 0.301270417423 0.245076586433
0.434267241379 0.125 0.382352941176 0.275862068966 0.207877461707
0.324892241379 0.125 0.264705882353 0.244101633394 0.161925601751
0.705280172414 0.25 0.647058823529 0.676950998185 0.589715536105
0.65786637931 0.625 0.676470588235 0.622504537205 0.638949671772
0.495689655172 0.375 0.470588235294 0.383847549909 0.424507658643
0.452586206897 0.25 0.352941176471 0.312159709619 0.207877461707
0.453125 0.5 0.411764705882 0.303085299456 0.310722100656
0.485452586207 0.5 0.441176470588 0.303085299456 0.310722100656
0.605064655172 0.125 0.558823529412 0.522686025408 0.487964989059
0.407327586207 0.0 0.323529411765 0.268602540835 0.281181619256
0.726831896552 0.25 0.676470588235 0.676950998185 0.589715536105
0.789331896552 0.5 0.764705882353 0.612522686025 0.704595185996
0.661099137931 0.5 0.588235294118 0.539019963702 0.553610503282
0.794181034483 0.25 0.794117647059 0.758620689655 0.882932166302
0.702586206897 0.25 0.647058823529 0.587114337568 0.715536105033
0.540409482759 0.25 0.470588235294 0.419237749546 0.385120350109
0.708512931034 0.625 0.647058823529 0.488203266788 0.415754923414
0.64224137931 0.375 0.558823529412 0.558076225045 0.498905908096
0.757004310345 0.375 0.705882352941 0.644283121597 0.626914660832
0.390086206897 0.125 0.352941176471 0.276769509982 0.283369803063
0.485452586207 0.625 0.382352941176 0.149727767695 0.160831509847
0.495689655172 0.75 0.470588235294 0.380217785844 0.40590809628
0.516163793103 0.25 0.5 0.264065335753 0.294310722101
0.464439655172 0.25 0.411764705882 0.303992740472 0.307439824945
0.705280172414 0.25 0.647058823529 0.676950998185 0.589715536105
0.379310344828 0.375 0.323529411765 0.276769509982 0.283369803063
0.589439655172 0.375 0.558823529412 0.506352087114 0.469365426696
0.463362068966 0.25 0.352941176471 0.261343012704 0.166301969365
0.524784482759 0.625 0.441176470588 0.333030852995 0.390590809628
0.242995689655 0.0 0.176470588235 0.139745916515 0.0929978118162
0.627155172414 0.25 0.588235294118 0.469147005445 0.37636761488
0.666487068966 0.375 0.617647058824 0.411070780399 0.399343544858
0.629310344828 0.5 0.558823529412 0.488203266788 0.553610503282
0.518318965517 0.25 0.5 0.475499092559 0.513129102845
0.640625 0.75 0.617647058824 0.387477313975 0.37636761488
0.508081896552 0.125 0.411764705882 0.456442831216 0.355579868709
0.606681034483 0.375 0.558823529412 0.493647912886 0.421225382932
0.72036637931 0.625 0.647058823529 0.42831215971 0.386214442013
0.42349137931 0.5 0.352941176471 0.206896551724 0.191466083151
0.407327586207 0.5 0.323529411765 0.196914700544 0.190371991247
0.327586206897 0.25 0.235294117647 0.129764065336 0.0919037199125
0.737607758621 0.75 0.764705882353 0.758620689655 0.884026258206
0.431034482759 0.25 0.352941176471 0.294918330309 0.237417943107
0.744612068966 0.25 0.705882352941 0.575317604356 0.549234135667
0.766702586207 0.375 0.676470588235 0.583484573503 0.58533916849
0.630926724138 0.375 0.558823529412 0.345735027223 0.35886214442
0.629310344828 0.375 0.617647058824 0.530852994555 0.597374179431
0.467672413793 0.375 0.411764705882 0.341197822142 0.392778993435
0.656788793103 0.625 0.647058823529 0.516333938294 0.597374179431
0.654094827586 0.625 0.617647058824 0.529945553539 0.573304157549
0.344827586207 0.5 0.235294117647 0.0898366606171 0.0131291028446
0.582435344828 0.375 0.5 0.322141560799 0.294310722101
0.418103448276 0.25 0.323529411765 0.249546279492 0.204595185996
0.407327586207 0.125 0.323529411765 0.36388384755 0.2647702407
0.424030172414 0.0 0.323529411765 0.266787658802 0.165207877462
0.289870689655 0.0 0.205882352941 0.0898366606171 0.0131291028446
0.418103448276 0.25 0.323529411765 0.249546279492 0.204595185996
0.362607758621 0.375 0.294117647059 0.199637023593 0.169584245077
0.536099137931 0.0 0.441176470588 0.385662431942 0.318380743982
0.440193965517 0.125 0.382352941176 0.471869328494 0.458424507659
0.610452586207 0.125 0.529411764706 0.548094373866 0.498905908096
0.563577586207 0.125 0.529411764706 0.522686025408 0.428884026258
0.616918103448 0.125 0.647058823529 0.558983666062 0.617067833698
0.475215517241 0.125 0.411764705882 0.476406533575 0.40590809628
0.438577586207 0.0 0.411764705882 0.430127041742 0.404814004376
0.535021551724 0.0 0.470588235294 0.415607985481 0.366520787746
0.651400862069 0.125 0.588235294118 0.588021778584 0.54704595186
0.614762931034 0.25 0.558823529412 0.431941923775 0.513129102845
