0.870111731844 0.2 0.925 0.972972972973 1.0
0.833798882682 1.0 0.775 0.653903903904 0.764036418816
1.0 0.2 1.0 0.933933933934 0.906676783005
0.172718808194 0.0 0.1 0.0743243243243 0.00910470409712
0.905493482309 0.0 0.925 1.0 0.921092564492
1.0 0.6 0.95 0.957957957958 0.991654021244
0.267225325885 0.4 0.225 0.190690690691 0.162367223065
0.736033519553 1.0 0.725 0.647147147147 0.718512898331
0.912942271881 0.8 0.875 0.812312312312 0.93626707132
0.481843575419 0.8 0.45 0.358858858859 0.424886191199
0.208100558659 0.2 0.15 0.0915915915916 0.0432473444613
0.922718808194 0.0 0.9 0.81006006006 0.722306525038
0.974860335196 0.4 0.9 0.835585585586 0.880880121396
0.344506517691 0.6 0.325 0.305555555556 0.273141122914
0.860800744879 0.2 0.95 0.976726726727 0.977996965099
0.885474860335 0.0 0.925 0.861861861862 0.864188163885
0.959962756052 0.6 0.9 0.871621621622 0.899848254932
0.270018621974 0.2 0.2 0.0840840840841 0.0523520485584
0.666201117318 0.8 0.7 0.689189189189 0.699544764795
0.981378026071 0.2 1.0 0.990990990991 0.891502276176
0.846834264432 0.0 0.9 0.915165165165 0.946130500759
0.728584729981 0.0 0.8 0.81981981982 0.85660091047
0.182029795158 0.0 0.125 0.115615615616 0.0644916540212
0.932029795158 0.6 0.925 0.876876876877 0.911229135053
0.814245810056 0.0 0.875 0.849099099099 0.849772382398
0.741154562384 0.8 0.675 0.59009009009 0.682094081942
0.953445065177 0.2 0.975 0.887387387387 0.842185128983
0.277932960894 0.0 0.275 0.255255255255 0.229893778452
0.84217877095 0.8 0.825 0.76951951952 0.86191198786
0.898510242086 0.6 0.85 0.744744744745 0.833080424886
0.714618249534 0.0 0.775 0.724474474474 0.729135053111
0.416201117318 0.4 0.375 0.313813813814 0.353566009105
0.467411545624 0.0 0.525 0.517267267267 0.402883156297
0.925512104283 0.4 0.975 0.975225225225 0.961305007587
0.652234636872 0.0 0.725 0.695945945946 0.655538694992
0.758379888268 0.0 0.825 0.704954954955 0.744309559939
0.852886405959 0.2 0.85 0.728228228228 0.820182094082
0.857076350093 0.8 0.8 0.781531531532 0.912746585736
0.226722532588 0.2 0.175 0.147147147147 0.11153262519
0.271880819367 0.4 0.25 0.225225225225 0.205614567527
0.691340782123 0.0 0.75 0.713213213213 0.758725341426
0.420391061453 0.6 0.4 0.281531531532 0.320182094082
0.355679702048 0.0 0.375 0.37987987988 0.297420333839
0.618715083799 0.2 0.6 0.555555555556 0.676024279211
0.768621973929 0.0 0.8 0.795045045045 0.805766312595
0.37895716946 0.2 0.3 0.118618618619 0.0864946889226
0.444134078212 0.0 0.5 0.418918918919 0.383915022762
0.654096834264 0.8 0.625 0.48048048048 0.619878603945
0.349162011173 0.4 0.275 0.101351351351 0.0864946889226
0.555400372439 0.8 0.5 0.37987987988 0.454476479514
0.557262569832 0.0 0.625 0.534534534535 0.497723823976
0.790968342644 0.0 0.85 0.755255255255 0.733687405159
0.191340782123 0.0 0.125 0.0743243243243 0.00910470409712
0.570297951583 0.6 0.525 0.378378378378 0.480273141123
0.236499068901 0.0 0.175 0.147147147147 0.130500758725
0.526070763501 0.0 0.6 0.544294294294 0.501517450683
0.506052141527 0.6 0.475 0.322072072072 0.400606980273
0.337057728119 0.0 0.35 0.322822822823 0.261001517451
0.58426443203 0.8 0.575 0.482732732733 0.533383915023
0.327746741155 0.0 0.275 0.105105105105 0.0326251896813
0.406890130354 0.0 0.45 0.33033033033 0.273899848255
0.629888268156 0.0 0.7 0.704954954955 0.678300455235
0.824022346369 0.8 0.75 0.677177177177 0.783763277693
0.944134078212 0.2 0.95 0.896396396396 0.929438543247
0.783519553073 0.4 0.8 0.667417417417 0.717754172989
0.954376163873 0.2 0.95 0.928678678679 0.952959028832
0.237895716946 0.0 0.225 0.1996996997 0.161608497724
0.601024208566 0.0 0.675 0.617867867868 0.555386949924
0.494878957169 0.6 0.425 0.226726726727 0.263277693475
0.373370577281 0.0 0.4 0.35960960961 0.245068285281
0.579608938547 0.8 0.55 0.412912912913 0.496965098634
0.31843575419 0.0 0.325 0.249249249249 0.232169954476
0.39199255121 0.0 0.425 0.412162162162 0.264036418816
0.908286778399 0.2 0.925 0.948948948949 0.938543247344
0.367783985102 0.6 0.35 0.406906906907 0.38846737481
0.195996275605 0.0 0.15 0.148648648649 0.119119878604
0.375232774674 0.0 0.3 0.14039039039 0.0257966616085
0.209962756052 0.0 0.175 0.115615615616 0.0644916540212
0.172718808194 0.0 0.1 0.0743243243243 0.00910470409712
0.841713221601 0.4 0.9 0.967717717718 0.965857359636
0.73417132216 0.8 0.65 0.567567567568 0.619119878604
0.504655493482 0.0 0.575 0.566816816817 0.530349013657
0.430167597765 0.0 0.475 0.356606606607 0.323975720789
0.577281191806 0.0 0.65 0.607357357357 0.522761760243
0.256517690875 0.0 0.25 0.1996996997 0.161608497724
0.284450651769 0.0 0.25 0.158408408408 0.114567526555
0.481378026071 0.0 0.55 0.527027027027 0.471168437026
0.898510242086 0.0 0.9 0.84009009009 0.875569044006
0.98696461825 0.2 0.925 0.953453453453 0.964339908953
0.972067039106 0.4 0.9 0.75975975976 0.8406676783
0.93947858473 0.4 0.95 0.812312312312 0.832321699545
0.353817504655 0.6 0.325 0.373873873874 0.333839150228
0.223929236499 0.0 0.2 0.148648648649 0.119119878604
0.296554934823 0.0 0.3 0.255255255255 0.229893778452
0.925512104283 0.2 0.95 0.903153153153 0.87253414264
0.619646182495 0.4 0.625 0.578078078078 0.615326251897
0.305865921788 0.0 0.25 0.0743243243243 0.00910470409712
0.259310986965 0.2 0.225 0.165915915916 0.153262518968
0.913407821229 0.0 0.9 0.824324324324 0.808042488619
0.828212290503 0.8 0.8 0.681681681682 0.795902883156
0.633147113594 0.0 0.6 0.501501501502 0.484825493171
0.731843575419 0.2 0.75 0.694444444444 0.641881638847
0.835195530726 0.2 0.85 0.786786786787 0.919575113809
0.208100558659 0.2 0.15 0.0915915915916 0.0432473444613
0.75 0.8 0.75 0.737987987988 0.801972685888
0.720204841713 0.0 0.75 0.697447447447 0.750379362671
0.694134078212 0.0 0.725 0.635885885886 0.628224582701
0.712290502793 0.0 0.625 0.491741741742 0.506069802731
0.753724394786 0.6 0.775 0.804804804805 0.791350531108
0.784450651769 0.2 0.75 0.59984984985 0.550834597876
0.625232774674 0.6 0.65 0.593843843844 0.704855842185
0.803538175047 0.0 0.825 0.774774774775 0.755690440061
0.321229050279 0.2 0.25 0.0915915915916 0.0432473444613
0.762569832402 0.4 0.675 0.56006006006 0.64871016692
0.611266294227 0.6 0.625 0.483483483483 0.514415781487
0.51303538175 0.4 0.475 0.430930930931 0.483308042489
0.366387337058 0.0 0.3 0.151651651652 0.119119878604
0.33426443203 0.0 0.25 0.148648648649 0.110015174507
0.917132216015 0.2 0.9 0.912912912913 0.882397572079
0.807262569832 0.6 0.8 0.624624624625 0.737481031866
0.798417132216 0.6 0.7 0.672672672673 0.789833080425
0.697858472998 0.0 0.65 0.499249249249 0.53717754173
0.981378026071 0.2 0.9 0.83033033033 0.889984825493
0.816108007449 0.0 0.875 0.862612612613 0.93095599393
0.786312849162 0.4 0.725 0.56981981982 0.669195751138
0.745344506518 0.4 0.775 0.713213213213 0.739757207891
0.794227188082 0.0 0.775 0.735735735736 0.783763277693
0.382681564246 0.0 0.375 0.325825825826 0.275417298938
0.25 0.2 0.225 0.221471471471 0.221547799697
0.447858472998 0.0 0.425 0.28003003003 0.215477996965
0.703445065177 0.4 0.675 0.608108108108 0.685887708649
0.245810055866 0.0 0.2 0.188438438438 0.185887708649
0.707635009311 0.2 0.65 0.522522522523 0.603186646434
0.317970204842 0.0 0.3 0.232732732733 0.181335356601
0.643854748603 0.2 0.65 0.440690690691 0.493171471927
0.438547486034 0.4 0.4 0.415915915916 0.40971168437
0.33938547486 0.0 0.3 0.184684684685 0.141881638847
0.433426443203 0.0 0.425 0.32957957958 0.305007587253
0.36312849162 0.2 0.35 0.21996996997 0.212443095599
0.309124767225 0.0 0.25 0.16966966967 0.144157814871
0.391061452514 0.4 0.35 0.314564564565 0.281487101669
0.958100558659 0.4 0.95 0.88963963964 0.913505311077
0.864990689013 0.0 0.875 0.783033033033 0.771623672231
0.475791433892 0.2 0.4 0.205705705706 0.234446130501
0.563780260708 0.6 0.55 0.476726726727 0.520485584219
0.864990689013 0.2 0.875 0.751501501502 0.746585735964
0.659217877095 0.6 0.625 0.48048048048 0.568285280728
0.755586592179 0.2 0.825 0.880630630631 0.88315629742
0.459962756052 0.2 0.45 0.334834834835 0.331562974203
0.639664804469 0.0 0.65 0.606606606607 0.61153262519
0.523277467412 0.2 0.525 0.350600600601 0.349013657056
0.319366852886 0.2 0.25 0.120870870871 0.0720789074355
0.251396648045 0.0 0.175 0.136636636637 0.092564491654
0.684357541899 0.0 0.7 0.616366366366 0.566767830046
0.87895716946 0.0 0.875 0.833333333333 0.783004552352
0.357541899441 0.0 0.275 0.173423423423 0.198027314112
0.222067039106 0.2 0.175 0.124624624625 0.097875569044
0.420856610801 0.0 0.4 0.292792792793 0.188922610015
0.5395716946 0.0 0.575 0.534534534535 0.447647951442
0.403631284916 0.0 0.35 0.192942942943 0.174506828528
0.45251396648 0.4 0.425 0.352852852853 0.376327769347
0.574953445065 0.4 0.575 0.458708708709 0.427162367223
0.488361266294 0.2 0.425 0.396396396396 0.423368740516
0.766294227188 0.6 0.75 0.602852852853 0.709408194234
0.83147113594 0.4 0.85 0.720720720721 0.734446130501
0.722998137803 0.6 0.65 0.46996996997 0.528072837633
0.588454376164 0.2 0.575 0.435435435435 0.358877086495
0.801675977654 0.0 0.775 0.641891891892 0.692716236722
0.814245810056 0.8 0.8 0.756006006006 0.782245827011
0.616852886406 0.2 0.675 0.660660660661 0.731411229135
0.822160148976 0.4 0.775 0.635135135135 0.662367223065
0.370577281192 0.2 0.35 0.268768768769 0.238239757208
0.296554934823 0.2 0.3 0.239489489489 0.209408194234
0.3947858473 0.0 0.4 0.305555555556 0.257207890744
0.829608938547 0.2 0.85 0.847597597598 0.838391502276
0.351024208566 0.0 0.325 0.298798798799 0.289074355083
0.607541899441 0.0 0.6 0.527027027027 0.452959028832
0.593575418994 0.2 0.525 0.40990990991 0.47875569044
0.293761638734 0.0 0.2 0.100600600601 0.0766312594841
0.375232774674 0.2 0.35 0.362612612613 0.416540212443
0.821229050279 0.4 0.75 0.655405405405 0.763277693475
0.296554934823 0.2 0.3 0.272522522523 0.251138088012
0.493482309125 0.4 0.475 0.372372372372 0.383915022762
0.427839851024 0.2 0.45 0.418918918919 0.285280728376
0.685754189944 0.0 0.65 0.386636636637 0.440060698027
0.40270018622 0.2 0.4 0.295045045045 0.312594840668
0.598696461825 0.4 0.575 0.453453453453 0.519726858877
0.567039106145 0.2 0.525 0.422672672673 0.445371775417
0.677374301676 0.2 0.725 0.607357357357 0.62746585736
0.873370577281 0.2 0.75 0.626876876877 0.612291350531
0.468808193669 0.0 0.425 0.243993993994 0.15402124431
0.293761638734 0.0 0.275 0.1996996997 0.161608497724
0.392923649907 0.4 0.375 0.320570570571 0.3406676783
0.636405959032 0.2 0.625 0.629129129129 0.602427921093
0.603351955307 0.0 0.625 0.573573573574 0.552352048558
0.304469273743 0.4 0.275 0.305555555556 0.292109256449
0.299348230912 0.2 0.275 0.161411411411 0.092564491654
0.846368715084 0.2 0.875 0.847597597598 0.775417298938
0.302141527002 0.0 0.25 0.23048048048 0.242792109256
0.610335195531 0.4 0.625 0.51951951952 0.57435508346
