0.375163398693 0.2 0.233333333333 0.102803738318 0.0122950819672
0.362091503268 0.0 0.233333333333 0.102803738318 0.0122950819672
0.56862745098 0.8 0.5 0.56282450675 0.524590163934
0.660130718954 0.8 0.633333333333 0.710280373832 0.656762295082
0.484967320261 0.2 0.433333333333 0.407061266874 0.28381147541
0.38431372549 0.0 0.266666666667 0.102803738318 0.0122950819672
0.544444444444 0.4 0.433333333333 0.416407061267 0.381147540984
0.357516339869 0.2 0.266666666667 0.32502596054 0.225409836066
0.658823529412 0.2 0.6 0.43717549325 0.214139344262
0.722222222222 0.0 0.6 0.402907580478 0.247950819672
0.830718954248 0.4 0.866666666667 0.985462097612 0.802254098361
0.613725490196 0.6 0.533333333333 0.639667705088 0.571721311475
0.619607843137 0.2 0.566666666667 0.60020768432 0.370901639344
0.407189542484 0.2 0.333333333333 0.260643821391 0.225409836066
0.509803921569 0.4 0.466666666667 0.443406022845 0.460040983607
0.69477124183 0.6 0.633333333333 0.615784008307 0.695696721311
0.747058823529 0.8 0.666666666667 0.615784008307 0.695696721311
0.562091503268 0.6 0.5 0.443406022845 0.460040983607
0.357516339869 0.2 0.266666666667 0.32502596054 0.225409836066
0.311764705882 0.0 0.233333333333 0.205607476636 0.160860655738
0.748366013072 0.4 0.633333333333 0.346832814123 0.321721311475
0.728758169935 0.2 0.6 0.255451713396 0.234631147541
0.709803921569 0.8 0.6 0.598130841121 0.599385245902
0.466013071895 0.2 0.433333333333 0.396677050883 0.356557377049
0.350980392157 0.2 0.266666666667 0.336448598131 0.22643442623
0.593464052288 0.4 0.533333333333 0.530633437175 0.439549180328
0.47908496732 0.2 0.366666666667 0.36240913811 0.294057377049
0.616339869281 0.4 0.533333333333 0.629283489097 0.490778688525
0.558823529412 0.4 0.5 0.386292834891 0.385245901639
0.845098039216 0.8 0.833333333333 0.939771547248 0.967213114754
0.503267973856 0.2 0.466666666667 0.408099688474 0.357581967213
0.915032679739 0.2 0.9 0.874350986501 0.709016393443
0.796732026144 0.4 0.7 0.711318795431 0.655737704918
0.774509803922 0.8 0.733333333333 0.710280373832 0.656762295082
0.769281045752 0.2 0.633333333333 0.707165109034 0.395491803279
0.508496732026 0.0 0.433333333333 0.366562824507 0.156762295082
0.793464052288 0.4 0.6 0.341640706127 0.310450819672
0.627450980392 0.4 0.5 0.333333333333 0.339139344262
0.629411764706 0.6 0.6 0.630321910696 0.570696721311
0.747058823529 0.8 0.666666666667 0.615784008307 0.695696721311
0.786928104575 0.6 0.733333333333 0.775700934579 0.702868852459
0.929411764706 0.8 0.866666666667 0.852544132918 0.873975409836
0.954901960784 0.2 0.966666666667 0.954309449637 0.926229508197
0.974509803922 0.2 1.0 1.0 1.0
0.413725490196 0.2 0.333333333333 0.249221183801 0.224385245902
0.496732026144 0.2 0.433333333333 0.402907580478 0.365778688525
0.627450980392 0.4 0.5 0.333333333333 0.339139344262
0.542483660131 0.6 0.466666666667 0.397715472482 0.386270491803
0.488235294118 0.2 0.433333333333 0.472481827622 0.357581967213
0.716993464052 0.6 0.633333333333 0.539979231568 0.386270491803
0.337908496732 0.2 0.233333333333 0.279335410177 0.151639344262
0.337908496732 0.2 0.233333333333 0.279335410177 0.151639344262
0.735294117647 0.4 0.6 0.352024922118 0.406762295082
0.647058823529 0.4 0.5 0.294911734164 0.331967213115
0.787581699346 0.2 0.7 0.539979231568 0.40881147541
0.633333333333 0.2 0.466666666667 0.194184839045 0.193647540984
0.635947712418 0.6 0.5 0.416407061267 0.381147540984
0.701960784314 0.6 0.566666666667 0.502596053998 0.410860655738
1.0 0.4 0.933333333333 0.993769470405 0.914959016393
0.708496732026 0.2 0.6 0.416407061267 0.328893442623
0.88431372549 0.8 0.833333333333 0.857736240914 0.896516393443
0.92614379085 0.4 0.933333333333 0.905503634476 0.78893442623
0.542483660131 0.6 0.466666666667 0.397715472482 0.386270491803
0.542483660131 0.6 0.466666666667 0.397715472482 0.386270491803
0.433333333333 0.4 0.366666666667 0.425752855659 0.363729508197
0.362091503268 0.2 0.266666666667 0.239875389408 0.173155737705
0.824183006536 0.4 0.766666666667 0.751817237799 0.741803278689
0.88431372549 1.0 0.833333333333 0.882658359294 0.892418032787
0.89477124183 0.6 0.766666666667 0.67497403946 0.633196721311
0.558823529412 0.4 0.433333333333 0.239875389408 0.173155737705
0.781045751634 0.4 0.7 0.44963655244 0.470286885246
0.781045751634 0.4 0.7 0.44963655244 0.470286885246
0.640522875817 0.4 0.566666666667 0.479750778816 0.551229508197
0.714379084967 0.8 0.633333333333 0.570093457944 0.621926229508
0.409803921569 0.2 0.3 0.159916926272 0.0870901639344
0.745098039216 0.6 0.633333333333 0.528556593977 0.546106557377
0.856862745098 1.0 0.8 0.832814122534 0.859631147541
0.786928104575 0.2 0.733333333333 0.73727933541 0.600409836066
0.703921568627 0.2 0.566666666667 0.431983385254 0.202868852459
0.48954248366 0.2 0.333333333333 0.102803738318 0.0122950819672
