0.657510227937 0.0 0.7 0.509532062392 0.669376693767
0.84807073955 0.0 0.793103448276 0.708830548926 0.960292580982
0.5821157218 0.0 0.6 0.447140381282 0.611111111111
0.883440514469 0.0 0.793103448276 0.653937947494 0.915360501567
0.634716540035 0.0 0.725 0.660311958406 0.738482384824
0.58796025716 0.0 0.6 0.429809358752 0.585365853659
0.530099357101 0.0 0.575 0.431542461005 0.548780487805
0.671221864952 0.0 0.655172413793 0.408114558473 0.578892371996
0.624196376388 0.0 0.625 0.388214904679 0.537940379404
0.508474576271 0.0 0.625 0.534662045061 0.566395663957
0.669199298656 0.0 0.65 0.395147313692 0.561653116531
0.611922852133 0.0 0.625 0.417677642981 0.551490514905
0.554646405611 0.0 0.575 0.472270363951 0.59756097561
0.79544126242 0.0 0.825 0.803292894281 0.918021680217
0.808883693746 0.0 0.8 0.624783362218 0.776422764228
0.534190531853 0.0 0.575 0.397746967071 0.49864498645
0.597311513735 0.0 0.625 0.522530329289 0.624661246612
0.643483343074 0.0 0.65 0.565857885615 0.685636856369
0.675043834015 0.0 0.65 0.500866551127 0.64972899729
0.616014026885 0.0 0.575 0.287694974003 0.449864498645
0.761542957335 0.0 0.775 0.660311958406 0.765582655827
0.585622443016 0.0 0.675 0.689774696707 0.718157181572
0.732904734074 0.0 0.775 0.700173310225 0.772357723577
0.483343074226 0.0 0.575 0.514731369151 0.537262872629
0.571595558153 0.0 0.6 0.437608318891 0.519647696477
0.697253068381 0.0 0.675 0.487868284229 0.619918699187
0.394506136762 0.0 0.475 0.403812824957 0.432249322493
0.521332554062 0.0 0.525 0.357019064125 0.459349593496
0.936879018118 0.0 0.9 0.840554592721 0.981707317073
0.842197545295 0.0 0.825 0.672443674177 0.790650406504
0.608416130918 0.0 0.65 0.571923743501 0.630758807588
0.966686148451 0.0 0.925 0.785095320624 0.925474254743
0.57919345412 0.0 0.65 0.487001733102 0.514227642276
0.597311513735 0.0 0.675 0.657712305026 0.676829268293
0.720046756283 0.0 0.725 0.57972270364 0.670731707317
0.450613676213 0.0 0.525 0.421143847487 0.441056910569
0.613676212741 0.0 0.55 0.351819757366 0.509485094851
0.707188778492 0.0 0.775 0.729636048527 0.755420054201
0.429573348919 0.0 0.5 0.370017331023 0.392953929539
0.639976621859 0.0 0.6 0.513864818024 0.646341463415
0.603156049094 0.0 0.675 0.675909878683 0.695799457995
0.679135008767 0.0 0.6 0.389081455806 0.559620596206
0.54178842782 0.0 0.55 0.357885615251 0.439701897019
0.860932475884 0.0 0.724137931034 0.624105011933 0.850574712644
0.627703097604 0.0 0.675 0.602253032929 0.644308943089
0.686732904734 0.0 0.65 0.479202772964 0.60433604336
0.478667445938 0.0 0.475 0.272963604853 0.364498644986
0.663354763296 0.0 0.65 0.606585788562 0.705962059621
0.779661016949 0.0 0.8 0.71143847487 0.772357723577
0.567567567568 0.0 0.588235294118 0.394182547643 0.454010301692
0.700175336061 0.0 0.675 0.458405545927 0.563685636856
0.619520748101 0.0 0.7 0.700173310225 0.698509485095
0.741671537113 0.0 0.75 0.684575389948 0.7527100271
0.56049094097 0.0 0.6 0.467071057192 0.5027100271
0.693000693001 0.0 0.705882352941 0.595787362086 0.657836644592
0.538281706604 0.0 0.55 0.384748700173 0.447154471545
0.742896742897 0.0 0.764705882353 0.63590772317 0.683590875644
0.505552308591 0.0 0.55 0.522530329289 0.54674796748
0.493278784337 0.0 0.475 0.240901213172 0.326558265583
0.573348918761 0.0 0.6 0.531195840555 0.571815718157
0.528930450029 0.0 0.5 0.396880415945 0.491869918699
0.573933372297 0.0 0.65 0.441941074523 0.431571815718
0.534190531853 0.0 0.525 0.331022530329 0.404471544715
0.419053185272 0.0 0.5 0.410745233969 0.393631436314
0.632521489971 0.0555555555556 0.647058823529 0.516377649326 0.619905956113
0.585585585586 0.0 0.588235294118 0.401203610832 0.459896983076
0.787843366452 0.0 0.825 0.82582322357 0.849593495935
0.807714786674 0.0 0.875 0.853552859619 0.845528455285
0.645821157218 0.0 0.65 0.552859618718 0.607723577236
0.676212741087 0.0 0.7 0.656845753899 0.689701897019
0.765273311897 0.0 0.793103448276 0.836515513126 0.862068965517
0.504967855056 0.0 0.525 0.34835355286 0.381436314363
0.699590882525 0.0 0.75 0.638648180243 0.640921409214
0.748684979544 0.0 0.675 0.598786828423 0.724932249322
0.445353594389 0.0 0.45 0.316291161179 0.363821138211
0.643483343074 0.0 0.575 0.373483535529 0.493902439024
0.790765634132 0.0 0.8 0.741767764298 0.783875338753
0.709632709633 0.0 0.764705882353 0.65295887663 0.649006622517
0.663894663895 0.0 0.705882352941 0.593781344032 0.602649006623
0.756282875511 0.0 0.75 0.680242634315 0.737127371274
0.366452367037 0.0 0.4 0.272963604853 0.289972899729
0.87609585038 0.0 0.875 0.815424610052 0.865853658537
0.719462302747 0.0 0.725 0.611785095321 0.653116531165
0.456458211572 0.0 0.425 0.253899480069 0.331300813008
0.662508662509 0.0 0.705882352941 0.612838515547 0.614422369389
0.516072472238 0.0 0.6 0.6143847487 0.575203252033
0.485680888369 0.0 0.525 0.463604852686 0.468157181572
0.731115731116 0.0 0.823529411765 0.820461384152 0.771891096394
0.647955647956 0.0 0.647058823529 0.504513540622 0.547461368653
0.899514899515 0.0 0.941176470588 1.0 1.0
0.443600233781 0.0 0.4 0.186308492201 0.270325203252
0.847457627119 0.0 0.9 0.881282495667 0.868563685637
0.794178794179 0.0 0.794117647059 0.71815446339 0.75570272259
0.4552893045 0.0 0.525 0.505199306759 0.472899728997
0.81122150789 0.0 0.825 0.7712305026 0.794715447154
0.64114552893 0.0 0.65 0.627383015598 0.65379403794
0.656964656965 0.0 0.647058823529 0.521564694082 0.566593083149
0.478082992402 0.0 0.5 0.359618717504 0.372628726287
0.389830508475 0.0 0.375 0.304159445407 0.35298102981
0.761607761608 0.0 0.764705882353 0.716148445336 0.746872700515
0.728343728344 0.0 0.764705882353 0.65295887663 0.649742457689
0.729398012858 0.0 0.8 0.780762564991 0.743224932249
0.837837837838 0.0 0.852941176471 0.819458375125 0.836644591611
0.942723553477 0.0 0.925 0.8856152513 0.934959349593
0.500876680304 0.0 0.5 0.403812824957 0.435636856369
0.416715371128 0.0 0.4 0.20883882149 0.255420054201
0.850379894798 0.0 0.875 0.857885615251 0.862466124661
0.658350658351 0.0 0.705882352941 0.574724172518 0.554819720383
0.64699006429 0.0 0.65 0.503466204506 0.527100271003
0.496201052016 0.0 0.475 0.363951473137 0.410569105691
0.716562716563 0.0 0.735294117647 0.708124373119 0.714495952907
0.747747747748 0.0 0.794117647059 0.759277833501 0.737306843267
0.61884961885 0.0 0.617647058824 0.492477432297 0.518027961737
0.679083094556 0.0 0.735294117647 0.726396917148 0.694357366771
0.483343074226 0.0 0.5 0.475736568458 0.482384823848
0.52875952876 0.0 0.588235294118 0.469408224674 0.432671081678
0.622314622315 0.0 0.705882352941 0.657973921765 0.596026490066
0.461718293396 0.0 0.475 0.340554592721 0.348238482385
0.775467775468 0.0 0.823529411765 0.836509528586 0.807947019868
0.69507969508 0.0 0.735294117647 0.609829488465 0.588668138337
0.813559322034 0.0 0.85 0.776429809359 0.758807588076
0.39918176505 0.0 0.375 0.214904679376 0.256775067751
0.817047817048 0.0 0.882352941176 0.926780341023 0.879323031641
0.492694330801 0.0 0.45 0.309358752166 0.369241192412
0.467562828755 0.0 0.475 0.453206239168 0.462737127371
0.794856808884 0.0 0.8 0.871750433276 0.883468834688
0.722106722107 0.0 0.735294117647 0.634904714142 0.637969094923
0.47691408533 0.0 0.5 0.46013864818 0.45325203252
0.7227997228 0.0 0.764705882353 0.736208625878 0.710080941869
0.523670368206 0.0 0.525 0.449740034662 0.464092140921
0.77381648159 0.0 0.8 0.807625649913 0.79674796748
0.921098772648 0.0 0.825 0.796360485269 0.906504065041
0.382817066043 0.0 0.375 0.181975736568 0.201219512195
0.670131670132 0.0 0.705882352941 0.680040120361 0.651949963208
0.661122661123 0.0 0.705882352941 0.678034102307 0.639440765269
0.415546464056 0.0 0.425 0.277296360485 0.272357723577
0.830907830908 0.0 0.852941176471 0.780341023069 0.761589403974
0.747747747748 0.0 0.764705882353 0.693079237713 0.679175864606
0.379894798364 0.0 0.425 0.34575389948 0.302845528455
0.80595980596 0.0 0.823529411765 0.764292878636 0.747608535688
0.701316701317 0.0 0.705882352941 0.627883650953 0.623988226637
0.74358974359 0.0 0.764705882353 0.699097291876 0.678440029433
0.915838690824 0.0 0.875 0.833622183709 0.874661246612
0.693693693694 0.0 0.735294117647 0.708124373119 0.666666666667
0.405610753945 0.0 0.4 0.295493934142 0.29945799458
0.351841028638 0.0 0.375 0.306759098787 0.281165311653
0.726957726958 0.0 0.735294117647 0.735205616851 0.723325974982
0.738045738046 0.0 0.764705882353 0.669007021063 0.638704930096
0.766458766459 0.0 0.882352941176 0.904714142427 0.785136129507
0.768537768538 0.0 0.764705882353 0.671013039117 0.671081677704
0.86832986833 0.0 0.823529411765 0.693079237713 0.733627667403
0.714483714484 0.0 0.676470588235 0.559679037111 0.592347314202
0.593220338983 0.0 0.625 0.438474870017 0.400406504065
0.683810637054 0.0 0.75 0.875216637782 0.802845528455
0.419637638808 0.0 0.375 0.230502599653 0.268292682927
0.665280665281 0.0 0.676470588235 0.549648946841 0.531272994849
0.609147609148 0.0 0.647058823529 0.546639919759 0.501103752759
0.543312543313 0.0 0.588235294118 0.53259779338 0.479764532745
0.61884961885 0.0 0.647058823529 0.59779338014 0.561442236939
0.775787965616 0.0 0.705882352941 0.683044315992 0.744514106583
0.702702702703 0.0 0.735294117647 0.654964894684 0.612950699043
0.654885654886 0.0 0.647058823529 0.559679037111 0.557763061074
0.4178842782 0.0 0.45 0.32582322357 0.283875338753
0.777546777547 0.0 0.764705882353 0.640922768305 0.64238410596
0.733194733195 0.0 0.735294117647 0.703109327984 0.689477557027
0.636867636868 0.0 0.647058823529 0.537612838516 0.515820456218
0.881940385739 0.0 0.85 0.787694974003 0.807588075881
0.638253638254 0.0 0.647058823529 0.553660982949 0.532744665195
0.63270963271 0.0 0.647058823529 0.599799398195 0.573215599706
0.644490644491 0.0 0.676470588235 0.614844533601 0.570272259014
0.747747747748 0.0 0.676470588235 0.606820461384 0.665194996321
0.694126074499 0.166666666667 0.676470588235 0.578034682081 0.748432601881
0.569842197545 0.0 0.5 0.262564991334 0.318428184282
0.689535689536 0.0 0.735294117647 0.661985957874 0.60191317145
0.644490644491 0.0 0.647058823529 0.550651955868 0.533480500368
0.767151767152 0.0 0.764705882353 0.71815446339 0.703458425313
0.354178842782 0.0 0.325 0.153379549393 0.165311653117
0.686070686071 0.0 0.735294117647 0.721163490471 0.654157468727
0.686070686071 0.0 0.676470588235 0.60481444333 0.596026490066
0.622314622315 0.0 0.617647058824 0.455366098295 0.441501103753
0.751212751213 0.0 0.705882352941 0.589769307924 0.615158204562
0.68814968815 0.0 0.705882352941 0.699097291876 0.660779985283
0.884268884269 0.0 0.794117647059 0.731193580742 0.800588668138
0.350672121566 0.0 0.35 0.19410745234 0.174119241192
0.665280665281 0.0 0.647058823529 0.559679037111 0.557027225901
0.452367036821 0.0 0.425 0.256499133449 0.262872628726
0.437755698422 0.0 0.375 0.169844020797 0.211382113821
0.679833679834 0.0 0.676470588235 0.574724172518 0.555555555556
0.790020790021 0.0 0.764705882353 0.667001003009 0.669610007358
0.821205821206 0.0 0.823529411765 0.816449348044 0.79102281089
0.737352737353 0.0 0.735294117647 0.639919759278 0.618837380427
0.598752598753 0.0 0.558823529412 0.409227683049 0.425312729948
0.600138600139 0.0 0.558823529412 0.439317953862 0.456217807211
0.459964932788 0.0 0.55 0.538128249567 0.423441734417
0.623700623701 0.0 0.617647058824 0.454363089268 0.435614422369
0.47399181765 0.0 0.55 0.581455805893 0.480352303523
0.710325710326 0.0 0.676470588235 0.577733199599 0.586460632818
0.361776738749 0.0 0.325 0.201906412478 0.213414634146
0.669438669439 0.0 0.676470588235 0.676028084253 0.64238410596
0.836451836452 0.0 0.852941176471 0.822467402207 0.779249448124
