0.770863836018 0.235294117647 0.806451612903 0.73396424816 0.712160979878
0.770863836018 0.235294117647 0.806451612903 0.73396424816 0.712160979878
0.560029282577 0.0588235294118 0.58064516129 0.488958990536 0.404199475066
0.703513909224 0.470588235294 0.645161290323 0.53207150368 0.404199475066
0.572474377745 0.235294117647 0.612903225806 0.691903259727 0.491688538933
0.835285505124 0.823529411765 0.774193548387 0.590956887487 0.738407699038
0.794289897511 0.352941176471 0.774193548387 0.726603575184 0.640419947507
0.709370424597 0.117647058824 0.806451612903 0.657202944269 0.695538057743
0.842606149341 0.882352941176 0.870967741935 0.869610935857 0.827646544182
0.710102489019 0.235294117647 0.774193548387 0.677181913775 0.613298337708
0.763543191801 0.0588235294118 0.741935483871 0.767613038906 0.706911636045
0.763543191801 0.0588235294118 0.741935483871 0.767613038906 0.706911636045
0.754758418741 0.411764705882 0.806451612903 0.709779179811 0.632545931759
0.728404099561 0.294117647059 0.838709677419 0.78443743428 0.724409448819
0.690336749634 0.0 0.677419354839 0.533123028391 0.542432195976
0.669838945827 0.0 0.612903225806 0.50683491062 0.488188976378
0.659590043924 0.176470588235 0.774193548387 0.786540483701 0.727909011374
0.639092240117 0.235294117647 0.645161290323 0.600420609884 0.621172353456
0.781844802343 0.176470588235 0.709677419355 0.678233438486 0.602799650044
0.787701317716 0.764705882353 0.741935483871 0.706624605678 0.608048993876
0.707906295754 0.176470588235 0.645161290323 0.487907465825 0.535433070866
0.736456808199 0.588235294118 0.774193548387 0.649842271293 0.699037620297
1.0 1.0 1.0 0.89905362776 0.976377952756
0.750366032211 0.352941176471 0.806451612903 0.67087276551 0.713910761155
0.773792093704 0.0588235294118 0.774193548387 0.79705573081 0.726159230096
0.803806734993 0.294117647059 0.806451612903 0.79705573081 0.726159230096
0.840409956076 0.941176470588 0.774193548387 0.618296529968 0.692038495188
0.64494875549 0.352941176471 0.774193548387 0.776025236593 0.675415573053
0.895314787701 0.352941176471 0.870967741935 0.744479495268 0.817147856518
0.831625183016 0.117647058824 0.806451612903 0.665615141956 0.765529308836
0.764275256223 0.235294117647 0.806451612903 0.762355415352 0.754155730534
0.608345534407 0.117647058824 0.612903225806 0.490010515247 0.468941382327
0.857247437775 0.764705882353 0.870967741935 0.724500525762 0.680664916885
0.699853587116 0.294117647059 0.677419354839 0.562565720294 0.438320209974
0.889458272328 0.647058823529 0.903225806452 0.890641430074 0.770778652668
0.467789165447 0.235294117647 0.483870967742 0.339642481598 0.264216972878
0.827232796486 0.0588235294118 0.774193548387 0.629863301788 0.746281714786
0.764275256223 0.235294117647 0.806451612903 0.762355415352 0.754155730534
0.638360175695 0.117647058824 0.58064516129 0.48054679285 0.471566054243
0.720351390922 0.117647058824 0.774193548387 0.67087276551 0.713910761155
0.765007320644 0.235294117647 0.870967741935 0.942166140904 0.830271216098
0.831625183016 0.352941176471 0.838709677419 0.769716088328 0.825021872266
0.61859443631 0.176470588235 0.58064516129 0.572029442692 0.363954505687
0.852122986823 0.294117647059 0.806451612903 0.751840168244 0.740157480315
0.745973645681 0.0 0.774193548387 0.699263932702 0.691163604549
0.683016105417 0.588235294118 0.677419354839 0.638275499474 0.53280839895
0.703513909224 0.470588235294 0.645161290323 0.53207150368 0.404199475066
0.721815519766 0.470588235294 0.709677419355 0.608832807571 0.475940507437
0.677159590044 0.176470588235 0.741935483871 0.738170347003 0.690288713911
0.786969253294 0.647058823529 0.774193548387 0.675078864353 0.701662292213
0.823572474378 0.941176470588 0.774193548387 0.599369085174 0.657042869641
0.702781844802 0.117647058824 0.612903225806 0.520504731861 0.484689413823
0.956808199122 0.823529411765 0.967741935484 0.871713985279 0.96062992126
0.669838945827 0.117647058824 0.645161290323 0.562565720294 0.438320209974
0.671303074671 0.176470588235 0.741935483871 0.723449001052 0.573928258968
0.611273792094 0.176470588235 0.612903225806 0.592008412198 0.413823272091
0.757686676428 0.0 0.806451612903 0.709779179811 0.674540682415
0.625915080527 0.411764705882 0.677419354839 0.576235541535 0.44706911636
0.669838945827 0.176470588235 0.709677419355 0.664563617245 0.728783902012
0.621522693997 0.352941176471 0.58064516129 0.575184016824 0.348206474191
0.641288433382 0.176470588235 0.709677419355 0.709779179811 0.656167979003
0.695461200586 0.176470588235 0.806451612903 0.814931650894 0.762029746282
0.781844802343 0.176470588235 0.709677419355 0.678233438486 0.602799650044
0.808199121523 0.941176470588 0.774193548387 0.717139852787 0.637795275591
0.795754026354 0.117647058824 0.774193548387 0.663512092534 0.758530183727
0.822108345534 0.352941176471 0.774193548387 0.586750788644 0.686789151356
0.699853587116 0.294117647059 0.677419354839 0.562565720294 0.438320209974
0.606149341142 0.117647058824 0.58064516129 0.517350157729 0.380577427822
0.692532942899 0.294117647059 0.677419354839 0.588853838065 0.475065616798
0.738653001464 0.176470588235 0.709677419355 0.639327024185 0.688538932633
0.639092240117 0.235294117647 0.645161290323 0.600420609884 0.621172353456
0.657393850659 0.235294117647 0.709677419355 0.677181913775 0.692913385827
0.467789165447 0.235294117647 0.483870967742 0.339642481598 0.264216972878
0.735724743777 0.117647058824 0.741935483871 0.534174553102 0.659667541557
0.637628111274 0.294117647059 0.677419354839 0.674027339642 0.445319335083
0.637628111274 0.294117647059 0.677419354839 0.674027339642 0.445319335083
0.703513909224 0.470588235294 0.645161290323 0.53207150368 0.404199475066
0.739385065886 0.470588235294 0.677419354839 0.560462670873 0.438320209974
0.705710102489 0.117647058824 0.645161290323 0.492113564669 0.582677165354
0.847730600293 0.0588235294118 0.903225806452 0.901156677182 0.905511811024
0.759882869693 0.235294117647 0.741935483871 0.637223974763 0.596675415573
0.742313323572 0.0 0.806451612903 0.777076761304 0.812773403325
0.763543191801 0.0588235294118 0.741935483871 0.767613038906 0.706911636045
0.793557833089 0.294117647059 0.774193548387 0.767613038906 0.706911636045
0.728404099561 0.235294117647 0.774193548387 0.73396424816 0.720034995626
0.764275256223 0.235294117647 0.806451612903 0.762355415352 0.754155730534
0.718887262079 0.0588235294118 0.741935483871 0.643533123028 0.563429571304
0.748901903367 0.294117647059 0.774193548387 0.643533123028 0.563429571304
0.738653001464 0.411764705882 0.677419354839 0.642481598318 0.522309711286
0.866032210835 0.705882352941 0.806451612903 0.713985278654 0.772528433946
0.771595900439 0.235294117647 0.806451612903 0.760252365931 0.704286964129
0.835285505124 0.823529411765 0.774193548387 0.590956887487 0.738407699038
0.785505124451 0.235294117647 0.870967741935 0.748685594111 0.744531933508
0.721815519766 0.588235294118 0.645161290323 0.573080967403 0.587051618548
0.772327964861 0.235294117647 0.838709677419 0.777076761304 0.812773403325
0.781844802343 0.176470588235 0.709677419355 0.678233438486 0.602799650044
0.699853587116 0.411764705882 0.741935483871 0.664563617245 0.728783902012
0.669838945827 0.176470588235 0.709677419355 0.664563617245 0.728783902012
0.791361639824 0.117647058824 0.774193548387 0.647739221872 0.748031496063
0.797218155198 0.117647058824 0.806451612903 0.674027339642 0.802274715661
0.811859443631 0.352941176471 0.741935483871 0.678233438486 0.602799650044
0.775988286969 0.352941176471 0.709677419355 0.649842271293 0.568678915136
0.702781844802 0.117647058824 0.612903225806 0.520504731861 0.484689413823
0.702781844802 0.117647058824 0.612903225806 0.520504731861 0.484689413823
0.806734992679 0.235294117647 0.838709677419 0.762355415352 0.746281714786
0.795754026354 0.352941176471 0.806451612903 0.741324921136 0.790901137358
0.645680819912 0.294117647059 0.645161290323 0.651945320715 0.516185476815
0.62737920937 0.294117647059 0.58064516129 0.575184016824 0.444444444444
0.677159590044 0.176470588235 0.741935483871 0.738170347003 0.690288713911
0.677159590044 0.176470588235 0.741935483871 0.738170347003 0.690288713911
0.880673499268 0.294117647059 0.838709677419 0.730809674027 0.649168853893
0.557833089312 0.294117647059 0.548387096774 0.549947423764 0.45406824147
0.742313323572 0.0 0.806451612903 0.777076761304 0.812773403325
0.742313323572 0.0 0.806451612903 0.777076761304 0.812773403325
0.822108345534 0.117647058824 0.774193548387 0.751840168244 0.740157480315
0.857979502196 0.117647058824 0.806451612903 0.780231335436 0.774278215223
0.61859443631 0.176470588235 0.58064516129 0.572029442692 0.363954505687
0.902635431918 0.823529411765 0.903225806452 0.77181913775 0.838145231846
0.708638360176 0.882352941176 0.774193548387 0.735015772871 0.588801399825
0.702781844802 0.117647058824 0.612903225806 0.520504731861 0.484689413823
0.634699853587 0.294117647059 0.645161290323 0.695057833859 0.570428696413
0.764275256223 0.235294117647 0.806451612903 0.762355415352 0.754155730534
0.718887262079 0.588235294118 0.709677419355 0.666666666667 0.566929133858
0.749633967789 0.176470588235 0.741935483871 0.684542586751 0.604549431321
0.770131771596 0.0588235294118 0.709677419355 0.664563617245 0.669291338583
0.702781844802 0.117647058824 0.612903225806 0.520504731861 0.484689413823
0.820644216691 0.823529411765 0.870967741935 0.762355415352 0.780402449694
0.642020497804 0.0 0.612903225806 0.497371188223 0.468941382327
0.707174231332 0.411764705882 0.774193548387 0.738170347003 0.690288713911
0.707174231332 0.411764705882 0.774193548387 0.738170347003 0.690288713911
0.60102489019 0.470588235294 0.677419354839 0.559411146162 0.458442694663
0.779648609078 0.0 0.741935483871 0.562565720294 0.653543307087
0.756222547584 0.117647058824 0.806451612903 0.699263932702 0.748031496063
0.720351390922 0.117647058824 0.774193548387 0.67087276551 0.713910761155
0.636896046852 0.235294117647 0.709677419355 0.53101997897 0.613298337708
0.793557833089 0.117647058824 0.806451612903 0.828601472135 0.685914260717
0.623718887262 0.235294117647 0.677419354839 0.598317560463 0.641294838145
0.860907759883 0.117647058824 0.903225806452 0.776025236593 0.931758530184
0.855783308931 0.823529411765 0.935483870968 0.926393270242 0.915135608049
0.606881405564 0.0 0.677419354839 0.53101997897 0.613298337708
0.758418740849 0.0588235294118 0.838709677419 0.656151419558 0.797025371829
0.857247437775 0.882352941176 0.935483870968 0.939011566772 1.0
0.731332357247 0.117647058824 0.709677419355 0.688748685594 0.587051618548
0.775988286969 0.352941176471 0.709677419355 0.649842271293 0.568678915136
0.611273792094 0.176470588235 0.612903225806 0.592008412198 0.413823272091
0.629575402635 0.176470588235 0.677419354839 0.668769716088 0.485564304462
0.675695461201 0.470588235294 0.677419354839 0.651945320715 0.516185476815
0.60980966325 0.294117647059 0.612903225806 0.623554153523 0.482064741907
0.902635431918 0.588235294118 0.838709677419 0.669821240799 0.832895888014
0.671303074671 0.470588235294 0.741935483871 0.752891692955 0.587926509186
0.760614934114 0.117647058824 0.709677419355 0.661409043113 0.637795275591
0.606881405564 0.0 0.677419354839 0.53101997897 0.613298337708
0.749633967789 0.235294117647 0.838709677419 0.720294426919 0.7104111986
0.731332357247 0.235294117647 0.774193548387 0.643533123028 0.638670166229
0.860175695461 0.588235294118 0.774193548387 0.596214511041 0.742782152231
0.537335285505 0.352941176471 0.516129032258 0.347003154574 0.353455818023
0.634699853587 0.294117647059 0.645161290323 0.695057833859 0.570428696413
0.584919472914 0.235294117647 0.58064516129 0.547844374343 0.349956255468
0.636896046852 0.235294117647 0.709677419355 0.53101997897 0.613298337708
0.642752562225 0.0 0.709677419355 0.559411146162 0.647419072616
0.775256222548 0.647058823529 0.774193548387 0.689800210305 0.648293963255
0.749633967789 0.176470588235 0.741935483871 0.684542586751 0.604549431321
0.860175695461 0.823529411765 0.870967741935 0.778128286015 0.895888013998
0.849194729136 0.0 0.838709677419 0.801261829653 0.84864391951
0.584187408492 0.0588235294118 0.677419354839 0.592008412198 0.530183727034
0.836749633968 0.176470588235 0.903225806452 1.0 0.865266841645
0.709370424597 0.117647058824 0.806451612903 0.657202944269 0.695538057743
0.606149341142 0.117647058824 0.58064516129 0.517350157729 0.380577427822
0.703513909224 0.470588235294 0.645161290323 0.53207150368 0.404199475066
0.703513909224 0.470588235294 0.645161290323 0.53207150368 0.404199475066
0.724011713031 0.411764705882 0.677419354839 0.657202944269 0.538932633421
0.915812591508 0.823529411765 1.0 0.944269190326 0.964129483815
0.871156661786 0.764705882353 0.870967741935 0.811777076761 0.795275590551
0.642020497804 0.0 0.612903225806 0.497371188223 0.468941382327
0.731332357247 0.117647058824 0.709677419355 0.688748685594 0.587051618548
0.731332357247 0.117647058824 0.709677419355 0.688748685594 0.587051618548
0.748169838946 0.352941176471 0.709677419355 0.610935856993 0.547681539808
0.750366032211 0.352941176471 0.709677419355 0.560462670873 0.530183727034
0.770863836018 0.235294117647 0.806451612903 0.73396424816 0.712160979878
0.806734992679 0.294117647059 0.838709677419 0.762355415352 0.753280839895
0.608345534407 0.117647058824 0.612903225806 0.490010515247 0.468941382327
0.698389458272 0.882352941176 0.741935483871 0.663512092534 0.659667541557
0.540995607613 0.470588235294 0.548387096774 0.427970557308 0.298337707787
0.797218155198 0.117647058824 0.806451612903 0.674027339642 0.802274715661
0.826500732064 0.294117647059 0.806451612903 0.727655099895 0.771653543307
0.773792093704 0.0588235294118 0.774193548387 0.79705573081 0.726159230096
0.625915080527 0.411764705882 0.677419354839 0.576235541535 0.44706911636
0.733528550512 0.647058823529 0.709677419355 0.534174553102 0.576552930884
0.699853587116 0.294117647059 0.677419354839 0.562565720294 0.438320209974
0.633967789165 0.117647058824 0.612903225806 0.534174553102 0.404199475066
0.90775988287 0.764705882353 0.870967741935 0.688748685594 0.825021872266
0.688140556369 0.117647058824 0.709677419355 0.639327024185 0.510061242345
0.797218155198 0.588235294118 0.870967741935 0.781282860147 0.80927384077
0.642752562225 0.176470588235 0.677419354839 0.675078864353 0.489938757655
0.674963396779 0.470588235294 0.774193548387 0.829652996845 0.659667541557
0.674963396779 0.470588235294 0.774193548387 0.829652996845 0.659667541557
0.764275256223 0.176470588235 0.741935483871 0.726603575184 0.640419947507
0.794289897511 0.352941176471 0.774193548387 0.726603575184 0.640419947507
0.814787701318 0.470588235294 0.903225806452 0.788643533123 0.808398950131
0.794289897511 0.470588235294 0.838709677419 0.762355415352 0.754155730534
