0.764007910349 0.5 0.852941176471 0.665957446809 0.805722891566
0.649967040211 0.0 0.735294117647 0.721276595745 0.722891566265
0.66117336849 0.0 0.705882352941 0.677659574468 0.680722891566
0.579433091628 0.0 0.676470588235 0.639361702128 0.580572289157
0.89057350033 0.5 0.970588235294 0.840425531915 0.893825301205
0.688859591299 0.5 0.735294117647 0.642553191489 0.731174698795
0.631509558339 0.0 0.735294117647 0.73829787234 0.663403614458
0.509558338827 0.0 0.558823529412 0.45 0.434487951807
0.721819380356 0.0 0.823529411765 0.902127659574 0.815512048193
0.553724456163 0.0 0.647058823529 0.625531914894 0.552710843373
0.576137112722 0.0 0.647058823529 0.692553191489 0.638554216867
0.617666446935 0.0 0.676470588235 0.686170212766 0.643825301205
0.748187211602 0.0 0.764705882353 0.695744680851 0.698795180723
0.791694133158 0.0 0.852941176471 0.878723404255 0.825301204819
0.975609756098 0.5 1.0 0.91914893617 1.0
0.686222808174 0.5 0.735294117647 0.55 0.613704819277
0.74159525379 0.0 0.764705882353 0.689361702128 0.674698795181
0.70138431114 0.0 0.735294117647 0.745744680851 0.714608433735
0.592617007251 0.0 0.617647058824 0.521276595745 0.505271084337
0.644693473962 0.0 0.705882352941 0.639361702128 0.576054216867
0.682267633487 0.0 0.735294117647 0.786170212766 0.724397590361
0.579433091628 0.5 0.617647058824 0.434042553191 0.496234939759
0.78180619644 0.0 0.764705882353 0.735106382979 0.744728915663
0.651285431773 0.0 0.676470588235 0.612765957447 0.581325301205
0.653922214898 0.0 0.705882352941 0.66914893617 0.607680722892
0.750164798945 0.0 0.735294117647 0.712765957447 0.71686746988
0.527356624918 0.0 0.558823529412 0.487234042553 0.448042168675
0.593276203032 0.0 0.647058823529 0.651063829787 0.582078313253
0.646671061305 0.0 0.735294117647 0.779787234043 0.67093373494
0.756756756757 0.5 0.705882352941 0.429787234043 0.576807228916
0.669083717864 0.0 0.676470588235 0.58085106383 0.560240963855
0.646671061305 0.0 0.735294117647 0.754255319149 0.643072289157
0.599868160844 0.0 0.647058823529 0.551063829787 0.488704819277
0.636123928807 0.0 0.647058823529 0.551063829787 0.52484939759
0.618325642716 0.0 0.647058823529 0.577659574468 0.52936746988
0.589980224127 0.0 0.588235294118 0.472340425532 0.458584337349
0.622940013184 0.0 0.676470588235 0.7 0.618975903614
0.91364535267 0.5 0.882352941176 0.78085106383 0.884789156627
0.752142386289 0.0 0.764705882353 0.758510638298 0.718373493976
0.48846407383 0.5 0.470588235294 0.256382978723 0.356927710843
0.648648648649 0.0 0.676470588235 0.681914893617 0.625753012048
0.735003295979 0.5 0.705882352941 0.473404255319 0.582831325301
0.713909030982 0.0 0.852941176471 1.0 0.819277108434
0.655899802241 0.0 0.764705882353 0.764893617021 0.623493975904
0.69545154911 0.0 0.735294117647 0.728723404255 0.658885542169
0.593935398813 0.0 0.588235294118 0.486170212766 0.468373493976
0.739617666447 0.0 0.794117647059 0.860638297872 0.768072289157
0.646011865524 0.0 0.647058823529 0.539361702128 0.511295180723
0.628213579433 1.0 0.735294117647 0.651063829787 0.701054216867
0.558998022413 0.5 0.617647058824 0.521276595745 0.527861445783
0.756756756757 0.0 0.764705882353 0.747872340426 0.704819277108
0.703361898484 0.5 0.764705882353 0.741489361702 0.738704819277
0.622940013184 0.0 0.676470588235 0.7 0.607680722892
0.630850362558 0.0 0.676470588235 0.647872340426 0.566265060241
0.63216875412 0.0 0.676470588235 0.686170212766 0.603162650602
0.645352669743 0.0 0.705882352941 0.71170212766 0.611445783133
0.469347396177 0.5 0.470588235294 0.276595744681 0.34563253012
0.604482531312 0.0 0.647058823529 0.590425531915 0.512048192771
0.558338826632 0.0 0.558823529412 0.441489361702 0.410391566265
0.810810810811 0.0 0.882352941176 0.963829787234 0.844126506024
0.598549769281 0.0 0.617647058824 0.584042553191 0.526355421687
0.622940013184 0.0 0.676470588235 0.656382978723 0.559487951807
0.552406064601 0.5 0.558823529412 0.403191489362 0.458584337349
0.788398154252 0.0 0.852941176471 0.896808510638 0.781626506024
0.584047462096 0.0 0.617647058824 0.571276595745 0.495481927711
0.551087673039 0.0 0.647058823529 0.696808510638 0.551204819277
0.572841133817 0.0 0.588235294118 0.486170212766 0.432228915663
0.585365853659 0.0 0.676470588235 0.696808510638 0.557228915663
0.759393539881 0.5 0.823529411765 0.784042553191 0.768072289157
0.59195781147 0.5 0.647058823529 0.608510638298 0.603915662651
0.667106130521 0.5 0.705882352941 0.58085106383 0.596385542169
0.779828609097 0.5 0.823529411765 0.715957446809 0.722891566265
0.615688859591 0.5 0.647058823529 0.582978723404 0.602409638554
0.492419248517 0.0 0.558823529412 0.513829787234 0.402108433735
0.613052076467 0.0 0.617647058824 0.563829787234 0.515060240964
0.667106130521 0.5 0.705882352941 0.66170212766 0.670180722892
0.713909030982 0.0 0.705882352941 0.672340425532 0.631777108434
0.579433091628 0.0 0.617647058824 0.571276595745 0.484186746988
0.632827949901 0.5 0.735294117647 0.695744680851 0.634789156627
0.669083717864 0.0 0.705882352941 0.71914893617 0.628012048193
0.702702702703 0.5 0.794117647059 0.801063829787 0.747740963855
0.781147000659 0.5 0.852941176471 0.684042553191 0.658885542169
0.572181938036 0.0 0.647058823529 0.659574468085 0.528614457831
0.687541199736 0.0 0.647058823529 0.51914893617 0.513554216867
0.806855636124 0.5 0.823529411765 0.728723404255 0.755271084337
0.553724456163 0.0 0.588235294118 0.53085106383 0.444277108434
0.601186552406 0.5 0.647058823529 0.565957446809 0.5625
0.776532630191 0.5 0.852941176471 0.825531914894 0.783885542169
0.641397495056 0.0 0.705882352941 0.743617021277 0.617469879518
0.64930784443 0.0 0.705882352941 0.768085106383 0.647590361446
0.932762030323 0.5 0.941176470588 0.904255319149 0.929969879518
0.657218193804 0.0 0.676470588235 0.575531914894 0.501506024096
0.535266974291 0.0 0.529411764706 0.358510638298 0.315512048193
0.74686882004 0.0 0.735294117647 0.704255319149 0.656626506024
0.754119973632 0.0 0.764705882353 0.736170212766 0.664909638554
0.745550428477 0.5 0.764705882353 0.643617021277 0.66265060241
0.771259063942 0.5 0.852941176471 0.892553191489 0.83734939759
0.782465392221 0.0 0.794117647059 0.744680851064 0.671686746988
0.627554383652 0.0 0.617647058824 0.577659574468 0.527861445783
0.675675675676 0.0 0.676470588235 0.671276595745 0.607680722892
0.710613052076 0.0 0.764705882353 0.877659574468 0.751506024096
0.642056690837 0.0 0.617647058824 0.531914893617 0.498493975904
0.76994067238 0.0 0.794117647059 0.784042553191 0.694277108434
0.620303230059 0.0 0.676470588235 0.737234042553 0.612198795181
0.563612392881 0.0 0.617647058824 0.56170212766 0.44578313253
0.70665787739 0.0 0.764705882353 0.902127659574 0.768825301205
0.500988793672 0.5 0.588235294118 0.517021276596 0.461596385542
0.610415293342 0.5 0.647058823529 0.523404255319 0.521084337349
0.671720500989 0.0 0.647058823529 0.523404255319 0.488704819277
0.575477916941 0.0 0.705882352941 0.754255319149 0.549698795181
0.819380355966 0.0 0.794117647059 0.767021276596 0.72515060241
0.742254449572 0.0 0.735294117647 0.697872340426 0.637801204819
0.70138431114 0.5 0.794117647059 0.83829787234 0.764307228916
0.832564271589 0.0 0.852941176471 0.859574468085 0.765813253012
0.599868160844 0.0 0.588235294118 0.529787234043 0.475903614458
0.736980883322 0.0 0.735294117647 0.728723404255 0.659638554217
0.544495715227 0.0 0.558823529412 0.471276595745 0.392319277108
0.617666446935 0.5 0.647058823529 0.625531914894 0.621234939759
0.698088332235 0.5 0.735294117647 0.784042553191 0.76656626506
0.543836519446 0.0 0.529411764706 0.475531914894 0.423945783133
0.618984838497 0.0 0.676470588235 0.615957446809 0.488704819277
0.582069874753 0.0 0.617647058824 0.563829787234 0.459337349398
0.669083717864 0.0 0.647058823529 0.608510638298 0.561746987952
0.899802241266 0.5 0.911764705882 0.76170212766 0.776355421687
0.647989452868 0.0 0.647058823529 0.620212765957 0.549698795181
0.640079103494 0.0 0.647058823529 0.601063829787 0.523343373494
0.646011865524 0.5 0.705882352941 0.66914893617 0.630271084337
0.634805537245 0.0 0.735294117647 0.784042553191 0.603162650602
0.644034278181 0.0 0.588235294118 0.487234042553 0.475903614458
0.553724456163 0.0 0.558823529412 0.521276595745 0.443524096386
0.742913645353 0.0 0.764705882353 0.758510638298 0.658885542169
0.824653922215 0.5 0.882352941176 0.786170212766 0.747740963855
0.644034278181 0.5 0.735294117647 0.817021276596 0.736445783133
0.620303230059 0.0 0.647058823529 0.657446808511 0.552710843373
0.574159525379 0.5 0.647058823529 0.601063829787 0.546686746988
0.596572181938 0.0 0.647058823529 0.593617021277 0.466114457831
0.611733684904 0.5 0.617647058824 0.496808510638 0.514307228916
0.735003295979 0.5 0.764705882353 0.686170212766 0.674698795181
0.601186552406 0.0 0.588235294118 0.512765957447 0.451807228916
0.564271588662 0.5 0.617647058824 0.56914893617 0.53313253012
0.671061305208 0.5 0.676470588235 0.623404255319 0.635542168675
0.578114700066 0.0 0.529411764706 0.405319148936 0.382530120482
0.628213579433 0.5 0.647058823529 0.567021276596 0.565512048193
0.51153592617 0.5 0.558823529412 0.493617021277 0.46234939759
0.588002636783 0.0 0.617647058824 0.652127659574 0.53765060241
0.980883322347 0.5 0.941176470588 0.824468085106 0.879518072289
0.588661832564 0.0 0.558823529412 0.5 0.451807228916
0.644693473962 0.0 0.588235294118 0.490425531915 0.47063253012
0.680290046144 0.0 0.705882352941 0.721276595745 0.609186746988
0.657877389585 0.0 0.735294117647 0.804255319149 0.634789156627
0.589980224127 0.0 0.617647058824 0.617021276596 0.503765060241
0.738958470666 0.0 0.764705882353 0.795744680851 0.680722891566
1.0 0.5 1.0 0.932978723404 0.941265060241
0.693473961767 0.5 0.794117647059 0.873404255319 0.771837349398
0.645352669743 0.5 0.676470588235 0.676595744681 0.651355421687
0.684245220831 0.0 0.735294117647 0.793617021277 0.648343373494
0.756097560976 0.5 0.852941176471 0.968085106383 0.865210843373
0.690177982861 0.0 0.735294117647 0.8 0.658885542169
0.53460777851 0.0 0.558823529412 0.51914893617 0.407379518072
0.635464733026 0.5 0.647058823529 0.560638297872 0.557981927711
0.711272247858 0.5 0.676470588235 0.589361702128 0.63328313253
0.57481872116 0.0 0.588235294118 0.542553191489 0.440512048193
0.575477916941 0.0 0.617647058824 0.579787234043 0.447289156627
0.580751483191 0.5 0.588235294118 0.462765957447 0.466114457831
0.643375082399 0.0 0.647058823529 0.66170212766 0.565512048193
0.869479235333 0.5 0.852941176471 0.606382978723 0.635542168675
0.736980883322 0.0 0.735294117647 0.776595744681 0.681475903614
0.589980224127 0.0 0.647058823529 0.622340425532 0.471385542169
0.883981542518 1.0 0.852941176471 0.65 0.786897590361
0.719841793013 0.0 0.735294117647 0.759574468085 0.647590361446
0.602504943968 0.5 0.617647058824 0.552127659574 0.541415662651
0.602504943968 0.0 0.617647058824 0.632978723404 0.522590361446
0.776532630191 0.5 0.852941176471 0.795744680851 0.717620481928
0.628872775214 0.0 0.617647058824 0.585106382979 0.503765060241
0.791694133158 0.0 0.764705882353 0.794680851064 0.723644578313
0.64930784443 0.5 0.676470588235 0.681914893617 0.652861445783
0.70665787739 0.5 0.705882352941 0.695744680851 0.69578313253
0.736980883322 0.5 0.735294117647 0.557446808511 0.566265060241
0.622940013184 0.5 0.647058823529 0.557446808511 0.536144578313
0.924851680949 0.5 0.882352941176 0.795744680851 0.839608433735
0.613711272248 0.0 0.676470588235 0.78085106383 0.612951807229
0.790375741595 0.5 0.852941176471 0.790425531915 0.724397590361
0.657218193804 0.0 0.676470588235 0.637234042553 0.521084337349
0.586684245221 1.0 0.647058823529 0.602127659574 0.634789156627
0.680290046144 0.0 0.794117647059 0.839361702128 0.619728915663
0.63216875412 0.0 0.676470588235 0.790425531915 0.640060240964
0.639419907713 0.0 0.676470588235 0.759574468085 0.618222891566
0.663810151615 0.0 0.735294117647 0.823404255319 0.645331325301
0.750823994726 0.5 0.735294117647 0.729787234043 0.740210843373
0.693473961767 0.5 0.647058823529 0.551063829787 0.598644578313
0.714568226763 0.0 0.735294117647 0.789361702128 0.663403614458
0.663150955834 0.0 0.676470588235 0.708510638298 0.59186746988
0.808174027686 0.0 0.794117647059 0.797872340426 0.707831325301
0.714568226763 0.5 0.705882352941 0.648936170213 0.652861445783
0.837837837838 1.0 0.882352941176 0.674468085106 0.724397590361
0.620303230059 0.5 0.705882352941 0.751063829787 0.652108433735
0.730388925511 0.0 0.676470588235 0.713829787234 0.663403614458
0.661832564272 0.5 0.735294117647 0.76170212766 0.673945783133
0.694133157548 0.5 0.764705882353 0.777659574468 0.689006024096
0.888595912986 0.5 0.911764705882 0.831914893617 0.792921686747
