0.255684969495 0.0 0.214285714286 0.0443942814146 0.0592814371257
0.661120354964 1.0 0.761904761905 0.846501128668 0.708982035928
0.279534109817 0.0 0.238095238095 0.0639578630549 0.0538922155689
1.0 0.571428571429 1.0 1.0 1.0
0.949528563505 0.428571428571 0.952380952381 0.882618510158 0.859880239521
0.542429284526 0.714285714286 0.595238095238 0.589164785553 0.517365269461
0.910149750416 0.142857142857 0.952380952381 0.917231000752 0.97245508982
0.535773710483 0.857142857143 0.619047619048 0.690744920993 0.544311377246
0.386023294509 0.428571428571 0.452380952381 0.42287434161 0.310179640719
0.32723239046 0.285714285714 0.285714285714 0.135440180587 0.151497005988
0.932334997227 0.0 0.857142857143 0.707298720843 0.720958083832
0.79589572934 0.857142857143 0.857142857143 0.829194883371 0.821556886228
0.401552967277 0.571428571429 0.428571428571 0.325056433409 0.273053892216
0.605102606767 1.0 0.690476190476 0.689240030098 0.578443113772
0.96006655574 0.571428571429 0.97619047619 0.955605718585 0.864071856287
0.899611758181 0.285714285714 0.857142857143 0.761474793078 0.85748502994
0.85801442041 0.714285714286 0.857142857143 0.787057938299 0.805389221557
0.340543538547 0.142857142857 0.380952380952 0.287434161023 0.247904191617
0.866888519135 0.571428571429 0.928571428571 0.942814145974 0.938323353293
0.925124792013 0.571428571429 0.952380952381 0.987960872837 0.982035928144
0.865224625624 0.571428571429 0.880952380952 0.874341610233 0.922754491018
0.273987798114 0.0 0.238095238095 0.097065462754 0.059880239521
0.854132002219 0.714285714286 0.904761904762 0.914973664409 0.858682634731
0.275097060455 0.0 0.261904761905 0.126410835214 0.0736526946108
0.315585135885 0.0 0.238095238095 0.058690744921 0.0850299401198
0.838602329451 0.0 0.880952380952 0.851015801354 0.887425149701
0.929561841375 0.571428571429 0.952380952381 0.942061700527 0.976047904192
0.283416528009 0.0 0.309523809524 0.174567343868 0.113173652695
0.810316139767 0.0 0.857142857143 0.776523702032 0.798203592814
0.549639489739 0.0 0.619047619048 0.501128668172 0.477245508982
0.750970604548 0.0 0.809523809524 0.772009029345 0.794011976048
0.364392678869 0.0 0.333333333333 0.199398043642 0.276047904192
0.577925679423 0.428571428571 0.571428571429 0.575620767494 0.543113772455
0.46866333888 0.428571428571 0.547619047619 0.512415349887 0.37005988024
0.633943427621 0.857142857143 0.738095238095 0.794582392777 0.638323353293
0.443704936217 0.0 0.547619047619 0.517682468021 0.461676646707
0.556295063783 0.0 0.666666666667 0.572610985704 0.519161676647
0.320576816417 0.0 0.357142857143 0.192626034612 0.188023952096
0.61286744315 0.0 0.690476190476 0.634311512415 0.598203592814
0.651691625069 0.0 0.738095238095 0.752445447705 0.732335329341
0.479201331115 0.571428571429 0.52380952381 0.419112114372 0.335329341317
0.319467554077 0.0 0.261904761905 0.0752445447705 0.147305389222
0.401552967277 0.0 0.47619047619 0.377727614748 0.305389221557
0.627287853577 0.857142857143 0.714285714286 0.667419112114 0.592215568862
0.767609539656 0.714285714286 0.809523809524 0.792325056433 0.825748502994
0.772601220189 0.571428571429 0.833333333333 0.838224228743 0.78622754491
0.392124237382 0.0 0.452380952381 0.303987960873 0.255089820359
0.85801442041 0.0 0.904761904762 0.800601956358 0.834131736527
0.50970604548 0.0 0.595238095238 0.618510158014 0.502395209581
0.447032723239 0.428571428571 0.380952380952 0.237772761475 0.278443113772
0.345535219079 0.0 0.309523809524 0.0978179082017 0.178443113772
0.787576261786 0.0 0.833333333333 0.74416854778 0.879640718563
0.587909040488 0.857142857143 0.642857142857 0.66215199398 0.540119760479
0.454797559623 0.0 0.571428571429 0.56057185854 0.47245508982
0.324459234609 0.0 0.380952380952 0.26561324304 0.240119760479
0.351636161952 0.0 0.404761904762 0.298720842739 0.240718562874
0.305047143649 0.0 0.333333333333 0.182091798345 0.155688622754
0.301164725458 0.0 0.285714285714 0.129420617005 0.128143712575
0.702717692734 0.0 0.761904761905 0.699774266366 0.733532934132
0.603993344426 0.571428571429 0.666666666667 0.6230248307 0.553293413174
0.442595673877 0.0 0.52380952381 0.452219714071 0.432934131737
0.458679977815 0.428571428571 0.47619047619 0.310007524454 0.326347305389
0.831392124237 0.428571428571 0.904761904762 0.929270127916 0.911377245509
0.738768718802 0.0 0.785714285714 0.702784048157 0.719161676647
0.354409317804 0.0 0.428571428571 0.344620015049 0.325748502994
0.356073211314 0.0 0.404761904762 0.24905944319 0.210179640719
0.474764281753 0.285714285714 0.5 0.379984951091 0.325149700599
0.853022739878 0.571428571429 0.785714285714 0.665914221219 0.676646706587
0.865779256794 0.0 0.904761904762 0.853273137698 0.961676646707
0.565169162507 0.0 0.547619047619 0.395033860045 0.49880239521
0.882418191902 0.142857142857 0.809523809524 0.723852520692 0.843113772455
0.364947310039 0.142857142857 0.357142857143 0.227990970655 0.191616766467
0.406544647809 0.0 0.5 0.477802859293 0.431736526946
0.575707154742 0.0 0.642857142857 0.536493604214 0.535329341317
0.391014975042 0.285714285714 0.404761904762 0.322799097065 0.319161676647
0.764836383805 0.0 0.785714285714 0.729119638826 0.763473053892
0.627842484748 0.0 0.714285714286 0.641835966892 0.634730538922
0.724348308375 0.0 0.761904761905 0.686230248307 0.647305389222
0.460343871326 0.142857142857 0.52380952381 0.440933032355 0.395808383234
0.831946755408 0.142857142857 0.857142857143 0.861550037622 0.904790419162
0.572933998891 0.0 0.571428571429 0.384499623777 0.445508982036
0.293399889074 0.0 0.261904761905 0.0639578630549 0.1
0.621186910704 0.428571428571 0.690476190476 0.53122648608 0.523952095808
0.828064337216 0.714285714286 0.904761904762 0.9179834462 0.847904191617
0.717692734332 0.142857142857 0.642857142857 0.476297968397 0.595808383234
0.746533555186 0.142857142857 0.666666666667 0.552294958616 0.665868263473
0.862451469773 0.142857142857 0.857142857143 0.803611738149 0.893413173653
0.643372157515 0.0 0.666666666667 0.643340857788 0.689820359281
0.307265668331 0.0 0.309523809524 0.20993227991 0.176047904192
0.759844703272 0.428571428571 0.714285714286 0.624529721595 0.670658682635
0.777038269551 0.285714285714 0.714285714286 0.641083521445 0.706586826347
0.463671658347 0.0 0.357142857143 0.141459744169 0.198203592814
0.81697171381 0.0 0.809523809524 0.727614747931 0.767065868263
0.371602884082 0.285714285714 0.380952380952 0.257336343115 0.298203592814
0.753189129229 0.0 0.785714285714 0.714070729872 0.747904191617
0.413200221852 0.0 0.357142857143 0.158013544018 0.241916167665
0.892956184138 0.0 0.880952380952 0.827689992476 0.867664670659
0.28508042152 0.0 0.309523809524 0.13769751693 0.164670658683
0.498613422074 0.142857142857 0.5 0.363431151242 0.444910179641
0.514143094842 0.142857142857 0.47619047619 0.280662151994 0.422155688623
0.369384359401 0.0 0.357142857143 0.162528216704 0.126347305389
0.81586245147 0.142857142857 0.857142857143 0.822422874342 0.800598802395
0.848031059346 0.142857142857 0.857142857143 0.814145974417 0.825149700599
0.44925124792 0.0 0.47619047619 0.392024078254 0.340119760479
0.484747642818 0.0 0.5 0.415349887133 0.411976047904
0.276760953966 0.0 0.261904761905 0.10835214447 0.144910179641
0.282307265668 0.0 0.261904761905 0.100827689992 0.097005988024
0.491957848031 0.0 0.428571428571 0.312264860798 0.358083832335
0.67443150305 0.0 0.642857142857 0.486832204665 0.57245508982
0.279534109817 0.0 0.261904761905 0.0850263355907 0.0868263473054
0.780366056572 0.142857142857 0.833333333333 0.757712565839 0.716167664671
0.384914032169 0.0 0.357142857143 0.130925507901 0.120958083832
0.686078757626 0.0 0.595238095238 0.446952595937 0.577844311377
0.425956738769 0.142857142857 0.47619047619 0.472535741159 0.377844311377
0.726566833056 0.0 0.666666666667 0.493604213695 0.626347305389
0.42872989462 0.0 0.452380952381 0.338600451467 0.389820359281
0.75485302274 0.714285714286 0.809523809524 0.747930775019 0.780239520958
0.525235718247 0.0 0.47619047619 0.33784800602 0.454491017964
0.519689406545 0.142857142857 0.547619047619 0.44920993228 0.492215568862
0.435385468663 0.0 0.404761904762 0.146726862302 0.232934131737
0.617304492512 0.0 0.619047619048 0.431903686983 0.567664670659
0.334442595674 0.0 0.285714285714 0.11813393529 0.152095808383
0.484193011647 0.285714285714 0.547619047619 0.52445447705 0.477844311377
0.30615640599 0.0 0.285714285714 0.0910458991723 0.108383233533
0.916250693289 0.428571428571 0.904761904762 0.809631301731 0.846706586826
0.801996672213 0.142857142857 0.738095238095 0.60647103085 0.658083832335
0.521907931226 0.0 0.52380952381 0.462001504891 0.482634730539
0.559068219634 0.142857142857 0.5 0.427389014296 0.476646706587
0.896283971159 0.571428571429 0.904761904762 0.848758465011 0.876047904192
0.405990016639 0.0 0.404761904762 0.352896914974 0.351497005988
0.808097615086 0.142857142857 0.833333333333 0.741911211437 0.811377245509
0.454242928453 0.142857142857 0.452380952381 0.315274642588 0.375449101796
0.75596228508 0.0 0.714285714286 0.598946576373 0.534730538922
0.707154742097 0.0 0.690476190476 0.534988713318 0.617365269461
0.36716583472 0.0 0.285714285714 0.116629044394 0.182035928144
0.440931780366 0.142857142857 0.452380952381 0.356659142212 0.41497005988
0.581253466445 0.0 0.547619047619 0.404063205418 0.510179640719
0.698280643372 0.428571428571 0.738095238095 0.765989465764 0.744311377246
0.669439822518 0.0 0.666666666667 0.541760722348 0.634730538922
0.823072656683 0.142857142857 0.880952380952 0.843491346877 0.830538922156
0.834719911259 0.714285714286 0.857142857143 0.854778028593 0.882634730539
0.596228508042 0.142857142857 0.571428571429 0.462001504891 0.48622754491
0.65280088741 0.142857142857 0.595238095238 0.477802859293 0.584431137725
0.79645036051 0.285714285714 0.857142857143 0.80662151994 0.815568862275
0.607321131448 0.428571428571 0.619047619048 0.46877351392 0.42754491018
0.28618968386 0.0 0.238095238095 0.0744920993228 0.0556886227545
0.735995562951 0.0 0.714285714286 0.653875094056 0.735928143713
0.887409872435 0.428571428571 0.857142857143 0.766741911211 0.846107784431
0.601774819745 0.571428571429 0.666666666667 0.699021820918 0.61497005988
0.730449251248 0.285714285714 0.738095238095 0.675696012039 0.677245508982
0.395452024404 0.0 0.380952380952 0.218209179834 0.261077844311
0.743760399334 0.0 0.690476190476 0.534236267871 0.660479041916
0.433166943982 0.0 0.380952380952 0.143717080512 0.218562874251
0.658347199113 0.0 0.571428571429 0.419112114372 0.508982035928
0.592900721021 0.0 0.5 0.36719337848 0.438922155689
0.65391014975 0.0 0.666666666667 0.510910458992 0.633532934132
0.590682196339 0.714285714286 0.642857142857 0.693002257336 0.558083832335
0.420410427066 0.0 0.428571428571 0.240782543266 0.345508982036
0.487520798669 0.0 0.452380952381 0.292701279157 0.323952095808
0.445923460899 0.428571428571 0.428571428571 0.322046651618 0.364071856287
0.323349972268 0.0 0.285714285714 0.0692249811889 0.136526946108
0.313921242374 0.0 0.261904761905 0.0872836719338 0.132335329341
0.424847476428 0.0 0.452380952381 0.252069224981 0.222754491018
0.301719356628 0.0 0.309523809524 0.0985703536494 0.0808383233533
0.582362728785 0.285714285714 0.595238095238 0.555304740406 0.561077844311
0.823072656683 0.0 0.738095238095 0.658389766742 0.783233532934
0.804769828064 0.142857142857 0.833333333333 0.811136192626 0.905389221557
0.585690515807 0.0 0.52380952381 0.373212942062 0.468263473054
0.640599001664 0.571428571429 0.738095238095 0.736644093303 0.679041916168
0.609539656129 0.142857142857 0.642857142857 0.595184349135 0.560479041916
0.675540765391 0.285714285714 0.738095238095 0.66892400301 0.675449101796
0.629506378258 0.0 0.619047619048 0.404815650865 0.436526946108
0.692734331669 0.142857142857 0.666666666667 0.537246049661 0.650898203593
0.682196339434 0.285714285714 0.690476190476 0.601956358164 0.565868263473
0.738768718802 0.285714285714 0.785714285714 0.714070729872 0.786826347305
0.640599001664 0.285714285714 0.666666666667 0.611738148984 0.603592814371
0.434830837493 0.0 0.404761904762 0.240030097818 0.290419161677
0.527454242928 0.0 0.5 0.331828442438 0.425748502994
0.490848585691 0.0 0.47619047619 0.27539503386 0.344311377246
0.645590682196 0.0 0.690476190476 0.656884875847 0.68622754491
0.788130892956 0.714285714286 0.857142857143 0.836719337848 0.844311377246
0.311148086522 0.0 0.333333333333 0.145974416855 0.22994011976
0.679977814753 0.0 0.642857142857 0.562829194883 0.653293413174
0.32612312812 0.0 0.285714285714 0.0677200902935 0.140718562874
0.376594564615 0.0 0.357142857143 0.273890142965 0.25628742515
0.476428175263 0.285714285714 0.452380952381 0.409330323552 0.419161676647
0.732113144759 0.285714285714 0.785714285714 0.756207674944 0.679640718563
0.643372157515 0.285714285714 0.642857142857 0.621519939804 0.606586826347
0.418191902385 0.285714285714 0.47619047619 0.431903686983 0.350898203593
0.668885191348 0.428571428571 0.714285714286 0.720842738901 0.650299401198
0.529118136439 0.0 0.5 0.327313769752 0.294610778443
0.533555185801 0.142857142857 0.5 0.286681715576 0.369461077844
0.365501941209 0.0 0.357142857143 0.237020316027 0.195209580838
0.792013311148 0.285714285714 0.809523809524 0.723852520692 0.819760479042
0.474764281753 0.0 0.428571428571 0.185854025583 0.321556886228
0.501941209096 0.0 0.47619047619 0.231000752445 0.366467065868
0.677759290072 0.0 0.666666666667 0.507148231753 0.605389221557
0.486411536328 0.0 0.428571428571 0.368698269375 0.395808383234
0.379367720466 0.0 0.357142857143 0.178329571106 0.226946107784
0.849140321686 0.428571428571 0.833333333333 0.799097065463 0.881437125749
