0.853304284677 0.375 0.806451612903 0.713939393939 0.841105354059
0.888888888889 0.375 0.838709677419 0.746666666667 0.874784110535
0.705882352941 0.25 0.741935483871 0.650909090909 0.579447322971
0.745098039216 0.125 0.806451612903 0.772121212121 0.683937823834
0.547567175018 0.125 0.645161290323 0.638787878788 0.502590673575
0.547567175018 0.125 0.645161290323 0.638787878788 0.502590673575
0.741466957153 0.25 0.774193548387 0.683636363636 0.613126079447
0.726942628903 0.125 0.741935483871 0.683636363636 0.613126079447
0.741466957153 0.25 0.774193548387 0.683636363636 0.613126079447
0.705882352941 0.25 0.741935483871 0.650909090909 0.579447322971
0.656499636892 0.625 0.741935483871 0.767272727273 0.556131260794
0.656499636892 0.625 0.741935483871 0.767272727273 0.556131260794
0.502541757444 0.25 0.548387096774 0.487272727273 0.344559585492
0.538126361656 0.25 0.58064516129 0.52 0.378238341969
0.567901234568 0.25 0.677419354839 0.705454545455 0.647668393782
0.543936092956 0.25 0.58064516129 0.586666666667 0.523316062176
0.705882352941 0.25 0.741935483871 0.812121212121 0.785837651123
0.735657225853 0.5 0.774193548387 0.812121212121 0.785837651123
0.725490196078 0.125 0.838709677419 0.939393939394 0.896373056995
0.755265068991 0.375 0.870967741935 0.939393939394 0.896373056995
0.511982570806 0.125 0.612903225806 0.606060606061 0.468911917098
0.488017429194 0.125 0.516129032258 0.487272727273 0.344559585492
0.430646332607 0.625 0.354838709677 0.232727272727 0.0785837651123
0.490196078431 0.625 0.483870967742 0.384242424242 0.236614853195
0.858387799564 0.375 0.967741935484 0.992727272727 0.987046632124
0.80464778504 0.25 0.838709677419 0.873939393939 0.862694300518
0.897603485839 0.5 0.838709677419 0.738181818182 0.72884283247
0.897603485839 0.5 0.838709677419 0.738181818182 0.72884283247
0.742919389978 0.25 0.645161290323 0.500606060606 0.571675302245
0.77850399419 0.25 0.677419354839 0.533333333333 0.605354058722
0.737835875091 0.5 0.774193548387 0.753939393939 0.768566493955
0.737835875091 0.5 0.774193548387 0.753939393939 0.768566493955
0.625998547567 0.0 0.677419354839 0.538181818182 0.622625215889
0.655773420479 0.25 0.709677419355 0.538181818182 0.622625215889
0.454611474219 0.625 0.451612903226 0.351515151515 0.202936096718
0.430646332607 0.625 0.354838709677 0.232727272727 0.0785837651123
0.654320987654 0.25 0.709677419355 0.575757575758 0.503454231434
0.654320987654 0.25 0.709677419355 0.575757575758 0.503454231434
0.705882352941 0.5 0.774193548387 0.809696969697 0.805699481865
0.681917211329 0.5 0.677419354839 0.690909090909 0.681347150259
0.490196078431 0.625 0.483870967742 0.384242424242 0.236614853195
0.888162672476 1.0 0.870967741935 0.907878787879 0.891191709845
0.858387799564 0.375 0.967741935484 0.992727272727 0.987046632124
0.852578068264 0.375 0.935483870968 0.962424242424 0.933506044905
0.822803195352 0.25 0.903225806452 0.962424242424 0.933506044905
0.828612926652 0.25 0.935483870968 0.992727272727 0.987046632124
0.838779956427 1.0 0.806451612903 0.923636363636 0.848877374784
0.646332607117 0.625 0.709677419355 0.573333333333 0.385146804836
0.490196078431 0.625 0.483870967742 0.384242424242 0.236614853195
0.466230936819 0.625 0.387096774194 0.265454545455 0.112262521589
0.650689905592 0.5 0.806451612903 0.886060606061 0.680483592401
0.591140159768 0.5 0.677419354839 0.734545454545 0.522452504318
0.650689905592 0.25 0.677419354839 0.487272727273 0.432642487047
0.686274509804 0.25 0.709677419355 0.52 0.466321243523
0.76107480029 0.25 0.709677419355 0.589090909091 0.642487046632
0.76107480029 0.25 0.709677419355 0.589090909091 0.642487046632
0.676833696442 0.75 0.645161290323 0.54303030303 0.446459412781
0.652142338417 0.25 0.645161290323 0.690909090909 0.681347150259
0.858387799564 0.25 0.935483870968 0.995151515152 0.967184801382
0.766158315178 0.25 0.741935483871 0.82303030303 0.676165803109
0.705882352941 0.25 0.741935483871 0.812121212121 0.785837651123
0.702251270879 0.5 0.741935483871 0.721212121212 0.734887737478
0.654320987654 0.25 0.709677419355 0.575757575758 0.503454231434
0.654320987654 0.25 0.709677419355 0.575757575758 0.503454231434
0.614379084967 0.375 0.677419354839 0.631515151515 0.402417962003
0.614379084967 0.375 0.677419354839 0.631515151515 0.402417962003
0.854030501089 0.25 0.806451612903 0.747878787879 0.643350604491
0.877995642702 0.25 0.903225806452 0.866666666667 0.767702936097
1.0 0.625 1.0 1.0 1.0
0.658678286129 0.5 0.677419354839 0.757575757576 0.466321243523
0.554103122731 0.5 0.516129032258 0.461818181818 0.280656303972
0.589687726943 0.5 0.548387096774 0.494545454545 0.314335060449
0.60058097313 0.0 0.58064516129 0.45696969697 0.379101899827
0.60058097313 0.0 0.58064516129 0.45696969697 0.379101899827
0.755265068991 0.375 0.870967741935 0.939393939394 0.896373056995
0.755265068991 0.375 0.870967741935 0.939393939394 0.896373056995
0.848220769789 0.0 0.870967741935 0.866666666667 0.767702936097
0.824255628177 0.0 0.774193548387 0.747878787879 0.643350604491
0.755265068991 0.375 0.870967741935 0.939393939394 0.896373056995
0.737109658678 0.375 0.806451612903 0.850909090909 0.825561312608
