0.718687206966 0.428571428571 0.692307692308 0.666243654822 0.673469387755
0.638312123242 0.142857142857 0.615384615385 0.666243654822 0.673469387755
0.761553918285 0.428571428571 0.807692307692 0.725888324873 0.813411078717
0.683858004019 0.0 0.730769230769 0.680203045685 0.553935860058
0.713328868051 0.428571428571 0.692307692308 0.61421319797 0.708454810496
0.726724715338 0.428571428571 0.730769230769 0.684010152284 0.814868804665
0.576021433356 0.428571428571 0.576923076923 0.631979695431 0.64139941691
0.584058941728 0.571428571429 0.5 0.544416243655 0.478134110787
0.760884125921 0.571428571429 0.692307692308 0.510152284264 0.533527696793
0.400535833891 0.142857142857 0.346153846154 0.293147208122 0.246355685131
0.584728734092 0.285714285714 0.653846153846 0.676395939086 0.705539358601
0.576021433356 0.571428571429 0.538461538462 0.497461928934 0.421282798834
0.804420629605 0.0 0.846153846154 0.738578680203 0.619533527697
0.551239115874 0.142857142857 0.5 0.43654822335 0.432944606414
0.538513060951 0.571428571429 0.5 0.511421319797 0.422740524781
0.33288680509 0.0 0.269230769231 0.181472081218 0.122448979592
0.787006028131 0.142857142857 0.769230769231 0.662436548223 0.64139941691
0.745478901541 0.571428571429 0.730769230769 0.568527918782 0.677842565598
0.752176825184 1.0 0.692307692308 0.624365482234 0.604956268222
0.397856664434 0.142857142857 0.346153846154 0.22461928934 0.189504373178
0.607501674481 0.142857142857 0.538461538462 0.489847715736 0.460641399417
0.742799732083 0.714285714286 0.692307692308 0.470812182741 0.577259475219
0.649028801072 0.714285714286 0.576923076923 0.373096446701 0.294460641399
0.522438044206 0.285714285714 0.423076923077 0.43654822335 0.276967930029
0.665103817816 0.285714285714 0.615384615385 0.585025380711 0.620991253644
0.319490957803 0.142857142857 0.230769230769 0.223350253807 0.120991253644
0.772270596115 0.428571428571 0.730769230769 0.802030456853 0.686588921283
0.620227729404 0.428571428571 0.5 0.582487309645 0.368804664723
0.665103817816 0.285714285714 0.615384615385 0.585025380711 0.620991253644
0.395847287341 0.0 0.384615384615 0.375634517766 0.31195335277
0.419959812458 0.428571428571 0.384615384615 0.318527918782 0.320699708455
0.851975887475 0.571428571429 0.884615384615 0.950507614213 0.827988338192
0.810448760884 0.428571428571 0.730769230769 0.755076142132 0.65306122449
0.769591426658 0.857142857143 0.692307692308 0.587563451777 0.50583090379
0.860013395847 0.571428571429 0.846153846154 0.639593908629 0.660349854227
0.74079035499 0.285714285714 0.769230769231 0.681472081218 0.784256559767
0.628935030141 0.571428571429 0.576923076923 0.470812182741 0.397959183673
0.887474882786 0.428571428571 0.846153846154 0.739847715736 0.756559766764
0.511721366376 0.428571428571 0.5 0.381979695431 0.30612244898
0.791024782317 0.428571428571 0.807692307692 0.776649746193 0.918367346939
0.622906898861 0.714285714286 0.538461538462 0.406091370558 0.459183673469
0.781647689216 0.428571428571 0.846153846154 0.781725888325 0.918367346939
0.711319490958 0.0 0.692307692308 0.609137055838 0.587463556851
0.447421299397 0.142857142857 0.461538461538 0.381979695431 0.30612244898
0.335565974548 0.285714285714 0.269230769231 0.251269035533 0.228862973761
0.389149363697 0.285714285714 0.346153846154 0.251269035533 0.228862973761
0.482250502344 0.0 0.461538461538 0.44923857868 0.342565597668
0.402545210985 0.285714285714 0.346153846154 0.219543147208 0.123906705539
0.474212993972 0.0 0.423076923077 0.445431472081 0.481049562682
0.348961821835 0.285714285714 0.269230769231 0.181472081218 0.122448979592
0.795043536504 1.0 0.807692307692 0.577411167513 0.673469387755
0.580040187542 0.285714285714 0.5 0.380710659898 0.349854227405
0.531815137307 0.0 0.461538461538 0.389593908629 0.376093294461
0.582719356999 0.142857142857 0.615384615385 0.630710659898 0.683673469388
0.56128600134 0.428571428571 0.5 0.304568527919 0.319241982507
0.71466845278 0.857142857143 0.692307692308 0.651015228426 0.739067055394
0.471533824514 0.285714285714 0.461538461538 0.404822335025 0.419825072886
0.389149363697 0.0 0.307692307692 0.21192893401 0.115160349854
0.563295378433 0.428571428571 0.538461538462 0.544416243655 0.551020408163
0.603482920295 0.428571428571 0.5 0.337563451777 0.361516034985
0.579370395177 0.285714285714 0.461538461538 0.35152284264 0.246355685131
0.563965170797 0.428571428571 0.5 0.516497461929 0.481049562682
0.30207635633 0.0 0.230769230769 0.195431472081 0.123906705539
0.851975887475 0.714285714286 0.846153846154 0.802030456853 0.813411078717
0.796383121232 0.571428571429 0.730769230769 0.713197969543 0.711370262391
0.397856664434 0.0 0.346153846154 0.27538071066 0.253644314869
0.447421299397 0.142857142857 0.461538461538 0.381979695431 0.30612244898
0.681178834561 0.714285714286 0.615384615385 0.378172588832 0.411078717201
0.533824514401 0.142857142857 0.5 0.324873096447 0.424198250729
0.352980576021 0.285714285714 0.269230769231 0.195431472081 0.123906705539
0.887474882786 0.428571428571 0.846153846154 0.739847715736 0.756559766764
0.395847287341 0.0 0.384615384615 0.375634517766 0.31195335277
0.78834561286 0.714285714286 0.807692307692 0.725888324873 0.813411078717
0.588077695914 0.428571428571 0.538461538462 0.421319796954 0.418367346939
0.399866041527 0.285714285714 0.346153846154 0.369289340102 0.32361516035
0.439383791025 0.0 0.346153846154 0.324873096447 0.244897959184
0.340254521098 0.0 0.269230769231 0.248730964467 0.250728862974
0.580709979906 0.428571428571 0.5 0.492385786802 0.473760932945
0.82049564635 0.285714285714 0.807692307692 0.879441624365 0.81195335277
0.51841929002 0.571428571429 0.5 0.634517766497 0.655976676385
0.808439383791 0.857142857143 0.769230769231 0.705583756345 0.64139941691
0.397856664434 0.0 0.346153846154 0.27538071066 0.253644314869
0.533824514401 0.428571428571 0.423076923077 0.417512690355 0.215743440233
0.507032819826 0.0 0.5 0.392131979695 0.327988338192
0.651707970529 0.428571428571 0.615384615385 0.666243654822 0.673469387755
0.590087073007 0.0 0.538461538462 0.286802030457 0.252186588921
0.525787006028 0.0 0.5 0.526649746193 0.380466472303
0.579370395177 0.285714285714 0.538461538462 0.526649746193 0.380466472303
0.576021433356 0.571428571429 0.5 0.354060913706 0.440233236152
0.482920294709 0.0 0.461538461538 0.420050761421 0.376093294461
0.531815137307 0.571428571429 0.5 0.324873096447 0.374635568513
0.808439383791 0.857142857143 0.769230769231 0.705583756345 0.64139941691
0.827193569993 0.285714285714 0.769230769231 0.642131979695 0.65306122449
0.847287340924 0.428571428571 0.846153846154 0.583756345178 0.507288629738
0.596115204287 0.285714285714 0.538461538462 0.459390862944 0.284256559767
0.505023442733 0.0 0.5 0.565989847716 0.465014577259
0.847957133289 1.0 0.769230769231 0.654822335025 0.648688046647
0.769591426658 0.428571428571 0.769230769231 0.751269035533 0.765306122449
0.673141326189 0.857142857143 0.615384615385 0.564720812183 0.533527696793
0.33288680509 0.0 0.269230769231 0.181472081218 0.122448979592
1.0 0.142857142857 1.0 1.0 0.991253644315
0.633623576691 0.285714285714 0.538461538462 0.422588832487 0.275510204082
0.479571332887 0.0 0.423076923077 0.456852791878 0.392128279883
0.527126590757 0.0 0.538461538462 0.447969543147 0.432944606414
0.908238446082 0.571428571429 0.923076923077 0.91116751269 0.737609329446
0.389149363697 0.285714285714 0.346153846154 0.289340101523 0.230320699708
0.702612190221 0.571428571429 0.653846153846 0.695431472081 0.625364431487
0.546550569324 0.142857142857 0.5 0.596446700508 0.548104956268
0.533824514401 0.142857142857 0.5 0.324873096447 0.424198250729
0.887474882786 0.428571428571 0.846153846154 0.739847715736 0.756559766764
0.887474882786 0.428571428571 0.846153846154 0.739847715736 0.756559766764
0.801071667783 0.714285714286 0.769230769231 0.690355329949 0.708454810496
0.945077026122 0.571428571429 0.923076923077 0.77538071066 0.830903790087
0.610850636303 0.142857142857 0.538461538462 0.470812182741 0.336734693878
0.483590087073 0.428571428571 0.461538461538 0.328680203046 0.355685131195
0.517079705291 0.428571428571 0.538461538462 0.414974619289 0.437317784257
0.616878767582 0.285714285714 0.576923076923 0.422588832487 0.532069970845
0.750167448091 0.571428571429 0.692307692308 0.562182741117 0.501457725948
0.564634963161 0.428571428571 0.461538461538 0.491116751269 0.387755102041
0.435365036839 0.142857142857 0.384615384615 0.41116751269 0.322157434402
0.793703951775 0.857142857143 0.730769230769 0.743654822335 0.708454810496
0.779638312123 0.428571428571 0.769230769231 0.675126903553 0.632653061224
0.716008037508 0.571428571429 0.653846153846 0.620558375635 0.567055393586
0.531815137307 0.571428571429 0.5 0.324873096447 0.374635568513
0.735432016075 0.428571428571 0.807692307692 0.672588832487 0.625364431487
0.472873409243 0.285714285714 0.384615384615 0.230964467005 0.177842565598
0.603482920295 0.428571428571 0.538461538462 0.520304568528 0.453352769679
0.630944407234 0.142857142857 0.653846153846 0.554568527919 0.558309037901
0.588077695914 0.285714285714 0.576923076923 0.399746192893 0.336734693878
0.602143335566 0.142857142857 0.538461538462 0.590101522843 0.48250728863
0.811118553248 0.428571428571 0.846153846154 0.862944162437 1.0
0.545210984595 0.0 0.5 0.373096446701 0.374635568513
0.429336905559 0.285714285714 0.384615384615 0.289340101523 0.230320699708
0.452779638312 0.285714285714 0.423076923077 0.251269035533 0.228862973761
0.466845277964 0.428571428571 0.423076923077 0.41116751269 0.322157434402
0.493636972539 0.0 0.423076923077 0.341370558376 0.220116618076
0.884125920965 0.0 0.807692307692 0.837563451777 0.637026239067
0.543871399866 0.0 0.461538461538 0.417512690355 0.278425655977
0.675150703282 0.857142857143 0.653846153846 0.544416243655 0.553935860058
0.456798392498 0.428571428571 0.423076923077 0.328680203046 0.355685131195
0.610850636303 0.285714285714 0.5 0.35152284264 0.233236151603
0.359678499665 0.285714285714 0.269230769231 0.125634517766 0.0174927113703
0.488948425988 0.142857142857 0.423076923077 0.341370558376 0.215743440233
0.567314132619 0.285714285714 0.461538461538 0.442893401015 0.326530612245
0.561955793704 0.428571428571 0.461538461538 0.272842639594 0.155976676385
0.583389149364 0.285714285714 0.5 0.369289340102 0.304664723032
0.531815137307 0.0 0.5 0.289340101523 0.230320699708
0.736771600804 0.285714285714 0.653846153846 0.336294416244 0.307580174927
0.687206965841 0.285714285714 0.653846153846 0.720812182741 0.558309037901
0.395847287341 0.285714285714 0.307692307692 0.125634517766 0.0174927113703
0.694574681849 0.571428571429 0.692307692308 0.609137055838 0.629737609329
0.433355659745 0.428571428571 0.384615384615 0.467005076142 0.427113702624
0.395847287341 0.285714285714 0.307692307692 0.125634517766 0.0174927113703
0.525117213664 0.285714285714 0.461538461538 0.248730964467 0.250728862974
0.440723375754 0.142857142857 0.461538461538 0.437817258883 0.411078717201
0.531815137307 0.0 0.461538461538 0.389593908629 0.376093294461
0.704621567314 0.428571428571 0.653846153846 0.696700507614 0.526239067055
0.61352980576 0.285714285714 0.538461538462 0.480964467005 0.327988338192
0.286001339585 0.0 0.192307692308 0.125634517766 0.0174927113703
0.638981915606 0.857142857143 0.576923076923 0.307106598985 0.31778425656
0.542531815137 0.285714285714 0.423076923077 0.333756345178 0.255102040816
0.694574681849 0.285714285714 0.730769230769 0.741116751269 0.855685131195
0.495646349632 0.428571428571 0.423076923077 0.293147208122 0.246355685131
0.561955793704 0.428571428571 0.461538461538 0.373096446701 0.31195335277
0.484259879437 0.142857142857 0.423076923077 0.44923857868 0.373177842566
0.462156731413 0.0 0.346153846154 0.317258883249 0.115160349854
0.827193569993 0.285714285714 0.769230769231 0.642131979695 0.65306122449
0.538513060951 0.571428571429 0.5 0.511421319797 0.422740524781
0.826523777629 0.428571428571 0.807692307692 0.883248730964 0.715743440233
0.581379772271 0.142857142857 0.576923076923 0.350253807107 0.294460641399
0.519758874749 0.0 0.461538461538 0.480964467005 0.327988338192
0.80375083724 0.714285714286 0.730769230769 0.564720812183 0.466472303207
0.52913596785 0.285714285714 0.423076923077 0.422588832487 0.275510204082
0.593436034829 0.285714285714 0.5 0.540609137056 0.370262390671
0.478231748158 0.428571428571 0.423076923077 0.375634517766 0.354227405248
0.604152712659 0.285714285714 0.538461538462 0.480964467005 0.327988338192
0.665103817816 0.285714285714 0.653846153846 0.618020304569 0.620991253644
0.954454119223 0.571428571429 0.923076923077 0.86421319797 0.747813411079
0.787006028131 0.285714285714 0.730769230769 0.642131979695 0.65306122449
0.778968519759 0.285714285714 0.692307692308 0.766497461929 0.645772594752
0.514400535834 0.285714285714 0.461538461538 0.197969543147 0.205539358601
0.52913596785 0.285714285714 0.5 0.375634517766 0.419825072886
0.769591426658 0.571428571429 0.653846153846 0.565989847716 0.51166180758
0.673811118553 0.285714285714 0.692307692308 0.728426395939 0.712827988338
0.7669122572 0.142857142857 0.730769230769 0.72461928934 0.631195335277
0.523777628935 0.142857142857 0.461538461538 0.491116751269 0.387755102041
0.599464166109 0.714285714286 0.576923076923 0.271573604061 0.246355685131
0.415941058272 0.285714285714 0.384615384615 0.289340101523 0.230320699708
0.576021433356 0.571428571429 0.5 0.354060913706 0.440233236152
0.785666443403 0.285714285714 0.730769230769 0.732233502538 0.775510204082
0.576021433356 0.285714285714 0.538461538462 0.335025380711 0.425655976676
0.456798392498 0.428571428571 0.423076923077 0.328680203046 0.355685131195
0.738780977897 0.428571428571 0.769230769231 0.670050761421 0.623906705539
0.569323509712 0.142857142857 0.576923076923 0.560913705584 0.533527696793
0.498325519089 0.285714285714 0.423076923077 0.181472081218 0.122448979592
0.66108506363 0.428571428571 0.615384615385 0.610406091371 0.555393586006
0.653717347622 0.285714285714 0.538461538462 0.369289340102 0.374635568513
0.748158070998 0.285714285714 0.653846153846 0.348984771574 0.303206997085
0.501004688547 0.285714285714 0.423076923077 0.312182741117 0.215743440233
0.400535833891 0.428571428571 0.307692307692 0.225888324873 0.118075801749
