0.823644676682 0.0 0.851851851852 0.875939849624 0.908246225319
0.942521227956 0.0 1.0 0.872180451128 0.875725900116
0.700849118223 0.0 0.703703703704 0.665413533835 0.732868757259
0.849771391248 0.0 0.888888888889 0.865914786967 0.871080139373
0.77922926192 0.0 0.777777777778 0.839598997494 0.878048780488
0.679294578707 0.0 0.666666666667 0.635338345865 0.706155632985
0.644023514043 0.0 0.592592592593 0.550125313283 0.660859465738
0.72240365774 0.0 0.703703703704 0.659147869674 0.725900116144
0.821685173089 0.0 0.814814814815 0.62656641604 0.688734030197
0.666884389288 0.0 0.666666666667 0.621553884712 0.675958188153
0.77922926192 0.0 0.814814814815 0.832080200501 0.823461091754
0.693664271718 0.0 0.740740740741 0.800751879699 0.78281068525
0.683213585892 0.0 0.666666666667 0.580200501253 0.642276422764
0.698889614631 0.0 0.740740740741 0.775689223058 0.760743321719
0.809928151535 0.0 0.814814814815 0.674185463659 0.706155632985
0.689745264533 0.0 0.666666666667 0.576441102757 0.64343786295
0.66884389288 0.0 0.740740740741 0.666666666667 0.639953542393
0.725016329197 0.0 0.740740740741 0.522556390977 0.563298490128
1.0 0.0 0.962962962963 0.972431077694 1.0
0.765512736773 0.0 0.740740740741 0.659147869674 0.714285714286
0.879163945134 0.0 1.0 1.0 0.886178861789
0.940561724363 0.0 0.888888888889 0.667919799499 0.744483159117
0.770738079686 0.0 0.740740740741 0.635338345865 0.694541231127
0.735467015023 0.0 0.703703703704 0.66290726817 0.716608594657
0.860875244938 0.0 0.888888888889 0.835839598997 0.816492450639
0.565643370346 0.0 0.555555555556 0.50626566416 0.557491289199
0.602220770738 0.0 0.592592592593 0.50626566416 0.557491289199
0.696276943174 0.0 0.703703703704 0.647869674185 0.665505226481
0.886348791639 0.0 0.925925925926 0.81954887218 0.788617886179
0.844546048334 0.0 0.888888888889 0.902255639098 0.854819976771
0.654474199869 0.0 0.666666666667 0.591478696742 0.610917537747
0.839320705421 0.0 0.851851851852 0.867167919799 0.850174216028
0.611365120836 0.0 0.62962962963 0.591478696742 0.602787456446
0.738079686479 0.0 0.814814814815 0.875939849624 0.800232288037
0.718484650555 0.0 0.777777777778 0.713032581454 0.673635307782
0.775310254735 0.0 0.777777777778 0.810776942356 0.806039488966
0.578706727629 0.0 0.592592592593 0.591478696742 0.602787456446
0.668190725016 0.0 0.666666666667 0.647869674185 0.665505226481
0.539516655781 0.0 0.518518518519 0.50626566416 0.557491289199
0.587851077727 0.0 0.518518518519 0.457393483709 0.556329849013
0.741998693664 0.0 0.777777777778 0.80701754386 0.771196283391
0.55519268452 0.0 0.555555555556 0.50626566416 0.537746806039
0.772697583279 0.0 0.740740740741 0.679197994987 0.717770034843
0.615284128021 0.0 0.592592592593 0.50626566416 0.557491289199
0.639451338994 0.0 0.592592592593 0.483709273183 0.558652729384
0.670150228609 0.0 0.666666666667 0.615288220551 0.635307781649
0.542129327237 0.0 0.555555555556 0.498746867168 0.51800232288
0.561071195297 0.0 0.592592592593 0.617794486216 0.605110336818
0.594382756368 0.0 0.592592592593 0.50626566416 0.537746806039
0.657086871326 0.0 0.666666666667 0.615288220551 0.622531939605
0.609405617244 0.0 0.592592592593 0.568922305764 0.603948896632
0.559111691705 0.0 0.555555555556 0.50626566416 0.537746806039
0.581319399086 0.0 0.592592592593 0.498746867168 0.51800232288
0.587851077727 0.0 0.592592592593 0.591478696742 0.602787456446
0.740039190072 0.0 0.777777777778 0.791979949875 0.750290360046
0.614630960157 0.0 0.592592592593 0.528822055138 0.571428571429
0.702155453952 0.0 0.666666666667 0.640350877193 0.679442508711
0.513389941215 0.0 0.481481481481 0.50626566416 0.557491289199
0.751796211626 0.0 0.777777777778 0.651629072682 0.637630662021
0.57413455258 0.0 0.518518518519 0.483709273183 0.558652729384
0.745264532985 0.0 0.703703703704 0.605263157895 0.653890824623
0.639451338994 0.0 0.666666666667 0.610275689223 0.598141695703
0.676028739386 0.0 0.703703703704 0.610275689223 0.598141695703
0.565643370346 0.0 0.555555555556 0.50626566416 0.537746806039
0.552580013063 0.0 0.518518518519 0.50626566416 0.557491289199
0.67668190725 0.0 0.740740740741 0.833333333333 0.758420441347
0.591770084912 0.0 0.592592592593 0.615288220551 0.622531939605
0.729588504246 0.0 0.740740740741 0.657894736842 0.652729384437
0.633572828217 0.0 0.62962962963 0.597744360902 0.610917537747
0.516002612671 0.0 0.518518518519 0.498746867168 0.51800232288
0.657086871326 0.0 0.62962962963 0.672932330827 0.695702671312
0.773350751143 0.0 0.740740740741 0.66290726817 0.693379790941
0.746570868713 0.0 0.777777777778 0.770676691729 0.731707317073
0.571521881123 0.0 0.592592592593 0.617794486216 0.605110336818
0.591770084912 0.0 0.592592592593 0.543859649123 0.558652729384
0.629000653168 0.0 0.592592592593 0.483709273183 0.538908246225
0.755062050947 0.0 0.777777777778 0.853383458647 0.809523809524
0.704114957544 0.0 0.740740740741 0.735588972431 0.694541231127
0.612671456564 0.0 0.62962962963 0.555137844612 0.554006968641
0.55519268452 0.0 0.555555555556 0.498746867168 0.51800232288
0.591770084912 0.0 0.592592592593 0.498746867168 0.51800232288
0.57413455258 0.0 0.592592592593 0.617794486216 0.605110336818
0.685826257348 0.0 0.703703703704 0.68671679198 0.666666666667
0.833442194644 0.0 0.888888888889 0.632832080201 0.591173054588
0.918354016982 0.0 0.962962962963 0.947368421053 0.871080139373
0.632919660353 0.0 0.592592592593 0.507518796992 0.558652729384
0.657086871326 0.0 0.592592592593 0.483709273183 0.558652729384
0.738079686479 0.0 0.703703703704 0.577694235589 0.61556329849
0.763553233181 0.0 0.814814814815 0.666666666667 0.620209059233
0.604833442195 0.0 0.592592592593 0.597744360902 0.610917537747
0.515349444807 0.0 0.518518518519 0.532581453634 0.540069686411
0.515349444807 0.0 0.518518518519 0.532581453634 0.540069686411
0.836054866101 0.0 0.777777777778 0.631578947368 0.682926829268
0.611365120836 0.0 0.592592592593 0.498746867168 0.530778164925
0.896146309602 0.0 0.851851851852 0.621553884712 0.663182346109
0.656433703462 0.0 0.62962962963 0.5 0.538908246225
0.672762900065 0.0 0.62962962963 0.483709273183 0.538908246225
0.810581319399 0.0 0.851851851852 0.755639097744 0.703832752613
0.869366427172 0.0 0.851851851852 0.743107769424 0.743321718931
0.719790986283 0.0 0.666666666667 0.518796992481 0.577235772358
0.644023514043 0.0 0.62962962963 0.597744360902 0.610917537747
0.554539516656 0.0 0.555555555556 0.532581453634 0.540069686411
0.648595689092 0.0 0.62962962963 0.616541353383 0.630662020906
0.634879163945 0.0 0.62962962963 0.522556390977 0.537746806039
0.809928151535 0.0 0.814814814815 0.773182957393 0.747967479675
0.81711299804 0.0 0.814814814815 0.780701754386 0.759581881533
0.690398432397 0.0 0.666666666667 0.718045112782 0.721254355401
0.849771391248 0.0 0.777777777778 0.745614035088 0.788617886179
0.726322664925 0.0 0.740740740741 0.714285714286 0.686411149826
0.708687132593 0.0 0.666666666667 0.654135338346 0.681765389082
0.84389288047 0.0 0.740740740741 0.503759398496 0.606271777003
0.771391247551 0.0 0.777777777778 0.718045112782 0.696864111498
0.661005878511 0.0 0.666666666667 0.622807017544 0.613240418118
0.637491835402 0.0 0.555555555556 0.481203007519 0.564459930314
0.823644676682 0.0 0.851851851852 0.719298245614 0.679442508711
0.559111691705 0.0 0.555555555556 0.532581453634 0.540069686411
0.82495101241 0.0 0.888888888889 0.825814536341 0.738675958188
0.719790986283 0.0 0.666666666667 0.532581453634 0.583042973287
0.719790986283 0.0 0.666666666667 0.532581453634 0.583042973287
0.652514696277 0.0 0.62962962963 0.513784461153 0.540069686411
0.654474199869 0.0 0.666666666667 0.731829573935 0.698025551684
0.610058785108 0.0 0.666666666667 0.641604010025 0.581881533101
0.650555192685 0.0 0.62962962963 0.621553884712 0.630662020906
0.796211626388 0.0 0.740740740741 0.621553884712 0.662020905923
0.73024167211 0.0 0.666666666667 0.528822055138 0.58768873403
0.755715218811 0.0 0.740740740741 0.632832080201 0.636469221835
0.718484650555 0.0 0.62962962963 0.582706766917 0.655052264808
0.50947093403 0.0 0.481481481481 0.413533834586 0.452961672474
0.58523840627 0.0 0.592592592593 0.525062656642 0.520325203252
0.671456564337 0.0 0.666666666667 0.556390977444 0.558652729384
0.738079686479 0.0 0.777777777778 0.744360902256 0.684088269454
0.724363161332 0.0 0.703703703704 0.605263157895 0.614401858304
0.841280209014 0.0 0.888888888889 0.713032581454 0.651567944251
0.689745264533 0.0 0.666666666667 0.604010025063 0.613240418118
0.643370346179 0.0 0.666666666667 0.610275689223 0.578397212544
0.686479425212 0.0 0.666666666667 0.592731829574 0.600464576074
0.721097322012 0.0 0.703703703704 0.690476190476 0.682926829268
0.549967341607 0.0 0.518518518519 0.413533834586 0.452961672474
0.634879163945 0.0 0.62962962963 0.624060150376 0.613240418118
0.700195950359 0.0 0.666666666667 0.522556390977 0.550522648084
0.59307642064 0.0 0.592592592593 0.573934837093 0.564459930314
0.773350751143 0.0 0.814814814815 0.75313283208 0.686411149826
0.659699542782 0.0 0.666666666667 0.635338345865 0.612078977933
0.723056825604 0.0 0.62962962963 0.457393483709 0.544715447154
0.552580013063 0.0 0.518518518519 0.413533834586 0.452961672474
0.606792945787 0.0 0.592592592593 0.525062656642 0.533101045296
0.751796211626 0.0 0.740740740741 0.630325814536 0.623693379791
0.920313520575 0.0 0.888888888889 0.902255639098 0.878048780488
0.594382756368 0.0 0.555555555556 0.498746867168 0.530778164925
0.613324624428 0.0 0.555555555556 0.390977443609 0.45412311266
0.6466361855 0.0 0.666666666667 0.627819548872 0.592334494774
0.701502286088 0.0 0.666666666667 0.552631578947 0.574912891986
0.795558458524 0.0 0.814814814815 0.704260651629 0.660859465738
0.753755715219 0.0 0.777777777778 0.736842105263 0.684088269454
0.694970607446 0.0 0.703703703704 0.632832080201 0.606271777003
0.617243631613 0.0 0.62962962963 0.649122807018 0.61556329849
0.576747224037 0.0 0.592592592593 0.610275689223 0.578397212544
0.495754408883 0.0 0.481481481481 0.43984962406 0.455284552846
0.611365120836 0.0 0.592592592593 0.578947368421 0.580720092915
0.483344219464 0.0 0.444444444444 0.413533834586 0.452961672474
0.483344219464 0.0 0.444444444444 0.413533834586 0.452961672474
0.63096015676 0.0 0.592592592593 0.552631578947 0.574912891986
0.519921619856 0.0 0.481481481481 0.413533834586 0.452961672474
0.519921619856 0.0 0.481481481481 0.413533834586 0.452961672474
0.519921619856 0.0 0.481481481481 0.413533834586 0.452961672474
0.54408883083 0.0 0.481481481481 0.390977443609 0.45412311266
0.64990202482 0.0 0.62962962963 0.581453634085 0.584204413473
0.64990202482 0.0 0.62962962963 0.581453634085 0.584204413473
0.742651861528 0.0 0.740740740741 0.835839598997 0.788617886179
0.604833442195 0.0 0.518518518519 0.388471177945 0.471544715447
0.534944480732 0.0 0.518518518519 0.43984962406 0.455284552846
0.58523840627 0.0 0.555555555556 0.478696741855 0.500580720093
0.541476159373 0.0 0.518518518519 0.525062656642 0.533101045296
0.635532331809 0.0 0.62962962963 0.522556390977 0.51800232288
0.763553233181 0.0 0.814814814815 0.68671679198 0.613240418118
0.745917700849 0.0 0.703703703704 0.696741854637 0.700348432056
0.504898758981 0.0 0.518518518519 0.525062656642 0.500580720093
0.541476159373 0.0 0.555555555556 0.525062656642 0.500580720093
0.693011103854 0.0 0.666666666667 0.587719298246 0.591173054588
0.60091443501 0.0 0.555555555556 0.471177944862 0.505226480836
0.60091443501 0.0 0.592592592593 0.522556390977 0.51800232288
0.73350751143 0.0 0.814814814815 0.802005012531 0.68524970964
0.58523840627 0.0 0.555555555556 0.413533834586 0.441347270616
0.655780535598 0.0 0.666666666667 0.615288220551 0.581881533101
0.800130633573 0.0 0.777777777778 0.725563909774 0.707317073171
0.734813847159 0.0 0.740740740741 0.660401002506 0.626016260163
0.527106466362 0.0 0.481481481481 0.413533834586 0.452961672474
0.576094056172 0.0 0.555555555556 0.43984962406 0.455284552846
0.54408883083 0.0 0.555555555556 0.525062656642 0.500580720093
0.54408883083 0.0 0.555555555556 0.525062656642 0.500580720093
0.534291312867 0.0 0.518518518519 0.443609022556 0.452961672474
0.554539516656 0.0 0.555555555556 0.43984962406 0.435540069686
0.647942521228 0.0 0.666666666667 0.641604010025 0.595818815331
0.508817766166 0.0 0.518518518519 0.525062656642 0.500580720093
0.617896799477 0.0 0.62962962963 0.525062656642 0.500580720093
0.506205094709 0.0 0.481481481481 0.43984962406 0.455284552846
0.662312214239 0.0 0.62962962963 0.413533834586 0.441347270616
0.485303723057 0.0 0.481481481481 0.43984962406 0.435540069686
0.485303723057 0.0 0.481481481481 0.43984962406 0.435540069686
0.529065969954 0.0 0.518518518519 0.429824561404 0.433217189315
