0.863490364026 0.5 1.0 0.896044158234 0.946393762183
0.877408993576 1.0 0.90625 0.877644894204 0.918128654971
0.96948608137 0.25 1.0 0.939282428703 1.0
0.198608137045 0.0 0.125 0.0910763569457 0.0116959064327
0.813704496788 0.25 0.875 1.0 0.898635477583
1.0 0.25 1.0 0.929162833487 0.923976608187
0.595824411135 1.0 0.625 0.61269549218 0.648148148148
0.891862955032 0.5 0.9375 0.75620975161 0.827485380117
0.797644539615 0.75 0.84375 0.683532658694 0.591617933723
0.406852248394 0.75 0.40625 0.355105795768 0.348927875244
0.239293361884 0.25 0.1875 0.11223551058 0.0555555555556
0.997323340471 0.0 0.96875 0.900643974241 0.881091617934
0.328158458244 0.5 0.3125 0.233670653174 0.195906432749
0.892933618844 0.25 1.0 0.974241030359 0.87134502924
0.91113490364 0.0 0.96875 0.839926402944 0.851851851852
0.937901498929 0.0 0.96875 0.735970561178 0.763157894737
0.692184154176 0.0 0.78125 0.624655013799 0.607212475634
0.359207708779 0.25 0.28125 0.103035878565 0.0672514619883
0.905781584582 0.25 1.0 0.954921803128 0.965886939571
0.376338329764 0.0 0.40625 0.398344066237 0.342105263158
0.768201284797 0.0 0.875 0.852805887764 0.753411306043
0.639721627409 0.5 0.6875 0.759889604416 0.702729044834
0.713597430407 0.75 0.75 0.517939282429 0.58089668616
0.884368308351 0.5 0.9375 0.861085556578 0.969785575049
0.698608137045 0.0 0.8125 0.769089236431 0.668615984405
0.79817987152 0.5 0.875 0.666973321067 0.803118908382
0.846359743041 0.5 0.96875 0.898804047838 0.853801169591
0.29817987152 0.25 0.25 0.152713891444 0.125730994152
0.697537473233 0.5 0.71875 0.743330266789 0.768031189084
0.825481798715 0.0 0.90625 0.893284268629 0.842105263158
0.644539614561 0.0 0.75 0.63753449862 0.556530214425
0.687901498929 0.75 0.65625 0.617295308188 0.719298245614
0.460385438972 0.0 0.53125 0.439742410304 0.288499025341
0.772483940043 1.0 0.78125 0.591536338546 0.724171539961
0.733404710921 0.0 0.84375 0.707451701932 0.638401559454
0.245182012848 0.25 0.1875 0.163753449862 0.0789473684211
0.546573875803 0.75 0.5625 0.364305427783 0.423001949318
0.587259100642 0.75 0.59375 0.36890524379 0.40350877193
0.442719486081 0.75 0.4375 0.296228150874 0.325536062378
0.400428265525 0.0 0.4375 0.379944802208 0.340155945419
0.260706638116 0.25 0.21875 0.180312787489 0.143274853801
0.334047109208 0.5 0.3125 0.333946642134 0.305068226121
0.543361884368 0.75 0.53125 0.28150873965 0.277777777778
0.48608137045 0.0 0.5625 0.506899724011 0.471734892788
0.209314775161 0.0 0.15625 0.141674333027 0.0828460038986
0.557815845824 0.0 0.65625 0.515179392824 0.51656920078
0.508029978587 0.5 0.5 0.477460901564 0.455165692008
0.382226980728 0.5 0.34375 0.124195032199 0.111111111111
0.809957173448 1.0 0.8125 0.752529898804 0.828460038986
0.449678800857 0.75 0.46875 0.458141674333 0.428849902534
0.414346895075 0.5 0.375 0.265869365225 0.295321637427
0.220021413276 0.0 0.15625 0.0910763569457 0.0116959064327
0.198608137045 0.0 0.125 0.0910763569457 0.0116959064327
0.601177730193 0.0 0.6875 0.528058877645 0.53216374269
0.453961456103 0.0 0.5 0.428702851886 0.425925925926
0.532655246253 0.0 0.625 0.551057957682 0.450292397661
0.991434689507 0.25 1.0 0.925482980681 0.862573099415
0.631691648822 0.0 0.71875 0.678932842686 0.654970760234
0.319593147752 0.0 0.34375 0.3127874885 0.295321637427
0.519271948608 0.0 0.59375 0.51241950322 0.384990253411
0.418629550321 0.0 0.46875 0.395584176633 0.351851851852
0.346359743041 0.0 0.375 0.380864765409 0.366471734893
0.225374732334 0.0 0.1875 0.182152713891 0.153021442495
0.836188436831 0.0 0.9375 0.820607175713 0.786549707602
0.953426124197 0.25 0.96875 0.89972401104 0.861598440546
0.268201284797 0.0 0.25 0.182152713891 0.153021442495
0.809421841542 0.25 0.90625 0.907083716651 0.748538011696
0.4073875803 0.0 0.375 0.0910763569457 0.0116959064327
0.246788008565 0.0 0.21875 0.182152713891 0.153021442495
0.273554603854 0.0 0.28125 0.244710211592 0.207602339181
0.972162740899 0.25 1.0 0.801287948482 0.75730994152
0.804068522484 0.5 0.90625 0.920883164673 0.883040935673
0.294967880086 0.0 0.3125 0.244710211592 0.207602339181
0.291220556745 0.0 0.25 0.209751609936 0.170565302144
0.674518201285 0.25 0.71875 0.773689052438 0.728070175439
0.589935760171 0.25 0.625 0.632014719411 0.691033138402
0.667023554604 0.25 0.71875 0.580496780129 0.622807017544
0.683618843683 0.0 0.65625 0.444342226311 0.415204678363
0.624732334047 0.25 0.71875 0.781968721251 0.633528265107
0.764989293362 0.25 0.84375 0.658693652254 0.550682261209
0.81852248394 0.25 0.84375 0.546458141674 0.573099415205
0.77408993576 0.0 0.8125 0.643054277829 0.56432748538
0.54817987152 0.25 0.5625 0.49402023919 0.536062378168
0.50374732334 0.0 0.5 0.417663293468 0.432748538012
0.551927194861 0.5 0.53125 0.482060717571 0.499025341131
0.855460385439 0.25 0.90625 0.678932842686 0.674463937622
0.657922912206 0.0 0.65625 0.574057037718 0.653021442495
0.799250535332 0.25 0.875 0.804047838086 0.817738791423
0.869379014989 0.25 0.9375 0.871205151794 0.896686159844
0.868308351178 0.0 0.875 0.648574057038 0.66081871345
0.789614561028 0.5 0.84375 0.795768169273 0.889863547758
0.468950749465 0.5 0.46875 0.414903403864 0.507797270955
0.581905781585 0.0 0.625 0.43146274149 0.4522417154
0.306745182013 0.0 0.25 0.159153633855 0.0994152046784
0.273019271949 0.0 0.1875 0.126954921803 0.0487329434698
0.726980728051 0.0 0.71875 0.526218951242 0.404483430799
0.406316916488 0.0 0.375 0.258509659614 0.256335282651
0.717880085653 0.0 0.78125 0.813247470101 0.712475633528
0.877944325482 0.25 0.96875 0.950321987121 0.880116959064
0.705032119914 0.25 0.71875 0.59981600736 0.682261208577
0.781049250535 0.5 0.8125 0.655013799448 0.680311890838
0.605460385439 0.5 0.59375 0.500459981601 0.570175438596
0.747858672377 0.0 0.8125 0.71849126035 0.695906432749
0.810492505353 0.0 0.875 0.816927322907 0.788499025341
0.669700214133 0.0 0.71875 0.585096596136 0.525341130604
0.649892933619 0.0 0.65625 0.448022079117 0.492202729045
0.656852248394 0.0 0.65625 0.46274149034 0.587719298246
0.744646680942 0.0 0.78125 0.608095676173 0.733918128655
0.896680942184 0.0 0.9375 0.821527138914 0.831384015595
0.471092077088 0.75 0.53125 0.477460901564 0.475633528265
0.783725910064 0.25 0.84375 0.753449862006 0.80701754386
0.476445396146 0.0 0.40625 0.240110395584 0.156920077973
0.709850107066 0.0 0.78125 0.554737810488 0.612085769981
0.513383297645 0.0 0.46875 0.371665133395 0.352826510721
0.753211991435 0.25 0.875 0.772769089236 0.771929824561
0.498929336188 0.25 0.5 0.391904323827 0.265107212476
0.573340471092 0.5 0.59375 0.538178472861 0.593567251462
0.487152034261 0.0 0.5 0.263109475621 0.183235867446
0.879014989293 0.25 0.96875 0.931922723091 0.894736842105
0.353319057816 0.5 0.34375 0.225390984361 0.19298245614
0.517665952891 0.0 0.5 0.411223551058 0.366471734893
0.830835117773 0.25 0.90625 0.886844526219 0.859649122807
0.833511777302 0.0 0.90625 0.710211591536 0.821637426901
0.370449678801 0.0 0.34375 0.126954921803 0.0350877192982
0.711456102784 0.25 0.78125 0.701931922723 0.836257309942
0.885974304069 0.25 0.84375 0.657773689052 0.740740740741
0.622055674518 0.25 0.6875 0.688132474701 0.684210526316
0.335117773019 0.0 0.28125 0.126954921803 0.0350877192982
0.551391862955 0.0 0.53125 0.347746090156 0.450292397661
0.721092077088 0.25 0.71875 0.438822447102 0.465886939571
0.683618843683 0.25 0.75 0.721251149954 0.718323586745
0.214668094218 0.0 0.15625 0.13155473781 0.0818713450292
0.782655246253 0.0 0.875 0.836246550138 0.777777777778
0.609743040685 0.25 0.65625 0.498620055198 0.520467836257
0.877408993576 0.25 0.90625 0.839926402944 0.849902534113
0.367237687366 0.25 0.34375 0.148114075437 0.0925925925926
0.573875802998 0.0 0.59375 0.385464581417 0.42007797271
0.757494646681 0.0 0.8125 0.66881324747 0.723196881092
0.771413276231 0.0 0.8125 0.849126034959 0.736842105263
0.73608137045 0.25 0.78125 0.673413063477 0.785575048733
0.426659528908 0.5 0.40625 0.226310947562 0.205653021442
0.527301927195 0.0 0.53125 0.278748850046 0.245614035088
0.527837259101 0.0 0.4375 0.172033118675 0.174463937622
0.701284796574 0.0 0.8125 0.677092916283 0.598440545809
0.740899357602 0.0 0.75 0.729530818767 0.712475633528
0.635438972163 0.0 0.71875 0.824287028519 0.719298245614
0.564239828694 0.25 0.59375 0.425942962282 0.395711500975
0.743040685225 0.0 0.78125 0.69365225391 0.646198830409
0.843683083512 0.25 0.8125 0.611775528979 0.594541910331
0.796038543897 0.0 0.78125 0.745170193192 0.736842105263
0.859207708779 0.5 0.90625 0.832566697332 0.897660818713
0.739293361884 0.25 0.8125 0.764489420423 0.760233918129
0.273554603854 0.0 0.1875 0.0910763569457 0.0116959064327
0.615096359743 0.75 0.65625 0.684452621895 0.620857699805
0.801927194861 0.25 0.875 0.88776448942 0.868421052632
0.482334047109 0.0 0.40625 0.133394664213 0.0555555555556
0.262847965739 0.0 0.21875 0.141674333027 0.0828460038986
0.314239828694 0.0 0.28125 0.176632934683 0.0750487329435
0.599571734475 0.25 0.59375 0.513339466421 0.486354775828
0.821199143469 0.0 0.875 0.791168353266 0.756335282651
0.712526766595 0.0 0.78125 0.663293468261 0.617933723197
0.836188436831 0.25 0.875 0.670653173873 0.656920077973
0.642933618844 0.5 0.71875 0.576816927323 0.70955165692
0.451284796574 0.0 0.4375 0.288868445262 0.272904483431
0.790149892934 0.75 0.84375 0.715731370745 0.710526315789
0.600642398287 0.25 0.625 0.528978840846 0.586744639376
0.707173447537 0.0 0.6875 0.638454461822 0.640350877193
0.569593147752 0.5 0.59375 0.343146274149 0.317738791423
0.321199143469 0.0 0.25 0.167433302668 0.118908382066
0.329229122056 0.0 0.28125 0.173873045078 0.0682261208577
0.533725910064 0.0 0.5625 0.367985280589 0.333333333333
0.25 0.0 0.1875 0.176632934683 0.0750487329435
0.458244111349 0.0 0.46875 0.305427782889 0.246588693957
0.730728051392 0.5 0.78125 0.697332106716 0.787524366472
0.5 0.0 0.53125 0.244710211592 0.132553606238
0.544967880086 0.5 0.53125 0.354185832567 0.315789473684
0.335117773019 0.0 0.3125 0.195032198712 0.106237816764
0.470021413276 0.25 0.46875 0.23735050598 0.22514619883
0.336188436831 0.0 0.3125 0.204231830727 0.137426900585
0.348501070664 0.0 0.3125 0.244710211592 0.218323586745
0.394539614561 0.25 0.40625 0.271389144434 0.284600389864
0.508029978587 0.0 0.46875 0.397424103036 0.461013645224
0.644539614561 0.5 0.71875 0.561177552898 0.513645224172
0.640256959315 0.0 0.625 0.470101195952 0.464912280702
0.773554603854 0.5 0.84375 0.788408463661 0.842105263158
0.566916488223 0.0 0.59375 0.522539098436 0.551656920078
0.396145610278 0.0 0.34375 0.227230910764 0.146198830409
0.70182012848 0.0 0.71875 0.458141674333 0.396686159844
0.627944325482 0.25 0.65625 0.422263109476 0.42007797271
0.225374732334 0.0 0.1875 0.182152713891 0.153021442495
0.486616702355 0.0 0.4375 0.327506899724 0.337231968811
0.304068522484 0.0 0.28125 0.230910763569 0.238791423002
0.392933618844 0.25 0.375 0.214351425943 0.197855750487
0.542291220557 0.25 0.5625 0.564857405704 0.490253411306
0.363490364026 0.25 0.3125 0.138914443422 0.0906432748538
0.536937901499 0.25 0.5 0.33762649494 0.384015594542
0.490364025696 0.0 0.4375 0.344986200552 0.391812865497
0.52408993576 0.0 0.5625 0.455381784729 0.32261208577
0.511241970021 0.0 0.46875 0.252989880405 0.299220272904
0.392933618844 0.25 0.375 0.303587856486 0.30604288499
