0.583429895713 0.25 0.483870967742 0.255765199161 0.33734939759
0.452491309386 0.5 0.354838709677 0.172955974843 0.161007667032
0.731749710313 0.5 0.806451612903 0.942348008386 0.830230010953
0.292004634994 0.0 0.225806451613 0.16142557652 0.0930996714129
0.527230590962 0.25 0.483870967742 0.382599580713 0.441401971522
0.976825028969 0.25 0.935483870968 0.835429769392 0.785323110624
0.28852838934 0.0 0.193548387097 0.103773584906 0.013143483023
0.467555040556 0.0 0.451612903226 0.432914046122 0.300109529025
0.53302433372 0.25 0.451612903226 0.364779874214 0.338444687842
0.644843568946 0.5 0.58064516129 0.394129979036 0.509309967141
1.0 0.5 1.0 0.990566037736 1.0
0.7224797219 0.5 0.741935483871 0.734800838574 0.649507119387
0.741599073001 0.25 0.709677419355 0.753668763103 0.705366922234
0.373117033604 0.5 0.354838709677 0.389937106918 0.411829134721
0.45191193511 0.5 0.451612903226 0.447589098532 0.491785323111
0.491888760139 0.5 0.451612903226 0.46750524109 0.462212486309
0.58516801854 0.25 0.612903225806 0.713836477987 0.511500547645
0.492468134415 0.5 0.516129032258 0.626834381551 0.555312157722
0.440324449594 0.75 0.41935483871 0.522012578616 0.481927710843
0.502317497103 0.5 0.451612903226 0.320754716981 0.387732749179
0.469293163384 0.0 0.483870967742 0.534591194969 0.447973713034
0.395712630359 0.5 0.387096774194 0.487421383648 0.46878422782
0.402085747393 0.5 0.387096774194 0.524109014675 0.492880613363
0.708574739282 0.5 0.806451612903 1.0 0.910186199343
0.440324449594 0.0 0.41935483871 0.430817610063 0.289156626506
0.390498261877 0.0 0.354838709677 0.375262054507 0.220153340635
0.353997682503 0.0 0.258064516129 0.140461215933 0.110624315444
0.297219003476 0.0 0.225806451613 0.103773584906 0.013143483023
0.243916570104 0.0 0.193548387097 0.207547169811 0.171960569551
0.27056778679 0.0 0.225806451613 0.207547169811 0.171960569551
0.461761297798 0.25 0.41935483871 0.345911949686 0.41730558598
0.53302433372 0.25 0.483870967742 0.345911949686 0.41730558598
0.544611819235 0.0 0.58064516129 0.581761006289 0.441401971522
0.602549246813 0.25 0.645161290323 0.759958071279 0.590361445783
0.550405561993 0.25 0.58064516129 0.713836477987 0.511500547645
0.296060254925 0.0 0.258064516129 0.252620545073 0.15443592552
0.457705677868 0.0 0.451612903226 0.476939203354 0.368017524644
0.475666280417 0.25 0.483870967742 0.571278825996 0.472070098576
0.214947856315 0.0 0.129032258065 0.103773584906 0.013143483023
0.417728852839 0.5 0.322580645161 0.172955974843 0.161007667032
0.253765932793 0.0 0.161290322581 0.103773584906 0.013143483023
0.378910776362 0.5 0.290322580645 0.172955974843 0.161007667032
0.652954808806 0.75 0.612903225806 0.495807127883 0.65717415115
0.449594438007 0.25 0.387096774194 0.279874213836 0.233296823658
0.529548088065 0.25 0.451612903226 0.389937106918 0.256297918949
0.420625724218 0.0 0.354838709677 0.318658280922 0.203723986857
0.214947856315 0.0 0.129032258065 0.103773584906 0.013143483023
0.214947856315 0.0 0.129032258065 0.103773584906 0.013143483023
0.519698725377 1.0 0.483870967742 0.412997903564 0.480832420591
0.390498261877 0.0 0.354838709677 0.375262054507 0.220153340635
0.623986095017 0.25 0.709677419355 0.82180293501 0.761226725082
0.398030127462 0.25 0.387096774194 0.380503144654 0.393209200438
0.831981460023 0.5 0.806451612903 0.666666666667 0.779846659365
0.7224797219 0.25 0.709677419355 0.5964360587 0.477546549836
0.675550405562 0.75 0.709677419355 0.705450733753 0.757940854326
0.508111239861 0.5 0.483870967742 0.415094339623 0.491785323111
0.431054461182 0.25 0.451612903226 0.458071278826 0.461117196057
0.548667439166 0.0 0.58064516129 0.581761006289 0.441401971522
0.612398609502 0.25 0.516129032258 0.255765199161 0.33734939759
0.540556199305 0.25 0.483870967742 0.276729559748 0.31982475356
0.506373117034 0.5 0.483870967742 0.438155136268 0.510405257393
0.567207415991 0.25 0.483870967742 0.40251572327 0.411829134721
0.505214368482 0.0 0.387096774194 0.206498951782 0.15991237678
0.509849362688 0.0 0.451612903226 0.289308176101 0.251916757941
0.63325608343 0.25 0.677419354839 0.759958071279 0.590361445783
0.265353418308 0.0 0.193548387097 0.16142557652 0.0930996714129
0.446118192352 0.25 0.41935483871 0.430817610063 0.303395399781
0.661066048667 0.25 0.612903225806 0.492662473795 0.318729463308
0.685979142526 0.75 0.645161290323 0.544025157233 0.442497261774
0.780417149479 0.75 0.806451612903 0.702306079665 0.878422782037
0.959443800695 0.5 0.903225806452 0.866876310273 0.803943044907
0.789107763615 0.25 0.741935483871 0.616352201258 0.538882803943
0.508111239861 0.25 0.483870967742 0.46750524109 0.313253012048
0.519698725377 0.0 0.516129032258 0.477987421384 0.282584884995
0.214947856315 0.0 0.129032258065 0.103773584906 0.013143483023
0.214947856315 0.0 0.129032258065 0.103773584906 0.013143483023
0.531286210892 0.5 0.483870967742 0.454926624738 0.46878422782
0.571842410197 0.0 0.612903225806 0.637316561845 0.510405257393
0.760139049826 0.5 0.806451612903 0.964360587002 0.81161007667
0.783893395133 0.5 0.838709677419 0.93501048218 0.859802847755
