0.421657592257 0.285714285714 0.387096774194 0.386592178771 0.425531914894
0.558983666062 0.0 0.483870967742 0.544134078212 0.543882978723
0.664246823956 0.285714285714 0.58064516129 0.459217877095 0.457446808511
0.704174228675 0.285714285714 0.58064516129 0.587709497207 0.413563829787
0.854204476709 0.428571428571 0.838709677419 0.886033519553 0.76329787234
0.681790683606 0.571428571429 0.612903225806 0.549720670391 0.537234042553
0.424682395644 0.0 0.387096774194 0.324022346369 0.344414893617
0.452510586812 0.285714285714 0.41935483871 0.279329608939 0.316489361702
0.698729582577 0.285714285714 0.645161290323 0.625698324022 0.54920212766
0.6981246219 0.428571428571 0.612903225806 0.648044692737 0.489361702128
0.373260738052 0.285714285714 0.290322580645 0.159776536313 0.11170212766
0.457350272232 0.0 0.387096774194 0.353072625698 0.239361702128
0.575922565033 0.428571428571 0.483870967742 0.388826815642 0.292553191489
0.612220205687 0.428571428571 0.516129032258 0.388826815642 0.292553191489
0.896551724138 0.428571428571 0.806451612903 0.658100558659 0.789893617021
0.823956442831 0.142857142857 0.741935483871 0.575418994413 0.670212765957
0.649122807018 0.285714285714 0.483870967742 0.242458100559 0.280585106383
0.576527525711 0.428571428571 0.451612903226 0.460335195531 0.343085106383
0.580762250454 0.714285714286 0.516129032258 0.430167597765 0.389627659574
0.54204476709 0.0 0.451612903226 0.411173184358 0.408244680851
0.54204476709 0.428571428571 0.451612903226 0.357541899441 0.393617021277
0.611010284332 0.428571428571 0.516129032258 0.378770949721 0.527925531915
0.389594676346 0.0 0.354838709677 0.248044692737 0.1875
0.508166969147 0.0 0.387096774194 0.344134078212 0.279255319149
0.872353297036 0.428571428571 0.870967741935 0.84469273743 0.843085106383
0.848154869933 0.142857142857 0.806451612903 0.737430167598 0.779255319149
0.464004839685 0.428571428571 0.354838709677 0.377653631285 0.380319148936
0.515426497278 0.428571428571 0.41935483871 0.408938547486 0.396276595745
0.502722323049 0.0 0.387096774194 0.364245810056 0.365691489362
0.683605565638 0.0 0.548387096774 0.508379888268 0.63164893617
0.396854204477 0.0 0.290322580645 0.154189944134 0.0664893617021
0.436781609195 0.0 0.354838709677 0.256983240223 0.150265957447
0.522686025408 0.428571428571 0.483870967742 0.442458100559 0.494680851064
0.773139745917 0.714285714286 0.709677419355 0.65251396648 0.625
0.75257108288 0.857142857143 0.645161290323 0.483798882682 0.482712765957
0.939503932244 1.0 0.838709677419 0.769832402235 0.860372340426
0.469449485783 0.142857142857 0.387096774194 0.415642458101 0.357712765957
0.415003024803 0.142857142857 0.322580645161 0.283798882682 0.20079787234
0.550514216576 0.0 0.451612903226 0.39217877095 0.357712765957
0.606775559589 0.285714285714 0.451612903226 0.372067039106 0.251329787234
0.593466424682 0.428571428571 0.516129032258 0.56312849162 0.650265957447
0.641863278887 0.285714285714 0.548387096774 0.496089385475 0.613031914894
0.363581367211 0.0 0.258064516129 0.198882681564 0.230053191489
0.56442831216 0.285714285714 0.451612903226 0.31843575419 0.247340425532
0.557773744707 0.285714285714 0.483870967742 0.416759776536 0.413563829787
0.470659407139 0.285714285714 0.354838709677 0.270391061453 0.348404255319
0.549909255898 0.142857142857 0.483870967742 0.443575418994 0.498670212766
0.540229885057 0.142857142857 0.451612903226 0.382122905028 0.401595744681
0.431941923775 0.428571428571 0.387096774194 0.368715083799 0.417553191489
0.653962492438 0.0 0.612903225806 0.6 0.473404255319
0.343012704174 0.0 0.290322580645 0.186592178771 0.0904255319149
0.649727767695 0.428571428571 0.58064516129 0.532960893855 0.566489361702
0.572292800968 0.428571428571 0.451612903226 0.350837988827 0.341755319149
0.634603750756 0.714285714286 0.516129032258 0.349720670391 0.336436170213
0.38112522686 0.0 0.258064516129 0.181005586592 0.0757978723404
0.464609800363 0.571428571429 0.387096774194 0.210055865922 0.255319148936
0.794918330309 0.285714285714 0.806451612903 0.678212290503 0.708776595745
0.818511796733 0.571428571429 0.806451612903 0.80782122905 0.679521276596
0.584996975197 0.285714285714 0.516129032258 0.503910614525 0.511968085106
0.698729582577 0.285714285714 0.645161290323 0.625698324022 0.54920212766
0.749546279492 0.285714285714 0.677419354839 0.767597765363 0.773936170213
0.660617059891 0.142857142857 0.58064516129 0.581005586592 0.652925531915
0.822746521476 0.285714285714 0.838709677419 0.879329608939 0.845744680851
0.718088324259 0.285714285714 0.612903225806 0.578770949721 0.69414893617
0.43557168784 0.0 0.387096774194 0.291620111732 0.238031914894
0.623109497883 0.285714285714 0.548387096774 0.386592178771 0.464095744681
0.59165154265 0.0 0.483870967742 0.376536312849 0.357712765957
0.43557168784 0.0 0.387096774194 0.291620111732 0.238031914894
0.59407138536 0.428571428571 0.483870967742 0.458100558659 0.345744680851
0.64367816092 0.285714285714 0.548387096774 0.480446927374 0.518617021277
0.687840290381 0.571428571429 0.645161290323 0.635754189944 0.551861702128
0.451905626134 0.428571428571 0.387096774194 0.185474860335 0.171542553191
0.462189957653 0.0 0.387096774194 0.365363128492 0.409574468085
0.719298245614 0.0 0.645161290323 0.585474860335 0.591755319149
0.601935874168 0.428571428571 0.58064516129 0.534078212291 0.438829787234
0.730792498488 0.285714285714 0.645161290323 0.491620111732 0.440159574468
0.653962492438 0.0 0.612903225806 0.6 0.473404255319
0.54204476709 0.0 0.451612903226 0.411173184358 0.408244680851
0.481548699335 0.0 0.451612903226 0.456983240223 0.454787234043
0.392014519056 0.285714285714 0.290322580645 0.159776536313 0.11170212766
0.702359346642 0.571428571429 0.677419354839 0.545251396648 0.613031914894
0.684210526316 0.571428571429 0.645161290323 0.519553072626 0.553191489362
0.330913490623 0.285714285714 0.258064516129 0.221229050279 0.208776595745
0.547489413188 0.142857142857 0.483870967742 0.316201117318 0.393617021277
0.713248638838 0.428571428571 0.677419354839 0.806703910615 0.779255319149
0.528130671506 0.571428571429 0.516129032258 0.491620111732 0.557180851064
0.373260738052 0.285714285714 0.290322580645 0.159776536313 0.11170212766
0.583182093164 0.571428571429 0.516129032258 0.456983240223 0.598404255319
0.719903206292 0.571428571429 0.645161290323 0.614525139665 0.432180851064
0.675136116152 0.285714285714 0.548387096774 0.520670391061 0.445478723404
0.636418632789 1.0 0.516129032258 0.309497206704 0.303191489362
0.532365396249 0.714285714286 0.387096774194 0.254748603352 0.268617021277
0.567453115547 0.571428571429 0.483870967742 0.385474860335 0.360372340426
0.921355111918 0.285714285714 0.903225806452 0.929608938547 0.894946808511
0.491833030853 0.571428571429 0.483870967742 0.512849162011 0.523936170213
0.624319419238 0.571428571429 0.58064516129 0.661452513966 0.626329787234
0.513611615245 0.285714285714 0.516129032258 0.482681564246 0.529255319149
0.724137931034 0.571428571429 0.645161290323 0.582122905028 0.672872340426
0.539019963702 0.285714285714 0.41935483871 0.330726256983 0.341755319149
0.379915305505 0.285714285714 0.290322580645 0.159776536313 0.11170212766
0.519661222021 0.142857142857 0.516129032258 0.534078212291 0.438829787234
0.277071990321 0.142857142857 0.193548387097 0.198882681564 0.107712765957
0.748336358137 0.285714285714 0.677419354839 0.6 0.473404255319
0.584996975197 0.285714285714 0.483870967742 0.402234636872 0.460106382979
0.653962492438 0.0 0.612903225806 0.6 0.473404255319
0.818511796733 0.857142857143 0.709677419355 0.589944134078 0.582446808511
0.643073200242 0.142857142857 0.58064516129 0.505027932961 0.514627659574
0.550514216576 0.285714285714 0.483870967742 0.408938547486 0.291223404255
0.765880217786 0.142857142857 0.677419354839 0.598882681564 0.672872340426
0.637023593466 0.0 0.58064516129 0.589944134078 0.5625
0.496067755596 0.428571428571 0.451612903226 0.271508379888 0.267287234043
0.549909255898 0.285714285714 0.451612903226 0.290502793296 0.333776595745
0.514216575923 0.285714285714 0.41935483871 0.309497206704 0.267287234043
0.535995160315 0.142857142857 0.451612903226 0.480446927374 0.43085106383
0.498487598306 0.571428571429 0.451612903226 0.520670391061 0.481382978723
0.736237144586 0.571428571429 0.709677419355 0.545251396648 0.613031914894
0.457350272232 0.142857142857 0.387096774194 0.509497206704 0.418882978723
0.550514216576 0.285714285714 0.516129032258 0.505027932961 0.448138297872
0.626739261948 0.428571428571 0.58064516129 0.52625698324 0.595744680851
0.706594071385 0.857142857143 0.645161290323 0.453631284916 0.434840425532
0.507562008469 0.0 0.41935483871 0.335195530726 0.31914893617
0.461584996975 0.285714285714 0.387096774194 0.324022346369 0.344414893617
0.626739261948 0.285714285714 0.451612903226 0.362011173184 0.273936170213
0.576527525711 0.571428571429 0.451612903226 0.556424581006 0.458776595745
0.727162734422 0.142857142857 0.645161290323 0.594413407821 0.409574468085
0.480943738657 0.0 0.354838709677 0.224581005587 0.126329787234
0.429522081065 0.285714285714 0.322580645161 0.319553072626 0.238031914894
0.541439806413 0.428571428571 0.451612903226 0.480446927374 0.530585106383
0.4555353902 0.142857142857 0.41935483871 0.44469273743 0.390957446809
0.611010284332 0.428571428571 0.516129032258 0.378770949721 0.527925531915
0.574712643678 0.0 0.451612903226 0.423463687151 0.311170212766
0.921355111918 0.285714285714 0.903225806452 0.929608938547 0.894946808511
0.547489413188 0.142857142857 0.483870967742 0.316201117318 0.393617021277
0.703569267998 0.571428571429 0.58064516129 0.472625698324 0.401595744681
0.68058076225 0.428571428571 0.612903225806 0.540782122905 0.515957446809
0.385964912281 0.0 0.322580645161 0.324022346369 0.292553191489
0.919540229885 0.571428571429 0.806451612903 0.759776536313 0.692819148936
0.503932244404 0.0 0.41935483871 0.315083798883 0.317819148936
0.367211131276 0.142857142857 0.322580645161 0.280446927374 0.292553191489
0.715063520871 0.571428571429 0.645161290323 0.683798882682 0.672872340426
0.703569267998 0.571428571429 0.612903225806 0.598882681564 0.678191489362
0.583182093164 0.571428571429 0.516129032258 0.456983240223 0.598404255319
0.745311554749 0.0 0.645161290323 0.661452513966 0.61835106383
0.373260738052 0.285714285714 0.290322580645 0.159776536313 0.11170212766
0.480943738657 0.0 0.41935483871 0.305027932961 0.311170212766
0.637628554144 0.285714285714 0.548387096774 0.488268156425 0.445478723404
0.278886872353 0.0 0.225806451613 0.221229050279 0.208776595745
0.45795523291 0.285714285714 0.354838709677 0.211173184358 0.171542553191
0.730792498488 0.428571428571 0.612903225806 0.503910614525 0.425531914894
0.576527525711 0.0 0.483870967742 0.51843575419 0.356382978723
0.290986085904 0.285714285714 0.193548387097 0.159776536313 0.11170212766
0.727162734422 0.142857142857 0.645161290323 0.594413407821 0.409574468085
0.702359346642 0.571428571429 0.677419354839 0.545251396648 0.613031914894
0.417422867514 0.0 0.290322580645 0.279329608939 0.105053191489
0.617059891107 0.142857142857 0.58064516129 0.785474860335 0.757978723404
0.373260738052 0.285714285714 0.290322580645 0.159776536313 0.11170212766
0.410163339383 0.142857142857 0.387096774194 0.383240223464 0.394946808511
0.618269812462 0.0 0.58064516129 0.45251396648 0.445478723404
0.502117362371 0.428571428571 0.483870967742 0.395530726257 0.396276595745
0.70538415003 0.428571428571 0.645161290323 0.727374301676 0.56914893617
0.682395644283 0.714285714286 0.58064516129 0.344134078212 0.331117021277
0.64609800363 0.714285714286 0.548387096774 0.344134078212 0.331117021277
0.532365396249 0.0 0.41935483871 0.448044692737 0.340425531915
0.600725952813 0.571428571429 0.516129032258 0.43687150838 0.464095744681
0.604355716878 0.428571428571 0.58064516129 0.566480446927 0.417553191489
0.425892316999 0.428571428571 0.387096774194 0.336312849162 0.279255319149
0.89352692075 0.571428571429 0.838709677419 0.756424581006 0.74335106383
0.422262552934 0.0 0.322580645161 0.223463687151 0.172872340426
0.224440411373 0.0 0.129032258065 0.11061452514 0.0159574468085
0.550514216576 0.0 0.451612903226 0.39217877095 0.357712765957
0.407743496673 0.142857142857 0.290322580645 0.297206703911 0.136968085106
0.522081064731 0.571428571429 0.387096774194 0.340782122905 0.202127659574
0.367211131276 0.285714285714 0.290322580645 0.221229050279 0.208776595745
0.654567453116 0.285714285714 0.548387096774 0.456983240223 0.392287234043
0.32667876588 0.0 0.225806451613 0.203351955307 0.162234042553
0.355111917725 0.142857142857 0.290322580645 0.245810055866 0.206117021277
0.300665456745 0.0 0.225806451613 0.159776536313 0.11170212766
0.387174833636 0.0 0.290322580645 0.286033519553 0.223404255319
0.793103448276 0.142857142857 0.838709677419 1.0 0.938829787234
0.513611615245 0.428571428571 0.451612903226 0.413407821229 0.382978723404
0.379915305505 0.0 0.322580645161 0.245810055866 0.207446808511
0.446460980036 0.285714285714 0.387096774194 0.294972067039 0.303191489362
0.733817301875 0.428571428571 0.612903225806 0.583240223464 0.668882978723
0.389594676346 0.142857142857 0.354838709677 0.306145251397 0.385638297872
0.359346642468 0.0 0.290322580645 0.231284916201 0.216755319149
0.551119177253 0.571428571429 0.483870967742 0.506145251397 0.590425531915
0.447065940714 0.0 0.354838709677 0.274860335196 0.280585106383
0.793103448276 0.142857142857 0.838709677419 1.0 0.938829787234
0.513611615245 0.142857142857 0.41935483871 0.470391061453 0.503989361702
0.895341802783 0.285714285714 0.806451612903 0.775418994413 0.671542553191
1.0 0.428571428571 1.0 0.985474860335 1.0
0.496067755596 0.285714285714 0.41935483871 0.312849162011 0.252659574468
0.719298245614 0.0 0.645161290323 0.585474860335 0.591755319149
0.592861464005 0.571428571429 0.58064516129 0.550837988827 0.67420212766
0.461584996975 0.142857142857 0.387096774194 0.384357541899 0.394946808511
0.679975801573 1.0 0.645161290323 0.445810055866 0.494680851064
0.603145795523 0.714285714286 0.58064516129 0.44469273743 0.492021276596
0.765880217786 0.142857142857 0.677419354839 0.598882681564 0.672872340426
0.464004839685 0.428571428571 0.354838709677 0.377653631285 0.380319148936
0.498487598306 0.571428571429 0.451612903226 0.520670391061 0.481382978723
