0.987818383167 0.25 1.0 0.970342910102 0.928149606299
0.966777408638 0.25 0.96875 1.0 1.0
0.981173864895 1.0 0.9375 0.799814643188 0.836614173228
0.205426356589 0.0 0.125 0.0917516218721 0.011811023622
1.0 0.5 0.96875 0.916589434662 0.903543307087
0.247508305648 0.25 0.1875 0.113067655236 0.0561023622047
0.442967884828 0.75 0.4375 0.426320667285 0.44094488189
0.93023255814 0.0 0.9375 0.774791473587 0.780511811024
0.317829457364 0.5 0.28125 0.186283595922 0.124015748031
0.925249169435 0.75 0.9375 0.830398517146 0.927165354331
0.821151716501 0.75 0.875 0.866543095459 0.896653543307
0.792358803987 0.75 0.84375 0.888785912882 0.766732283465
0.959025470653 0.5 0.96875 0.791473586654 0.751968503937
0.865448504983 0.0 0.90625 0.888785912882 0.673228346457
0.832225913621 0.75 0.78125 0.714550509731 0.819881889764
0.255260243632 0.0 0.21875 0.154772937905 0.0669291338583
0.878183831672 0.5 0.90625 0.898053753475 0.92125984252
0.233111849391 0.0 0.1875 0.183503243744 0.154527559055
0.908084163898 0.25 0.96875 0.85078776645 0.801181102362
0.913621262458 0.0 0.9375 0.85171455051 0.856299212598
0.794019933555 0.75 0.8125 0.771084337349 0.654527559055
0.847176079734 0.25 0.90625 0.933271547729 0.716535433071
0.415836101883 0.25 0.3125 0.103799814643 0.0679133858268
0.690476190476 0.75 0.65625 0.552363299351 0.688976377953
0.472868217054 0.75 0.46875 0.352177942539 0.366141732283
0.81284606866 0.5 0.75 0.401297497683 0.528543307087
0.21650055371 0.0 0.15625 0.142724745134 0.0836614173228
0.671650055371 0.75 0.6875 0.585727525487 0.663385826772
0.519379844961 0.0 0.5625 0.415199258573 0.367125984252
0.282945736434 0.0 0.28125 0.246524559778 0.209645669291
0.477297895903 0.0 0.53125 0.493975903614 0.357283464567
0.40642303433 0.5 0.375 0.326227988879 0.307086614173
0.740863787375 0.0 0.78125 0.618164967563 0.627952755906
0.46511627907 0.75 0.5 0.48656163114 0.497047244094
0.817829457364 0.0 0.84375 0.718257645968 0.588582677165
0.806755260244 0.0 0.875 0.82391102873 0.738188976378
0.347176079734 0.0 0.34375 0.281742354032 0.201771653543
0.650055370986 0.0 0.6875 0.573679332715 0.462598425197
0.370985603544 0.5 0.34375 0.235403151066 0.21062992126
0.557032115172 0.0 0.625 0.586654309546 0.591535433071
0.685492801772 0.75 0.625 0.483781278962 0.569881889764
0.664451827243 0.0 0.71875 0.664504170528 0.573818897638
0.581949058693 0.0 0.65625 0.582020389249 0.503937007874
0.447397563677 0.0 0.46875 0.45968489342 0.431102362205
0.737541528239 0.5 0.71875 0.456904541242 0.528543307087
0.889258028793 0.5 0.90625 0.746061167748 0.849409448819
0.205426356589 0.0 0.125 0.0917516218721 0.011811023622
0.925802879291 0.5 0.90625 0.687673772011 0.721456692913
0.788482834994 0.0 0.8125 0.772011121409 0.720472440945
0.41196013289 0.0 0.40625 0.318813716404 0.329724409449
0.874861572536 0.25 0.90625 0.925857275255 0.885826771654
0.278516057586 0.25 0.21875 0.113067655236 0.0561023622047
0.68161683278 0.0 0.75 0.637627432808 0.583661417323
0.28073089701 0.0 0.25 0.183503243744 0.154527559055
0.448504983389 0.5 0.40625 0.342910101946 0.372047244094
0.555370985604 0.5 0.53125 0.356811862836 0.34842519685
0.873754152824 0.25 0.875 0.810009267841 0.873031496063
0.313953488372 0.25 0.25 0.113067655236 0.0561023622047
0.591915836102 0.75 0.5625 0.474513438369 0.484251968504
0.668327796235 0.75 0.59375 0.441149212234 0.497047244094
0.373200442968 0.0 0.375 0.246524559778 0.209645669291
0.416943521595 0.0 0.4375 0.401297497683 0.362204724409
0.227574750831 0.0 0.15625 0.0917516218721 0.011811023622
0.461794019934 0.0 0.5 0.451343836886 0.432086614173
0.542635658915 0.0 0.59375 0.562557924004 0.489173228346
0.925802879291 0.25 0.96875 0.847080630213 0.821850393701
0.316168327796 0.0 0.3125 0.246524559778 0.209645669291
0.317275747508 0.0 0.25 0.0917516218721 0.011811023622
0.852159468439 0.5 0.84375 0.818350324374 0.856299212598
0.803433001107 0.25 0.84375 0.86468952734 0.832677165354
0.797895902547 0.25 0.8125 0.759036144578 0.810039370079
0.863787375415 0.5 0.90625 0.78405931418 0.794291338583
0.900332225914 0.25 0.875 0.608897126969 0.659448818898
0.770210409745 0.25 0.84375 0.74328081557 0.639763779528
0.749723145072 0.5 0.75 0.673772011121 0.678149606299
0.633444075305 0.25 0.71875 0.622798887859 0.540354330709
0.499446290144 0.25 0.46875 0.299351251158 0.280511811024
0.299003322259 0.0 0.21875 0.168674698795 0.120078740157
0.673864894795 0.0 0.6875 0.693234476367 0.623031496063
0.679955703212 0.25 0.6875 0.631139944393 0.698818897638
0.842746400886 0.5 0.8125 0.616311399444 0.658464566929
0.307862679956 0.0 0.25 0.127896200185 0.0354330708661
0.71373200443 0.25 0.71875 0.63577386469 0.734251968504
0.50553709856 0.0 0.4375 0.191844300278 0.160433070866
0.728128460687 0.25 0.71875 0.668211306766 0.742125984252
0.674972314507 0.5 0.71875 0.72937905468 0.845472440945
0.731450719823 0.0 0.75 0.706209453197 0.633858267717
0.655592469546 0.5 0.6875 0.570898980538 0.563976377953
0.774640088594 0.0 0.78125 0.777571825765 0.754921259843
0.589700996678 0.5 0.5625 0.41890639481 0.464566929134
0.399778516058 0.25 0.34375 0.139944392956 0.0915354330709
0.725359911406 0.5 0.78125 0.679332715477 0.717519685039
0.694352159468 0.0 0.71875 0.542168674699 0.535433070866
0.806201550388 0.25 0.875 0.831325301205 0.72342519685
0.450166112957 0.0 0.4375 0.331788693234 0.323818897638
0.779069767442 0.0 0.78125 0.763670064875 0.715551181102
0.614064230343 0.0 0.53125 0.4328081557 0.553149606299
0.388704318937 0.0 0.34375 0.177015755329 0.112204724409
0.408637873754 0.0 0.34375 0.127896200185 0.0354330708661
0.784606866002 0.25 0.71875 0.562557924004 0.607283464567
0.33942414175 0.0 0.3125 0.29749768304 0.236220472441
0.59080841639 0.0 0.46875 0.218721037998 0.181102362205
0.720376522702 0.25 0.78125 0.713623725672 0.807086614173
0.536544850498 0.25 0.46875 0.240037071362 0.188976377953
0.761904761905 0.0 0.78125 0.590361445783 0.685039370079
0.759136212625 0.25 0.71875 0.68860055607 0.778543307087
0.330564784053 0.0 0.25 0.160333642261 0.100393700787
0.584163898117 0.5 0.59375 0.471733086191 0.448818897638
0.592469545958 0.5 0.5625 0.512511584801 0.595472440945
0.702657807309 0.25 0.8125 0.825764596849 0.763779527559
0.378737541528 0.0 0.3125 0.17516218721 0.0688976377953
0.568106312292 0.25 0.5625 0.4328081557 0.425196850394
0.877630121816 0.0 0.90625 0.853568118628 0.800196850394
0.766334440753 0.0 0.78125 0.524559777572 0.602362204724
0.607419712071 0.25 0.59375 0.391102873031 0.475393700787
0.336101882614 0.0 0.28125 0.201112140871 0.17125984252
0.398117386489 0.25 0.34375 0.164967562558 0.0797244094488
0.417497231451 0.0 0.40625 0.278962001854 0.267716535433
0.422480620155 0.25 0.4375 0.341983317887 0.359251968504
0.347176079734 0.0 0.25 0.124189063948 0.0994094488189
0.6284606866 0.25 0.625 0.611677479147 0.693897637795
0.710409745293 0.25 0.75 0.722891566265 0.79625984252
0.705980066445 0.25 0.71875 0.722891566265 0.610236220472
0.455703211517 0.25 0.46875 0.450417052827 0.407480314961
0.808416389812 0.25 0.78125 0.712696941613 0.727362204724
0.385935769657 0.0 0.3125 0.134383688601 0.0561023622047
0.601882613511 0.0 0.65625 0.658943466172 0.683070866142
0.675526024363 0.5 0.71875 0.598702502317 0.70374015748
0.28626799557 0.0 0.25 0.26969416126 0.218503937008
0.81838316722 0.25 0.8125 0.828544949027 0.867125984252
0.736434108527 0.0 0.71875 0.736793327155 0.708661417323
0.358803986711 0.25 0.375 0.328081556997 0.293307086614
0.22203765227 0.0 0.15625 0.132530120482 0.0826771653543
0.492801771872 0.0 0.40625 0.25671918443 0.285433070866
0.654485049834 0.5 0.65625 0.536607970343 0.647637795276
0.777408637874 0.5 0.78125 0.762743280816 0.860236220472
0.301218161683 0.25 0.25 0.214087117702 0.166338582677
0.827242524917 0.0 0.8125 0.652455977757 0.779527559055
0.565337763012 0.25 0.59375 0.522706209453 0.579724409449
0.433554817276 0.0 0.40625 0.274328081557 0.297244094488
0.356589147287 0.0 0.3125 0.260426320667 0.258858267717
0.427464008859 0.0 0.375 0.274328081557 0.252952755906
0.825581395349 0.25 0.875 0.735866543095 0.787401574803
0.68715393134 0.25 0.6875 0.645968489342 0.70374015748
0.485049833887 0.25 0.46875 0.406858202039 0.469488188976
0.264119601329 0.25 0.21875 0.153846153846 0.126968503937
0.625138427464 0.0 0.65625 0.578313253012 0.518700787402
0.363787375415 0.0 0.3125 0.185356811863 0.127952755906
0.755813953488 0.25 0.78125 0.556997219648 0.513779527559
0.559800664452 0.0 0.53125 0.369786839666 0.415354330709
0.579734219269 0.5 0.59375 0.529193697868 0.584645669291
0.822812846069 0.25 0.875 0.781278962002 0.850393700787
0.436323366556 0.25 0.40625 0.151065801668 0.0866141732283
0.700442967885 0.0 0.71875 0.600556070436 0.60531496063
0.459025470653 0.25 0.4375 0.307692307692 0.325787401575
0.364341085271 0.0 0.34375 0.195551436515 0.137795275591
0.526024363234 0.0 0.5 0.328081556997 0.322834645669
0.575858250277 0.25 0.5625 0.327154772938 0.33562992126
0.367663344408 0.0 0.3125 0.209453197405 0.187007874016
0.572535991141 0.0 0.59375 0.51343836886 0.399606299213
0.291805094131 0.25 0.25 0.181649675626 0.14468503937
0.308970099668 0.0 0.21875 0.140871177016 0.0984251968504
0.480066445183 0.0 0.4375 0.284522706209 0.313976377953
0.416389811739 0.0 0.375 0.178869323448 0.107283464567
0.483942414175 0.0 0.46875 0.381835032437 0.371062992126
0.511074197121 0.25 0.4375 0.315106580167 0.329724409449
0.367109634551 0.0 0.28125 0.127896200185 0.0492125984252
0.294019933555 0.0 0.28125 0.252085264133 0.226377952756
0.799003322259 0.5 0.84375 0.66265060241 0.630905511811
0.789590254707 0.25 0.84375 0.812789620019 0.725393700787
0.745293466224 0.5 0.75 0.559777571826 0.620078740157
0.670542635659 0.0 0.6875 0.641334569045 0.615157480315
0.642857142857 0.25 0.59375 0.372567191844 0.451771653543
0.437430786268 0.0 0.40625 0.265060240964 0.216535433071
0.635658914729 0.0 0.59375 0.462465245598 0.495078740157
0.532668881506 0.0 0.46875 0.281742354032 0.317913385827
0.65227021041 0.25 0.5625 0.294717330862 0.378937007874
0.55869324474 0.25 0.53125 0.319740500463 0.344488188976
0.600775193798 0.5 0.59375 0.50046339203 0.509842519685
0.760243632337 0.5 0.75 0.656163113994 0.787401574803
0.59911406423 0.0 0.625 0.508804448563 0.470472440945
0.631782945736 0.25 0.625 0.398517145505 0.250984251969
0.52657807309 0.0 0.53125 0.391102873031 0.420275590551
0.683277962348 0.0 0.71875 0.604263206673 0.504921259843
0.303433001107 0.0 0.28125 0.205746061168 0.138779527559
0.688261351052 0.0 0.6875 0.50046339203 0.39468503937
0.542081949059 0.5 0.53125 0.454124189064 0.486220472441
0.654485049834 0.0 0.59375 0.493049119555 0.55905511811
0.547619047619 0.0 0.5 0.346617238184 0.361220472441
0.384274640089 0.25 0.3125 0.113067655236 0.0561023622047
0.732004429679 0.5 0.65625 0.44578313253 0.483267716535
0.502214839424 0.0 0.46875 0.36422613531 0.341535433071
0.647286821705 0.0 0.59375 0.516218721038 0.514763779528
0.393133997785 0.25 0.375 0.360518999073 0.303149606299
0.441860465116 0.25 0.4375 0.396663577386 0.365157480315
0.742524916944 0.25 0.6875 0.480074142725 0.568897637795
0.445182724252 0.25 0.4375 0.350324374421 0.375
0.514950166113 0.5 0.46875 0.308619091752 0.356299212598
0.610741971207 0.25 0.59375 0.385542168675 0.455708661417
0.528239202658 0.25 0.5 0.313253012048 0.382874015748
