0.352133044107 0.25 0.259259259259 0.221218961625 0.172535211268
0.352133044107 0.25 0.259259259259 0.221218961625 0.172535211268
0.992046276211 0.5 0.925925925926 0.793453724605 0.701877934272
0.999276934201 0.0 1.0 0.995485327314 0.931924882629
0.511207519884 0.25 0.481481481481 0.575620767494 0.495305164319
0.559652928416 0.0 0.555555555556 0.589164785553 0.457746478873
0.587852494577 0.5 0.444444444444 0.151241534989 0.118544600939
0.561822125813 0.0 0.481481481481 0.373589164786 0.355633802817
0.551699204628 0.5 0.444444444444 0.18848758465 0.0927230046948
0.897324656544 0.75 0.814814814815 0.492099322799 0.43544600939
0.877078814172 0.25 0.925925925926 1.0 0.963615023474
0.814895155459 0.75 0.814814814815 0.804740406321 0.848591549296
0.532899493854 0.0 0.444444444444 0.366817155756 0.220657276995
0.590744757773 0.0 0.555555555556 0.538374717833 0.464788732394
0.654374548084 0.5 0.592592592593 0.451467268623 0.267605633803
0.796095444685 0.5 0.740740740741 0.467268623025 0.308685446009
0.268257411424 0.0 0.148148148148 0.111738148984 0.0140845070423
0.388286334056 0.25 0.259259259259 0.111738148984 0.0140845070423
0.930585683297 1.0 0.851851851852 0.583521444695 0.569248826291
0.829356471439 0.5 0.740740740741 0.481941309255 0.539906103286
0.684743311641 0.25 0.62962962963 0.525959367946 0.463615023474
0.663051337672 0.25 0.592592592593 0.476297968397 0.379107981221
0.542299349241 0.75 0.481481481481 0.247178329571 0.242957746479
0.53579175705 0.5 0.444444444444 0.306997742664 0.346244131455
0.412870571222 0.0 0.259259259259 0.151241534989 0.118544600939
0.489515545915 0.25 0.37037037037 0.151241534989 0.118544600939
0.56399132321 0.0 0.555555555556 0.588036117381 0.549295774648
0.777295733912 0.0 0.777777777778 0.832957110609 0.75
0.513376717281 0.0 0.481481481481 0.454853273138 0.359154929577
0.634128705712 0.25 0.481481481481 0.39841986456 0.384976525822
1.0 0.5 1.0 0.954853273138 1.0
0.656543745481 0.0 0.592592592593 0.430022573363 0.30985915493
0.388286334056 0.25 0.333333333333 0.332957110609 0.342723004695
0.566883586406 0.25 0.555555555556 0.553047404063 0.597417840376
0.616775126537 0.0 0.555555555556 0.5 0.410798122066
0.940708604483 0.0 0.962962962963 0.907449209932 0.745305164319
0.458423716558 0.0 0.407407407407 0.428893905192 0.306338028169
0.559652928416 0.0 0.481481481481 0.393905191874 0.387323943662
0.56399132321 0.0 0.555555555556 0.588036117381 0.549295774648
0.56399132321 0.0 0.555555555556 0.588036117381 0.549295774648
0.510484454085 0.25 0.407407407407 0.370203160271 0.282863849765
0.936370209689 0.25 0.888888888889 0.890519187359 0.848591549296
0.788141720897 0.0 0.777777777778 0.76072234763 0.569248826291
0.766449746927 0.0 0.777777777778 0.810383747178 0.653755868545
0.388286334056 0.25 0.333333333333 0.332957110609 0.342723004695
0.489515545915 0.25 0.481481481481 0.493227990971 0.494131455399
0.665220535069 0.5 0.592592592593 0.632054176072 0.579812206573
0.85032537961 0.5 0.851851851852 0.901805869074 0.889671361502
0.694866232827 0.5 0.518518518519 0.151241534989 0.118544600939
0.686912509038 0.5 0.518518518519 0.151241534989 0.118544600939
0.822125813449 0.25 0.703703703704 0.633182844244 0.492957746479
0.569052783803 0.5 0.444444444444 0.322799097065 0.362676056338
0.88575560376 0.25 0.851851851852 0.612866817156 0.62676056338
0.87129428778 0.5 0.814814814815 0.566591422122 0.519953051643
0.728127259581 0.0 0.740740740741 0.7460496614 0.718309859155
0.559652928416 0.5 0.518518518519 0.407449209932 0.394366197183
0.848156182213 0.25 0.888888888889 1.0 0.963615023474
0.848156182213 0.25 0.888888888889 1.0 0.963615023474
0.480115690528 0.0 0.333333333333 0.111738148984 0.0140845070423
0.373825018077 0.0 0.259259259259 0.111738148984 0.0140845070423
0.507592190889 0.0 0.37037037037 0.211060948081 0.0399061032864
0.663051337672 0.0 0.481481481481 0.151241534989 0.118544600939
0.524222704266 0.5 0.444444444444 0.281038374718 0.293427230047
0.344902386117 0.25 0.259259259259 0.187358916479 0.151408450704
0.593637020969 0.5 0.444444444444 0.225733634312 0.152582159624
0.76428054953 0.75 0.703703703704 0.461625282167 0.461267605634
0.766449746927 0.5 0.740740740741 0.792325056433 0.731220657277
0.749096167751 0.5 0.703703703704 0.741534988713 0.738262910798
0.472885032538 0.5 0.407407407407 0.197516930023 0.170187793427
0.51409978308 0.5 0.407407407407 0.257336343115 0.261737089202
0.788141720897 0.0 0.777777777778 0.76072234763 0.569248826291
0.720173535792 0.0 0.592592592593 0.559819413093 0.449530516432
0.532899493854 0.25 0.37037037037 0.151241534989 0.118544600939
0.524945770065 0.25 0.37037037037 0.211060948081 0.0399061032864
0.579175704989 0.25 0.407407407407 0.161399548533 0.0985915492958
0.488069414317 0.25 0.333333333333 0.17381489842 0.099765258216
0.574837310195 0.0 0.481481481481 0.303611738149 0.146713615023
0.757772957339 0.0 0.62962962963 0.451467268623 0.278169014085
0.600867678959 0.25 0.481481481481 0.18848758465 0.0927230046948
0.590744757773 0.0 0.407407407407 0.259593679458 0.145539906103
