0.734619395203 0.0 0.794117647059 0.576923076923 0.709800190295
0.725234619395 0.0 0.764705882353 0.632478632479 0.737392959087
0.605318039625 0.0 0.676470588235 0.489743589744 0.543292102759
0.649113660063 0.0 0.735294117647 0.553846153846 0.568030447193
0.592805005214 0.0 0.647058823529 0.465811965812 0.496669838249
0.670490093848 0.0 0.764705882353 0.647863247863 0.629876308278
0.725227963526 0.0 0.709677419355 0.60819828408 0.699327569645
0.751975683891 0.0 0.741935483871 0.594852240229 0.679154658982
0.656934306569 0.0 0.705882352941 0.548717948718 0.566127497621
0.634515119917 0.0 0.647058823529 0.426495726496 0.476688867745
0.828571428571 0.0 0.870967741935 0.755958055291 0.776176753122
0.832116788321 0.0 0.882352941176 0.679487179487 0.688867745005
0.809176225235 0.0 0.852941176471 0.806837606838 0.820171265461
0.696656534954 0.0 0.677419354839 0.512869399428 0.588856868396
0.623708206687 0.0 0.548387096774 0.418493803622 0.546589817483
0.751367781155 0.0 0.709677419355 0.574833174452 0.662824207493
0.689259645464 0.0 0.735294117647 0.652991452991 0.648905803996
0.663221884498 0.0 0.645161290323 0.558627264061 0.614793467819
0.614589665653 0.0 0.548387096774 0.43565300286 0.536023054755
0.60547112462 0.0 0.516129032258 0.418493803622 0.536983669549
0.502127659574 0.0 0.451612903226 0.385128693994 0.461095100865
0.715328467153 0.0 0.676470588235 0.606837606838 0.670789724072
0.54103343465 0.0 0.516129032258 0.379408960915 0.428434197887
0.79197080292 0.0 0.823529411765 0.753846153846 0.74595623216
0.58905775076 0.0 0.58064516129 0.534795042898 0.564841498559
0.538601823708 0.0 0.483870967742 0.385128693994 0.461095100865
0.667361835245 0.0 0.617647058824 0.564957264957 0.635585156993
0.719756838906 0.0 0.645161290323 0.399428026692 0.494716618636
0.652887537994 0.0 0.645161290323 0.459485224023 0.487031700288
0.592705167173 0.0 0.58064516129 0.469971401335 0.500480307397
0.572471324296 0.0 0.617647058824 0.529914529915 0.500475737393
0.539624608968 0.0 0.588235294118 0.447008547009 0.411988582303
0.647416413374 0.0 0.612903225806 0.487130600572 0.535062439962
0.678419452888 0.0 0.645161290323 0.532888465205 0.579250720461
0.758054711246 0.0 0.741935483871 0.662535748332 0.691642651297
0.784802431611 0.0 0.741935483871 0.623450905624 0.679154658982
0.711246200608 0.0 0.741935483871 0.63298379409 0.614793467819
0.503951367781 0.0 0.483870967742 0.399428026692 0.430355427474
0.886930091185 0.0 0.838709677419 0.728312678742 0.78674351585
0.587234042553 0.0 0.548387096774 0.41372735939 0.462055715658
0.516109422492 0.0 0.483870967742 0.405147759771 0.446685878963
0.516109422492 0.0 0.483870967742 0.405147759771 0.446685878963
0.516109422492 0.0 0.483870967742 0.405147759771 0.446685878963
0.727659574468 0.0 0.709677419355 0.552907530982 0.578290105668
0.705775075988 0.0 0.709677419355 0.591039084843 0.593659942363
0.527659574468 0.0 0.483870967742 0.385128693994 0.435158501441
0.640729483283 0.0 0.645161290323 0.497616777884 0.49855907781
0.474164133739 0.0 0.41935483871 0.314585319352 0.374639769452
0.720364741641 0.0 0.677419354839 0.580552907531 0.628242074928
0.617629179331 0.0 0.548387096774 0.370829361296 0.444764649376
0.562917933131 0.0 0.516129032258 0.45471877979 0.505283381364
0.472888425443 0.0 0.5 0.331623931624 0.306374881066
0.477811550152 0.0 0.41935483871 0.314585319352 0.374639769452
0.510638297872 0.0 0.451612903226 0.314585319352 0.374639769452
0.61641337386 0.0 0.58064516129 0.422306959009 0.458213256484
1.0 0.0 1.0 1.0 1.0
0.682066869301 0.0 0.645161290323 0.519542421354 0.556195965418
0.571428571429 0.0 0.548387096774 0.467111534795 0.488952929875
0.641945288754 0.0 0.645161290323 0.530028598665 0.524495677233
0.46990881459 0.0 0.451612903226 0.399428026692 0.414024975985
0.747720364742 0.0 0.709677419355 0.571973307912 0.606147934678
0.692401215805 0.0 0.645161290323 0.478551000953 0.521613832853
0.598784194529 0.0 0.548387096774 0.351763584366 0.397694524496
0.483890577508 0.0 0.41935483871 0.314585319352 0.374639769452
0.699088145897 0.0 0.709677419355 0.636796949476 0.621517771374
0.653495440729 0.0 0.58064516129 0.456625357483 0.524495677233
0.593313069909 0.0 0.548387096774 0.440419447092 0.480307396734
0.648024316109 0.0 0.612903225806 0.513822688275 0.543707973103
0.900938477581 0.0 0.852941176471 0.805982905983 0.848715509039
0.657750759878 0.0 0.677419354839 0.620591039085 0.59558117195
0.568389057751 0.0 0.548387096774 0.393708293613 0.408261287224
0.808510638298 0.0 0.774193548387 0.621544327931 0.649375600384
0.538601823708 0.0 0.483870967742 0.403241182078 0.45148895293
0.536778115502 0.0 0.516129032258 0.464251668255 0.478386167147
0.451671732523 0.0 0.41935483871 0.334604385129 0.36023054755
0.747112462006 0.0 0.645161290323 0.478551000953 0.5734870317
0.564741641337 0.0 0.516129032258 0.399428026692 0.440922190202
0.606079027356 0.0 0.548387096774 0.45471877979 0.505283381364
0.473556231003 0.0 0.451612903226 0.399428026692 0.414024975985
0.641945288754 0.0 0.548387096774 0.436606291706 0.522574447646
0.739817629179 0.0 0.645161290323 0.41372735939 0.500480307397
0.502127659574 0.0 0.451612903226 0.334604385129 0.376560999039
0.670516717325 0.0 0.645161290323 0.553860819828 0.57060518732
0.901519756839 0.0 0.935483870968 0.803622497617 0.760806916427
0.506382978723 0.0 0.41935483871 0.297426120114 0.375600384246
0.516162669447 0.0 0.558823529412 0.505128205128 0.452901998097
0.752583586626 0.0 0.677419354839 0.530028598665 0.59558117195
0.651063829787 0.0 0.612903225806 0.539561487131 0.567723342939
0.539209726444 0.0 0.483870967742 0.370829361296 0.415946205572
0.560486322188 0.0 0.483870967742 0.385128693994 0.45148895293
0.455319148936 0.0 0.41935483871 0.334604385129 0.36023054755
0.509422492401 0.0 0.483870967742 0.32888465205 0.343900096061
0.425531914894 0.0 0.354838709677 0.314585319352 0.374639769452
0.425531914894 0.0 0.354838709677 0.314585319352 0.374639769452
0.425531914894 0.0 0.354838709677 0.314585319352 0.374639769452
0.425531914894 0.0 0.354838709677 0.314585319352 0.374639769452
0.503951367781 0.0 0.451612903226 0.399428026692 0.440922190202
0.503951367781 0.0 0.451612903226 0.399428026692 0.440922190202
0.503951367781 0.0 0.451612903226 0.399428026692 0.440922190202
0.503951367781 0.0 0.451612903226 0.399428026692 0.440922190202
