0.783031088083 0.222222222222 0.882352941176 0.789122137405 0.909734513274
0.625647668394 0.444444444444 0.676470588235 0.550572519084 0.482300884956
0.437176165803 0.5 0.5 0.395038167939 0.351327433628
0.490932642487 0.111111111111 0.441176470588 0.24141221374 0.281415929204
0.468911917098 0.5 0.529411764706 0.420801526718 0.385840707965
0.468911917098 0.5 0.529411764706 0.420801526718 0.385840707965
0.759067357513 0.222222222222 0.823529411765 0.760496183206 0.825663716814
0.714378238342 0.0 0.735294117647 0.736641221374 0.770796460177
0.684585492228 0.333333333333 0.676470588235 0.5 0.658407079646
0.676165803109 0.111111111111 0.705882352941 0.523854961832 0.713274336283
0.596502590674 0.222222222222 0.558823529412 0.540076335878 0.409734513274
0.635362694301 0.333333333333 0.676470588235 0.612595419847 0.529203539823
0.671632124352 0.111111111111 0.705882352941 0.68034351145 0.625663716814
0.669689119171 0.111111111111 0.705882352941 0.726145038168 0.643362831858
0.628886010363 0.222222222222 0.705882352941 0.639312977099 0.753097345133
0.851683937824 0.666666666667 0.911764705882 0.817748091603 1.0
0.698186528497 0.277777777778 0.735294117647 0.68034351145 0.625663716814
0.882124352332 0.666666666667 0.911764705882 0.868320610687 0.937168141593
0.730569948187 0.388888888889 0.794117647059 0.791984732824 0.809734513274
0.735751295337 0.166666666667 0.794117647059 0.817748091603 0.844247787611
0.614637305699 0.5 0.676470588235 0.55820610687 0.691150442478
0.75 0.111111111111 0.735294117647 0.68893129771 0.690265486726
0.653497409326 0.666666666667 0.705882352941 0.662213740458 0.713274336283
0.685233160622 0.277777777778 0.676470588235 0.541030534351 0.638938053097
0.58225388601 0.444444444444 0.647058823529 0.615458015267 0.595575221239
0.58225388601 0.444444444444 0.647058823529 0.615458015267 0.595575221239
0.680699481865 0.277777777778 0.735294117647 0.678435114504 0.784955752212
1.0 0.777777777778 1.0 1.0 0.982300884956
0.52396373057 0.222222222222 0.617647058824 0.63358778626 0.556637168142
0.52396373057 0.222222222222 0.617647058824 0.63358778626 0.556637168142
0.561528497409 0.222222222222 0.588235294118 0.507633587786 0.565486725664
0.561528497409 0.222222222222 0.588235294118 0.507633587786 0.565486725664
0.709844559585 0.5 0.705882352941 0.540076335878 0.573451327434
0.612694300518 0.222222222222 0.617647058824 0.609732824427 0.482300884956
0.641191709845 0.333333333333 0.617647058824 0.565839694656 0.444247787611
0.66774611399 0.5 0.647058823529 0.565839694656 0.444247787611
0.800518134715 0.611111111111 0.852941176471 0.765267175573 0.895575221239
0.682642487047 0.333333333333 0.676470588235 0.482824427481 0.593805309735
0.729922279793 0.888888888889 0.823529411765 0.870229007634 0.892920353982
0.730569948187 1.0 0.647058823529 0.420801526718 0.706194690265
0.517487046632 0.222222222222 0.558823529412 0.43034351145 0.472566371681
0.538860103627 0.166666666667 0.558823529412 0.576335877863 0.456637168142
0.712435233161 0.333333333333 0.705882352941 0.554389312977 0.646017699115
0.685880829016 0.111111111111 0.676470588235 0.554389312977 0.646017699115
0.645725388601 0.333333333333 0.676470588235 0.592557251908 0.576991150442
0.715025906736 0.0555555555556 0.705882352941 0.740458015267 0.820353982301
0.773316062176 0.333333333333 0.852941176471 0.815839694656 0.918584070796
0.733808290155 0.833333333333 0.735294117647 0.577290076336 0.68407079646
0.580958549223 0.277777777778 0.588235294118 0.526717557252 0.427433628319
0.580958549223 0.277777777778 0.588235294118 0.526717557252 0.427433628319
0.580958549223 0.111111111111 0.588235294118 0.583969465649 0.579646017699
0.575777202073 0.444444444444 0.588235294118 0.500954198473 0.392920353982
0.551165803109 0.666666666667 0.617647058824 0.530534351145 0.51592920354
0.649611398964 0.222222222222 0.588235294118 0.521946564885 0.441592920354
0.625647668394 0.444444444444 0.676470588235 0.550572519084 0.482300884956
0.658031088083 0.111111111111 0.647058823529 0.5 0.658407079646
0.570595854922 0.333333333333 0.617647058824 0.381679389313 0.521238938053
0.597150259067 0.444444444444 0.617647058824 0.38358778626 0.500884955752
0.710492227979 0.111111111111 0.735294117647 0.828244274809 0.814159292035
0.602331606218 0.444444444444 0.617647058824 0.551526717557 0.48407079646
0.639248704663 0.388888888889 0.647058823529 0.609732824427 0.482300884956
0.644430051813 0.222222222222 0.647058823529 0.635496183206 0.516814159292
0.713082901554 0.0555555555556 0.794117647059 0.753816793893 0.846017699115
0.74481865285 0.388888888889 0.794117647059 0.833015267176 0.738938053097
0.580958549223 0.277777777778 0.588235294118 0.526717557252 0.427433628319
0.671632124352 0.111111111111 0.705882352941 0.68034351145 0.625663716814
0.756476683938 0.0 0.852941176471 0.789122137405 0.909734513274
0.756476683938 0.0 0.852941176471 0.789122137405 0.909734513274
0.628886010363 0.444444444444 0.705882352941 0.620229007634 0.554867256637
0.628886010363 0.444444444444 0.705882352941 0.620229007634 0.554867256637
0.645725388601 0.333333333333 0.676470588235 0.592557251908 0.576991150442
0.698186528497 0.277777777778 0.735294117647 0.68034351145 0.625663716814
0.596502590674 0.222222222222 0.558823529412 0.540076335878 0.409734513274
0.708549222798 0.166666666667 0.764705882353 0.784351145038 0.779646017699
0.570595854922 0.333333333333 0.617647058824 0.381679389313 0.521238938053
0.600388601036 0.333333333333 0.647058823529 0.453244274809 0.573451327434
0.724093264249 0.222222222222 0.823529411765 0.75572519084 0.914159292035
0.72085492228 0.111111111111 0.764705882353 0.687977099237 0.821238938053
0.58225388601 0.444444444444 0.647058823529 0.615458015267 0.595575221239
0.555699481865 0.277777777778 0.617647058824 0.615458015267 0.595575221239
0.712435233161 0.888888888889 0.705882352941 0.476145038168 0.591150442478
0.549222797927 0.277777777778 0.558823529412 0.500954198473 0.392920353982
0.650906735751 0.166666666667 0.647058823529 0.55534351145 0.570796460177
0.649611398964 0.222222222222 0.588235294118 0.521946564885 0.441592920354
0.649611398964 0.222222222222 0.588235294118 0.521946564885 0.441592920354
0.570595854922 0.333333333333 0.617647058824 0.381679389313 0.521238938053
0.570595854922 0.333333333333 0.617647058824 0.381679389313 0.521238938053
0.567357512953 0.5 0.676470588235 0.674618320611 0.682300884956
0.628886010363 0.444444444444 0.705882352941 0.620229007634 0.554867256637
0.530440414508 0.166666666667 0.5 0.352099236641 0.248672566372
0.628886010363 0.444444444444 0.705882352941 0.620229007634 0.554867256637
0.625647668394 0.444444444444 0.676470588235 0.550572519084 0.482300884956
0.580958549223 0.111111111111 0.588235294118 0.583969465649 0.579646017699
0.580958549223 0.111111111111 0.588235294118 0.583969465649 0.579646017699
0.593264248705 0.277777777778 0.647058823529 0.547709923664 0.634513274336
0.625 0.277777777778 0.676470588235 0.573473282443 0.669026548673
0.729922279793 0.888888888889 0.823529411765 0.870229007634 0.892920353982
0.615932642487 0.0555555555556 0.588235294118 0.535305343511 0.521238938053
0.73121761658 0.388888888889 0.764705882353 0.75 0.671681415929
0.628886010363 0.444444444444 0.705882352941 0.620229007634 0.554867256637
