0.71884272997 0.0 0.78125 0.646017699115 0.72213622291
0.795252225519 0.0 0.84375 0.73058013766 0.804179566563
0.842729970326 0.0 0.84375 0.715830875123 0.825077399381
0.714391691395 0.0 0.75 0.593903638151 0.667956656347
0.690652818991 0.0 0.71875 0.578171091445 0.660216718266
0.984421364985 0.0 0.96875 0.867256637168 0.97600619195
0.810830860534 0.0 0.78125 0.557522123894 0.684984520124
0.728486646884 0.5 0.8125 0.658800393314 0.768575851393
0.804896142433 0.0 0.84375 0.758112094395 0.815015479876
0.663204747774 0.0 0.65625 0.447394296952 0.554179566563
1.0 0.5 1.0 0.68534906588 0.862229102167
0.793768545994 0.0 0.78125 0.581120943953 0.681114551084
0.78412462908 0.0 0.78125 0.5732546706 0.663312693498
0.751483679525 0.0 0.8125 0.729596853491 0.75773993808
0.709198813056 0.0 0.71875 0.58407079646 0.663312693498
0.651335311573 0.0 0.6875 0.498525073746 0.551857585139
0.925074183976 0.0 1.0 1.0 1.0
0.561572700297 0.5 0.65625 0.504424778761 0.589009287926
0.780415430267 0.0 0.8125 0.735496558505 0.779411764706
0.842729970326 0.0 0.90625 0.85447394297 0.864551083591
0.782640949555 0.0 0.78125 0.624385447394 0.697368421053
0.689910979228 0.5 0.71875 0.516224188791 0.652476780186
0.78115727003 0.0 0.8125 0.705998033432 0.744582043344
0.804154302671 0.0 0.84375 0.75319567355 0.782507739938
0.783382789318 0.0 0.8125 0.687315634218 0.726780185759
0.979228486647 0.0 0.96875 0.907571288102 0.973684210526
0.826409495549 0.0 0.78125 0.568338249754 0.674148606811
0.692878338279 0.0 0.71875 0.529990167158 0.571981424149
0.728486646884 0.5 0.75 0.519174041298 0.65479876161
0.772997032641 0.0 0.84375 0.800393313668 0.794891640867
0.756676557864 0.0 0.75 0.574237954769 0.643962848297
0.695103857567 0.5 0.75 0.596853490659 0.698916408669
0.669139465875 0.5 0.78125 0.663716814159 0.711300309598
0.774480712166 0.0 0.78125 0.667649950836 0.72213622291
0.817507418398 0.0 0.84375 0.71878072763 0.751547987616
0.747774480712 0.5 0.78125 0.638151425762 0.756965944272
0.589020771513 0.5 0.65625 0.486725663717 0.578947368421
0.746290801187 0.0 0.78125 0.644051130777 0.670278637771
0.758902077151 0.0 0.8125 0.732546705998 0.739164086687
0.790801186944 0.0 0.75 0.557522123894 0.651702786378
0.733679525223 0.5 0.6875 0.470993117011 0.66253869969
0.69881305638 0.0 0.65625 0.51720747296 0.615325077399
0.775222551929 0.5 0.84375 0.729596853491 0.807275541796
0.711424332344 0.0 0.78125 0.73058013766 0.71826625387
0.840504451039 0.0 0.8125 0.688298918387 0.765479876161
0.847922848665 0.0 0.875 0.780727630285 0.804179566563
0.845697329377 0.0 0.875 0.752212389381 0.773219814241
0.871661721068 0.5 0.90625 0.792527040315 0.897832817337
0.816023738872 0.0 0.84375 0.745329400197 0.768575851393
0.628338278932 0.5 0.65625 0.475909537856 0.596749226006
0.796735905045 0.0 0.75 0.588003933137 0.683436532508
0.701038575668 0.0 0.75 0.621435594887 0.627708978328
0.821216617211 0.5 0.875 0.745329400197 0.832817337461
0.808605341246 0.0 0.8125 0.645034414946 0.69040247678
0.686943620178 0.0 0.6875 0.536873156342 0.589783281734
0.733679525223 0.0 0.71875 0.580137659784 0.645510835913
0.657270029674 0.0 0.6875 0.53883972468 0.56346749226
0.770771513353 0.0 0.78125 0.663716814159 0.702786377709
0.769287833828 0.0 0.8125 0.704031465093 0.710526315789
0.54821958457 0.5 0.625 0.469026548673 0.540247678019
0.791543026706 0.5 0.8125 0.576204523107 0.69040247678
0.898367952522 0.0 0.875 0.770894788594 0.832043343653
0.755934718101 1.0 0.78125 0.567354965585 0.768575851393
0.588278931751 0.5 0.59375 0.390363815143 0.526315789474
0.73293768546 0.0 0.78125 0.607669616519 0.605263157895
0.577893175074 0.0 0.625 0.532940019666 0.537925696594
0.727002967359 0.5 0.75 0.594886922321 0.706656346749
0.675074183976 0.5 0.75 0.607669616519 0.671052631579
0.695845697329 0.0 0.65625 0.491642084562 0.574303405573
0.775222551929 0.0 0.78125 0.700098328417 0.735294117647
0.748516320475 0.0 0.6875 0.544739429695 0.644736842105
0.8353115727 0.0 0.8125 0.698131760079 0.756965944272
0.764836795252 0.0 0.75 0.597836774828 0.651702786378
0.686201780415 0.0 0.71875 0.61848574238 0.629256965944
0.905786350148 0.5 0.875 0.729596853491 0.883126934985
0.720326409496 0.5 0.78125 0.613569321534 0.684984520124
0.841988130564 0.5 0.78125 0.601769911504 0.78560371517
0.881305637982 0.5 0.9375 0.77482792527 0.843653250774
0.689169139466 0.0 0.6875 0.529006882989 0.570433436533
0.759643916914 0.0 0.8125 0.723697148476 0.708204334365
0.708456973294 0.5 0.6875 0.48279252704 0.631578947368
0.856824925816 0.0 0.8125 0.686332350049 0.760061919505
0.623887240356 0.5 0.6875 0.456243854474 0.523219814241
0.892433234421 0.0 0.84375 0.706981317601 0.780959752322
0.715133531157 0.0 0.65625 0.437561455261 0.52786377709
0.76706231454 0.5 0.71875 0.465093411996 0.633900928793
0.813056379822 0.0 0.84375 0.773844641101 0.772445820433
0.769287833828 0.5 0.8125 0.676499508358 0.755417956656
0.665430267062 0.0 0.75 0.666666666667 0.618421052632
0.750741839763 0.5 0.8125 0.709931170108 0.770897832817
0.824183976261 0.0 0.78125 0.687315634218 0.755417956656
0.603857566766 0.0 0.625 0.479842674533 0.494582043344
0.714391691395 0.0 0.78125 0.665683382498 0.630030959752
0.791543026706 0.0 0.8125 0.705014749263 0.710526315789
0.755934718101 0.5 0.8125 0.666666666667 0.729876160991
0.689910979228 0.5 0.71875 0.513274336283 0.606037151703
0.715133531157 0.0 0.75 0.649950835792 0.644736842105
0.783382789318 0.0 0.75 0.636184857424 0.69427244582
0.772255192878 0.0 0.75 0.529006882989 0.575851393189
0.802670623145 0.5 0.78125 0.612586037365 0.74613003096
