0.939585730725 0.6 0.951219512195 0.978618421053 1.0
1.0 1.0 1.0 1.0 0.977931904161
0.311277330265 0.0 0.292682926829 0.138980263158 0.138083228247
0.334867663982 0.0 0.317073170732 0.154605263158 0.122320302648
0.953394706559 0.4 0.951219512195 0.956414473684 0.991172761665
0.377445339471 0.4 0.341463414634 0.194078947368 0.197982345523
0.881472957422 0.8 0.90243902439 0.865953947368 0.861286254729
0.416570771001 0.2 0.414634146341 0.226973684211 0.220050441362
0.918872266974 0.0 0.853658536585 0.770559210526 0.805170239596
0.920598388953 0.2 0.90243902439 0.821546052632 0.873266078184
0.521288837745 1.0 0.609756097561 0.731085526316 0.53341740227
0.399309551208 0.6 0.463414634146 0.407072368421 0.355611601513
0.537399309551 0.8 0.609756097561 0.717927631579 0.548549810845
0.842347525892 0.2 0.853658536585 0.887335526316 0.910466582598
0.753164556962 0.0 0.80487804878 0.694901315789 0.744010088272
0.89585730725 0.6 0.926829268293 0.866776315789 0.824085750315
0.409090909091 0.4 0.390243902439 0.315789473684 0.331651954603
0.856156501726 0.6 0.853658536585 0.807565789474 0.84552332913
0.349827387802 0.0 0.292682926829 0.152960526316 0.159520807062
0.626582278481 0.8 0.682926829268 0.735197368421 0.665195460277
0.663406214039 0.0 0.756097560976 0.703947368421 0.790037831021
0.82163406214 0.6 0.878048780488 0.935032894737 0.935056746532
0.793440736479 0.6 0.80487804878 0.712993421053 0.770491803279
0.322209436133 0.0 0.341463414634 0.236019736842 0.223203026482
0.887802071346 0.0 0.878048780488 0.799342105263 0.946406052963
0.551208285386 0.4 0.585365853659 0.551809210526 0.539092055485
0.356156501726 0.0 0.390243902439 0.282894736842 0.314627994956
0.42750287687 0.0 0.512195121951 0.447368421053 0.406683480454
0.723820483314 0.0 0.780487804878 0.815789473684 0.827238335435
0.420598388953 0.0 0.365853658537 0.225328947368 0.302017654477
0.439585730725 0.4 0.439024390244 0.310855263158 0.294451450189
0.530494821634 0.0 0.609756097561 0.621710526316 0.49369482976
0.405063291139 0.0 0.487804878049 0.416118421053 0.371374527112
0.743958573072 0.0 0.756097560976 0.654605263158 0.695460277427
0.523014959724 0.4 0.487804878049 0.293585526316 0.269230769231
0.331415420023 0.0 0.365853658537 0.245065789474 0.247162673392
0.607019562716 0.8 0.658536585366 0.645559210526 0.619798234552
0.640391254315 0.6 0.707317073171 0.760690789474 0.687263556116
0.339470655926 0.0 0.341463414634 0.207236842105 0.164564943253
0.723245109321 0.8 0.780487804878 0.842105263158 0.769230769231
0.844073647871 0.2 0.878048780488 0.953947368421 0.892181588903
0.828538550058 0.0 0.853658536585 0.819901315789 0.820302648172
0.584579976985 0.0 0.536585365854 0.388980263158 0.451450189155
0.657652474108 0.0 0.731707317073 0.695723684211 0.721941992434
0.628883774453 0.0 0.707317073171 0.618421052632 0.6815889029
0.859033371692 0.6 0.829268292683 0.763157894737 0.864438839849
0.878020713464 0.2 0.90243902439 0.870888157895 0.878310214376
0.827963176064 0.6 0.853658536585 0.934210526316 0.88209331652
0.372266973533 0.0 0.439024390244 0.362664473684 0.340479192938
0.363636363636 0.0 0.414634146341 0.344572368421 0.267339218159
0.638089758343 0.6 0.634146341463 0.598684210526 0.59709962169
0.60414269275 0.0 0.682926829268 0.675986842105 0.624842370744
0.798043728423 0.6 0.756097560976 0.612664473684 0.580075662043
0.544303797468 0.0 0.658536585366 0.681743421053 0.552332912989
0.448791714614 0.0 0.414634146341 0.328125 0.285624211854
0.467203682394 0.0 0.414634146341 0.273026315789 0.277427490542
0.478135788262 0.4 0.536585365854 0.444901315789 0.433795712484
0.480437284235 0.0 0.560975609756 0.401315789474 0.475409836066
0.4833141542 0.0 0.585365853659 0.594572368421 0.510718789407
0.54085155351 0.8 0.560975609756 0.467105263158 0.483606557377
0.90333716916 0.2 0.853658536585 0.773026315789 0.810844892812
0.513808975834 0.6 0.512195121951 0.375822368421 0.308322824716
0.341772151899 0.0 0.365853658537 0.178453947368 0.188524590164
0.439010356732 0.0 0.536585365854 0.509868421053 0.446406052963
0.436708860759 0.4 0.414634146341 0.28125 0.310844892812
0.777905638665 0.6 0.80487804878 0.858552631579 0.8789407314
0.475258918297 0.0 0.512195121951 0.431743421053 0.433795712484
0.807249712313 0.2 0.756097560976 0.587993421053 0.779949558638
0.716340621404 0.6 0.756097560976 0.670230263158 0.720680958386
0.383774453395 0.0 0.341463414634 0.193256578947 0.244010088272
0.523014959724 1.0 0.609756097561 0.657894736842 0.477931904161
0.692174913694 0.0 0.682926829268 0.578947368421 0.653215636822
0.56501726122 0.0 0.609756097561 0.560855263158 0.578814627995
0.479286536249 0.0 0.463414634146 0.254111842105 0.258511979823
0.562140391254 0.0 0.634146341463 0.612664473684 0.616645649433
0.87169159954 0.0 0.878048780488 0.824013157895 0.825346784363
0.370540851554 0.0 0.463414634146 0.380756578947 0.354981084489
0.86996547756 0.4 0.853658536585 0.826480263158 0.835435056747
0.706559263521 0.6 0.80487804878 0.788651315789 0.749684741488
0.494246260069 0.2 0.439024390244 0.382401315789 0.37578814628
0.617951668585 0.0 0.585365853659 0.420230263158 0.559268600252
0.769275028769 0.0 0.829268292683 0.767269736842 0.840479192938
0.336018411968 0.0 0.292682926829 0.164473684211 0.144388398487
0.39585730725 0.0 0.365853658537 0.180921052632 0.226355611602
0.611047180667 0.0 0.585365853659 0.487664473684 0.508827238335
0.878596087457 0.0 0.853658536585 0.780427631579 0.928121059269
0.463176064442 0.6 0.463414634146 0.470394736842 0.407313997478
0.641542002301 1.0 0.731707317073 0.761513157895 0.675283732661
0.567318757192 0.0 0.609756097561 0.507401315789 0.52711223203
0.646720368239 0.0 0.634146341463 0.536184210526 0.513240857503
0.697928653625 0.0 0.658536585366 0.518092105263 0.674653215637
0.506329113924 0.2 0.463414634146 0.373355263158 0.353089533417
0.576524741082 0.0 0.609756097561 0.598684210526 0.599621689786
0.827387802071 0.0 0.780487804878 0.666940789474 0.761664564943
0.817031070196 0.0 0.80487804878 0.845394736842 0.841109709962
0.545454545455 0.0 0.585365853659 0.475328947368 0.494325346784
0.535097813579 0.0 0.512195121951 0.350328947368 0.412988650694
0.649597238205 0.0 0.658536585366 0.592927631579 0.639974779319
0.459723820483 0.0 0.390243902439 0.173519736842 0.289407313997
0.701956271577 0.0 0.682926829268 0.601973684211 0.730138713745
