0.77539223782 0.222222222222 0.677419354839 0.585699263933 0.435483870968
0.803468208092 0.444444444444 0.709677419355 0.766561514196 0.62818336163
0.525185796862 0.444444444444 0.516129032258 0.333333333333 0.266553480475
0.554913294798 0.555555555556 0.483870967742 0.258675078864 0.177419354839
0.480594549959 0.333333333333 0.41935483871 0.230283911672 0.144312393888
0.521056977704 0.333333333333 0.451612903226 0.258675078864 0.177419354839
0.525185796862 0.444444444444 0.516129032258 0.333333333333 0.266553480475
0.525185796862 0.444444444444 0.516129032258 0.333333333333 0.266553480475
0.597027250206 0.222222222222 0.58064516129 0.445846477392 0.428692699491
0.597027250206 0.222222222222 0.58064516129 0.445846477392 0.428692699491
0.763005780347 0.333333333333 0.677419354839 0.50578338591 0.356536502547
0.722543352601 0.333333333333 0.645161290323 0.477392218717 0.323429541596
0.763005780347 0.333333333333 0.677419354839 0.50578338591 0.356536502547
0.763005780347 0.333333333333 0.677419354839 0.50578338591 0.356536502547
0.926507018993 0.111111111111 0.741935483871 0.730809674027 0.605263157895
0.949628406276 0.111111111111 0.806451612903 0.757097791798 0.657894736842
0.805945499587 0.444444444444 0.741935483871 0.550998948475 0.625636672326
0.767960363336 0.222222222222 0.677419354839 0.474237644585 0.556027164686
1.0 0.444444444444 1.0 1.0 1.0
1.0 0.444444444444 1.0 1.0 1.0
0.601981833196 0.111111111111 0.645161290323 0.526813880126 0.369269949066
0.601981833196 0.111111111111 0.645161290323 0.526813880126 0.369269949066
0.60445912469 0.444444444444 0.516129032258 0.254468980021 0.392190152801
0.60445912469 0.444444444444 0.516129032258 0.254468980021 0.392190152801
0.883567299752 0.444444444444 0.838709677419 0.637223974763 0.758913412564
0.879438480595 0.444444444444 0.806451612903 0.560462670873 0.689303904924
0.899256812552 0.555555555556 0.903225806452 0.93690851735 0.727504244482
0.899256812552 0.555555555556 0.903225806452 0.93690851735 0.727504244482
0.934764657308 0.555555555556 0.741935483871 0.596214511041 0.46519524618
0.934764657308 0.555555555556 0.741935483871 0.596214511041 0.46519524618
1.0 0.444444444444 1.0 1.0 1.0
1.0 0.444444444444 1.0 1.0 1.0
0.597027250206 0.222222222222 0.58064516129 0.445846477392 0.428692699491
0.862923203964 1.0 0.741935483871 0.668769716088 0.659592529711
0.638315441784 0.555555555556 0.516129032258 0.256572029443 0.372665534805
0.597853014038 0.555555555556 0.483870967742 0.22818086225 0.339558573854
0.94137076796 0.444444444444 0.741935483871 0.624605678233 0.498302207131
0.934764657308 0.555555555556 0.741935483871 0.596214511041 0.46519524618
0.521056977704 0.333333333333 0.451612903226 0.258675078864 0.177419354839
0.480594549959 0.333333333333 0.41935483871 0.230283911672 0.144312393888
0.842279108175 0.0 0.806451612903 0.726603575184 0.797962648557
0.842279108175 0.0 0.806451612903 0.726603575184 0.797962648557
0.758876961189 0.777777777778 0.58064516129 0.284963196635 0.350594227504
0.801816680429 0.222222222222 0.645161290323 0.547844374343 0.596774193548
0.805945499587 0.666666666667 0.645161290323 0.339642481598 0.436332767402
0.805945499587 0.666666666667 0.645161290323 0.339642481598 0.436332767402
0.909991742362 0.333333333333 0.741935483871 0.666666666667 0.773344651952
0.943848059455 0.444444444444 0.774193548387 0.666666666667 0.773344651952
0.649050371594 0.444444444444 0.58064516129 0.359621451104 0.494906621392
0.649050371594 0.444444444444 0.58064516129 0.359621451104 0.494906621392
0.656482246078 0.222222222222 0.677419354839 0.609884332282 0.614601018676
0.696944673823 0.222222222222 0.709677419355 0.638275499474 0.647707979626
0.731626754748 0.444444444444 0.58064516129 0.311251314406 0.403225806452
0.735755573906 0.444444444444 0.612903225806 0.388012618297 0.472835314092
0.676300578035 0.333333333333 0.709677419355 0.555205047319 0.402376910017
0.676300578035 0.333333333333 0.709677419355 0.555205047319 0.402376910017
0.763005780347 0.333333333333 0.677419354839 0.50578338591 0.356536502547
0.763005780347 0.333333333333 0.677419354839 0.50578338591 0.356536502547
0.563996696945 0.333333333333 0.451612903226 0.22818086225 0.339558573854
0.597853014038 0.555555555556 0.483870967742 0.22818086225 0.339558573854
0.720891824938 0.333333333333 0.677419354839 0.512092534175 0.467741935484
0.720891824938 0.333333333333 0.677419354839 0.512092534175 0.467741935484
0.809248554913 0.555555555556 0.806451612903 0.785488958991 0.605263157895
0.779521056978 0.444444444444 0.806451612903 0.862250262881 0.674872665535
0.77539223782 0.222222222222 0.677419354839 0.585699263933 0.435483870968
0.76465730801 0.0 0.709677419355 0.611987381703 0.488115449915
0.611065235343 0.222222222222 0.516129032258 0.282860147213 0.425297113752
0.611065235343 0.222222222222 0.516129032258 0.282860147213 0.425297113752
0.772089182494 0.222222222222 0.677419354839 0.701366982124 0.706281833616
0.772089182494 0.222222222222 0.677419354839 0.701366982124 0.706281833616
0.601981833196 0.111111111111 0.645161290323 0.526813880126 0.369269949066
0.601981833196 0.111111111111 0.645161290323 0.526813880126 0.369269949066
0.693641618497 0.333333333333 0.58064516129 0.409043112513 0.345500848896
0.659785301404 0.111111111111 0.548387096774 0.409043112513 0.345500848896
0.979355904211 0.333333333333 0.903225806452 0.944269190326 0.820033955857
0.781172584641 0.777777777778 0.774193548387 0.585699263933 0.540747028862
0.806771263419 0.0 0.741935483871 0.689800210305 0.634125636672
0.881090008258 0.222222222222 0.806451612903 0.718191377497 0.667232597623
0.767960363336 0.222222222222 0.677419354839 0.474237644585 0.556027164686
0.801816680429 0.444444444444 0.709677419355 0.474237644585 0.556027164686
