0.630656108597 0.0 0.764705882353 0.648134044174 0.834770114943
0.60407239819 0.0 0.735294117647 0.582635186596 0.76867816092
0.717760180995 0.0 0.823529411765 0.684691546078 0.885057471264
0.746040723982 0.0 0.852941176471 0.642802741813 0.836925287356
0.454751131222 0.0 0.588235294118 0.460776846915 0.575431034483
0.703437660339 0.0 0.736842105263 0.548168249661 0.761691223575
0.576197957581 0.0 0.659090909091 0.565107458913 0.727810650888
0.566444330426 0.0 0.684210526316 0.552917232022 0.679692504805
0.648024628014 0.0 0.736842105263 0.593622795115 0.747597693786
0.715238583889 0.0 0.789473684211 0.661465400271 0.827033952594
0.632119035403 0.0 0.736842105263 0.57394843962 0.701473414478
0.794117647059 0.0 0.911764705882 0.897943640518 1.0
0.685479733197 0.0 0.815789473684 0.742198100407 0.828315182575
0.496040723982 0.0 0.676470588235 0.602437166794 0.637212643678
0.496040723982 0.0 0.676470588235 0.602437166794 0.637212643678
0.710972850679 0.0 0.911764705882 0.974866717441 0.987068965517
0.71934325295 0.0 0.842105263158 0.846675712347 0.935938500961
0.482298614674 0.0 0.578947368421 0.489823609227 0.604740550929
0.527149321267 0.0 0.617647058824 0.497334348819 0.617816091954
0.684389140271 0.0 0.882352941176 0.909367859863 0.920977011494
0.650590046178 0.0 0.710526315789 0.60854816825 0.752722613709
0.870702924577 0.0 0.921052631579 0.804613297151 0.958360025625
0.729604925603 0.0 0.789473684211 0.67842605156 0.822549647662
0.734162895928 0.0 0.911764705882 0.945925361767 0.971264367816
0.530015392509 0.0 0.605263157895 0.497964721845 0.624599615631
0.587480759364 0.0 0.684210526316 0.611940298507 0.716207559257
0.502821959979 0.0 0.578947368421 0.516960651289 0.641255605381
0.529502308876 0.0 0.605263157895 0.497286295794 0.620755925689
0.488968701898 0.0 0.552631578947 0.451153324288 0.586162716208
0.646998460749 0.0 0.710526315789 0.656037991859 0.791159513133
0.655207798871 0.0 0.736842105263 0.557666214383 0.674567584881
0.654411764706 0.0 0.852941176471 0.877380045697 0.877155172414
0.860441251924 0.0 0.815789473684 0.635685210312 0.877642536835
0.590046177527 0.0 0.710526315789 0.619402985075 0.693145419603
0.594150846588 0.0 0.736842105263 0.709633649932 0.761050608584
0.930220625962 0.0 0.947368421053 0.822930800543 1.0
0.389430477168 0.0 0.5 0.415875169607 0.498398462524
0.508978963571 0.0 0.605263157895 0.538670284939 0.634849455477
0.489282068731 0.0 0.588235294118 0.518538135593 0.611084567606
0.404822986147 0.0 0.526315789474 0.445725915875 0.513132607303
0.653668547973 0.0 0.736842105263 0.649932157395 0.755285073671
0.523858388917 0.0 0.605263157895 0.521031207598 0.627162075593
0.530015392509 0.0 0.631578947368 0.572591587517 0.65598975016
0.800923550539 0.0 0.842105263158 0.696065128901 0.839846252402
0.430429864253 0.0 0.5 0.359482102056 0.47341954023
0.718317085685 0.0 0.842105263158 0.781546811398 0.841127482383
0.382760389944 0.0 0.5 0.414518317503 0.479820627803
0.607491021036 0.0 0.710526315789 0.591587516961 0.670723894939
0.420728578758 0.0 0.526315789474 0.459294436906 0.534913516976
0.489481785531 0.0 0.578947368421 0.483717774763 0.575272261371
0.565418163161 0.0 0.657894736842 0.597014925373 0.684817424728
0.669683257919 0.0 0.705882352941 0.482102056359 0.625718390805
0.784504874295 0.0 0.894736842105 0.881275440977 0.95067264574
0.39763981529 0.0 0.473684210526 0.421981004071 0.522101217168
0.567983581324 0.0 0.657894736842 0.571234735414 0.657270980141
0.453619909502 0.0 0.558823529412 0.432597105864 0.501436781609
0.480246280144 0.0 0.605263157895 0.4565807327 0.504804612428
0.554643406875 0.0 0.657894736842 0.540705563094 0.610506085842
0.637762955362 0.0 0.736842105263 0.653324287653 0.727098014094
0.603899435608 0.0 0.631578947368 0.559023066486 0.704035874439
0.630066700872 0.0 0.684210526316 0.658073270014 0.776425368354
0.635710620831 0.0 0.736842105263 0.680461329715 0.751441383728
0.67829656234 0.0 0.736842105263 0.634328358209 0.747597693786
0.580297588507 0.0 0.684210526316 0.672320217096 0.739910313901
0.61980502822 0.0 0.684210526316 0.573270013569 0.680333119795
0.722421754746 0.0 0.815789473684 0.726594301221 0.804612427931
0.437147255003 0.0 0.552631578947 0.553595658073 0.609224855862
0.667521806054 0.0 0.710526315789 0.637042062415 0.764894298527
0.558748075936 0.0 0.631578947368 0.565807327001 0.663677130045
0.556182657773 0.0 0.631578947368 0.555630936228 0.650864830237
0.465366854797 0.0 0.578947368421 0.488466757123 0.545163356823
0.636223704464 0.0 0.710526315789 0.588873812754 0.684176809737
0.623909697281 0.0 0.710526315789 0.643147896879 0.725816784113
0.73678809646 0.0 0.789473684211 0.706919945726 0.823190262652
0.54181631606 0.0 0.605263157895 0.464043419267 0.569506726457
0.669061056952 0.0 0.710526315789 0.615332428765 0.742472773863
0.453052847614 0.0 0.552631578947 0.497964721845 0.566944266496
0.73884043099 0.0 0.763157894737 0.621438263229 0.765534913517
0.62955361724 0.0 0.710526315789 0.613975576662 0.700832799488
0.562339661365 0.0 0.657894736842 0.58276797829 0.654067905189
0.710620831195 0.0 0.789473684211 0.791723202171 0.879564381807
0.504361210877 0.0 0.605263157895 0.496607869742 0.561178731582
0.640841457158 0.0 0.736842105263 0.641112618725 0.710442024343
0.663417136993 0.0 0.736842105263 0.665535956581 0.757206918642
0.589020010262 0.0 0.631578947368 0.514246947083 0.635490070468
0.548999486916 0.0 0.657894736842 0.672320217096 0.727098014094
0.506926629041 0.0 0.605263157895 0.533242876526 0.598334401025
0.553104155977 0.0 0.605263157895 0.417910447761 0.529147982063
0.462801436634 0.0 0.552631578947 0.472862957938 0.545803971813
0.512570548999 0.0 0.605263157895 0.470827679783 0.54067905189
0.526936890713 0.0 0.605263157895 0.515603799186 0.599615631006
0.559261159569 0.0 0.657894736842 0.501356852103 0.565022421525
0.636223704464 0.0 0.710526315789 0.686567164179 0.774503523382
0.501696832579 0.0 0.617647058824 0.533130236101 0.579022988506
0.595177013853 0.0 0.631578947368 0.439620081411 0.565022421525
0.610569522832 0.0 0.736842105263 0.674355495251 0.709801409353
0.647511544382 0.0 0.710526315789 0.645861601085 0.744394618834
0.591585428425 0.0 0.710526315789 0.606512890095 0.648942985266
0.793227296049 0.0 0.815789473684 0.742198100407 0.880845611787
0.592098512057 0.0 0.684210526316 0.612618724559 0.681614349776
0.627501282709 0.0 0.684210526316 0.509497964722 0.613709160794
0.675731144177 0.0 0.763157894737 0.715739484396 0.789237668161
0.472550025654 0.0 0.578947368421 0.56512890095 0.619474695708
0.732170343766 0.0 0.842105263158 0.881953867028 0.932735426009
0.508336168765 0.0 0.607843137255 0.568855932203 0.629718107979
0.521806054387 0.0 0.631578947368 0.610583446404 0.661114670083
0.583376090303 0.0 0.657894736842 0.60447761194 0.689942344651
0.629040533607 0.0 0.684210526316 0.492537313433 0.597053171044
0.528476141611 0.0 0.578947368421 0.482360922659 0.591287636131
0.67829656234 0.0 0.789473684211 0.777476255088 0.825112107623
0.676757311442 0.0 0.763157894737 0.725237449118 0.797565663037
0.328002722014 0.0 0.470588235294 0.423199152542 0.438604873387
0.527714932127 0.0 0.676470588235 0.679360243717 0.688218390805
0.639705882353 0.0 0.705882352941 0.555217060168 0.646551724138
0.432800272201 0.0 0.529411764706 0.41843220339 0.478738652652
0.628014366342 0.0 0.684210526316 0.549525101764 0.650224215247
0.51462288353 0.0 0.605263157895 0.511533242877 0.576553491352
0.806567470498 0.0 0.868421052632 0.835820895522 0.929532351057
0.651616213443 0.0 0.763157894737 0.711668928087 0.755285073671
0.6100564392 0.0 0.657894736842 0.577340569878 0.684176809737
0.798358132376 0.0 0.921052631579 0.862957937585 0.894939141576
0.558748075936 0.0 0.578947368421 0.475576662144 0.609865470852
0.683427398666 0.0 0.815789473684 0.729308005427 0.751441383728
0.770651616213 0.0 0.789473684211 0.670963364993 0.806534272902
0.701385325808 0.0 0.736842105263 0.637720488467 0.756566303652
0.502821959979 0.0 0.605263157895 0.520352781547 0.572069186419
0.514109799897 0.0 0.631578947368 0.59565807327 0.632286995516
0.608004104669 0.0 0.684210526316 0.696065128901 0.773862908392
0.655720882504 0.0 0.684210526316 0.5434192673 0.668802049968
0.561665357423 0.0 0.704545454545 0.6801517067 0.691124260355
0.517188301693 0.0 0.605263157895 0.525101763908 0.59064702114
0.591072344792 0.0 0.657894736842 0.613975576662 0.700192184497
0.569009748589 0.0 0.605263157895 0.553595658073 0.670083279949
0.712673165726 0.0 0.789473684211 0.822252374491 0.898142216528
0.517522966996 0.0 0.647058823529 0.627648305085 0.650740563784
0.467846206193 0.0 0.549019607843 0.482521186441 0.553750597229
0.597482136781 0.0 0.647058823529 0.586334745763 0.688963210702
0.505387378143 0.0 0.578947368421 0.50881953867 0.587443946188
0.513596716265 0.0 0.578947368421 0.490502035278 0.577194106342
0.636223704464 0.0 0.684210526316 0.628222523745 0.732222934017
0.734222678297 0.0 0.763157894737 0.689280868385 0.812299807816
0.597229348384 0.0 0.684210526316 0.620081411126 0.684817424728
0.710107747563 0.0 0.763157894737 0.666892808684 0.765534913517
0.527449974346 0.0 0.631578947368 0.566485753053 0.613068545804
0.592098512057 0.0 0.710526315789 0.666892808684 0.698910954516
0.545920985121 0.0 0.631578947368 0.554952510176 0.619474695708
0.526936890713 0.0 0.578947368421 0.504070556309 0.602178090967
0.555669574141 0.0 0.578947368421 0.498643147897 0.625240230621
0.523858388917 0.0 0.578947368421 0.495251017639 0.59000640615
0.579784504874 0.0 0.657894736842 0.610583446404 0.682254964766
0.893278604413 0.0 0.842105263158 0.634328358209 0.83536194747
0.675731144177 0.0 0.710526315789 0.639755766621 0.75464445868
0.720882503848 0.0 0.815789473684 0.708276797829 0.762972453555
0.689071318625 0.0 0.736842105263 0.5868385346 0.68802049968
0.616726526424 0.0 0.684210526316 0.632293080054 0.713645099295
0.66085171883 0.0 0.710526315789 0.635006784261 0.734144778988
0.724474089277 0.0 0.815789473684 0.786295793758 0.843689942345
0.673678809646 0.0 0.789473684211 0.73473541384 0.767456758488
0.679835813238 0.0 0.763157894737 0.694708276798 0.759769378603
0.6100564392 0.0 0.710526315789 0.646540027137 0.694426649584
0.813914027149 0.0 0.970588235294 0.957349581112 0.948994252874
0.583889173935 0.0 0.631578947368 0.497286295794 0.597693786035
0.789635710621 0.0 0.815789473684 0.751696065129 0.873158231903
0.673678809646 0.0 0.763157894737 0.746947082768 0.804612427931
0.700872242175 0.0 0.763157894737 0.674355495251 0.759128763613
0.54386865059 0.0 0.605263157895 0.580732700136 0.665598975016
0.588635590337 0.0 0.627450980392 0.534427966102 0.641184902054
0.662904053361 0.0 0.763157894737 0.761872455902 0.807174887892
0.368813825609 0.0 0.545454545455 0.553097345133 0.521301775148
0.647511544382 0.0 0.657894736842 0.544776119403 0.679051889814
0.762955361724 0.0 0.842105263158 0.744233378562 0.809737347854
0.62185736275 0.0 0.736842105263 0.664179104478 0.693786034593
0.712673165726 0.0 0.763157894737 0.599050203528 0.693145419603
0.703437660339 0.0 0.684210526316 0.508141112619 0.67136450993
0.564905079528 0.0 0.631578947368 0.55630936228 0.633568225496
0.589020010262 0.0 0.657894736842 0.563772048847 0.63869314542
0.56165158371 0.0 0.764705882353 0.853008377761 0.79382183908
0.56165158371 0.0 0.764705882353 0.853008377761 0.79382183908
0.447368421053 0.0 0.545454545455 0.489886219975 0.53550295858
0.578245253976 0.0 0.631578947368 0.586160108548 0.676489429853
0.72703950744 0.0 0.736842105263 0.623473541384 0.756566303652
0.606977937404 0.0 0.657894736842 0.581411126187 0.673286354901
0.650076962545 0.0 0.657894736842 0.567842605156 0.702754644459
0.472505891595 0.0 0.613636363636 0.605562579014 0.607100591716
0.416127934672 0.0 0.56862745098 0.501588983051 0.491638795987
0.755259107234 0.0 0.815789473684 0.794436906377 0.876361306855
0.605951770139 0.0 0.710526315789 0.659430122117 0.696989109545
0.616726526424 0.0 0.684210526316 0.53459972863 0.609224855862
0.954848640328 0.0 1.0 0.884667571235 0.981422165279
0.421052631579 0.0 0.522727272727 0.429203539823 0.469230769231
0.452474469756 0.0 0.613636363636 0.676359039191 0.656804733728
0.671113391483 0.0 0.710526315789 0.686567164179 0.788597053171
0.290234773733 0.0 0.372549019608 0.321504237288 0.379837553751
0.591585428425 0.0 0.631578947368 0.563093622795 0.663036515054
0.633145202668 0.0 0.710526315789 0.706919945726 0.769378603459
0.68804515136 0.0 0.710526315789 0.567842605156 0.684817424728
0.56336582863 0.0 0.657894736842 0.610583446404 0.65534913517
0.652129297075 0.0 0.763157894737 0.736092265943 0.764253683536
0.418695993716 0.0 0.522727272727 0.434892541087 0.469822485207
0.683427398666 0.0 0.736842105263 0.672320217096 0.757847533632
