0.530045586407 0.0 0.642857142857 0.689973614776 0.623246492986
0.329879817654 0.0 0.404761904762 0.406992084433 0.380761523046
0.636966431828 0.0 0.761904761905 0.734168865435 0.77755511022
0.860339825943 0.0 0.857142857143 0.88654353562 0.969271877088
0.675507666805 0.0 0.761904761905 0.778364116095 0.779559118236
0.801077496892 0.0 0.833333333333 0.779683377309 0.831663326653
0.354330708661 0.0 0.428571428571 0.445910290237 0.427521710087
0.354330708661 0.0 0.428571428571 0.445910290237 0.427521710087
0.539162867799 0.0 0.547619047619 0.484168865435 0.611890447562
0.709075839204 0.0 0.690476190476 0.667546174142 0.610554442218
0.576046415251 0.0 0.642857142857 0.606860158311 0.620574482298
0.499378367178 0.0 0.52380952381 0.457783641161 0.464929859719
0.728139245752 0.0 0.714285714286 0.730870712401 0.649966599866
0.804392871944 0.0 0.738095238095 0.72691292876 0.710086840347
0.69374222959 0.0 0.690476190476 0.742084432718 0.665330661323
0.354330708661 0.0 0.428571428571 0.445910290237 0.427521710087
0.558226274347 0.5 0.547619047619 0.499340369393 0.586506346025
0.384583506009 0.0 0.404761904762 0.367414248021 0.436205744823
0.554496477414 0.0 0.52380952381 0.486807387863 0.403473613894
0.434728553668 0.0 0.5 0.379947229551 0.435537742151
0.272275176129 0.0 0.309523809524 0.337071240106 0.297261189045
0.814753418981 0.0 0.809523809524 0.765831134565 0.797595190381
0.371736427683 0.0 0.452380952381 0.431398416887 0.466933867735
0.391214256113 0.0 0.47619047619 0.488126649077 0.52839011356
0.920016576875 0.0 0.857142857143 0.852242744063 0.752839011356
0.571487774554 0.0 0.595238095238 0.534960422164 0.51169004676
0.900953170327 0.5 0.904761904762 0.933377308707 0.991983967936
0.85661002901 0.0 0.857142857143 0.802770448549 0.831663326653
0.438043928719 0.0 0.47619047619 0.435356200528 0.493653974616
0.496477414007 0.0 0.52380952381 0.521767810026 0.417501670007
0.418980522172 0.0 0.547619047619 0.568601583113 0.662658650635
0.531703273933 0.0 0.547619047619 0.546833773087 0.559118236473
0.682138416908 0.0 0.738095238095 0.745382585752 0.750167000668
0.556983008703 0.0 0.642857142857 0.660949868074 0.619906479626
0.420223787816 0.0 0.452380952381 0.387203166227 0.4749498998
0.840447575632 0.0 0.857142857143 0.847625329815 0.884435537742
0.416079569001 0.0 0.47619047619 0.476253298153 0.580494321977
0.4944053046 0.0 0.666666666667 0.754617414248 0.752171008684
0.454620803978 0.0 0.595238095238 0.619393139842 0.59786239145
0.454620803978 0.0 0.595238095238 0.619393139842 0.59786239145
0.360132615002 0.0 0.428571428571 0.406992084433 0.364729458918
0.613344384584 0.0 0.619047619048 0.544854881266 0.619906479626
0.493162038956 0.0 0.619047619048 0.64709762533 0.63126252505
0.399502693742 0.0 0.47619047619 0.483509234828 0.51503006012
0.890592623291 0.0 0.880952380952 0.829155672823 0.856379425518
0.489017820141 0.0 0.52380952381 0.435356200528 0.446225784903
0.49730625777 0.0 0.571428571429 0.602242744063 0.581830327321
0.494819726482 0.0 0.595238095238 0.662269129288 0.587842351369
0.644011603813 0.0 0.619047619048 0.508575197889 0.591850367401
0.693327807708 0.0 0.619047619048 0.62401055409 0.635270541082
0.499378367178 0.0 0.52380952381 0.457783641161 0.464929859719
0.321591380025 0.0 0.380952380952 0.360158311346 0.39211756847
0.585578118525 0.5 0.571428571429 0.601583113456 0.605878423514
0.559883961873 0.5 0.666666666667 0.738786279683 0.798931195725
0.420223787816 0.0 0.452380952381 0.387203166227 0.4749498998
0.868213841691 0.0 0.785714285714 0.724274406332 0.732798931196
0.660588479072 0.5 0.619047619048 0.579155672823 0.591850367401
0.59842519685 0.0 0.642857142857 0.609498680739 0.627254509018
0.728553667634 0.0 0.833333333333 0.912928759894 0.924515698063
0.714463323663 0.0 0.738095238095 0.727572559367 0.776219104876
0.743058433485 0.0 0.714285714286 0.634564643799 0.748162992652
0.676750932449 0.0 0.619047619048 0.574538258575 0.63794255177
0.7583920431 0.5 0.809523809524 0.871372031662 0.910487641951
0.581848321591 0.0 0.571428571429 0.587071240106 0.493653974616
0.360547036884 0.5 0.357142857143 0.34234828496 0.366733466934
0.576875259014 0.5 0.571428571429 0.542875989446 0.557114228457
0.677165354331 0.25 0.714285714286 0.750659630607 0.750167000668
0.657687525901 0.25 0.690476190476 0.693931398417 0.688710754843
0.929133858268 0.0 0.904761904762 0.857519788918 0.907815631263
0.711147948612 0.0 0.714285714286 0.772427440633 0.786907147629
0.597596353087 0.0 0.619047619048 0.645778364116 0.732130928524
0.290509738914 0.0 0.357142857143 0.42018469657 0.441549766199
0.447990053875 0.0 0.547619047619 0.500659630607 0.519706078824
0.679237463738 0.0 0.571428571429 0.546833773087 0.529726118904
0.403646912557 0.0 0.5 0.469656992084 0.49832999332
0.551181102362 1.0 0.52380952381 0.473614775726 0.462257849031
0.726067136345 0.0 0.714285714286 0.770448548813 0.652638610554
0.566100290095 0.0 0.547619047619 0.540897097625 0.567134268537
0.342312474099 0.5 0.47619047619 0.499340369393 0.462257849031
0.582262743473 0.0 0.642857142857 0.61345646438 0.556446225785
0.403646912557 0.0 0.5 0.469656992084 0.49832999332
0.600497306258 0.0 0.595238095238 0.548153034301 0.519038076152
0.394944053046 0.0 0.5 0.529683377309 0.504342017368
0.472855366763 0.0 0.52380952381 0.468337730871 0.468937875752
0.59842519685 0.0 0.642857142857 0.609498680739 0.627254509018
0.514711976792 0.0 0.571428571429 0.591688654354 0.631930527722
0.578947368421 0.5 0.666666666667 0.710422163588 0.682030728123
0.88769167012 0.5 0.928571428571 0.967678100264 1.0
0.7807708247 0.0 0.761904761905 0.666226912929 0.681362725451
0.563199336925 0.0 0.690476190476 0.609498680739 0.770207080828
0.883961873187 0.0 0.880952380952 0.891160949868 0.902471609886
0.784915043514 0.5 0.690476190476 0.628627968338 0.686038744155
0.454206382097 0.0 0.52380952381 0.491424802111 0.488977955912
0.708246995441 0.0 0.690476190476 0.660290237467 0.595858383434
0.874844591794 0.0 0.809523809524 0.796833773087 0.723446893788
0.69374222959 0.0 0.690476190476 0.742084432718 0.665330661323
0.58433485288 0.5 0.547619047619 0.479551451187 0.589178356713
0.487774554496 0.0 0.595238095238 0.666226912929 0.600534402138
0.680066307501 0.0 0.809523809524 0.826517150396 0.87040748163
1.0 0.0 1.0 1.0 0.975951903808
