1.0 0.0 1.0 1.0 1.0
0.13249551167 1.0 0.163265306122 0.0956618464961 0.102643856921
0.152244165171 0.0 0.183673469388 0.157397107898 0.194401244168
0.904129263914 1.0 0.877551020408 0.874860956618 0.847071021255
0.927468581688 0.0 0.938775510204 0.905450500556 0.96267496112
0.977737881508 0.0 0.979591836735 0.957730812013 0.981855883878
0.848114901257 0.0 0.897959183673 0.948832035595 0.928978745464
0.980610412926 0.0 0.959183673469 0.920467185762 0.873509590461
0.154757630162 0.0 0.183673469388 0.121802002225 0.145671332297
0.891561938959 1.0 0.857142857143 0.80978865406 0.773976153447
0.934649910233 0.0 0.897959183673 0.897107897664 0.861586314152
0.686175942549 1.0 0.673469387755 0.649610678532 0.751166407465
0.669658886894 0.0 0.714285714286 0.67575083426 0.633488854329
0.281867145422 0.0 0.285714285714 0.216907675195 0.234318299637
0.226929982047 0.0 0.30612244898 0.311457174638 0.248833592535
0.746140035907 0.0 0.734693877551 0.657397107898 0.792638672888
0.389946140036 1.0 0.34693877551 0.229699666296 0.211508553655
0.8078994614 0.0 0.857142857143 0.84872080089 0.817003628823
0.354039497307 1.0 0.428571428571 0.360956618465 0.377916018663
0.173070017953 1.0 0.204081632653 0.131813125695 0.134266459305
0.860682226212 0.0 0.877551020408 0.925472747497 0.882322446864
0.181328545781 0.0 0.244897959184 0.196885428254 0.158113011923
0.52315978456 0.0 0.673469387755 0.689655172414 0.686365992742
0.192459605027 1.0 0.224489795918 0.17575083426 0.202695697252
0.639856373429 0.0 0.755102040816 0.790878754171 0.782270606532
0.737881508079 1.0 0.69387755102 0.631256952169 0.703991705547
0.203590664273 0.0 0.285714285714 0.248053392659 0.261275272162
0.560143626571 0.0 0.69387755102 0.73915461624 0.641264904095
0.827648114901 0.0 0.877551020408 0.942714126808 0.804561949196
0.742190305206 1.0 0.755102040816 0.743604004449 0.758942457232
0.421903052065 0.0 0.530612244898 0.559510567297 0.550025920166
0.296947935368 0.0 0.408163265306 0.325361512792 0.344738206325
0.257809694794 1.0 0.244897959184 0.140711902113 0.176775531363
0.20933572711 0.0 0.265306122449 0.196329254727 0.240020736133
0.326032315978 1.0 0.326530612245 0.238598442714 0.288750648004
0.955834829443 0.0 0.877551020408 0.89488320356 0.869362363919
0.653500897666 0.0 0.775510204082 0.844271412681 0.807153965785
0.838061041293 1.0 0.795918367347 0.781423804227 0.855365474339
0.247037701975 0.0 0.34693877551 0.354838709677 0.274753758424
0.747217235189 1.0 0.775510204082 0.718020022247 0.717470191809
0.356193895871 1.0 0.367346938776 0.250278086763 0.321928460342
0.182046678636 0.0 0.265306122449 0.271968854283 0.182996371177
0.536086175943 0.0 0.632653061224 0.617352614016 0.567133229653
0.816517055655 0.0 0.836734693878 0.884872080089 0.818040435459
0.763016157989 1.0 0.816326530612 0.776418242492 0.828926905132
0.23842010772 1.0 0.244897959184 0.129032258065 0.115085536547
0.152603231598 0.0 0.204081632653 0.15850945495 0.156039398652
0.308797127469 1.0 0.408163265306 0.370967741935 0.393468118196
0.847037701975 1.0 0.836734693878 0.769187986652 0.777086573354
0.869299820467 0.0 0.877551020408 0.905450500556 0.903576982893
0.173788150808 0.0 0.224489795918 0.229699666296 0.195956454121
0.443087971275 1.0 0.387755102041 0.275305895439 0.33644375324
0.723518850987 0.0 0.755102040816 0.704115684093 0.734059097978
0.226211849192 0.0 0.326530612245 0.294215795328 0.241575946086
0.717055655296 0.0 0.795918367347 0.795884315907 0.735614307932
0.772710951526 0.0 0.816326530612 0.857063403782 0.757905650596
0.530700179533 0.0 0.612244897959 0.600667408231 0.571280456195
0.545421903052 1.0 0.510204081633 0.398776418242 0.471747019181
0.503770197487 1.0 0.469387755102 0.408787541713 0.440124416796
0.364093357271 0.0 0.489795918367 0.456062291435 0.458786936236
0.675763016158 0.0 0.673469387755 0.627919911012 0.598755832037
0.194973070018 0.0 0.224489795918 0.17296996663 0.126490409539
0.616157989228 0.0 0.65306122449 0.57786429366 0.666666666667
0.717055655296 0.0 0.591836734694 0.517797552836 0.51166407465
0.597486535009 0.0 0.734693877551 0.786985539488 0.722654224987
0.613644524237 1.0 0.632653061224 0.527252502781 0.617936754795
0.788868940754 0.0 0.755102040816 0.6340378198 0.689994815967
0.281508078995 0.0 0.367346938776 0.378754171301 0.362363919129
0.489766606822 0.0 0.591836734694 0.627919911012 0.70088128564
0.704488330341 0.0 0.69387755102 0.622358175751 0.693105235874
0.556552962298 0.0 0.591836734694 0.565628476085 0.62156557802
0.27289048474 0.0 0.30612244898 0.266963292547 0.28978745464
0.600359066427 0.0 0.714285714286 0.759176863181 0.670295489891
0.537163375224 0.0 0.489795918367 0.428253615128 0.404872991187
0.382046678636 1.0 0.448979591837 0.382091212458 0.471747019181
0.508438061041 0.0 0.65306122449 0.701334816463 0.650596163815
0.372351885099 0.0 0.510204081633 0.51724137931 0.430274753758
0.193177737882 0.0 0.224489795918 0.19021134594 0.174701918092
0.338240574506 0.0 0.428571428571 0.391546162403 0.422498703992
0.709515260323 0.0 0.816326530612 0.865406006674 0.80611715915
0.747217235189 0.0 0.775510204082 0.864293659622 0.839813374806
0.657091561939 1.0 0.612244897959 0.496106785317 0.556246759979
0.282585278276 0.0 0.367346938776 0.329254727475 0.283566614826
0.27684021544 0.0 0.387755102041 0.423804226919 0.349403836185
0.825493716338 0.0 0.857142857143 0.89043381535 0.89942975635
0.301256732496 0.0 0.428571428571 0.408787541713 0.33177812338
0.571992818671 0.0 0.591836734694 0.546718576196 0.516848107828
0.910233393178 0.0 0.857142857143 0.827586206897 0.853810264386
0.259964093357 0.0 0.34693877551 0.318687430478 0.323483670295
0.316337522442 0.0 0.448979591837 0.447719688543 0.46500777605
0.595332136445 1.0 0.551020408163 0.491657397108 0.568170036288
0.829443447038 1.0 0.816326530612 0.753058954394 0.736651114567
0.424416517056 0.0 0.571428571429 0.585094549499 0.572835666148
0.439138240575 0.0 0.510204081633 0.508898776418 0.498703991706
0.277199281867 1.0 0.30612244898 0.248053392659 0.304821150855
0.633752244165 0.0 0.69387755102 0.717463848721 0.692068429238
0.710592459605 0.0 0.734693877551 0.733592880979 0.742871954381
0.416157989228 0.0 0.551020408163 0.505561735261 0.45567651633
0.330700179533 0.0 0.469387755102 0.462736373749 0.416277864178
0.91131059246 0.0 0.836734693878 0.819799777531 0.865733540695
