0.735607675906 0.0 0.885714285714 0.852827265686 0.893698281349
0.655117270789 0.0 0.714285714286 0.580170410534 0.68809675366
0.627398720682 0.0 0.742857142857 0.632068164214 0.669000636537
0.670042643923 0.0 0.771428571429 0.718822618125 0.753660089115
0.900319829424 0.0 1.0 0.907823392719 0.919796308084
0.661513859275 0.0 0.771428571429 0.693261037955 0.720560152769
0.36460554371 0.0 0.457142857143 0.333849728892 0.412476129854
0.475479744136 0.0 0.542857142857 0.47405112316 0.553787396563
0.803837953092 0.0 0.914285714286 0.831913245546 0.833227243794
0.65618336887 0.0 0.8 0.770720371805 0.749840865691
0.647121535181 0.0 0.771428571429 0.752130131681 0.749840865691
0.682835820896 0.0 0.828571428571 0.849728892332 0.816677275621
0.549040511727 0.0 0.714285714286 0.6700232378 0.633991088479
0.41631130064 0.0 0.542857142857 0.477924089853 0.49267982177
0.586886993603 0.0 0.742857142857 0.762199845081 0.725015913431
0.686567164179 0.0 0.771428571429 0.70100697134 0.723742838956
0.610874200426 0.0 0.742857142857 0.732765298218 0.71546785487
0.442430703625 0.0 0.571428571429 0.487993803253 0.495862507957
0.535714285714 0.0 0.628571428571 0.584043377227 0.611075747931
0.486673773987 0.0 0.542857142857 0.459333849729 0.528325907066
0.571961620469 0.0 0.657142857143 0.557707203718 0.590070019096
0.779850746269 0.0 0.914285714286 0.852827265686 0.812221514959
0.598614072495 0.0 0.685714285714 0.578621223857 0.605346912794
0.509594882729 0.0 0.6 0.524399690163 0.555060471038
0.445095948827 0.0 0.6 0.545313710302 0.518141311267
0.539445628998 0.0 0.657142857143 0.501161890008 0.504137492043
0.537846481876 0.0 0.657142857143 0.612703330751 0.607893061744
0.577292110874 0.0 0.714285714286 0.727343144849 0.697644812222
0.654051172708 0.0 0.714285714286 0.58249419055 0.622533418205
0.564498933902 0.0 0.685714285714 0.6599535244 0.64608529599
0.866204690832 0.0 0.971428571429 0.968241673122 0.93316359007
0.554904051173 0.0 0.685714285714 0.687838884586 0.662635264163
0.730277185501 0.0 0.857142857143 0.800929512006 0.762571610439
0.748933901919 0.0 0.885714285714 0.89155693261 0.838319541693
0.57302771855 0.0 0.685714285714 0.652207591015 0.64353914704
0.670575692964 0.0 0.8 0.800929512006 0.763208147677
0.682835820896 0.0 0.771428571429 0.711076684741 0.713558243157
0.569296375267 0.0 0.628571428571 0.488768396592 0.535964353915
0.746268656716 0.0 0.8 0.640588690937 0.674092934437
0.46908315565 0.0 0.6 0.522075910147 0.508593252705
0.730277185501 0.0 0.828571428571 0.735863671572 0.725015913431
0.511194029851 0.0 0.6 0.555383423703 0.575429662635
0.543710021322 0.0 0.657142857143 0.611928737413 0.604710375557
0.560767590618 0.0 0.657142857143 0.629744384198 0.634627625716
0.543176972281 0.0 0.628571428571 0.522075910147 0.542966263526
0.670042643923 0.0 0.771428571429 0.713400464756 0.701464035646
0.594882729211 0.0 0.685714285714 0.602633617351 0.610439210694
0.591151385928 0.0 0.714285714286 0.621223857475 0.59898154042
0.6460554371 0.0 0.714285714286 0.653756777692 0.675366008912
0.785714285714 0.0 0.8 0.609604957397 0.672183322724
0.883795309168 0.0 1.0 0.980635166538 0.926161680458
0.543710021322 0.0 0.657142857143 0.640588690937 0.62635264163
0.692963752665 0.0 0.771428571429 0.676219984508 0.682367918523
0.633795309168 0.0 0.685714285714 0.60805577072 0.644812221515
0.567164179104 0.0 0.714285714286 0.659178931061 0.610439210694
0.57249466951 0.0 0.714285714286 0.618900077459 0.576066199873
0.953624733475 0.0 1.0 1.0 1.0
0.526652452026 0.0 0.714285714286 0.704105344694 0.616804583068
0.745735607676 0.0 0.857142857143 0.821843532146 0.783577339274
0.568230277186 0.0 0.742857142857 0.745158791634 0.663908338638
0.740405117271 0.0 0.857142857143 0.89697908598 0.849140674729
0.696695095949 0.0 0.857142857143 0.789310611929 0.709739019733
0.55170575693 0.0 0.657142857143 0.59256390395 0.580521960535
0.605543710021 0.0 0.714285714286 0.651432997676 0.629535327817
0.68763326226 0.0 0.857142857143 0.888458559256 0.793761935073
0.768123667377 0.0 0.914285714286 0.970565453137 0.887332908975
0.526119402985 0.0 0.685714285714 0.669248644462 0.60407383832
0.508528784648 0.0 0.628571428571 0.680867544539 0.649904519414
0.748400852878 0.0 0.828571428571 0.842757552285 0.824952259707
0.574626865672 0.0 0.771428571429 0.824167312161 0.712285168682
0.840085287846 0.0 0.942857142857 0.877614252517 0.830681094844
0.859275053305 0.0 0.885714285714 0.776917118513 0.802673456397
0.76012793177 0.0 0.914285714286 0.979860573199 0.885423297263
0.680170575693 0.0 0.8 0.734314484895 0.68809675366
0.712153518124 0.0 0.742857142857 0.621223857475 0.658816040738
0.615138592751 0.0 0.714285714286 0.698683191325 0.675366008912
0.855543710021 0.0 0.914285714286 0.836560805577 0.828134945894
0.879530916844 0.0 0.971428571429 0.915569326104 0.871419478039
0.630597014925 0.0 0.714285714286 0.68551510457 0.675366008912
0.586886993603 0.0 0.714285714286 0.717273431448 0.6683640993
1.0 0.0 1.0 0.844306738962 0.879057924889
0.705756929638 0.0 0.8 0.738962044926 0.711648631445
0.775053304904 0.0 0.8 0.740511231603 0.770846594526
0.665778251599 0.0 0.828571428571 0.823392718823 0.731381285805
0.768123667377 0.0 0.828571428571 0.843532145624 0.835773392743
0.636460554371 0.0 0.685714285714 0.666924864446 0.68555060471
0.865671641791 0.0 0.971428571429 0.988381099923 0.923615531509
0.608742004264 0.0 0.742857142857 0.752904725019 0.689369828135
0.679104477612 0.0 0.8 0.765298218435 0.706556333546
0.660447761194 0.0 0.8 0.798605731991 0.721196690006
0.868336886994 0.0 0.942857142857 0.915569326104 0.877784850414
0.68710021322 0.0 0.8 0.818745158792 0.761935073202
0.704157782516 0.0 0.828571428571 0.843532145624 0.773392743475
0.782515991471 0.0 0.914285714286 0.909372579396 0.82431572247
0.913113006397 0.0 0.971428571429 0.917118512781 0.88860598345
0.847547974414 0.0 1.0 0.979860573199 0.865690642903
0.764392324094 0.0 0.885714285714 0.88148721921 0.805219605347
0.900852878465 0.0 0.971428571429 0.928737412858 0.887332908975
0.825692963753 0.0 0.914285714286 0.87606506584 0.824952259707
0.849680170576 0.0 0.971428571429 0.917893106119 0.832590706556
