0.241481481481 1.0 0.275 0.157232704403 0.153711279953
0.207407407407 1.0 0.225 0.120195667365 0.12390414962
0.418765432099 0.0 0.55 0.578616352201 0.463471654004
0.418765432099 0.0 0.55 0.578616352201 0.463471654004
0.259259259259 1.0 0.325 0.162823200559 0.187609585038
0.508641975309 0.0 0.45 0.405310971349 0.329047340736
0.758518518519 0.0 0.85 0.932914046122 0.750438340152
0.468148148148 0.0 0.625 0.682739343117 0.496201052016
0.403950617284 1.0 0.475 0.423480083857 0.409701928697
0.290864197531 1.0 0.35 0.261355695318 0.186440677966
0.207407407407 1.0 0.225 0.120195667365 0.12390414962
0.352098765432 1.0 0.35 0.205450733753 0.176504967855
0.536296296296 0.0 0.625 0.602375960867 0.663354763296
0.353580246914 0.0 0.45 0.43605870021 0.452951490357
0.441975308642 1.0 0.4 0.277428371768 0.270017533606
0.331851851852 1.0 0.45 0.428371767994 0.368205727645
0.29975308642 0.0 0.375 0.345911949686 0.248392752776
0.418765432099 0.0 0.55 0.578616352201 0.463471654004
0.284938271605 1.0 0.3 0.190775681342 0.194623027469
0.284938271605 1.0 0.3 0.190775681342 0.194623027469
0.87012345679 0.0 0.875 0.816212438854 0.703682057276
0.53975308642 0.0 0.65 0.682739343117 0.575102279369
0.427654320988 1.0 0.525 0.563242487771 0.503798947984
0.350617283951 1.0 0.375 0.342417889588 0.338398597312
0.767901234568 0.0 0.775 0.667365478686 0.700759789597
0.901728395062 0.0 0.9 0.837875611461 0.939216832262
0.558518518519 0.0 0.65 0.545772187282 0.658679135009
0.558518518519 0.0 0.65 0.545772187282 0.658679135009
0.333333333333 1.0 0.375 0.246680642907 0.286966686148
0.438518518519 1.0 0.475 0.342417889588 0.426651081239
0.446913580247 0.0 0.525 0.515024458421 0.321449444769
0.425679012346 0.0 0.525 0.472396925227 0.411455289305
0.539259259259 1.0 0.475 0.289308176101 0.332554061952
0.539259259259 1.0 0.475 0.289308176101 0.332554061952
0.586172839506 1.0 0.525 0.309573724668 0.344827586207
0.707160493827 1.0 0.625 0.413696715584 0.456458211572
0.635555555556 0.0 0.775 0.800838574423 0.789012273524
0.886419753086 0.0 0.875 0.746331236897 0.836353009936
0.490864197531 1.0 0.4 0.233403214535 0.240210403273
0.537777777778 1.0 0.45 0.253668763103 0.252483927528
0.505679012346 0.0 0.5 0.391334730957 0.412624196376
0.702222222222 0.0 0.7 0.668064290706 0.610169491525
0.758518518519 0.0 0.85 0.932914046122 0.750438340152
0.758518518519 0.0 0.85 0.932914046122 0.750438340152
0.598024691358 0.0 0.675 0.535290006988 0.571595558153
0.607407407407 0.0 0.725 0.654786862334 0.728813559322
0.418765432099 0.0 0.55 0.578616352201 0.463471654004
0.465679012346 0.0 0.6 0.598881900769 0.475745178258
0.722469135802 0.0 0.75 0.777078965758 0.749853886616
0.655308641975 0.0 0.625 0.621942697414 0.444769140853
0.365432098765 1.0 0.325 0.214535290007 0.193454120397
0.28987654321 1.0 0.35 0.213137665968 0.246054938632
0.673086419753 0.0 0.8 0.853249475891 0.842781998831
0.715061728395 0.0 0.775 0.738644304682 0.772647574518
0.673580246914 1.0 0.65 0.494758909853 0.535359438925
0.673580246914 1.0 0.65 0.494758909853 0.535359438925
0.666666666667 1.0 0.675 0.607267645003 0.64406779661
0.460740740741 1.0 0.525 0.507337526205 0.499707773232
0.97037037037 1.0 0.825 0.603773584906 0.66569257744
0.740740740741 1.0 0.6 0.417190775681 0.443015780245
0.482469135802 0.0 0.575 0.556254367575 0.50146113384
0.602469135802 0.0 0.75 0.837176799441 0.656925774401
0.584691358025 0.0 0.725 0.811320754717 0.715371127995
0.584691358025 0.0 0.725 0.811320754717 0.715371127995
1.0 0.0 1.0 1.0 1.0
0.845432098765 0.0 0.875 0.851153039832 0.869666861485
0.331851851852 1.0 0.45 0.428371767994 0.368205727645
0.355061728395 1.0 0.475 0.488469601677 0.421975452951
0.586172839506 1.0 0.525 0.309573724668 0.344827586207
0.787654320988 1.0 0.65 0.437456324249 0.4552893045
0.671111111111 1.0 0.625 0.410901467505 0.514903565167
0.624197530864 1.0 0.575 0.390635918938 0.502630040912
0.526913580247 1.0 0.575 0.609364081062 0.551724137931
0.810864197531 0.0 0.75 0.658280922432 0.592051431911
0.581234567901 1.0 0.475 0.287211740042 0.293395675044
0.84987654321 1.0 0.75 0.754716981132 0.494447691409
0.634074074074 1.0 0.6 0.427672955975 0.433080070134
0.786666666667 1.0 0.8 0.837176799441 0.757451782583
0.787654320988 0.0 0.775 0.627533193571 0.775569842198
0.813827160494 0.0 0.825 0.671558350804 0.754529514904
