0.654458598726 0.2 0.678571428571 0.675893886967 0.568472906404
0.873407643312 0.466666666667 0.892857142857 0.846597462514 0.791133004926
0.632961783439 0.266666666667 0.642857142857 0.566320645905 0.56354679803
0.839171974522 0.0666666666667 0.821428571429 0.753171856978 0.668965517241
0.609872611465 0.2 0.571428571429 0.476355247982 0.408866995074
0.642515923567 0.466666666667 0.607142857143 0.476355247982 0.408866995074
0.864649681529 0.266666666667 0.892857142857 1.0 0.863054187192
0.864649681529 0.266666666667 0.892857142857 1.0 0.863054187192
0.708598726115 0.266666666667 0.857142857143 0.689734717416 0.766502463054
0.686305732484 0.266666666667 0.785714285714 0.660899653979 0.705418719212
0.661624203822 0.4 0.714285714286 0.515570934256 0.468965517241
0.816878980892 0.4 0.821428571429 0.644752018454 0.703448275862
0.87101910828 0.466666666667 0.821428571429 0.886966551326 0.72118226601
0.832006369427 0.466666666667 0.785714285714 0.855824682814 0.68275862069
0.653662420382 0.0 0.75 0.660899653979 0.705418719212
0.81847133758 0.133333333333 0.821428571429 0.780853517878 0.695566502463
0.777070063694 0.266666666667 0.857142857143 0.764705882353 0.582266009852
0.653662420382 0.133333333333 0.642857142857 0.540945790081 0.453201970443
0.760350318471 0.333333333333 0.714285714286 0.574394463668 0.534975369458
0.851114649682 0.333333333333 0.857142857143 0.780853517878 0.695566502463
0.799363057325 0.266666666667 0.75 0.855824682814 0.68275862069
0.743630573248 0.0666666666667 0.821428571429 0.829296424452 0.83842364532
0.684713375796 0.4 0.75 0.542099192618 0.617733990148
0.652070063694 0.133333333333 0.714285714286 0.542099192618 0.617733990148
0.738057324841 0.2 0.678571428571 0.585928489043 0.548768472906
0.75398089172 0.333333333333 0.714285714286 0.585928489043 0.548768472906
0.760350318471 0.333333333333 0.678571428571 0.560553633218 0.518226600985
0.863057324841 0.266666666667 0.785714285714 0.622837370242 0.617733990148
0.851114649682 0.333333333333 0.857142857143 0.780853517878 0.695566502463
0.81847133758 0.133333333333 0.821428571429 0.780853517878 0.695566502463
0.796974522293 0.133333333333 0.857142857143 0.756632064591 0.887684729064
0.796974522293 0.133333333333 0.857142857143 0.756632064591 0.887684729064
0.797770700637 0.266666666667 0.821428571429 0.671280276817 0.681773399015
0.626592356688 0.4 0.714285714286 0.56862745098 0.511330049261
0.887738853503 0.4 0.928571428571 0.964244521338 0.938916256158
0.877388535032 0.2 0.964285714286 0.993079584775 1.0
0.529458598726 0.333333333333 0.5 0.347174163783 0.239408866995
0.933917197452 0.466666666667 0.964285714286 0.955017301038 0.91921182266
0.734076433121 0.2 0.857142857143 0.833910034602 0.795073891626
0.726114649682 0.333333333333 0.821428571429 0.655132641292 0.518226600985
0.775477707006 0.4 0.821428571429 0.911188004614 0.740886699507
0.835191082803 0.8 0.857142857143 0.790080738178 0.659113300493
0.727707006369 0.2 0.714285714286 0.701268742791 0.689655172414
0.727707006369 0.2 0.714285714286 0.701268742791 0.689655172414
0.777070063694 0.266666666667 0.857142857143 0.764705882353 0.582266009852
0.777070063694 0.266666666667 0.857142857143 0.764705882353 0.582266009852
0.902866242038 0.4 0.892857142857 0.899653979239 0.864039408867
0.945859872611 0.533333333333 0.857142857143 0.695501730104 0.76157635468
0.811305732484 0.4 0.785714285714 0.715109573241 0.655172413793
0.811305732484 0.4 0.785714285714 0.715109573241 0.655172413793
0.609872611465 0.2 0.571428571429 0.476355247982 0.408866995074
0.648885350318 0.2 0.607142857143 0.507497116494 0.447290640394
0.789808917197 0.4 0.821428571429 0.81199538639 0.649261083744
0.789808917197 0.4 0.821428571429 0.81199538639 0.649261083744
0.727707006369 0.133333333333 0.75 0.599769319493 0.705418719212
0.734076433121 0.4 0.678571428571 0.486735870819 0.56354679803
0.647292993631 0.266666666667 0.75 0.629757785467 0.666995073892
0.682324840764 0.133333333333 0.642857142857 0.523644752018 0.472906403941
0.93949044586 0.533333333333 1.0 0.983852364475 0.937931034483
0.93949044586 0.533333333333 1.0 0.983852364475 0.937931034483
0.825636942675 0.266666666667 0.857142857143 0.968858131488 0.824630541872
1.0 0.266666666667 0.964285714286 0.895040369089 0.867980295567
0.805732484076 0.333333333333 0.785714285714 0.790080738178 0.607881773399
0.825636942675 0.266666666667 0.857142857143 0.968858131488 0.824630541872
0.796974522293 0.133333333333 0.857142857143 0.756632064591 0.887684729064
0.825636942675 0.266666666667 0.857142857143 0.878892733564 0.793103448276
0.606687898089 0.2 0.607142857143 0.486735870819 0.407881773399
0.753184713376 0.2 0.892857142857 0.889273356401 0.87684729064
0.727707006369 0.0666666666667 0.642857142857 0.560553633218 0.518226600985
0.760350318471 0.333333333333 0.678571428571 0.560553633218 0.518226600985
0.855095541401 0.0666666666667 0.75 0.678200692042 0.655172413793
0.894108280255 0.0666666666667 0.785714285714 0.709342560554 0.693596059113
0.933917197452 0.466666666667 0.964285714286 0.955017301038 0.91921182266
0.653662420382 0.0 0.75 0.660899653979 0.705418719212
0.660031847134 0.266666666667 0.714285714286 0.657439446367 0.673891625616
0.653662420382 0.533333333333 0.714285714286 0.626297577855 0.635467980296
0.725318471338 0.0 0.678571428571 0.576701268743 0.624630541872
0.827229299363 1.0 0.785714285714 0.620530565167 0.604926108374
0.910031847134 0.2 0.821428571429 0.709342560554 0.693596059113
0.738057324841 0.266666666667 0.892857142857 0.895040369089 0.790147783251
0.743630573248 0.666666666667 0.75 0.640138408304 0.629556650246
0.730891719745 0.8 0.821428571429 0.711649365629 0.806896551724
0.796974522293 0.133333333333 0.857142857143 0.756632064591 0.887684729064
0.796974522293 0.133333333333 0.857142857143 0.756632064591 0.887684729064
0.839171974522 0.0666666666667 0.821428571429 0.753171856978 0.668965517241
0.713375796178 0.0 0.678571428571 0.611303344867 0.552709359606
0.612261146497 0.4 0.678571428571 0.60092272203 0.522167487685
0.894108280255 0.0666666666667 0.785714285714 0.709342560554 0.693596059113
0.647292993631 0.266666666667 0.75 0.629757785467 0.666995073892
0.668789808917 0.266666666667 0.785714285714 0.682814302191 0.634482758621
0.606687898089 0.2 0.607142857143 0.486735870819 0.407881773399
0.606687898089 0.2 0.607142857143 0.486735870819 0.407881773399
0.870222929936 0.2 0.857142857143 0.899653979239 0.864039408867
0.984076433121 0.133333333333 0.928571428571 0.895040369089 0.867980295567
0.606687898089 0.2 0.607142857143 0.486735870819 0.407881773399
0.637738853503 0.266666666667 0.714285714286 0.606689734717 0.649261083744
0.738057324841 0.266666666667 0.821428571429 0.733564013841 0.543842364532
0.880573248408 0.533333333333 0.892857142857 0.868512110727 0.818719211823
0.804140127389 0.133333333333 0.821428571429 0.707035755479 0.690640394089
0.804140127389 0.133333333333 0.821428571429 0.707035755479 0.690640394089
