0.583150984683 1.0 0.697674418605 0.761830876649 0.607967667436
1.0 0.555555555556 1.0 1.0 0.950923787529
0.251094091904 0.0 0.209302325581 0.0434445306439 0.026558891455
0.253829321663 0.0 0.209302325581 0.0 0.0
0.977571115974 0.111111111111 0.976744186047 0.926299456943 1.0
0.783916849015 0.777777777778 0.860465116279 0.89371605896 0.837759815242
0.828774617068 0.666666666667 0.883720930233 0.860356865787 0.803695150115
0.966083150985 0.222222222222 0.976744186047 0.943366951125 0.990184757506
0.977024070022 0.333333333333 0.976744186047 0.906904577192 0.931870669746
0.434901531729 0.444444444444 0.53488372093 0.55159038014 0.4792147806
0.342997811816 0.222222222222 0.395348837209 0.304887509697 0.199769053118
0.955142231947 0.0 0.976744186047 0.946470131885 0.954965357968
0.961159737418 0.444444444444 0.93023255814 0.840186190846 0.836027713626
0.988512035011 0.111111111111 0.953488372093 0.914662529092 0.870669745958
0.515317286652 0.555555555556 0.627906976744 0.647788983708 0.561200923788
0.328227571116 0.111111111111 0.348837209302 0.231962761831 0.245958429561
0.448030634573 0.333333333333 0.511627906977 0.569433669511 0.440531177829
0.527352297593 0.777777777778 0.651162790698 0.701318851823 0.532909930716
0.532822757112 0.666666666667 0.651162790698 0.708301008534 0.526558891455
0.757111597374 0.0 0.837209302326 0.749418153607 0.826789838337
0.257658643326 0.0 0.232558139535 0.0822342901474 0.0421478060046
0.272428884026 0.0 0.255813953488 0.0752521334368 0.066974595843
0.955142231947 0.333333333333 0.976744186047 0.965089216447 0.956697459584
0.290481400438 0.0 0.325581395349 0.179208688906 0.178406466513
0.343544857768 0.0 0.441860465116 0.400310318076 0.374133949192
0.363785557987 0.111111111111 0.302325581395 0.163692785105 0.193995381062
0.692013129103 0.444444444444 0.767441860465 0.78044996121 0.778290993072
0.286105032823 0.0 0.255813953488 0.0923196276183 0.126443418014
0.736870897155 0.0 0.813953488372 0.688906128782 0.806581986143
0.28227571116 0.0 0.232558139535 0.0589604344453 0.0831408775982
0.333150984683 0.0 0.418604651163 0.382467028704 0.320438799076
0.781181619256 0.0 0.860465116279 0.816912335144 0.810623556582
0.705689277899 0.0 0.790697674419 0.644685802948 0.693418013857
0.807986870897 0.444444444444 0.837209302326 0.714507370054 0.665704387991
0.901531728665 0.0 0.93023255814 0.904577191621 0.908198614319
0.307986870897 0.0 0.348837209302 0.190069821567 0.206697459584
0.729212253829 0.666666666667 0.813953488372 0.818463925524 0.765011547344
0.387855579869 0.0 0.488372093023 0.475562451513 0.395496535797
0.365973741794 0.0 0.46511627907 0.425135764158 0.367205542725
0.271334792123 0.0 0.279069767442 0.138867339022 0.0894919168591
0.613785557987 0.0 0.720930232558 0.66795965865 0.642609699769
0.847921225383 0.333333333333 0.906976744186 0.842513576416 0.894341801386
0.464989059081 0.222222222222 0.441860465116 0.358417377812 0.402424942263
0.253282275711 0.0 0.209302325581 0.0395655546936 0.0167436489607
0.687636761488 0.111111111111 0.674418604651 0.491854150504 0.525404157044
0.319474835886 0.0 0.395348837209 0.33359193173 0.263856812933
0.628008752735 0.777777777778 0.744186046512 0.790535298681 0.666859122402
0.300875273523 0.0 0.302325581395 0.130333591932 0.146651270208
0.663019693654 0.0 0.767441860465 0.733126454616 0.757505773672
0.671225382932 0.0 0.744186046512 0.547711404189 0.602771362587
0.474288840263 0.0 0.46511627907 0.311093871218 0.330831408776
0.278993435449 0.0 0.302325581395 0.146625290923 0.107390300231
0.551969365427 0.777777777778 0.651162790698 0.723041117145 0.592378752887
0.861597374179 0.0 0.906976744186 0.865787432118 0.886836027714
0.698030634573 0.777777777778 0.790697674419 0.788983708301 0.71247113164
0.502735229759 0.0 0.627906976744 0.650116369279 0.571016166282
0.459518599562 0.0 0.53488372093 0.528316524438 0.407621247113
0.875820568928 0.222222222222 0.906976744186 0.785880527541 0.854503464203
0.287746170678 0.0 0.302325581395 0.122575640031 0.131062355658
0.428884026258 0.222222222222 0.418604651163 0.300232738557 0.243648960739
0.35886214442 0.0 0.325581395349 0.186966640807 0.224595842956
0.577680525164 0.0 0.674418604651 0.66640806827 0.617205542725
0.316739606127 0.0 0.279069767442 0.0915438324282 0.0877598152425
0.407002188184 0.0 0.511627906977 0.506594259116 0.431870669746
0.627461706783 0.555555555556 0.744186046512 0.812257564003 0.64376443418
0.304157549234 0.0 0.372093023256 0.265321955004 0.220554272517
0.480306345733 0.0 0.581395348837 0.536074476338 0.548498845266
0.445295404814 0.222222222222 0.511627906977 0.453064391001 0.355080831409
0.437089715536 0.0 0.395348837209 0.22187742436 0.281177829099
0.829868708972 0.0 0.883720930233 0.78044996121 0.863163972286
0.428336980306 0.0 0.372093023256 0.206361520559 0.225173210162
0.37636761488 0.222222222222 0.372093023256 0.306439100078 0.285796766744
0.794857768053 0.666666666667 0.860465116279 0.816136539953 0.745381062356
0.603938730853 0.0 0.697674418605 0.66175329713 0.614318706697
0.885120350109 0.111111111111 0.860465116279 0.733126454616 0.793879907621
0.935995623632 0.111111111111 0.953488372093 0.941815360745 0.926096997691
0.389496717724 0.222222222222 0.348837209302 0.242048099302 0.292147806005
0.474835886214 0.444444444444 0.558139534884 0.584173778123 0.503464203233
0.74398249453 0.0 0.790697674419 0.641582622188 0.725750577367
0.554704595186 0.0 0.651162790698 0.592707525213 0.615473441109
0.928336980306 0.555555555556 0.953488372093 0.942591155935 0.894341801386
0.456783369803 0.0 0.558139534884 0.544608223429 0.49480369515
0.605579868709 0.0 0.697674418605 0.615981380915 0.658775981524
0.901531728665 0.111111111111 0.93023255814 0.877424359969 0.903002309469
0.515317286652 0.0 0.604651162791 0.577967416602 0.551963048499
0.495623632385 0.0 0.441860465116 0.273855702095 0.293879907621
0.654814004376 0.0 0.697674418605 0.517455391777 0.51558891455
0.348468271335 0.0 0.418604651163 0.364623739333 0.333140877598
0.32658643326 0.0 0.302325581395 0.138091543832 0.16974595843
0.887855579869 0.0 0.883720930233 0.837858805275 0.870669745958
0.723194748359 0.111111111111 0.744186046512 0.702094647013 0.700346420323
0.834792122538 0.0 0.860465116279 0.844065166796 0.89896073903
0.634573304158 0.0 0.627906976744 0.415050426687 0.449769053118
0.456236323851 0.333333333333 0.511627906977 0.545384018619 0.442840646651
0.818927789934 0.222222222222 0.837209302326 0.726144297905 0.736143187067
0.536652078775 0.0 0.627906976744 0.605896043445 0.579099307159
0.952407002188 0.0 0.953488372093 0.935608999224 0.88856812933
0.634026258206 0.111111111111 0.720930232558 0.648564778898 0.695150115473
0.521881838074 0.444444444444 0.581395348837 0.487975174554 0.465935334873
0.948577680525 0.111111111111 0.953488372093 0.935608999224 0.938221709007
