0.785159620362 0.0 0.766666666667 0.606674612634 0.695268644747
0.803278688525 0.0 0.8 0.626936829559 0.689655172414
0.958584987058 0.0 0.933333333333 0.805721096544 0.863672814755
0.935289042278 0.0 0.933333333333 0.88200238379 0.914995990377
0.716134598792 0.0 0.733333333333 0.582836710369 0.629510825982
0.986194995686 0.0 1.0 1.0 1.0
0.782571182053 0.0 0.766666666667 0.615017878427 0.681635926223
0.95340811044 0.0 0.966666666667 0.9189511323 0.923817161187
0.95340811044 0.0 0.966666666667 0.9189511323 0.923817161187
0.754098360656 0.0 0.733333333333 0.573301549464 0.64875701684
0.983606557377 0.0 1.0 0.982121573302 0.976744186047
0.798964624676 0.0 0.833333333333 0.747318235995 0.755412991179
0.874892148404 0.0 0.833333333333 0.678188319428 0.753809141941
0.867989646247 0.0 0.866666666667 0.73420738975 0.768243785084
0.704918032787 0.0 0.7 0.506555423123 0.572574178027
0.7670405522 0.0 0.766666666667 0.632896305125 0.681635926223
0.811906816221 0.0 0.766666666667 0.609058402861 0.696070569366
0.781708369284 0.0 0.733333333333 0.514898688915 0.610264635124
0.781708369284 0.0 0.766666666667 0.593563766389 0.652766639936
0.828300258844 0.0 0.833333333333 0.724672228844 0.752205292702
0.938740293356 0.0 0.933333333333 0.827175208582 0.846030473136
0.788610871441 0.0 0.733333333333 0.519666269368 0.616680032077
0.949094046592 0.0 0.9 0.752085816448 0.813953488372
0.914581535807 0.0 0.9 0.783075089392 0.813151563753
0.920621225194 0.0 0.933333333333 0.899880810489 0.897353648757
0.745470232959 0.0 0.766666666667 0.671036948749 0.690457097033
0.826574633305 0.0 0.833333333333 0.737783075089 0.758620689655
0.826574633305 0.0 0.833333333333 0.737783075089 0.758620689655
0.83606557377 0.0 0.866666666667 0.806912991657 0.799518845229
0.959447799827 0.0 0.933333333333 0.836710369487 0.867682437851
0.807592752373 0.0 0.833333333333 0.759237187128 0.761026463512
0.787748058671 0.0 0.8 0.703218116806 0.721732157177
0.787748058671 0.0 0.8 0.703218116806 0.721732157177
0.725625539258 0.0 0.766666666667 0.674612634088 0.673616680032
0.97584124245 0.0 0.966666666667 0.934445768772 0.941459502807
0.724762726488 0.0 0.7 0.526817640048 0.595028067362
0.731665228645 0.0 0.733333333333 0.61620977354 0.652766639936
0.956859361519 0.0 0.933333333333 0.884386174017 0.906976744186
0.732528041415 0.0 0.733333333333 0.617401668653 0.653568564555
0.83779119931 0.0 0.8 0.668653158522 0.727345629511
0.777394305436 0.0 0.8 0.69725864124 0.703287890938
0.787748058671 0.0 0.766666666667 0.635280095352 0.684843624699
0.886108714409 0.0 0.9 0.835518474374 0.830793905373
0.918895599655 0.0 0.9 0.789034564958 0.813953488372
0.818809318378 0.0 0.8 0.698450536353 0.738572574178
0.828300258844 0.0 0.8 0.669845053635 0.71932638332
0.820534943917 0.0 0.766666666667 0.588796185936 0.667201283079
1.0 0.0 1.0 0.978545887962 0.967121090617
0.913718723037 0.0 0.866666666667 0.700834326579 0.757016840417
0.880069025022 0.0 0.866666666667 0.785458879619 0.809141940658
0.909404659189 0.0 0.9 0.828367103695 0.842822774659
0.843830888697 0.0 0.8 0.644815256257 0.707297514034
0.835202761001 0.0 0.8 0.703218116806 0.755412991179
0.797238999137 0.0 0.766666666667 0.581644815256 0.638331996792
0.781708369284 0.0 0.766666666667 0.595947556615 0.638331996792
0.755823986195 0.0 0.8 0.73063170441 0.712109061748
0.878343399482 0.0 0.8 0.660309892729 0.748195669607
0.911130284728 0.0 0.866666666667 0.6936829559 0.743384121893
0.822260569456 0.0 0.733333333333 0.524433849821 0.634322373697
0.95427092321 0.0 0.933333333333 0.851013110846 0.865276663994
0.843830888697 0.0 0.866666666667 0.779499404052 0.767441860465
0.693701466782 0.0 0.733333333333 0.580452920143 0.578187650361
0.924072476273 0.0 0.933333333333 0.923718712753 0.908580593424
0.802415875755 0.0 0.833333333333 0.806912991657 0.7898957498
0.802415875755 0.0 0.833333333333 0.806912991657 0.7898957498
0.909404659189 0.0 0.9 0.843861740167 0.851643945469
0.778257118205 0.0 0.733333333333 0.576877234803 0.645549318364
0.877480586713 0.0 0.833333333333 0.717520858164 0.767441860465
0.72044866264 0.0 0.666666666667 0.439809296782 0.529270248597
0.760138050043 1.0 0.766666666667 0.588796185936 0.722534081796
0.811906816221 0.0 0.866666666667 0.876042908224 0.830793905373
0.872303710095 0.0 0.8 0.600715137068 0.683239775461
0.843830888697 0.0 0.833333333333 0.778307508939 0.796311146752
0.800690250216 0.0 0.766666666667 0.618593563766 0.671210906175
0.826574633305 0.0 0.766666666667 0.626936829559 0.700882117081
0.796376186368 0.0 0.8 0.666269368296 0.680032076985
0.763589301122 0.0 0.766666666667 0.609058402861 0.629510825982
0.723899913719 0.0 0.666666666667 0.436233611442 0.52606255012
0.854184641933 0.0 0.9 0.908224076281 0.862068965517
0.849870578085 0.0 0.8 0.64958283671 0.707297514034
0.710094909405 0.0 0.666666666667 0.425506555423 0.502806736167
0.759275237274 0.0 0.766666666667 0.692491060787 0.702485966319
0.867989646247 0.0 0.866666666667 0.743742550656 0.747393744988
0.864538395168 0.0 0.866666666667 0.825983313468 0.822774659182
0.810181190682 0.0 0.8 0.685339690107 0.706495589415
0.801553062985 0.0 0.9 0.901072705602 0.808340016038
0.891285591027 0.0 0.833333333333 0.709177592372 0.765036086608
0.7670405522 0.0 0.766666666667 0.659117997616 0.67522052927
0.911130284728 0.0 0.833333333333 0.678188319428 0.751403368083
0.85936151855 0.0 0.9 0.908224076281 0.862870890136
0.899913718723 0.0 0.833333333333 0.64958283671 0.714514835605
0.910267471959 0.0 0.866666666667 0.724672228844 0.762630312751
0.849870578085 0.0 0.766666666667 0.576877234803 0.66639935846
0.830025884383 0.0 0.866666666667 0.815256257449 0.78027265437
0.886108714409 0.0 0.866666666667 0.737783075089 0.753809141941
0.770491803279 0.0 0.733333333333 0.570917759237 0.623897353649
0.913718723037 0.0 0.933333333333 0.887961859356 0.855653568565
0.710094909405 0.0 0.733333333333 0.671036948749 0.668003207698
0.760138050043 0.0 0.8 0.787842669845 0.757016840417
0.960310612597 0.0 0.933333333333 0.876042908224 0.882117080994
