0.631669535284 0.5 0.4375 0.219484882419 0.290375203915
0.631669535284 0.5 0.4375 0.219484882419 0.290375203915
0.960413080895 0.166666666667 0.9375 0.918253079507 0.933115823817
0.894148020654 0.166666666667 0.84375 0.860022396417 0.850734094617
0.697934595525 0.333333333333 0.65625 0.713325867861 0.554649265905
0.740103270224 0.333333333333 0.6875 0.743561030235 0.586460032626
0.815834767642 0.5 0.59375 0.359462486002 0.485318107667
0.815834767642 0.5 0.59375 0.359462486002 0.485318107667
0.648881239243 0.666666666667 0.46875 0.219484882419 0.290375203915
0.709122203098 0.833333333333 0.5 0.249720044793 0.322185970636
0.567986230637 0.833333333333 0.4375 0.243001119821 0.181076672104
0.567986230637 0.833333333333 0.4375 0.243001119821 0.181076672104
0.694492254733 0.166666666667 0.625 0.517357222844 0.503262642741
0.695352839931 0.333333333333 0.59375 0.478163493841 0.444535073409
0.622203098107 0.166666666667 0.59375 0.611422172452 0.452691680261
0.622203098107 0.166666666667 0.59375 0.611422172452 0.452691680261
0.567986230637 0.833333333333 0.4375 0.243001119821 0.181076672104
0.610154905336 0.833333333333 0.46875 0.273236282195 0.212887438825
0.81239242685 0.666666666667 0.71875 0.615901455767 0.586460032626
0.770223752151 0.666666666667 0.6875 0.585666293393 0.554649265905
0.593803786575 0.166666666667 0.5 0.501679731243 0.335236541599
0.684165232358 0.333333333333 0.5 0.471444568869 0.327895595432
0.530120481928 0.5 0.4375 0.326987681971 0.315660685155
0.530120481928 0.5 0.4375 0.326987681971 0.315660685155
0.652323580034 0.333333333333 0.53125 0.423292273236 0.242251223491
0.652323580034 0.333333333333 0.53125 0.423292273236 0.242251223491
0.774526678141 0.666666666667 0.625 0.434490481523 0.391517128874
0.805507745267 0.833333333333 0.59375 0.354983202688 0.305872756933
0.985370051635 0.333333333333 0.8125 0.646136618141 0.754486133768
0.985370051635 0.333333333333 0.8125 0.646136618141 0.754486133768
0.909638554217 0.666666666667 0.78125 0.643896976484 0.726753670473
0.898450946644 0.833333333333 0.71875 0.534154535274 0.609298531811
0.771084337349 0.333333333333 0.6875 0.789473684211 0.663132137031
0.830464716007 0.5 0.75 0.819708846585 0.694942903752
0.671256454389 0.666666666667 0.53125 0.372900335946 0.467373572594
0.748709122203 1.0 0.59375 0.40313549832 0.499184339315
0.805507745267 0.833333333333 0.59375 0.354983202688 0.305872756933
0.770223752151 0.5 0.5625 0.354983202688 0.305872756933
0.610154905336 0.833333333333 0.46875 0.273236282195 0.212887438825
0.567986230637 0.833333333333 0.4375 0.243001119821 0.181076672104
0.659208261618 0.166666666667 0.625 0.458006718925 0.534257748777
0.652323580034 0.5 0.625 0.427771556551 0.502446982055
0.581755593804 0.333333333333 0.53125 0.540873460246 0.42088091354
0.593803786575 0.166666666667 0.5 0.501679731243 0.335236541599
0.666092943201 0.5 0.46875 0.272116461366 0.193311582382
0.729776247849 0.666666666667 0.59375 0.381858902576 0.310766721044
0.530120481928 0.5 0.4375 0.326987681971 0.315660685155
0.530120481928 0.5 0.4375 0.326987681971 0.315660685155
0.988812392427 0.666666666667 0.9375 0.890257558791 0.882544861338
1.0 0.5 1.0 1.0 1.0
0.50430292599 0.666666666667 0.375 0.135498320269 0.141109298532
0.515490533563 0.5 0.4375 0.245240761478 0.258564437194
0.547332185886 0.666666666667 0.46875 0.326987681971 0.315660685155
0.530120481928 0.5 0.4375 0.326987681971 0.315660685155
0.813253012048 0.333333333333 0.71875 0.819708846585 0.694942903752
0.830464716007 0.5 0.75 0.819708846585 0.694942903752
0.530120481928 0.5 0.4375 0.326987681971 0.315660685155
0.530120481928 0.5 0.4375 0.326987681971 0.315660685155
0.630808950086 0.166666666667 0.53125 0.348264277716 0.416802610114
0.659208261618 0.166666666667 0.625 0.458006718925 0.534257748777
0.771084337349 1.0 0.5625 0.360582306831 0.36867862969
0.886402753873 0.5 0.71875 0.499440089586 0.634584013051
0.910499139415 0.0 0.8125 0.818589025756 0.727569331158
0.957831325301 0.5 0.96875 0.969764837626 0.968189233279
0.68330464716 0.666666666667 0.59375 0.348264277716 0.416802610114
0.694492254733 0.5 0.65625 0.458006718925 0.534257748777
0.664371772806 0.166666666667 0.625 0.641657334826 0.484502446982
0.664371772806 0.166666666667 0.625 0.641657334826 0.484502446982
0.631669535284 0.5 0.4375 0.219484882419 0.290375203915
0.631669535284 0.5 0.4375 0.219484882419 0.290375203915
0.652323580034 0.5 0.625 0.427771556551 0.502446982055
0.652323580034 0.5 0.625 0.427771556551 0.502446982055
0.610154905336 0.833333333333 0.46875 0.273236282195 0.212887438825
0.605851979346 0.833333333333 0.4375 0.191489361702 0.146003262643
0.50430292599 0.666666666667 0.375 0.135498320269 0.141109298532
0.487091222031 0.5 0.34375 0.135498320269 0.141109298532
0.593803786575 0.166666666667 0.5 0.501679731243 0.335236541599
0.593803786575 0.166666666667 0.5 0.501679731243 0.335236541599
0.652323580034 0.333333333333 0.53125 0.423292273236 0.242251223491
0.680722891566 0.333333333333 0.625 0.533034714446 0.359706362153
