0.820704375667 0.0 0.852941176471 0.708860759494 0.880281690141
0.881536819637 0.0 0.911764705882 0.803375527426 0.944668008048
0.858057630736 0.0 0.882352941176 0.794936708861 0.905432595573
0.737459978655 0.0 0.794117647059 0.723206751055 0.798792756539
0.543756670224 0.0 0.529411764706 0.329957805907 0.455734406439
0.748132337247 0.0 0.794117647059 0.783122362869 0.848088531187
0.689434364995 0.0 0.764705882353 0.647257383966 0.664989939638
0.511205976521 0.0 0.558823529412 0.470042194093 0.51509054326
0.844183564568 0.0 0.852941176471 0.68776371308 0.771629778672
0.855389541089 0.0 0.882352941176 0.781434599156 0.846076458753
0.725720384205 0.0 0.705882352941 0.499578059072 0.605633802817
0.692636072572 0.0 0.735294117647 0.680168776371 0.721327967807
0.95 0.0 0.923076923077 0.661803713528 0.770573566085
0.85325506937 0.0 0.882352941176 0.721518987342 0.769617706237
0.480789754536 0.0 0.441176470588 0.267510548523 0.382293762575
0.611526147279 0.0 0.588235294118 0.53417721519 0.630784708249
0.872998932764 0.0 0.852941176471 0.659915611814 0.752515090543
0.640875133404 0.0 0.617647058824 0.507172995781 0.602615694165
0.468516542156 0.0 0.5 0.378902953586 0.419517102616
0.610458911419 0.0 0.676470588235 0.475105485232 0.477867203219
0.619047619048 0.142857142857 0.633333333333 0.456747404844 0.649147727273
0.874599786553 0.0 0.911764705882 0.757805907173 0.778672032193
0.58591248666 0.0 0.647058823529 0.564556962025 0.560362173038
0.924226254002 0.0 0.882352941176 0.710548523207 0.808853118712
0.775346851654 0.0 0.794117647059 0.634599156118 0.66800804829
0.895 0.0 0.884615384615 0.846153846154 0.907730673317
0.567769477054 0.0 0.617647058824 0.42447257384 0.42555331992
0.773212379936 0.0 0.823529411765 0.739240506329 0.735412474849
0.880714285714 0.0 0.846153846154 0.721485411141 0.80174563591
0.888571428571 0.0 0.846153846154 0.770557029178 0.857855361596
0.697438633938 0.0 0.676470588235 0.649789029536 0.715291750503
0.754285714286 0.0 0.692307692308 0.582228116711 0.688279301746
0.684098185699 0.0 0.676470588235 0.569620253165 0.614688128773
0.823906083244 0.0 0.794117647059 0.663291139241 0.729376257545
0.445037353255 0.0 0.470588235294 0.35611814346 0.366197183099
0.4151547492 0.0 0.441176470588 0.319831223629 0.328973843058
0.751428571429 0.0 0.730769230769 0.633952254642 0.689526184539
0.747142857143 0.0 0.653846153846 0.582228116711 0.709476309227
0.456776947705 0.0 0.470588235294 0.357805907173 0.377263581489
0.699039487727 0.0 0.676470588235 0.627848101266 0.683098591549
0.64 0.0 0.615384615385 0.633952254642 0.689526184539
0.64 0.0 0.615384615385 0.633952254642 0.689526184539
0.369797225187 0.0 0.382352941176 0.286919831224 0.304828973843
0.680896478122 0.0 0.617647058824 0.403375527426 0.496981891348
0.800714285714 0.0 0.769230769231 0.579575596817 0.640897755611
0.795714285714 0.0 0.730769230769 0.633952254642 0.726932668329
0.525080042689 0.0 0.470588235294 0.460759493671 0.543259557344
0.318569903949 0.0 0.323529411765 0.286919831224 0.304828973843
0.795714285714 0.0 0.807692307692 0.721485411141 0.728179551122
0.751428571429 0.0 0.653846153846 0.582228116711 0.697007481297
0.65848452508 0.0 0.735294117647 0.579746835443 0.517102615694
0.668571428571 0.0 0.653846153846 0.685676392573 0.714463840399
0.615795090715 0.0 0.588235294118 0.59746835443 0.638832997988
0.59 0.0 0.538461538462 0.535809018568 0.598503740648
0.89 0.0 0.846153846154 0.771883289125 0.826683291771
0.63 0.0 0.576923076923 0.535809018568 0.598503740648
0.63 0.0 0.576923076923 0.535809018568 0.598503740648
0.63 0.0 0.576923076923 0.535809018568 0.598503740648
0.497331910352 0.0 0.529411764706 0.463291139241 0.440643863179
0.832142857143 0.0 0.769230769231 0.633952254642 0.705735660848
0.642857142857 0.0 0.538461538462 0.484084880637 0.597256857855
0.642857142857 0.0 0.538461538462 0.484084880637 0.597256857855
0.584311632871 0.0 0.647058823529 0.587341772152 0.533199195171
0.654215581644 0.0 0.705882352941 0.697046413502 0.651911468813
0.721428571429 0.0 0.730769230769 0.820954907162 0.816708229426
0.699285714286 0.0 0.615384615385 0.511936339523 0.599750623441
0.702774813234 0.0 0.647058823529 0.428691983122 0.487927565392
0.715714285714 0.0 0.692307692308 0.57824933687 0.604738154613
0.640714285714 0.0 0.615384615385 0.527851458886 0.556109725686
0.564285714286 0.0 0.538461538462 0.527851458886 0.556109725686
0.577857142857 0.0 0.576923076923 0.555702917772 0.558603491272
0.612142857143 0.0 0.538461538462 0.507957559682 0.583541147132
0.561428571429 0.0 0.5 0.535809018568 0.598503740648
0.592142857143 0.0 0.576923076923 0.563660477454 0.579800498753
0.617857142857 0.0 0.615384615385 0.555702917772 0.558603491272
0.947857142857 0.0 1.0 0.957559681698 0.905236907731
0.697142857143 0.0 0.653846153846 0.633952254642 0.677057356608
0.737857142857 0.0 0.730769230769 0.698938992042 0.705735660848
0.627857142857 0.0 0.538461538462 0.511936339523 0.599750623441
0.627857142857 0.0 0.538461538462 0.511936339523 0.599750623441
0.607142857143 0.0 0.576923076923 0.527851458886 0.556109725686
0.659285714286 0.0 0.615384615385 0.535809018568 0.577306733167
0.76 0.0 0.730769230769 0.542440318302 0.568578553616
0.878571428571 0.0 0.846153846154 0.701591511936 0.730673316708
0.707142857143 0.0 0.615384615385 0.509283819629 0.597256857855
0.350586979723 0.0 0.352941176471 0.31223628692 0.30583501006
0.648571428571 0.0 0.615384615385 0.535809018568 0.564837905237
0.720714285714 0.0 0.653846153846 0.535809018568 0.598503740648
0.732857142857 0.0 0.653846153846 0.523872679045 0.598503740648
0.673571428571 0.0 0.615384615385 0.503978779841 0.557356608479
0.87 0.0 0.807692307692 0.75198938992 0.807980049875
0.642857142857 0.0 0.615384615385 0.62599469496 0.647132169576
0.642857142857 0.0 0.615384615385 0.62599469496 0.647132169576
0.642857142857 0.0 0.615384615385 0.62599469496 0.647132169576
0.905 0.0 0.923076923077 0.89124668435 0.865336658354
0.732857142857 0.0 0.615384615385 0.509283819629 0.618453865337
0.709285714286 0.0 0.653846153846 0.602122015915 0.648379052369
0.780714285714 0.0 0.730769230769 0.790450928382 0.83042394015
0.682857142857 0.0 0.576923076923 0.523872679045 0.61970074813
0.520238095238 0.142857142857 0.533333333333 0.485582468281 0.605113636364
0.294023479189 0.0 0.294117647059 0.22447257384 0.214285714286
0.981428571429 0.0 0.961538461538 0.946949602122 0.956359102244
0.532550693703 0.0 0.588235294118 0.480168776371 0.413480885312
0.693571428571 0.0 0.730769230769 0.741379310345 0.692019950125
0.592142857143 0.0 0.576923076923 0.555702917772 0.558603491272
0.626428571429 0.0 0.538461538462 0.507957559682 0.583541147132
0.715 0.0 0.653846153846 0.437665782493 0.486284289277
0.765714285714 0.0 0.730769230769 0.62599469496 0.648379052369
0.64 0.0 0.576923076923 0.535809018568 0.586034912718
0.6 0.0 0.538461538462 0.437665782493 0.486284289277
0.922142857143 0.0 0.846153846154 0.718832891247 0.781795511222
0.712857142857 0.0 0.692307692308 0.587533156499 0.594763092269
0.745 0.0 0.692307692308 0.641909814324 0.680798004988
0.645714285714 0.0 0.615384615385 0.563660477454 0.579800498753
0.647142857143 0.0 0.615384615385 0.644562334218 0.662094763092
0.682857142857 0.0 0.653846153846 0.587533156499 0.602244389027
0.86 0.0 0.884615384615 0.797082228117 0.758104738155
0.64 0.0 0.576923076923 0.437665782493 0.486284289277
0.725714285714 0.0 0.615384615385 0.523872679045 0.61970074813
0.647142857143 0.0 0.615384615385 0.651193633952 0.668329177057
0.846428571429 0.0 0.769230769231 0.713527851459 0.775561097257
0.735714285714 0.0 0.653846153846 0.511936339523 0.57855361596
0.74 0.0 0.653846153846 0.607427055703 0.678304239401
0.707857142857 0.0 0.692307692308 0.689655172414 0.689526184539
0.694285714286 0.0 0.653846153846 0.553050397878 0.577306733167
0.704285714286 0.0 0.692307692308 0.653846153846 0.649625935162
0.877142857143 0.0 0.846153846154 0.672413793103 0.687032418953
0.627857142857 0.0 0.615384615385 0.653846153846 0.649625935162
0.707857142857 0.0 0.615384615385 0.507957559682 0.583541147132
0.652142857143 0.0 0.576923076923 0.54774535809 0.605985037406
0.695714285714 0.0 0.653846153846 0.503978779841 0.528678304239
0.604285714286 0.0 0.538461538462 0.437665782493 0.486284289277
0.732857142857 0.0 0.692307692308 0.632625994695 0.655860349127
0.69 0.0 0.576923076923 0.411140583554 0.506234413965
0.837857142857 0.0 0.884615384615 0.810344827586 0.745635910224
0.272678762006 0.0 0.264705882353 0.22447257384 0.214285714286
0.810714285714 0.0 0.692307692308 0.533156498674 0.633416458853
0.528571428571 0.0 0.461538461538 0.437665782493 0.486284289277
0.528571428571 0.0 0.461538461538 0.437665782493 0.486284289277
0.528571428571 0.0 0.461538461538 0.437665782493 0.486284289277
0.528571428571 0.0 0.461538461538 0.437665782493 0.486284289277
0.528571428571 0.0 0.461538461538 0.437665782493 0.486284289277
0.528571428571 0.0 0.461538461538 0.437665782493 0.486284289277
0.644285714286 0.0 0.576923076923 0.437665782493 0.486284289277
0.837857142857 0.0 0.730769230769 0.509283819629 0.597256857855
0.818571428571 0.0 0.807692307692 0.721485411141 0.713216957606
0.747142857143 0.0 0.730769230769 0.755968169761 0.753117206983
0.782142857143 0.0 0.653846153846 0.535809018568 0.64463840399
0.782857142857 0.0 0.692307692308 0.607427055703 0.678304239401
0.568571428571 0.0 0.5 0.437665782493 0.486284289277
0.568571428571 0.0 0.5 0.437665782493 0.486284289277
0.43869047619 0.142857142857 0.4 0.38062283737 0.541193181818
0.43869047619 0.142857142857 0.4 0.38062283737 0.541193181818
0.621428571429 0.0 0.576923076923 0.632625994695 0.655860349127
0.399404761905 0.0 0.366666666667 0.306805074971 0.318181818182
0.607142857143 0.0 0.576923076923 0.62599469496 0.634663341646
0.632857142857 0.0 0.615384615385 0.653846153846 0.649625935162
0.785 0.0 0.653846153846 0.535809018568 0.64463840399
0.628571428571 0.0 0.576923076923 0.535809018568 0.564837905237
0.532857142857 0.0 0.461538461538 0.437665782493 0.486284289277
0.571428571429 0.0 0.5 0.437665782493 0.486284289277
0.571428571429 0.0 0.5 0.437665782493 0.486284289277
0.571428571429 0.0 0.5 0.437665782493 0.486284289277
0.571428571429 0.0 0.5 0.437665782493 0.486284289277
0.571428571429 0.0 0.5 0.437665782493 0.486284289277
0.725714285714 0.0 0.653846153846 0.515915119363 0.564837905237
0.867857142857 0.0 0.846153846154 0.774535809019 0.773067331671
0.637142857143 0.0 0.653846153846 0.570291777188 0.529925187032
0.748571428571 0.0 0.730769230769 0.579575596817 0.573566084788
0.598571428571 0.0 0.538461538462 0.437665782493 0.473815461347
0.872142857143 0.0 0.807692307692 0.680371352785 0.720698254364
0.40119047619 0.0 0.366666666667 0.241061130334 0.251420454545
0.66 0.0 0.615384615385 0.492042440318 0.51246882793
0.611428571429 0.0 0.538461538462 0.437665782493 0.486284289277
0.653681963714 0.0 0.647058823529 0.584810126582 0.566398390342
0.697142857143 0.0 0.576923076923 0.411140583554 0.506234413965
0.711428571429 0.0 0.615384615385 0.607427055703 0.678304239401
0.682857142857 0.0 0.653846153846 0.665782493369 0.66957605985
0.638571428571 0.0 0.576923076923 0.437665782493 0.473815461347
0.637857142857 0.0 0.538461538462 0.413793103448 0.48753117207
0.302561366062 0.0 0.294117647059 0.249789029536 0.232394366197
0.831428571429 0.0 0.730769230769 0.56100795756 0.635910224439
0.805714285714 0.0 0.730769230769 0.555702917772 0.604738154613
0.692142857143 0.0 0.653846153846 0.545092838196 0.557356608479
0.462113127001 0.0 0.411764705882 0.262447257384 0.286720321932
0.652142857143 0.0 0.576923076923 0.437665782493 0.486284289277
0.717857142857 0.0 0.653846153846 0.587533156499 0.624688279302
0.701428571429 0.0 0.653846153846 0.659151193634 0.679551122195
0.950714285714 0.0 0.923076923077 1.0 1.0
0.647142857143 0.0 0.576923076923 0.527851458886 0.569825436409
0.59 0.0 0.538461538462 0.465517241379 0.488778054863
0.680714285714 0.0 0.615384615385 0.54774535809 0.584788029925
0.74 0.0 0.692307692308 0.657824933687 0.677057356608
0.513571428571 0.0 0.461538461538 0.465517241379 0.488778054863
0.860714285714 0.0 0.807692307692 0.769230769231 0.793017456359
0.746428571429 0.0 0.692307692308 0.635278514589 0.659600997506
0.832142857143 0.0 0.807692307692 0.799734748011 0.794264339152
0.644610458911 0.0 0.617647058824 0.455696202532 0.452716297787
0.794285714286 0.0 0.769230769231 0.854111405836 0.849127182045
0.893571428571 0.0 0.884615384615 0.791777188329 0.770573566085
