0.650700073692 0.0952380952381 0.58064516129 0.407114624506 0.439161966156
0.730287398674 0.285714285714 0.677419354839 0.352766798419 0.568896051571
0.80029476787 0.619047619048 0.870967741935 0.719367588933 0.656728444803
0.715549005158 0.047619047619 0.774193548387 0.780632411067 0.680902497985
0.775239498895 0.0 0.741935483871 0.666996047431 0.605962933118
0.551215917465 0.380952380952 0.548387096774 0.343873517787 0.37308622079
0.653647752395 0.0952380952381 0.677419354839 0.530632411067 0.56567284448
0.608695652174 0.238095238095 0.741935483871 0.806324110672 0.585012087027
0.843036109064 0.190476190476 0.838709677419 0.686758893281 0.734891216761
0.812822402358 0.0 0.806451612903 0.686758893281 0.734891216761
0.665438467207 0.190476190476 0.677419354839 0.578063241107 0.49556809025
0.899042004422 0.666666666667 0.935483870968 0.759881422925 0.793714746172
0.783345615328 0.047619047619 0.838709677419 0.784584980237 0.732473811442
0.821665438467 0.0952380952381 0.774193548387 0.686758893281 0.64141821112
0.683861459101 0.190476190476 0.612903225806 0.4604743083 0.399677679291
0.674281503316 0.047619047619 0.645161290323 0.485177865613 0.449637389202
0.8784082535 0.571428571429 0.935483870968 0.679841897233 0.815471394037
0.775239498895 0.761904761905 0.806451612903 0.602766798419 0.60918614021
0.77597641857 0.0952380952381 0.709677419355 0.51976284585 0.531023368251
0.763448784083 0.0 0.774193548387 0.754940711462 0.656728444803
0.768607221813 0.238095238095 0.806451612903 0.673913043478 0.574536663981
0.714075165807 0.809523809524 0.677419354839 0.490118577075 0.616438356164
0.588061901253 0.142857142857 0.645161290323 0.536561264822 0.509266720387
0.630066322771 0.190476190476 0.612903225806 0.407114624506 0.409347300564
0.799557848195 0.0 0.838709677419 0.763833992095 0.721998388396
0.793662490789 0.190476190476 0.838709677419 0.737154150198 0.690572119259
0.665438467207 0.190476190476 0.677419354839 0.578063241107 0.49556809025
0.739130434783 0.333333333333 0.774193548387 0.646245059289 0.595487510073
0.599115696389 0.0952380952381 0.548387096774 0.374505928854 0.331184528606
0.921149594694 0.47619047619 1.0 0.806324110672 0.946817082998
0.718496683861 0.238095238095 0.677419354839 0.490118577075 0.506849315068
0.608695652174 0.238095238095 0.741935483871 0.806324110672 0.585012087027
0.68754605748 0.238095238095 0.677419354839 0.729249011858 0.497179693795
0.840088430361 0.0952380952381 0.838709677419 0.758893280632 0.707493956487
0.638172439204 0.333333333333 0.645161290323 0.491106719368 0.406929895246
0.63890935888 0.238095238095 0.741935483871 0.808300395257 0.566478646253
0.805453205601 0.190476190476 0.838709677419 0.782608695652 0.720386784851
0.78997789241 0.0952380952381 0.774193548387 0.666996047431 0.605962933118
0.685335298452 0.190476190476 0.709677419355 0.424901185771 0.551168412571
0.679439941046 0.761904761905 0.774193548387 0.611660079051 0.570507655117
0.644804716286 0.380952380952 0.645161290323 0.597826086957 0.455278001612
0.644804716286 0.380952380952 0.645161290323 0.597826086957 0.455278001612
0.644804716286 0.238095238095 0.774193548387 0.833003952569 0.616438356164
0.674281503316 0.047619047619 0.645161290323 0.485177865613 0.449637389202
0.700073691968 0.190476190476 0.677419354839 0.50395256917 0.601933924255
0.73618275608 0.190476190476 0.709677419355 0.530632411067 0.633360193392
0.699336772292 0.047619047619 0.774193548387 0.711462450593 0.671232876712
0.641120117907 0.238095238095 0.741935483871 0.760869565217 0.550362610798
0.985998526161 0.666666666667 1.0 1.0 0.923448831587
0.638172439204 0.333333333333 0.645161290323 0.491106719368 0.406929895246
0.754605747973 0.333333333333 0.806451612903 0.600790513834 0.717969379533
0.700073691968 0.190476190476 0.677419354839 0.50395256917 0.601933924255
0.589535740604 0.142857142857 0.58064516129 0.495059288538 0.421434327156
0.589535740604 0.142857142857 0.58064516129 0.495059288538 0.421434327156
0.64922623434 0.0 0.677419354839 0.437747035573 0.46655922643
0.929255711127 0.761904761905 0.903225806452 0.690711462451 0.832393231265
0.8540899042 0.0 0.870967741935 0.776679841897 0.721998388396
0.730287398674 0.285714285714 0.677419354839 0.352766798419 0.568896051571
0.584377302874 0.238095238095 0.645161290323 0.709486166008 0.468976631749
0.935151068534 1.0 0.935483870968 0.843873517787 0.841257050766
0.638172439204 0.333333333333 0.645161290323 0.491106719368 0.406929895246
0.821665438467 0.571428571429 0.838709677419 0.786561264822 0.646253021757
0.63890935888 0.142857142857 0.645161290323 0.577075098814 0.415793714746
0.63890935888 0.142857142857 0.645161290323 0.577075098814 0.415793714746
0.642593957259 0.0 0.677419354839 0.553359683794 0.64141821112
0.608695652174 0.238095238095 0.741935483871 0.806324110672 0.585012087027
0.596168017686 0.142857142857 0.58064516129 0.466403162055 0.440773569702
0.872512896094 0.047619047619 0.903225806452 0.803359683794 0.821917808219
0.77081798084 0.190476190476 0.774193548387 0.587944664032 0.629331184529
0.858511422255 0.666666666667 0.838709677419 0.573122529644 0.712328767123
0.799557848195 0.333333333333 0.774193548387 0.576086956522 0.659951651894
0.9270449521 0.666666666667 0.935483870968 0.856719367589 0.841257050766
0.671333824613 0.428571428571 0.58064516129 0.424901185771 0.430298146656
0.608695652174 0.238095238095 0.741935483871 0.806324110672 0.585012087027
0.879145173176 0.190476190476 0.870967741935 0.713438735178 0.766317485898
0.780397936625 0.761904761905 0.677419354839 0.45652173913 0.668815471394
0.795873249816 0.047619047619 0.806451612903 0.73418972332 0.671232876712
0.775239498895 0.0 0.741935483871 0.666996047431 0.605962933118
0.680913780398 0.285714285714 0.677419354839 0.681818181818 0.522965350524
0.644804716286 0.285714285714 0.645161290323 0.655138339921 0.491539081386
0.708916728077 0.190476190476 0.741935483871 0.646245059289 0.595487510073
0.775239498895 0.333333333333 0.806451612903 0.672924901186 0.62691377921
0.8784082535 0.0952380952381 0.870967741935 0.73814229249 0.722804190169
0.875460574797 0.142857142857 0.903225806452 0.837944664032 0.885576148268
0.633014001474 0.0952380952381 0.612903225806 0.505928853755 0.515713134569
0.95652173913 0.619047619048 0.903225806452 0.79743083004 0.800966962127
0.754605747973 0.619047619048 0.741935483871 0.489130434783 0.637389202256
0.608695652174 0.238095238095 0.741935483871 0.806324110672 0.585012087027
0.775239498895 0.333333333333 0.806451612903 0.672924901186 0.62691377921
0.779661016949 0.666666666667 0.741935483871 0.487154150198 0.601933924255
0.740604274134 0.0952380952381 0.677419354839 0.555335968379 0.509266720387
0.740604274134 0.0952380952381 0.677419354839 0.555335968379 0.509266720387
0.793662490789 0.190476190476 0.838709677419 0.737154150198 0.690572119259
0.608695652174 0.238095238095 0.741935483871 0.806324110672 0.585012087027
0.699336772292 0.047619047619 0.774193548387 0.711462450593 0.671232876712
0.926308032424 0.52380952381 0.967741935484 0.845849802372 1.0
0.812822402358 0.0952380952381 0.806451612903 0.735177865613 0.692183722804
0.69270449521 0.619047619048 0.677419354839 0.483201581028 0.502014504432
0.786293294031 0.142857142857 0.741935483871 0.640316205534 0.524576954069
0.523212969786 0.190476190476 0.645161290323 0.48023715415 0.518130539887
0.665438467207 0.0 0.645161290323 0.512845849802 0.502014504432
0.695652173913 0.190476190476 0.677419354839 0.512845849802 0.502014504432
0.667649226234 0.142857142857 0.709677419355 0.618577075099 0.539887187752
0.69786293294 0.285714285714 0.741935483871 0.618577075099 0.539887187752
0.730287398674 0.142857142857 0.806451612903 0.780632411067 0.680902497985
0.861459100958 0.142857142857 0.870967741935 0.882411067194 0.775987107172
0.671333824613 0.428571428571 0.58064516129 0.424901185771 0.430298146656
0.830508474576 0.285714285714 0.806451612903 0.864624505929 0.668815471394
0.674281503316 0.142857142857 0.774193548387 0.651185770751 0.744560838034
0.865880619013 0.761904761905 0.838709677419 0.749011857708 0.630136986301
0.672070744289 0.285714285714 0.677419354839 0.500988142292 0.3964544722
0.671333824613 0.428571428571 0.58064516129 0.424901185771 0.430298146656
1.0 0.571428571429 0.967741935484 0.817193675889 0.820306204674
0.757553426676 0.0 0.774193548387 0.712450592885 0.640612409347
0.830508474576 0.285714285714 0.806451612903 0.864624505929 0.668815471394
0.732498157701 0.238095238095 0.741935483871 0.708498023715 0.523771152297
0.675755342668 0.0952380952381 0.677419354839 0.575098814229 0.570507655117
0.705232129698 0.285714285714 0.709677419355 0.603754940711 0.447219983884
0.714812085483 0.333333333333 0.806451612903 0.768774703557 0.659145850121
0.717759764186 0.619047619048 0.677419354839 0.563241106719 0.547139403707
0.716285924834 0.142857142857 0.774193548387 0.679841897233 0.563255439162
0.910095799558 0.571428571429 0.903225806452 0.830039525692 0.882352941176
0.767133382461 0.0 0.774193548387 0.622529644269 0.672038678485
0.803242446573 0.0 0.806451612903 0.649209486166 0.703464947623
0.8540899042 0.0 0.870967741935 0.776679841897 0.721998388396
0.719233603537 0.0952380952381 0.741935483871 0.711462450593 0.60918614021
0.761238025055 0.238095238095 0.741935483871 0.545454545455 0.582594681708
0.761238025055 0.238095238095 0.741935483871 0.545454545455 0.582594681708
0.61459100958 0.238095238095 0.612903225806 0.597826086957 0.455278001612
0.644804716286 0.380952380952 0.645161290323 0.597826086957 0.455278001612
0.665438467207 0.190476190476 0.677419354839 0.578063241107 0.49556809025
0.665438467207 0.190476190476 0.677419354839 0.578063241107 0.49556809025
0.857037582903 0.142857142857 0.774193548387 0.647233201581 0.697824335214
0.887251289609 0.285714285714 0.806451612903 0.647233201581 0.697824335214
0.842299189388 0.0952380952381 0.838709677419 0.711462450593 0.691377921031
0.842299189388 0.0952380952381 0.838709677419 0.711462450593 0.691377921031
0.80029476787 0.619047619048 0.870967741935 0.719367588933 0.656728444803
0.778924097273 0.571428571429 0.806451612903 0.670948616601 0.639000805802
0.635961680177 0.238095238095 0.677419354839 0.526679841897 0.489121676068
0.879145173176 0.0952380952381 0.935483870968 0.849802371542 0.762288477035
0.714075165807 0.809523809524 0.677419354839 0.490118577075 0.616438356164
0.901989683125 0.666666666667 0.870967741935 0.800395256917 0.65028203062
0.64406779661 0.0952380952381 0.709677419355 0.572134387352 0.66478646253
0.696389093589 0.52380952381 0.709677419355 0.632411067194 0.581788879936
0.674281503316 0.333333333333 0.677419354839 0.517786561265 0.438356164384
0.730287398674 0.285714285714 0.677419354839 0.352766798419 0.568896051571
0.715549005158 0.047619047619 0.774193548387 0.780632411067 0.680902497985
0.821665438467 0.0952380952381 0.774193548387 0.686758893281 0.64141821112
0.716285924834 0.142857142857 0.774193548387 0.679841897233 0.563255439162
0.893146647015 0.0952380952381 0.903225806452 0.865612648221 0.794520547945
0.82461311717 0.0 0.903225806452 0.75395256917 0.799355358582
0.820928518791 0.0 0.870967741935 0.681818181818 0.733279613215
0.608695652174 0.238095238095 0.741935483871 0.806324110672 0.585012087027
0.608695652174 0.238095238095 0.741935483871 0.806324110672 0.585012087027
0.625644804716 0.142857142857 0.612903225806 0.521739130435 0.452860596293
0.655858511422 0.285714285714 0.645161290323 0.521739130435 0.452860596293
0.858511422255 0.809523809524 0.870967741935 0.875494071146 0.700241740532
0.910095799558 0.571428571429 0.903225806452 0.830039525692 0.882352941176
0.644804716286 0.285714285714 0.645161290323 0.655138339921 0.491539081386
0.832719233604 0.666666666667 0.774193548387 0.669960474308 0.639806607575
0.608695652174 0.238095238095 0.741935483871 0.806324110672 0.585012087027
0.608695652174 0.238095238095 0.741935483871 0.806324110672 0.585012087027
0.650700073692 0.380952380952 0.709677419355 0.736166007905 0.500402900886
0.620486366986 0.238095238095 0.677419354839 0.736166007905 0.500402900886
0.921149594694 0.47619047619 1.0 0.806324110672 0.946817082998
0.880619012528 0.0952380952381 0.903225806452 0.799407114625 0.934730056406
0.75165806927 0.0952380952381 0.774193548387 0.633399209486 0.723609991942
0.671333824613 0.904761904762 0.58064516129 0.394268774704 0.333601933924
0.588061901253 0.285714285714 0.612903225806 0.518774703557 0.404512489927
0.588061901253 0.285714285714 0.612903225806 0.518774703557 0.404512489927
0.717759764186 0.285714285714 0.741935483871 0.604743083004 0.613215149073
0.681650700074 0.285714285714 0.709677419355 0.578063241107 0.581788879936
0.719970523213 0.142857142857 0.806451612903 0.751976284585 0.629331184529
0.752394988946 0.142857142857 0.806451612903 0.70652173913 0.5946817083
0.644804716286 0.238095238095 0.774193548387 0.833003952569 0.616438356164
0.608695652174 0.238095238095 0.741935483871 0.806324110672 0.585012087027
0.659543109801 0.285714285714 0.612903225806 0.497035573123 0.496373892023
0.840825350037 0.619047619048 0.870967741935 0.747035573123 0.762288477035
0.80029476787 0.619047619048 0.870967741935 0.719367588933 0.656728444803
0.836403831982 0.047619047619 0.870967741935 0.776679841897 0.790491539081
0.641857037583 0.0952380952381 0.645161290323 0.500988142292 0.3964544722
0.635961680177 0.285714285714 0.645161290323 0.474308300395 0.365028203062
0.54679439941 0.190476190476 0.612903225806 0.575098814229 0.48106365834
0.761974944731 0.285714285714 0.774193548387 0.748023715415 0.617244157937
0.644804716286 0.238095238095 0.774193548387 0.833003952569 0.616438356164
0.879145173176 0.190476190476 0.870967741935 0.713438735178 0.766317485898
0.767870302137 0.142857142857 0.774193548387 0.774703557312 0.648670427075
0.896831245394 0.571428571429 0.903225806452 0.779644268775 0.772763900081
0.83861459101 0.190476190476 0.774193548387 0.666996047431 0.591458501209
0.812085482682 0.285714285714 0.870967741935 0.877470355731 0.834810636583
0.8540899042 0.190476190476 0.935483870968 0.878458498024 0.804190169218
0.829771554901 0.190476190476 0.838709677419 0.78162055336 0.68815471394
0.61459100958 0.238095238095 0.612903225806 0.597826086957 0.455278001612
0.644804716286 0.238095238095 0.774193548387 0.833003952569 0.616438356164
0.826823876197 0.380952380952 0.774193548387 0.792490118577 0.602739726027
0.865880619013 0.761904761905 0.838709677419 0.749011857708 0.630136986301
0.767133382461 0.857142857143 0.774193548387 0.684782608696 0.673650282031
0.745025792189 0.190476190476 0.774193548387 0.672924901186 0.62691377921
0.739130434783 0.0 0.709677419355 0.640316205534 0.574536663981
0.775239498895 0.0 0.741935483871 0.666996047431 0.605962933118
