0.916370106762 0.6 0.945945945946 0.938650306748 1.0
0.638196915777 1.0 0.756756756757 0.845749342682 0.738744884038
1.0 0.0 0.972972972973 0.865030674847 0.932469304229
0.29359430605 0.0 0.297297297297 0.145486415425 0.118690313779
0.895610913405 0.2 0.972972972973 1.0 0.929740791269
0.938315539739 0.6 1.0 0.915863277826 0.933833560709
0.368920521945 0.2 0.324324324324 0.159509202454 0.141200545703
0.843416370107 0.8 0.945945945946 0.96231375986 0.975443383356
0.938908659549 0.4 0.972972972973 0.852760736196 0.920873124147
0.949584816133 0.2 1.0 0.996494303243 0.917462482947
0.575326215896 1.0 0.702702702703 0.689745836985 0.598908594816
0.478647686833 0.6 0.513513513514 0.350569675723 0.340381991814
0.483985765125 0.8 0.621621621622 0.64592462752 0.515688949523
0.396797153025 0.4 0.486486486486 0.375985977213 0.394270122783
0.326215895611 0.0 0.351351351351 0.18930762489 0.18485675307
0.312574139976 0.0 0.351351351351 0.246275197195 0.231923601637
0.390865954923 0.2 0.378378378378 0.180543382997 0.211459754434
0.962040332147 0.0 0.945945945946 0.808063102542 0.968622100955
0.339264531435 0.0 0.405405405405 0.237510955302 0.235334242838
0.867141162515 0.6 0.891891891892 0.796669588081 0.864938608458
0.443653618031 0.0 0.405405405405 0.220858895706 0.298090040928
0.361209964413 0.0 0.378378378378 0.205959684487 0.238744884038
0.425266903915 0.0 0.513513513514 0.412795793164 0.463165075034
0.82384341637 0.0 0.918918918919 0.81069237511 0.837653478854
0.896797153025 0.2 1.0 0.93689745837 0.908594815825
0.652431791222 0.0 0.594594594595 0.448729184926 0.56412005457
0.541518386714 0.0 0.675675675676 0.614373356705 0.587994542974
0.519572953737 0.0 0.648648648649 0.70902716915 0.568212824011
0.798339264531 0.0 0.891891891892 0.749342681858 0.835607094134
0.4709371293 0.0 0.594594594595 0.486415425066 0.509549795362
0.376037959668 0.2 0.351351351351 0.165644171779 0.212824010914
0.609727164887 0.8 0.72972972973 0.703768624014 0.681446111869
0.628706998814 0.0 0.756756756757 0.650306748466 0.616643929059
0.428825622776 0.4 0.567567567568 0.524978089395 0.444065484311
0.456702253855 0.4 0.432432432432 0.208588957055 0.218281036835
0.406880189798 0.0 0.540540540541 0.492550394391 0.49795361528
0.510676156584 0.8 0.648648648649 0.588080631025 0.454979536153
0.73428232503 0.0 0.864864864865 0.839614373357 0.849249658936
0.658362989324 0.0 0.783783783784 0.723049956179 0.736016371078
0.505931198102 0.4 0.540540540541 0.376862401402 0.371077762619
0.784104389087 0.8 0.918918918919 0.803680981595 0.839017735334
0.640569395018 0.2 0.675675675676 0.495179666959 0.62210095498
0.827995255042 0.4 0.837837837838 0.631025416301 0.75034106412
0.451957295374 0.0 0.567567567568 0.53111305872 0.478854024557
0.38256227758 0.0 0.486486486486 0.365468886941 0.37789904502
0.715302491103 0.4 0.783783783784 0.60736196319 0.577762619372
0.842230130486 0.4 0.945945945946 0.979842243646 0.963165075034
0.692763938316 0.0 0.810810810811 0.649430324277 0.742837653479
0.573546856465 0.0 0.702702702703 0.588957055215 0.528649386085
0.374258600237 0.0 0.432432432432 0.352322524102 0.337653478854
0.698102016607 0.0 0.837837837838 0.728308501315 0.849931787176
0.849940688019 0.0 0.945945945946 0.872042068361 0.942701227831
0.808422301305 0.2 0.810810810811 0.631025416301 0.718281036835
0.478054567023 0.0 0.459459459459 0.242769500438 0.321282401091
0.362396204033 0.0 0.459459459459 0.390008764242 0.303547066849
0.482799525504 0.0 0.621621621622 0.503943908852 0.512278308322
0.901542111507 0.2 0.945945945946 0.740578439965 0.832878581173
0.751482799526 0.6 0.864864864865 0.753724802805 0.845156889495
0.452550415184 0.4 0.486486486486 0.334794040316 0.317871759891
0.601423487544 0.0 0.72972972973 0.659070990359 0.665075034106
0.819098457888 0.4 0.918918918919 0.881682734443 0.951568894952
0.771648873072 0.6 0.918918918919 0.925503943909 0.923601637108
0.376631079478 0.0 0.351351351351 0.160385626643 0.18894952251
0.447805456702 0.0 0.513513513514 0.399649430324 0.422919508868
0.899762752076 0.4 1.0 0.942156003506 0.989768076398
0.362989323843 0.0 0.378378378378 0.203330411919 0.137789904502
0.670818505338 0.0 0.756756756757 0.578439964943 0.652114597544
0.742586002372 0.2 0.864864864865 0.756354075372 0.900409276944
0.85172004745 0.2 0.945945945946 0.892199824715 0.972032742156
0.634638196916 0.0 0.72972972973 0.559158632778 0.670532060027
0.766903914591 0.0 0.783783783784 0.610867659947 0.775579809004
0.64709371293 0.4 0.756756756757 0.684487291849 0.68894952251
0.422894424674 0.0 0.486486486486 0.294478527607 0.306957708049
0.621589561091 0.0 0.648648648649 0.550394390885 0.628240109141
0.41103202847 0.0 0.459459459459 0.319894829097 0.329467939973
0.5871886121 0.0 0.702702702703 0.583698510079 0.474761255116
0.913997627521 0.0 0.891891891892 0.801928133216 0.954297407913
0.877817319098 0.2 0.945945945946 0.952673093777 0.976807639836
0.61862396204 0.0 0.72972972973 0.767747589833 0.725102319236
0.35290628707 0.0 0.351351351351 0.216476774759 0.215552523874
0.724199288256 0.6 0.72972972973 0.515337423313 0.539563437926
0.800711743772 0.0 0.891891891892 0.836985100789 0.8758526603
0.626334519573 0.2 0.675675675676 0.456617002629 0.572305593452
0.378410438909 0.0 0.378378378378 0.268185801928 0.265347885402
0.463819691578 0.0 0.486486486486 0.304995617879 0.386766712142
0.884934756821 0.0 0.945945945946 0.868536371604 0.992496589359
0.849347568209 0.2 0.891891891892 0.663453111306 0.784447476126
0.890865954923 0.2 0.972972972973 0.900087642419 0.903819918145
0.877224199288 0.0 0.837837837838 0.625766871166 0.674624829468
0.49881376038 0.0 0.594594594595 0.497808939527 0.555252387449
0.897390272835 0.0 0.891891891892 0.778264680105 0.843792633015
0.53024911032 0.0 0.648648648649 0.538124452235 0.607776261937
0.921708185053 0.0 0.891891891892 0.707274320771 0.808321964529
0.468564650059 0.0 0.459459459459 0.236634531113 0.276261937244
0.860023724792 0.4 0.918918918919 0.719544259422 0.755798090041
0.711150652432 0.0 0.72972972973 0.616126205083 0.698499317872
0.435349940688 0.0 0.405405405405 0.193689745837 0.2517053206
0.925860023725 0.4 0.972972972973 0.866783523225 0.93997271487
0.832740213523 0.2 0.945945945946 0.957055214724 0.882673942701
0.778766310795 0.0 0.783783783784 0.508326029798 0.594133697135
0.533807829181 0.0 0.567567567568 0.407537248028 0.487721691678
0.807236061684 0.4 0.918918918919 0.907975460123 0.820600272851
0.402728351127 0.0 0.432432432432 0.225241016652 0.306957708049
0.791814946619 0.6 0.891891891892 0.78527607362 0.804229195089
0.494661921708 0.0 0.567567567568 0.386503067485 0.433833560709
0.644128113879 0.0 0.648648648649 0.418930762489 0.457708049113
0.564056939502 0.0 0.621621621622 0.530236634531 0.547748976808
0.679715302491 0.0 0.675675675676 0.519719544259 0.663710777626
0.453143534994 0.0 0.432432432432 0.286590709904 0.357435197817
0.688018979834 0.0 0.702702702703 0.478527607362 0.645293315143
0.536180308422 0.0 0.540540540541 0.331288343558 0.466575716235
0.691577698695 0.2 0.810810810811 0.818580192813 0.744884038199
0.750296559905 0.4 0.837837837838 0.635407537248 0.667803547067
0.604389086595 0.2 0.567567567568 0.342681858019 0.408594815825
0.368920521945 0.0 0.459459459459 0.343558282209 0.270804911323
0.663107947805 0.0 0.756756756757 0.652059596845 0.729195088677
0.717674970344 0.0 0.756756756757 0.571428571429 0.633697135061
0.355278766311 0.0 0.405405405405 0.238387379492 0.24965893588
0.516014234875 0.2 0.513513513514 0.313759859772 0.353342428377
0.548042704626 0.0 0.648648648649 0.425065731814 0.482946793997
0.752075919336 0.0 0.72972972973 0.472392638037 0.49931787176
0.555160142349 0.0 0.648648648649 0.568799298861 0.609140518417
0.615658362989 0.0 0.621621621622 0.475021910605 0.610504774898
0.50059311981 0.0 0.513513513514 0.259421560035 0.31446111869
0.712336892052 0.2 0.810810810811 0.695004382121 0.766030013643
0.841637010676 0.2 0.918918918919 0.790534618755 0.798772169168
0.849347568209 0.4 0.945945945946 0.903593339176 0.884720327422
0.401542111507 0.4 0.486486486486 0.394390885188 0.416780354707
0.70640569395 0.2 0.756756756757 0.553023663453 0.578444747613
0.835705812574 0.0 0.837837837838 0.654688869413 0.81446111869
0.484578884935 0.0 0.486486486486 0.197195442594 0.327421555252
0.437129300119 0.0 0.486486486486 0.252410166521 0.227148703956
0.515421115065 0.0 0.486486486486 0.21472392638 0.345839017735
0.397983392645 0.0 0.405405405405 0.24014022787 0.289904502046
0.880782918149 0.0 0.891891891892 0.831726555653 0.944747612551
0.577698695136 0.0 0.675675675676 0.460999123576 0.593451568895
0.419335705813 0.0 0.405405405405 0.156879929886 0.216234652115
0.655990510083 0.0 0.648648648649 0.446099912358 0.518417462483
0.4128113879 0.0 0.405405405405 0.257668711656 0.334924965894
0.52846975089 0.0 0.621621621622 0.435582822086 0.527285129604
0.482206405694 0.0 0.567567567568 0.428571428571 0.495907230559
0.816725978648 0.0 0.837837837838 0.675723049956 0.765347885402
0.855871886121 0.0 0.864864864865 0.679228746713 0.796043656207
0.570581257414 0.2 0.72972972973 0.716914986854 0.62551159618
0.50118623962 0.0 0.594594594595 0.439964943032 0.450204638472
0.459074733096 0.0 0.459459459459 0.372480280456 0.381991814461
0.590747330961 0.0 0.594594594595 0.422436459246 0.544338335607
0.762158956109 0.0 0.72972972973 0.489044697634 0.601637107776
0.55931198102 0.0 0.540540540541 0.32953549518 0.419508867667
0.437722419929 0.0 0.459459459459 0.277826468011 0.281718963165
0.583629893238 0.4 0.72972972973 0.684487291849 0.618690313779
0.79418742586 0.0 0.837837837838 0.67046450482 0.75102319236
0.775800711744 0.0 0.756756756757 0.589833479404 0.713506139154
0.758007117438 0.2 0.864864864865 0.730937773883 0.757844474761
0.576512455516 0.0 0.621621621622 0.464504820333 0.534788540246
0.489916963227 0.0 0.513513513514 0.336546888694 0.37312414734
0.674970344009 0.2 0.810810810811 0.874671340929 0.728512960437
0.541518386714 0.0 0.567567567568 0.20245398773 0.391541609823
0.867141162515 0.2 0.945945945946 0.836108676599 0.93997271487
0.545077105575 0.6 0.648648648649 0.532865907099 0.43451568895
0.79300118624 0.2 0.891891891892 0.859772129711 0.819236016371
0.674377224199 0.0 0.702702702703 0.554776511832 0.634379263302
0.786476868327 0.0 0.864864864865 0.823838737949 0.893587994543
0.524317912218 0.0 0.513513513514 0.368974583699 0.454979536153
0.456702253855 0.0 0.459459459459 0.378615249781 0.401773533424
0.466785290629 0.0 0.432432432432 0.208588957055 0.263301500682
0.788256227758 0.2 0.864864864865 0.751095530237 0.891541609823
0.725385527877 0.0 0.810810810811 0.672217353199 0.823328785812
0.55871886121 0.0 0.594594594595 0.4425942156 0.559345156889
0.726571767497 0.2 0.810810810811 0.604732690622 0.682128240109
0.809015421115 0.2 0.891891891892 0.824715162138 0.854024556617
0.438908659549 0.0 0.459459459459 0.288343558282 0.365620736698
0.756820877817 0.2 0.864864864865 0.830850131464 0.913369713506
0.771055753262 0.0 0.864864864865 0.760736196319 0.846521145975
0.555753262159 0.0 0.567567567568 0.382120946538 0.397680763984
0.387307236062 0.0 0.432432432432 0.307624890447 0.337653478854
0.53084223013 0.2 0.540540540541 0.356704645048 0.369031377899
0.568801897983 0.0 0.513513513514 0.25328659071 0.407912687585
0.401542111507 0.0 0.405405405405 0.176161262051 0.25102319236
0.596085409253 0.0 0.648648648649 0.390885188431 0.349931787176
0.877817319098 0.4 0.918918918919 0.788781770377 0.791268758527
0.731909845789 0.2 0.783783783784 0.622261174408 0.733969986357
0.473902728351 0.0 0.540540540541 0.389132340053 0.321964529332
0.417556346382 0.0 0.432432432432 0.333917616126 0.364256480218
0.810794780546 0.2 0.864864864865 0.73356704645 0.815825375171
0.465599051008 0.0 0.486486486486 0.272567922875 0.37653478854
0.891459074733 0.0 0.945945945946 0.84750219106 0.956343792633
0.561684460261 0.0 0.594594594595 0.404031551271 0.506139154161
0.431791221827 0.0 0.486486486486 0.287467134093 0.285129604366
0.737247924081 0.4 0.837837837838 0.657318141981 0.678035470668
0.593119810202 0.0 0.702702702703 0.576687116564 0.566166439291
0.601423487544 0.0 0.702702702703 0.598597721297 0.620736698499
0.731316725979 0.0 0.783783783784 0.602103418054 0.484993178718
0.900948991696 0.0 0.945945945946 0.804557405784 0.868349249659
0.725978647687 0.0 0.72972972973 0.631025416301 0.708731241473
0.598457888493 0.0 0.621621621622 0.432953549518 0.505457025921
0.682087781732 0.0 0.72972972973 0.533742331288 0.681446111869
0.699288256228 0.2 0.72972972973 0.591586327783 0.702592087312
0.714709371293 0.0 0.783783783784 0.643295354952 0.650750341064
0.761565836299 0.0 0.837837837838 0.765994741455 0.851978171896
