0.82948622487 0.0 0.757575757576 0.558044806517 0.692477876106
0.719285182427 0.0 0.757575757576 0.710794297352 0.737463126844
0.694713328369 0.0 0.69696969697 0.584521384929 0.620206489676
0.675353685778 0.0 0.757575757576 0.705702647658 0.660029498525
0.553239017126 1.0 0.606060606061 0.40733197556 0.477876106195
0.72226358898 1.0 0.757575757576 0.590631364562 0.667404129794
0.703648548027 1.0 0.757575757576 0.619144602851 0.676991150442
0.798957557707 0.0 0.757575757576 0.608961303462 0.673303834808
0.813849590469 0.0 0.878787878788 0.867617107943 0.821533923304
0.734921816828 1.0 0.727272727273 0.519348268839 0.625368731563
0.667163067759 1.0 0.666666666667 0.47250509165 0.571533923304
0.623231571109 1.0 0.69696969697 0.593686354379 0.619469026549
1.0 0.0 1.0 1.0 1.0
0.830975428146 0.0 0.878787878788 0.849287169043 0.80604719764
0.649292628444 0.0 0.636363636364 0.482688391039 0.505899705015
0.757259865972 0.0 0.69696969697 0.564154786151 0.630530973451
0.915115413254 0.0 0.848484848485 0.707739307536 0.773598820059
0.783320923306 0.0 0.757575757576 0.690427698574 0.717551622419
0.766939687267 0.0 0.787878787879 0.738289205703 0.719026548673
0.699180938198 1.0 0.69696969697 0.459266802444 0.546460176991
0.630677587491 1.0 0.575757575758 0.320773930754 0.460914454277
0.681310498883 0.0 0.666666666667 0.567209775967 0.578908554572
0.780342516754 0.0 0.727272727273 0.602851323829 0.648230088496
0.695457930007 0.0 0.757575757576 0.736252545825 0.667404129794
0.723008190618 0.0 0.69696969697 0.595723014257 0.613569321534
0.721518987342 0.0 0.757575757576 0.738289205703 0.69395280236
0.895755770663 1.0 0.848484848485 0.582484725051 0.698377581121
0.57557706627 0.0 0.575757575758 0.421588594705 0.41814159292
0.842144452718 0.0 0.787878787879 0.684317718941 0.725663716814
0.723752792256 1.0 0.727272727273 0.673116089613 0.744100294985
0.671630677587 1.0 0.636363636364 0.378818737271 0.488938053097
0.648548026806 0.0 0.666666666667 0.56517311609 0.539085545723
0.652271034996 0.0 0.606060606061 0.411405295316 0.448377581121
0.675353685778 0.0 0.69696969697 0.580448065173 0.547935103245
0.867460908414 0.0 0.787878787879 0.647657841141 0.708702064897
0.68652271035 1.0 0.666666666667 0.447046843177 0.537610619469
0.932241250931 0.0 0.939393939394 0.887983706721 0.857669616519
0.863737900223 0.0 0.909090909091 0.87067209776 0.80383480826
0.754281459419 0.0 0.727272727273 0.569246435845 0.578171091445
0.720774385704 1.0 0.787878787879 0.701629327902 0.699852507375
0.578555472822 1.0 0.575757575758 0.401221995927 0.472713864307
0.89277736411 1.0 0.818181818182 0.615071283096 0.747050147493
0.742367833209 0.0 0.69696969697 0.508146639511 0.532448377581
0.756515264334 1.0 0.787878787879 0.711812627291 0.741887905605
0.807148175726 0.0 0.818181818182 0.76883910387 0.727876106195
0.701414743112 1.0 0.757575757576 0.603869653768 0.604719764012
0.822040208488 1.0 0.787878787879 0.726069246436 0.812684365782
0.67460908414 0.0 0.69696969697 0.630346232179 0.58185840708
0.729709605361 0.0 0.69696969697 0.595723014257 0.600294985251
0.712583767684 0.0 0.666666666667 0.57433808554 0.592182890855
0.624720774386 1.0 0.606060606061 0.408350305499 0.483775811209
0.737155621742 0.0 0.727272727273 0.698574338086 0.677728613569
0.927029039464 1.0 0.878787878788 0.627291242363 0.721238938053
0.868205510052 0.0 0.909090909091 0.924643584521 0.84808259587
0.634400595681 1.0 0.666666666667 0.492871690428 0.515486725664
0.716306775875 0.0 0.666666666667 0.467413441955 0.485250737463
0.804914370812 0.0 0.787878787879 0.737270875764 0.719026548673
0.82948622487 0.0 0.818181818182 0.681262729124 0.656342182891
0.644080416977 1.0 0.666666666667 0.558044806517 0.588495575221
0.930752047655 1.0 0.909090909091 0.86150712831 0.925516224189
0.677587490692 0.0 0.666666666667 0.607942973523 0.587020648968
0.975428145942 1.0 0.939393939394 0.698574338086 0.775073746313
0.66269545793 1.0 0.666666666667 0.524439918534 0.570796460177
0.948622486969 0.0 0.939393939394 0.92566191446 0.891592920354
0.661950856292 1.0 0.666666666667 0.520366598778 0.565634218289
0.708116157856 0.0 0.787878787879 0.783095723014 0.66814159292
0.766195085629 0.0 0.818181818182 0.826883910387 0.736725663717
0.812360387193 1.0 0.757575757576 0.652749490835 0.750737463127
0.852568875652 0.0 0.848484848485 0.825865580448 0.788348082596
0.822040208488 0.0 0.787878787879 0.720977596741 0.714601769912
0.640357408786 0.0 0.636363636364 0.566191446029 0.536135693215
0.763961280715 0.0 0.727272727273 0.623217922607 0.620943952802
0.588235294118 0.0 0.575757575758 0.380855397149 0.360619469027
0.741623231571 0.0 0.727272727273 0.607942973523 0.58407079646
0.621742367833 0.0 0.545454545455 0.346232179226 0.38790560472
0.708116157856 0.0 0.69696969697 0.517311608961 0.490412979351
0.7617274758 1.0 0.727272727273 0.515274949084 0.592920353982
0.752047654505 0.0 0.69696969697 0.607942973523 0.623156342183
0.802680565897 1.0 0.848484848485 0.770875763747 0.766224188791
0.711839166046 0.0 0.69696969697 0.622199592668 0.59808259587
0.679821295607 0.0 0.666666666667 0.523421588595 0.498525073746
0.677587490692 1.0 0.69696969697 0.640529531568 0.665191740413
0.801935964259 1.0 0.787878787879 0.656822810591 0.71017699115
0.633655994043 0.0 0.666666666667 0.607942973523 0.536873156342
0.622486969471 0.0 0.636363636364 0.551934826884 0.5
0.925539836188 0.0 0.818181818182 0.706720977597 0.764749262537
0.608339538347 1.0 0.636363636364 0.544806517312 0.561946902655
0.688011913626 1.0 0.666666666667 0.449083503055 0.511799410029
0.705882352941 0.0 0.69696969697 0.607942973523 0.573746312684
0.79746835443 0.0 0.727272727273 0.590631364562 0.614306784661
0.715562174237 1.0 0.727272727273 0.596741344196 0.624631268437
0.827252419955 0.0 0.818181818182 0.788187372709 0.749262536873
0.760238272524 0.0 0.787878787879 0.744399185336 0.670353982301
0.692479523455 1.0 0.666666666667 0.521384928717 0.586283185841
0.871928518243 0.0 0.909090909091 0.872708757637 0.784660766962
0.781087118392 0.0 0.727272727273 0.578411405295 0.58407079646
0.644825018615 1.0 0.636363636364 0.524439918534 0.571533923304
0.708860759494 0.0 0.69696969697 0.62016293279 0.584808259587
0.644825018615 1.0 0.606060606061 0.449083503055 0.52581120944
0.666418466121 1.0 0.606060606061 0.459266802444 0.556784660767
0.840655249442 1.0 0.787878787879 0.640529531568 0.723451327434
0.865971705138 0.0 0.818181818182 0.788187372709 0.781710914454
0.694713328369 1.0 0.666666666667 0.484725050916 0.547197640118
0.75800446761 1.0 0.818181818182 0.733197556008 0.705014749263
0.697691734922 0.0 0.666666666667 0.614052953157 0.59587020649
0.60312732688 1.0 0.636363636364 0.478615071283 0.482300884956
0.618763961281 0.0 0.575757575758 0.431771894094 0.427728613569
0.794489947878 0.0 0.787878787879 0.723014256619 0.675516224189
0.679821295607 1.0 0.787878787879 0.757637474542 0.682890855457
0.695457930007 1.0 0.666666666667 0.577393075356 0.638643067847
0.792256142964 0.0 0.757575757576 0.609979633401 0.589970501475
0.640357408786 0.0 0.666666666667 0.624236252546 0.548672566372
0.609828741623 1.0 0.636363636364 0.531568228106 0.539085545723
0.751303052867 1.0 0.69696969697 0.548879837067 0.632005899705
0.735666418466 0.0 0.727272727273 0.62016293279 0.574483775811
0.738644825019 0.0 0.666666666667 0.521384928717 0.539085545723
0.694713328369 1.0 0.69696969697 0.566191446029 0.594395280236
0.783320923306 0.0 0.818181818182 0.813645621181 0.722713864307
0.656738644825 0.0 0.666666666667 0.563136456212 0.501474926254
0.71034996277 1.0 0.757575757576 0.654786150713 0.637168141593
0.708860759494 0.0 0.727272727273 0.671079429735 0.598820058997
0.758749069248 0.0 0.69696969697 0.544806517312 0.550884955752
0.736411020104 1.0 0.818181818182 0.782077393075 0.728613569322
0.644080416977 1.0 0.666666666667 0.540733197556 0.548672566372
0.644080416977 0.0 0.606060606061 0.475560081466 0.46017699115
0.808637379002 1.0 0.818181818182 0.760692464358 0.775073746313
0.679076693969 0.0 0.69696969697 0.581466395112 0.508849557522
0.728965003723 1.0 0.69696969697 0.559063136456 0.617256637168
0.680565897245 1.0 0.666666666667 0.535641547862 0.577433628319
0.882352941176 0.0 0.818181818182 0.770875763747 0.772123893805
0.667907669397 0.0 0.69696969697 0.612016293279 0.527286135693
0.702903946389 0.0 0.727272727273 0.68533604888 0.603982300885
0.783320923306 1.0 0.787878787879 0.597759674134 0.616519174041
0.854058078928 1.0 0.848484848485 0.623217922607 0.648967551622
0.882352941176 1.0 0.818181818182 0.613034623218 0.69616519174
0.784810126582 0.0 0.757575757576 0.650712830957 0.616519174041
0.699180938198 0.0 0.666666666667 0.579429735234 0.553097345133
0.67460908414 1.0 0.69696969697 0.591649694501 0.594395280236
0.706626954579 0.0 0.636363636364 0.4633401222 0.47418879056
0.753536857781 0.0 0.757575757576 0.719959266802 0.654867256637
0.699925539836 1.0 0.666666666667 0.511201629328 0.568584070796
0.886820551005 0.0 0.878787878788 0.841140529532 0.783185840708
0.678332092331 0.0 0.666666666667 0.547861507128 0.500737463127
0.685033507074 1.0 0.727272727273 0.707739307536 0.689528023599
0.880119136262 0.0 0.878787878788 0.866598778004 0.800884955752
0.743857036485 0.0 0.757575757576 0.762729124236 0.685840707965
0.731943410276 1.0 0.69696969697 0.55600814664 0.611356932153
0.696947133284 1.0 0.727272727273 0.659877800407 0.651179941003
0.803425167535 0.0 0.787878787879 0.747454175153 0.696902654867
0.643335815339 0.0 0.606060606061 0.429735234216 0.406342182891
0.751303052867 0.0 0.69696969697 0.57433808554 0.562684365782
0.757259865972 0.0 0.787878787879 0.706720977597 0.6098820059
0.791511541325 0.0 0.818181818182 0.761710794297 0.667404129794
0.66269545793 0.0 0.69696969697 0.623217922607 0.52581120944
0.682799702159 0.0 0.636363636364 0.511201629328 0.493362831858
0.685778108712 0.0 0.666666666667 0.504073319756 0.458702064897
0.667163067759 1.0 0.69696969697 0.585539714868 0.575221238938
0.839910647803 0.0 0.818181818182 0.776985743381 0.728613569322
0.862993298585 0.0 0.848484848485 0.776985743381 0.720501474926
0.736411020104 0.0 0.727272727273 0.580448065173 0.522861356932
0.874906924795 0.0 0.848484848485 0.811608961303 0.766224188791
0.763216679077 0.0 0.757575757576 0.734215885947 0.671828908555
0.822040208488 1.0 0.69696969697 0.561099796334 0.699115044248
0.893521965748 0.0 0.848484848485 0.844195519348 0.816371681416
0.721518987342 1.0 0.666666666667 0.519348268839 0.590707964602
0.860014892033 0.0 0.757575757576 0.661914460285 0.691740412979
0.787043931497 0.0 0.757575757576 0.726069246436 0.685103244838
0.747580044676 0.0 0.727272727273 0.690427698574 0.641592920354
0.749069247952 0.0 0.69696969697 0.602851323829 0.585545722714
0.705882352941 1.0 0.727272727273 0.593686354379 0.587758112094
0.639612807148 0.0 0.636363636364 0.576374745418 0.51401179941
0.723752792256 0.0 0.727272727273 0.700610997963 0.628318584071
0.658972449739 0.0 0.69696969697 0.590631364562 0.485250737463
0.688011913626 1.0 0.727272727273 0.695519348269 0.670353982301
0.748324646314 0.0 0.69696969697 0.635437881874 0.615044247788
0.725986597171 0.0 0.69696969697 0.575356415479 0.533185840708
0.837676842889 0.0 0.787878787879 0.737270875764 0.711651917404
0.798957557707 0.0 0.757575757576 0.706720977597 0.674041297935
0.740878629933 0.0 0.757575757576 0.742362525458 0.652654867257
0.720774385704 0.0 0.666666666667 0.514256619145 0.495575221239
0.766939687267 1.0 0.727272727273 0.59266802444 0.640855457227
0.846612062547 1.0 0.787878787879 0.661914460285 0.725663716814
0.775874906925 1.0 0.787878787879 0.687372708758 0.682890855457
0.790766939687 1.0 0.757575757576 0.734215885947 0.774336283186
0.629932985853 1.0 0.545454545455 0.321792260692 0.41814159292
0.668652271035 0.0 0.666666666667 0.637474541752 0.566371681416
0.775130305287 1.0 0.757575757576 0.664969450102 0.688053097345
0.930752047655 0.0 0.848484848485 0.848268839104 0.84587020649
0.883097542815 0.0 0.787878787879 0.717922606925 0.730088495575
0.80938198064 1.0 0.787878787879 0.769857433809 0.794247787611
0.728965003723 0.0 0.636363636364 0.604887983707 0.619469026549
0.81757259866 0.0 0.727272727273 0.564154786151 0.573008849558
0.836187639613 0.0 0.787878787879 0.79633401222 0.762536873156
0.730454206999 0.0 0.727272727273 0.72199592668 0.646755162242
0.763961280715 0.0 0.69696969697 0.573319755601 0.560471976401
0.751303052867 0.0 0.787878787879 0.78716904277 0.670353982301
0.770662695458 0.0 0.727272727273 0.704684317719 0.666666666667
0.779597915115 0.0 0.69696969697 0.655804480652 0.655604719764
0.831720029784 0.0 0.787878787879 0.699592668024 0.657817109145
0.827252419955 0.0 0.787878787879 0.76883910387 0.722713864307
