0.5963161934 0.333333333333 0.58064516129 0.424349881797 0.404057480981
0.5963161934 0.333333333333 0.58064516129 0.424349881797 0.404057480981
0.618572524942 0.111111111111 0.645161290323 0.594562647754 0.611158072697
0.618572524942 0.111111111111 0.645161290323 0.594562647754 0.611158072697
0.823484267076 0.0 0.741935483871 0.723404255319 0.561284868977
0.823484267076 0.0 0.741935483871 0.723404255319 0.561284868977
0.801227935533 0.111111111111 0.741935483871 0.621749408983 0.664412510566
0.801227935533 0.111111111111 0.741935483871 0.621749408983 0.664412510566
0.453568687644 0.333333333333 0.483870967742 0.406619385343 0.433643279797
0.453568687644 0.333333333333 0.483870967742 0.406619385343 0.433643279797
0.453568687644 0.333333333333 0.483870967742 0.406619385343 0.433643279797
0.47889485802 0.333333333333 0.58064516129 0.522458628842 0.555367709214
1.0 0.222222222222 0.935483870968 0.884160756501 0.878275570583
0.722179585572 0.222222222222 0.709677419355 0.777777777778 0.683009298394
0.453568687644 0.333333333333 0.483870967742 0.406619385343 0.433643279797
0.453568687644 0.333333333333 0.483870967742 0.406619385343 0.433643279797
0.706062931696 0.555555555556 0.741935483871 0.641843971631 0.45731191885
0.706062931696 0.555555555556 0.741935483871 0.641843971631 0.45731191885
0.438219493477 0.333333333333 0.354838709677 0.1536643026 0.21978021978
0.438219493477 0.333333333333 0.354838709677 0.1536643026 0.21978021978
0.745970836531 0.333333333333 0.741935483871 0.743498817967 0.697379543533
0.745970836531 0.333333333333 0.741935483871 0.743498817967 0.697379543533
0.758250191865 0.333333333333 0.774193548387 0.699763593381 0.535925612849
0.738296239447 0.222222222222 0.612903225806 0.434988179669 0.479289940828
0.463545663853 0.333333333333 0.451612903226 0.269503546099 0.341504649197
0.438219493477 0.333333333333 0.354838709677 0.1536643026 0.21978021978
0.537221795856 0.222222222222 0.58064516129 0.482269503546 0.300929839391
0.537221795856 0.222222222222 0.58064516129 0.482269503546 0.300929839391
0.475057559478 0.333333333333 0.548387096774 0.436170212766 0.486052409129
0.512663085188 0.333333333333 0.58064516129 0.468085106383 0.519019442096
0.611665387567 0.444444444444 0.58064516129 0.494089834515 0.302620456467
0.611665387567 0.444444444444 0.58064516129 0.494089834515 0.302620456467
0.463545663853 0.333333333333 0.451612903226 0.269503546099 0.341504649197
0.438219493477 0.333333333333 0.354838709677 0.1536643026 0.21978021978
0.714504988488 0.111111111111 0.838709677419 0.932624113475 0.743026204565
0.714504988488 0.111111111111 0.838709677419 0.932624113475 0.743026204565
0.539524174981 0.111111111111 0.451612903226 0.308510638298 0.282333051564
0.527244819647 0.111111111111 0.516129032258 0.39243498818 0.371090448014
0.968534151957 0.0 0.903225806452 0.884160756501 0.878275570583
0.993860322333 0.0 1.0 1.0 1.0
0.506523407521 0.555555555556 0.58064516129 0.436170212766 0.486052409129
0.522640061397 0.555555555556 0.548387096774 0.43853427896 0.466610312764
0.739831158864 0.222222222222 0.806451612903 0.859338061466 0.81910397295
0.739831158864 0.222222222222 0.806451612903 0.859338061466 0.81910397295
0.453568687644 0.333333333333 0.483870967742 0.406619385343 0.433643279797
0.453568687644 0.333333333333 0.483870967742 0.406619385343 0.433643279797
0.585571757483 0.222222222222 0.58064516129 0.528368794326 0.491969568893
0.617037605526 0.444444444444 0.612903225806 0.528368794326 0.491969568893
0.772831926324 0.444444444444 0.677419354839 0.699763593381 0.466610312764
0.794320798158 0.444444444444 0.741935483871 0.729314420804 0.519019442096
0.47889485802 0.333333333333 0.58064516129 0.522458628842 0.555367709214
0.47889485802 0.333333333333 0.58064516129 0.522458628842 0.555367709214
0.762854950115 0.333333333333 0.709677419355 0.729314420804 0.519019442096
0.741366078281 0.333333333333 0.645161290323 0.699763593381 0.466610312764
0.739831158864 0.222222222222 0.806451612903 0.859338061466 0.81910397295
0.739831158864 0.222222222222 0.806451612903 0.859338061466 0.81910397295
0.892555640829 0.222222222222 0.806451612903 0.755319148936 0.594251901944
0.892555640829 0.222222222222 0.806451612903 0.755319148936 0.594251901944
0.773599386032 0.777777777778 0.838709677419 0.958628841608 0.667793744717
0.773599386032 0.777777777778 0.838709677419 0.958628841608 0.667793744717
0.831926323868 1.0 0.709677419355 0.705673758865 0.646661031276
0.774366845741 0.222222222222 0.774193548387 0.758865248227 0.640743871513
0.833461243285 0.0 0.806451612903 0.793144208038 0.639898562975
0.821949347659 0.777777777778 0.774193548387 0.776595744681 0.740490278952
0.592478894858 0.333333333333 0.548387096774 0.338061465721 0.334742180896
0.501918649271 0.111111111111 0.41935483871 0.276595744681 0.249366018597
0.796623177283 0.888888888889 0.774193548387 0.697399527187 0.698224852071
0.618572524942 0.111111111111 0.645161290323 0.594562647754 0.611158072697
0.438219493477 0.333333333333 0.354838709677 0.1536643026 0.21978021978
0.438219493477 0.333333333333 0.354838709677 0.1536643026 0.21978021978
0.650038372985 0.333333333333 0.677419354839 0.594562647754 0.611158072697
0.650038372985 0.333333333333 0.677419354839 0.594562647754 0.611158072697
0.651573292402 0.111111111111 0.709677419355 0.784869976359 0.588334742181
0.651573292402 0.111111111111 0.709677419355 0.784869976359 0.588334742181
0.777436684574 0.222222222222 0.838709677419 0.891252955083 0.852071005917
0.777436684574 0.222222222222 0.838709677419 0.891252955083 0.852071005917
0.829623944743 0.0 0.774193548387 0.706855791962 0.570583262891
0.561780506523 0.333333333333 0.548387096774 0.462174940898 0.340659340659
0.459708365311 0.333333333333 0.41935483871 0.183215130024 0.272189349112
0.438219493477 0.333333333333 0.354838709677 0.1536643026 0.21978021978
