0.502269913331 0.0 0.6 0.446808510638 0.460947503201
0.33182005778 0.0 0.4 0.293882978723 0.30409731114
0.768468840281 0.0 0.75 0.673537234043 0.754801536492
0.294263309946 0.0 0.4 0.329122340426 0.353393085787
0.300866694181 0.0 0.4 0.389627659574 0.428297055058
0.961617829137 1.0 0.95 0.873005319149 0.921895006402
0.747007841519 0.0 0.775 0.70545212766 0.758642765685
0.160957490714 0.0 0.225 0.163563829787 0.139564660691
0.294263309946 0.0 0.4 0.329122340426 0.353393085787
0.84028064383 0.0 0.925 1.0 0.960307298335
0.653735039208 0.0 0.7 0.655585106383 0.674135723431
0.390012381345 0.0 0.475 0.474069148936 0.396927016645
0.484523318201 0.0 0.5 0.452127659574 0.444302176697
0.351217498968 0.0 0.45 0.40625 0.41933418694
0.411060668593 1.0 0.375 0.281914893617 0.268245838668
0.631861328931 1.0 0.575 0.509973404255 0.5
0.579034255056 1.0 0.625 0.597074468085 0.594110115237
0.39042509286 1.0 0.45 0.345744680851 0.398207426376
0.672307057367 0.0 0.75 0.65625 0.62676056338
0.584399504746 0.0 0.725 0.689494680851 0.702944942382
0.546430045398 0.0 0.575 0.497340425532 0.525608194622
0.446966570367 0.0 0.525 0.451462765957 0.47119078105
0.557985967809 0.0 0.675 0.670212765957 0.70166453265
1.0 0.0 1.0 0.94414893617 1.0
0.823772183244 0.0 0.85 0.847739361702 0.84443021767
0.58563763929 1.0 0.625 0.54920212766 0.587067861716
0.590590177466 0.0 0.675 0.65625 0.680537772087
0.626908790755 0.0 0.7 0.672207446809 0.709987195903
0.241848947586 0.0 0.35 0.269946808511 0.250320102433
0.302517540239 0.0 0.4 0.301196808511 0.28104993598
0.84028064383 1.0 0.775 0.718085106383 0.668373879641
0.427981840693 0.0 0.55 0.515292553191 0.44814340589
0.407346264961 0.5 0.475 0.464095744681 0.462868117798
0.816756087495 0.0 0.85 0.809175531915 0.83866837388
0.616591002889 1.0 0.625 0.551861702128 0.574263764405
0.815105241436 0.0 0.75 0.733377659574 0.693982074264
0.425505571605 0.0 0.525 0.464760638298 0.480153649168
0.752785802724 0.0 0.825 0.801861702128 0.807938540333
0.76929426331 0.0 0.75 0.70079787234 0.661971830986
0.894758563764 0.0 0.9 0.90625 0.911651728553
0.740404457284 0.0 0.725 0.664228723404 0.614596670935
0.449030127941 0.0 0.6 0.585106382979 0.581946222791
0.616591002889 1.0 0.65 0.599734042553 0.578104993598
0.320264135369 0.0 0.375 0.289893617021 0.28681177977
0.636813867107 0.0 0.775 0.829122340426 0.818181818182
0.666529096162 0.0 0.675 0.644946808511 0.585787451985
0.500206355757 0.0 0.525 0.489361702128 0.473751600512
0.905489063145 0.0 0.925 0.942819148936 0.78681177977
0.894758563764 0.0 0.9 0.90625 0.911651728553
0.533223276929 0.0 0.65 0.608377659574 0.673495518566
0.262484523318 1.0 0.3 0.251994680851 0.239436619718
0.271151465126 0.0 0.35 0.303191489362 0.269526248399
0.529508873298 0.0 0.55 0.531914893617 0.589628681178
0.439950474618 0.0 0.55 0.527925531915 0.599871959027
0.587701196863 1.0 0.7 0.608377659574 0.637644046095
0.344614114734 0.0 0.425 0.322473404255 0.285531370038
0.469252992158 0.0 0.575 0.605718085106 0.610755441741
0.640115559224 1.0 0.675 0.657579787234 0.646606914213
0.496079240611 0.0 0.6 0.545212765957 0.606914212548
0.687990094924 0.0 0.725 0.785904255319 0.654929577465
0.687990094924 0.0 0.725 0.785904255319 0.654929577465
0.58563763929 1.0 0.625 0.54920212766 0.587067861716
0.730086669418 0.0 0.8 0.755984042553 0.732394366197
0.560874948411 0.0 0.625 0.565159574468 0.62099871959
0.6450680974 0.0 0.7 0.521276595745 0.625480153649
0.36731324804 1.0 0.45 0.386303191489 0.428297055058
0.498142798184 0.0 0.575 0.501329787234 0.627400768246
0.847296739579 0.0 0.875 0.76795212766 0.876440460948
0.255055716054 0.0 0.375 0.345079787234 0.331626120359
0.228642179117 0.0 0.325 0.271276595745 0.276568501921
0.447379281882 0.0 0.6 0.543882978723 0.592829705506
0.876599257119 0.0 0.925 0.918882978723 0.943661971831
0.622368964094 0.0 0.725 0.617021276596 0.658770806658
0.363598844408 0.0 0.475 0.321808510638 0.429577464789
0.602558811391 0.0 0.6 0.550531914894 0.585787451985
0.496079240611 0.0 0.6 0.545212765957 0.606914212548
0.6450680974 0.0 0.7 0.521276595745 0.625480153649
0.397853900124 0.0 0.475 0.515957446809 0.496798975672
0.374329343789 0.0 0.425 0.35704787234 0.336107554417
0.747007841519 0.0 0.775 0.70545212766 0.758642765685
0.813867106892 0.0 0.85 0.805186170213 0.729193341869
0.573669005365 0.0 0.7 0.637632978723 0.752240717029
0.905489063145 0.0 0.925 0.942819148936 0.78681177977
0.576145274453 0.0 0.65 0.613031914894 0.656209987196
0.419314898886 0.0 0.55 0.516622340426 0.55185659411
0.512174989682 0.0 0.625 0.54920212766 0.601792573624
0.370614940157 0.0 0.5 0.451462765957 0.427656850192
0.383821708626 0.0 0.525 0.453457446809 0.452624839949
0.709038382171 0.0 0.775 0.703457446809 0.742637644046
0.837391663227 0.0 0.875 0.875664893617 0.809218950064
0.370614940157 0.0 0.525 0.460771276596 0.498719590269
0.616591002889 1.0 0.625 0.551861702128 0.574263764405
0.447379281882 0.0 0.525 0.473404255319 0.526888604353
0.638464713165 0.0 0.7 0.67420212766 0.723431498079
0.631035905902 1.0 0.725 0.6875 0.663892445583
0.687990094924 0.0 0.725 0.785904255319 0.654929577465
0.636813867107 0.5 0.7 0.543882978723 0.714468629962
0.770532397854 0.5 0.825 0.615026595745 0.79833546735
0.287659925712 1.0 0.35 0.269281914894 0.290653008963
0.588113908378 0.0 0.625 0.588430851064 0.519846350832
