0.970223325062 0.0 0.972972972973 0.886280264123 1.0
0.682878411911 0.0 0.810810810811 0.831988261189 0.857142857143
0.7841191067 0.0 0.918918918919 0.881144534116 0.872876022656
0.574193548387 0.0 0.756756756757 0.696991929567 0.667715544368
0.560794044665 0.0 0.648648648649 0.589875275128 0.660792951542
0.772208436725 0.0 0.837837837838 0.795304475422 0.82945248584
1.0 0.0 1.0 0.79090242113 0.867841409692
0.930024813896 0.0 0.945945945946 0.830520909758 0.884833228446
0.898759305211 0.0 0.918918918919 0.805575935437 0.860289490245
0.508684863524 0.0 0.594594594595 0.501834189288 0.570169918188
0.560794044665 0.0 0.648648648649 0.589875275128 0.638137193203
0.737965260546 0.0 0.702702702703 0.546588407924 0.696664568911
0.762779156328 0.0 0.864864864865 0.785766691123 0.773442416614
0.535483870968 0.0 0.648648648649 0.534849596478 0.567023285085
0.714640198511 0.0 0.783783783784 0.759354365371 0.78099433606
0.617866004963 0.0 0.702702702703 0.595744680851 0.635619886721
0.474937965261 0.0 0.594594594595 0.564930300807 0.588420390183
0.513151364764 0.0 0.621621621622 0.533382245048 0.565135305223
0.852109181141 0.0 0.891891891892 0.747615553925 0.781623662681
0.577171215881 0.0 0.675675675676 0.61482024945 0.636878539962
0.666004962779 0.0 0.675675675676 0.538517975055 0.643801132788
0.83523573201 0.0 0.864864864865 0.72487160675 0.771554436753
0.601985111663 0.0 0.702702702703 0.61628760088 0.633102580239
0.471464019851 0.0 0.594594594595 0.52677916361 0.546255506608
0.832258064516 0.0 0.837837837838 0.69332355099 0.764002517306
0.521091811414 0.0 0.594594594595 0.464416727806 0.531151667716
0.78858560794 0.0 0.756756756757 0.643433602348 0.753933291378
0.605459057072 0.0 0.702702702703 0.672046955246 0.677155443675
0.880893300248 0.0 0.837837837838 0.62582538518 0.741346758968
0.492307692308 0.0 0.621621621622 0.498165810712 0.509754562618
0.612903225806 0.0 0.675675675676 0.574468085106 0.623033354311
0.843672456576 0.0 0.972972972973 1.0 0.906230333543
0.79205955335 0.0 0.864864864865 0.910491562729 0.881057268722
0.616377171216 0.0 0.72972972973 0.663976522377 0.648206419132
0.922580645161 0.0 0.891891891892 0.76889214967 0.839521711768
0.675930521092 0.0 0.72972972973 0.644167278063 0.677155443675
0.687841191067 0.0 0.783783783784 0.818048422597 0.784770295784
0.557816377171 0.0 0.675675675676 0.650036683786 0.632473253619
0.467493796526 0.0 0.567567567568 0.519442406456 0.543738200126
0.585607940447 0.0 0.702702702703 0.689655172414 0.663310258024
0.464516129032 0.0 0.567567567568 0.540719002201 0.557583385777
0.671464019851 0.0 0.810810810811 0.810711665444 0.738200125865
0.650620347395 0.0 0.810810810811 0.838591342627 0.74449339207
0.560794044665 0.0 0.675675675676 0.592076302274 0.583385777218
0.733995037221 0.0 0.837837837838 0.840792369773 0.788546255507
0.534491315136 0.0 0.621621621622 0.586940572267 0.602894902454
0.655086848635 0.0 0.72972972973 0.688921496698 0.689112649465
0.453101736973 0.0 0.594594594595 0.581071166544 0.553807426054
0.451612903226 0.0 0.594594594595 0.537050623624 0.515418502203
0.56476426799 0.0 0.648648648649 0.656639765224 0.65890497168
0.790074441687 0.0 0.810810810811 0.695524578136 0.73190685966
0.535483870968 0.0 0.594594594595 0.448275862069 0.507866582756
0.467493796526 0.0 0.594594594595 0.523844460748 0.516047828823
0.840694789082 0.0 0.837837837838 0.770359501101 0.810572687225
0.527047146402 0.0 0.621621621622 0.545121056493 0.556954059157
0.738461538462 0.0 0.756756756757 0.672780630961 0.715544367527
0.499255583127 0.0 0.567567567568 0.520176082172 0.558842039018
0.841191066998 0.0 0.837837837838 0.677182685253 0.730648206419
0.468486352357 0.0 0.540540540541 0.462949376376 0.508495909377
0.693300248139 0.0 0.72972972973 0.645634629494 0.677784770296
0.597518610422 0.0 0.702702702703 0.685986793837 0.656387665198
0.541935483871 0.0 0.648648648649 0.639031548056 0.619257394588
0.655086848635 0.0 0.72972972973 0.700660308144 0.691000629327
0.678908188586 0.0 0.810810810811 0.798972853999 0.721837633732
0.466004962779 0.0 0.567567567568 0.421129860602 0.445563247325
0.523573200993 0.0 0.594594594595 0.569332355099 0.591567023285
0.55682382134 0.0 0.675675675676 0.634629493764 0.602265575834
0.609429280397 0.0 0.702702702703 0.633162142333 0.619886721208
0.665508684864 0.0 0.810810810811 0.800440205429 0.710509754563
0.426799007444 0.0 0.513513513514 0.475421863536 0.504090623033
0.677915632754 0.0 0.702702702703 0.667644900954 0.701699181875
0.536972704715 0.0 0.621621621622 0.527512839325 0.539332913782
0.654094292804 0.0 0.756756756757 0.709464416728 0.668344870988
0.466004962779 0.0 0.540540540541 0.457079970653 0.493392070485
0.430272952854 0.0 0.540540540541 0.449009537784 0.457520453115
0.818362282878 0.0 0.810810810811 0.65884079237 0.710509754563
0.438213399504 0.0 0.540540540541 0.516507703595 0.519194461926
0.41935483871 0.0 0.513513513514 0.471019809244 0.48835745752
0.725062034739 0.0 0.810810810811 0.705796038151 0.672120830711
0.514640198511 0.0 0.621621621622 0.576669112252 0.558212712398
0.547890818859 0.0 0.621621621622 0.570066030814 0.578980490875
0.524565756824 0.0 0.594594594595 0.46074834923 0.490245437382
0.539454094293 0.0 0.594594594595 0.453411592076 0.495280050346
0.484367245658 0.0 0.567567567568 0.478356566398 0.494650723726
0.508684863524 0.0 0.621621621622 0.57079970653 0.542479546885
0.50570719603 0.0 0.540540540541 0.428466617755 0.490874764003
0.562282878412 0.0 0.675675675676 0.606016140866 0.567652611705
0.567741935484 0.0 0.648648648649 0.600146735143 0.589679043424
0.669975186104 0.0 0.702702702703 0.611151870873 0.633102580239
0.539950372208 0.0 0.648648648649 0.628760088041 0.589679043424
0.600496277916 0.0 0.648648648649 0.550990462216 0.57331655129
0.468982630273 0.0 0.567567567568 0.522377109318 0.513530522341
0.488337468983 0.0 0.594594594595 0.579603815114 0.551919446193
0.559305210918 0.0 0.594594594595 0.4497432135 0.50031466331
0.396526054591 0.0 0.459459459459 0.424064563463 0.4631843927
0.468486352357 0.0 0.513513513514 0.419662509171 0.470106985525
0.459553349876 0.0 0.567567567568 0.523844460748 0.502202643172
0.474937965261 0.0 0.567567567568 0.448275862069 0.45122718691
0.470967741935 0.0 0.567567567568 0.530447542186 0.516047828823
0.472456575682 0.0 0.513513513514 0.391782831988 0.447451227187
