0.952087114338 0.0 1.0 1.0 0.95964821521
1.0 0.0 0.978723404255 0.86963190184 0.933264355923
0.091833030853 0.0 0.127659574468 0.0628834355828 0.039317123642
0.0958257713249 0.0 0.127659574468 0.0378323108384 0.0222452146922
0.940108892922 1.0 0.978723404255 0.916666666667 1.0
0.0950998185118 1.0 0.127659574468 0.058282208589 0.067770305225
0.936842105263 0.0 0.978723404255 0.93609406953 0.959130884635
0.122686025408 0.0 0.170212765957 0.117586912065 0.0838075530264
0.721234119782 0.0 0.723404255319 0.561349693252 0.695292291774
0.676588021779 0.0 0.808510638298 0.736707566462 0.837040869115
0.921234119782 0.0 0.957446808511 0.916666666667 0.960682876358
0.521234119782 1.0 0.574468085106 0.479550102249 0.533367822038
0.965154264973 0.0 0.957446808511 0.841513292434 0.898085876875
0.331760435572 0.0 0.446808510638 0.327709611452 0.398344542162
0.440290381125 1.0 0.489361702128 0.400306748466 0.489912053802
0.315063520871 1.0 0.276595744681 0.138036809816 0.209001551992
0.807259528131 0.0 0.829787234043 0.680981595092 0.78996378686
0.926315789474 0.0 0.936170212766 0.822085889571 0.928091050181
0.815970961887 0.0 0.914893617021 0.885480572597 0.828763579928
0.810163339383 0.0 0.851063829787 0.70654396728 0.890325918262
0.10998185118 1.0 0.127659574468 0.038854805726 0.0563890325918
0.447549909256 0.0 0.595744680851 0.532719836401 0.591308846353
0.656261343013 1.0 0.744680851064 0.556237218814 0.73254009312
0.768784029038 0.0 0.893617021277 0.872699386503 0.881013967926
0.862068965517 0.0 0.936170212766 0.847648261759 0.859803414382
0.790925589837 0.0 0.872340425532 0.856850715746 0.855664769788
0.853720508167 1.0 0.893617021277 0.726993865031 0.785307811692
0.751724137931 1.0 0.765957446809 0.653885480573 0.780134505949
0.241016333938 0.0 0.31914893617 0.289877300613 0.279875840662
0.503448275862 0.0 0.468085106383 0.311349693252 0.360062079669
0.103448275862 0.0 0.148936170213 0.0889570552147 0.0527677185722
0.88058076225 0.0 0.914893617021 0.7581799591 0.819451629591
0.131760435572 0.0 0.191489361702 0.0986707566462 0.112260734609
0.60108892922 0.0 0.702127659574 0.660531697342 0.730470770823
0.903085299456 0.0 0.978723404255 0.909509202454 0.948784273151
0.181851179673 0.0 0.255319148936 0.176891615542 0.188308329022
0.655898366606 1.0 0.595744680851 0.41717791411 0.569063631661
0.894010889292 0.0 0.978723404255 0.873210633947 0.86083807553
0.257350272232 1.0 0.31914893617 0.194785276074 0.247801345059
0.633030852995 0.0 0.595744680851 0.446319018405 0.556130367305
0.22613430127 1.0 0.234042553191 0.109918200409 0.130367304708
0.639927404719 0.0 0.787234042553 0.743865030675 0.740300051733
0.339019963702 0.0 0.382978723404 0.285787321063 0.26125193999
0.539745916515 0.0 0.68085106383 0.579754601227 0.721676151061
0.758983666062 1.0 0.787234042553 0.591513292434 0.662700465598
0.368058076225 0.0 0.489361702128 0.434049079755 0.449560269012
0.666787658802 0.0 0.702127659574 0.600204498978 0.636833936886
0.935753176044 0.0 0.914893617021 0.751022494888 0.811174340404
0.108529945554 1.0 0.148936170213 0.0731083844581 0.0822555613037
0.645735027223 1.0 0.617021276596 0.4918200409 0.573719606829
0.691470054446 0.0 0.851063829787 0.782719836401 0.744956026901
0.246823956443 0.0 0.276595744681 0.229550102249 0.190894981893
0.143012704174 1.0 0.170212765957 0.0828220858896 0.103983445422
0.835934664247 1.0 0.893617021277 0.784764826176 0.920848422142
0.584754990926 0.0 0.744680851064 0.679447852761 0.756854630109
0.39056261343 1.0 0.425531914894 0.28527607362 0.410760475944
0.523411978221 0.0 0.659574468085 0.588957055215 0.619762027936
0.528856624319 0.0 0.574468085106 0.511247443763 0.543197102949
0.291470054446 0.0 0.425531914894 0.372699386503 0.417485773409
0.909255898367 0.0 0.893617021277 0.716768916155 0.767201241593
0.515426497278 1.0 0.531914893617 0.360429447853 0.446456285566
0.296914700544 0.0 0.297872340426 0.225971370143 0.254526642525
0.631941923775 1.0 0.63829787234 0.503067484663 0.602690118986
0.961524500907 0.0 0.978723404255 0.84100204499 0.871702017589
0.50780399274 0.0 0.510638297872 0.373721881391 0.382307294361
0.331760435572 1.0 0.297872340426 0.164110429448 0.16968442835
0.146279491833 0.0 0.212765957447 0.155930470348 0.116399379203
0.68275862069 0.0 0.702127659574 0.576175869121 0.587170201759
0.16442831216 0.0 0.234042553191 0.179447852761 0.160889808588
0.557894736842 0.0 0.553191489362 0.352249488753 0.453181583032
0.459528130672 0.0 0.617021276596 0.569018404908 0.629073978272
0.787295825771 0.0 0.851063829787 0.791922290389 0.828246249353
0.166243194192 0.0 0.191489361702 0.109918200409 0.126228660114
0.642831215971 0.0 0.659574468085 0.521983640082 0.668908432488
0.681306715064 0.0 0.829787234043 0.750511247444 0.750646663218
0.254083484574 0.0 0.340425531915 0.271472392638 0.258147956544
0.416696914701 0.0 0.382978723404 0.30572597137 0.365752715986
0.400725952813 0.0 0.382978723404 0.253578732106 0.310915675116
0.271506352087 0.0 0.340425531915 0.304192229039 0.345059493016
0.376043557169 0.0 0.510638297872 0.435582822086 0.449560269012
0.19165154265 0.0 0.234042553191 0.194785276074 0.230212105535
0.576406533575 1.0 0.68085106383 0.576175869121 0.624935333678
0.567332123412 0.0 0.723404255319 0.627300613497 0.676668391102
0.49219600726 1.0 0.531914893617 0.347137014315 0.382307294361
0.422141560799 0.0 0.510638297872 0.441206543967 0.512674599069
0.900181488203 0.0 0.914893617021 0.816462167689 0.901189860321
0.335753176044 1.0 0.36170212766 0.287832310838 0.320227625453
0.895099818512 0.0 0.872340425532 0.665132924335 0.792550439731
0.700181488203 0.0 0.744680851064 0.640081799591 0.715985514744
0.43557168784 1.0 0.446808510638 0.302658486708 0.459389549922
0.336842105263 1.0 0.340425531915 0.218302658487 0.292809105018
0.149183303085 1.0 0.170212765957 0.101738241309 0.113812726332
0.301996370236 0.0 0.404255319149 0.309304703476 0.378685980341
0.614156079855 0.0 0.765957446809 0.626789366053 0.653905845835
0.484573502722 0.0 0.489361702128 0.383946830266 0.439213657527
0.73720508167 0.0 0.787234042553 0.604805725971 0.765131919296
0.486751361162 0.0 0.510638297872 0.39263803681 0.468184169684
0.514700544465 1.0 0.404255319149 0.255112474438 0.313502327988
0.203629764065 1.0 0.212765957447 0.0751533742331 0.128815312985
0.252268602541 0.0 0.36170212766 0.299591002045 0.280910501811
