0.33942687747 0.0 0.394736842105 0.294201861131 0.34214002642
0.25790513834 0.0 0.315789473684 0.187544738726 0.203434610304
0.375 0.0 0.421052631579 0.236936292054 0.283355350066
0.516798418972 0.0 0.605263157895 0.446671438797 0.52179656539
0.780138339921 0.0 0.842105263158 0.841803865426 0.811096433289
0.650691699605 0.0 0.815789473684 0.919112383679 0.799207397622
0.407114624506 0.0 0.368421052632 0.272727272727 0.336195508587
0.431818181818 0.0 0.394736842105 0.263421617752 0.339498018494
0.663043478261 0.0 0.815789473684 0.780959198282 0.812417437252
0.64476284585 0.0 0.789473684211 0.760200429492 0.768824306473
0.433794466403 0.0 0.552631578947 0.646385110952 0.509907529723
0.433794466403 0.0 0.552631578947 0.646385110952 0.509907529723
0.678359683794 0.0 0.763157894737 0.790264853257 0.80250990753
0.766304347826 1.0 0.657894736842 0.567644953472 0.489431968296
0.278162055336 0.0 0.342105263158 0.186113099499 0.206737120211
0.986166007905 1.0 0.921052631579 0.888332140301 0.853368560106
0.76185770751 0.0 0.789473684211 0.698639942734 0.708058124174
0.608201581028 0.0 0.684210526316 0.759484609878 0.637384412153
0.450098814229 0.0 0.631578947368 0.76807444524 0.64464993395
0.328063241107 0.0 0.447368421053 0.59842519685 0.407529722589
0.58942687747 0.0 0.552631578947 0.537580529707 0.480184940555
0.338438735178 0.0 0.421052631579 0.383679312813 0.299867899604
0.583003952569 0.0 0.684210526316 0.6170365068 0.617569352708
0.413043478261 0.0 0.447368421053 0.258410880458 0.303830911493
0.468873517787 0.0 0.657894736842 0.836793128132 0.650594451783
0.468873517787 0.0 0.657894736842 0.836793128132 0.650594451783
0.664031620553 0.0 0.605263157895 0.629921259843 0.480184940555
0.679347826087 0.0 0.815789473684 0.733715103794 0.913474240423
0.328063241107 0.0 0.447368421053 0.59842519685 0.407529722589
0.328063241107 0.0 0.447368421053 0.59842519685 0.407529722589
0.364130434783 0.0 0.5 0.544022906228 0.494055482166
0.496541501976 0.0 0.631578947368 0.671438797423 0.676354029062
0.579545454545 0.0 0.736842105263 0.739441660702 0.87714663144
0.490118577075 0.0 0.578947368421 0.569792412312 0.640026420079
0.416501976285 0.0 0.578947368421 0.636363636364 0.625495376486
0.36709486166 0.0 0.526315789474 0.544738725841 0.524438573316
0.540019762846 0.0 0.710526315789 0.830350751611 0.67965653897
0.360671936759 0.0 0.473684210526 0.560486757337 0.399603698811
0.737154150198 0.0 0.815789473684 0.759484609878 0.908850726552
0.603754940711 0.0 0.763157894737 0.680744452398 0.840819022457
0.8354743083 0.0 0.789473684211 0.769506084467 0.7892998679
0.563735177866 0.0 0.5 0.50107372942 0.418097754293
0.254940711462 0.0 0.342105263158 0.362920544023 0.256274768824
0.495059288538 0.0 0.447368421053 0.456692913386 0.372523117569
0.578063241107 0.0 0.763157894737 0.90264853257 0.77212681638
0.442687747036 0.0 0.631578947368 0.806728704366 0.610303830911
0.245553359684 0.0 0.315789473684 0.186113099499 0.206737120211
0.207015810277 0.0 0.263157894737 0.166785969936 0.159841479524
0.612154150198 0.0 0.763157894737 0.739441660702 0.87714663144
0.479743083004 0.0 0.631578947368 0.612025769506 0.694848084544
0.676383399209 0.0 0.710526315789 0.572655690766 0.780052840159
0.738636363636 0.0 0.763157894737 0.675733715104 0.832232496697
0.378458498024 0.0 0.447368421053 0.298496778812 0.351387054161
0.424901185771 0.0 0.552631578947 0.455977093772 0.48678996037
1.0 0.0 0.973684210526 0.876163206872 0.953104359313
0.783102766798 0.0 0.894736842105 0.853256979241 0.886393659181
0.512845849802 0.0 0.605263157895 0.595561918397 0.567371202114
0.368083003953 0.0 0.447368421053 0.44094488189 0.370541611625
0.610671936759 0.0 0.710526315789 0.549749463135 0.716644649934
0.352272727273 0.0 0.421052631579 0.268432355047 0.311096433289
0.24604743083 0.0 0.289473684211 0.234788833214 0.285336856011
0.20256916996 0.0 0.263157894737 0.162491052255 0.231175693527
0.164031620553 0.0 0.210526315789 0.143163922691 0.18428005284
0.164031620553 0.0 0.210526315789 0.143163922691 0.18428005284
0.32756916996 0.0 0.394736842105 0.277738010021 0.307793923382
0.378458498024 0.0 0.447368421053 0.298496778812 0.351387054161
0.987154150198 0.0 1.0 1.0 0.974240422721
0.561264822134 0.0 0.710526315789 0.783822476736 0.700132100396
0.77766798419 0.0 0.842105263158 0.777380100215 0.86856010568
0.806818181818 0.0 0.789473684211 0.659269863994 0.843461030383
0.470849802372 0.0 0.578947368421 0.486041517538 0.575297225892
0.757411067194 0.0 0.842105263158 0.804581245526 0.883091149273
0.680335968379 0.0 0.736842105263 0.565497494631 0.610303830911
0.557312252964 0.0 0.657894736842 0.544022906228 0.597093791281
0.489130434783 0.0 0.657894736842 0.80959198282 0.63606340819
0.514328063241 0.0 0.684210526316 0.74731567645 0.607661822985
0.951581027668 0.0 0.947368421053 0.954903364352 1.0
0.533596837945 0.0 0.605263157895 0.434502505369 0.50858652576
0.676383399209 0.0 0.710526315789 0.572655690766 0.780052840159
0.676383399209 0.0 0.710526315789 0.572655690766 0.780052840159
