0.45487804878 0.25 0.344827586207 0.292600896861 0.169398907104
0.461585365854 0.375 0.379310344828 0.347533632287 0.239071038251
0.328048780488 0.25 0.241379310345 0.17264573991 0.116120218579
0.328048780488 0.25 0.241379310345 0.17264573991 0.116120218579
0.715243902439 0.5 0.689655172414 0.82735426009 0.782786885246
1.0 0.625 1.0 1.0 1.0
0.711585365854 0.375 0.655172413793 0.45067264574 0.445355191257
0.498780487805 0.375 0.413793103448 0.177130044843 0.155737704918
0.642073170732 0.25 0.551724137931 0.569506726457 0.506830601093
0.400609756098 0.125 0.344827586207 0.322869955157 0.303278688525
0.40487804878 0.25 0.344827586207 0.345291479821 0.327868852459
0.448780487805 0.0 0.344827586207 0.329596412556 0.218579234973
0.689634146341 0.0 0.620689655172 0.557174887892 0.445355191257
0.518292682927 0.25 0.551724137931 0.631165919283 0.680327868852
0.649390243902 0.0 0.51724137931 0.375560538117 0.22131147541
0.37256097561 0.0 0.275862068966 0.162556053812 0.077868852459
0.570731707317 0.375 0.48275862069 0.433856502242 0.334699453552
0.751829268293 0.375 0.724137931034 0.72869955157 0.767759562842
0.57256097561 0.5 0.51724137931 0.393497757848 0.450819672131
0.396341463415 0.25 0.344827586207 0.315022421525 0.198087431694
0.75487804878 0.125 0.758620689655 0.786995515695 0.790983606557
0.593292682927 0.0 0.51724137931 0.569506726457 0.506830601093
0.568902439024 0.0 0.51724137931 0.474215246637 0.418032786885
0.70243902439 0.125 0.655172413793 0.535874439462 0.601092896175
0.611585365854 0.375 0.551724137931 0.485426008969 0.546448087432
0.57743902439 0.25 0.51724137931 0.485426008969 0.430327868852
0.601829268293 0.0 0.48275862069 0.428251121076 0.448087431694
0.62012195122 0.25 0.586206896552 0.498878923767 0.554644808743
0.633536585366 0.125 0.620689655172 0.554932735426 0.532786885246
0.550609756098 0.375 0.448275862069 0.5033632287 0.404371584699
0.504268292683 0.375 0.413793103448 0.378923766816 0.390710382514
0.485975609756 0.375 0.413793103448 0.409192825112 0.338797814208
0.401219512195 0.375 0.344827586207 0.320627802691 0.330601092896
0.525609756098 0.375 0.448275862069 0.383408071749 0.412568306011
0.40243902439 0.0 0.310344827586 0.329596412556 0.206284153005
0.453658536585 0.375 0.448275862069 0.408071748879 0.408469945355
0.609146341463 0.125 0.51724137931 0.488789237668 0.50956284153
0.842073170732 0.625 0.793103448276 0.792600896861 0.780054644809
0.653048780488 0.625 0.655172413793 0.42600896861 0.506830601093
0.701219512195 0.25 0.724137931034 0.673766816143 0.534153005464
0.27256097561 0.0 0.206896551724 0.17264573991 0.116120218579
0.385365853659 0.0 0.310344827586 0.17264573991 0.116120218579
0.453048780488 0.125 0.448275862069 0.400224215247 0.342896174863
0.642073170732 0.75 0.586206896552 0.468609865471 0.575136612022
0.537804878049 0.375 0.48275862069 0.40134529148 0.330601092896
0.691463414634 0.25 0.655172413793 0.566143497758 0.475409836066
0.388414634146 0.375 0.310344827586 0.258968609865 0.213114754098
0.532317073171 0.25 0.48275862069 0.536995515695 0.508196721311
0.503658536585 0.375 0.413793103448 0.389013452915 0.293715846995
0.305487804878 0.0 0.275862068966 0.22197309417 0.214480874317
0.790853658537 0.375 0.758620689655 0.491031390135 0.572404371585
0.87012195122 0.75 0.827586206897 0.57735426009 0.669398907104
0.568902439024 0.25 0.48275862069 0.603139013453 0.439890710383
0.735365853659 0.875 0.655172413793 0.62331838565 0.564207650273
0.515853658537 0.0 0.448275862069 0.483183856502 0.377049180328
0.473170731707 0.25 0.379310344828 0.406950672646 0.285519125683
0.684756097561 0.625 0.689655172414 0.558295964126 0.513661202186
0.644512195122 0.5 0.620689655172 0.415919282511 0.379781420765
0.407317073171 0.25 0.344827586207 0.281390134529 0.334699453552
0.67743902439 0.375 0.620689655172 0.505605381166 0.524590163934
0.646951219512 0.25 0.551724137931 0.340807174888 0.367486338798
0.463414634146 0.25 0.344827586207 0.329596412556 0.206284153005
0.417073170732 0.125 0.344827586207 0.256726457399 0.233606557377
0.606097560976 0.375 0.551724137931 0.512331838565 0.510928961749
0.516463414634 0.375 0.48275862069 0.405829596413 0.403005464481
0.575609756098 0.375 0.551724137931 0.504484304933 0.51912568306
0.733536585366 0.5 0.724137931034 0.687219730942 0.659836065574
0.571341463415 0.25 0.448275862069 0.2533632287 0.310109289617
0.498170731707 0.375 0.51724137931 0.489910313901 0.575136612022
0.388414634146 0.125 0.379310344828 0.295964125561 0.277322404372
0.339634146341 0.375 0.241379310345 0.19730941704 0.113387978142
0.453658536585 0.5 0.379310344828 0.345291479821 0.327868852459
0.460975609756 0.25 0.379310344828 0.364349775785 0.296448087432
0.501219512195 0.25 0.448275862069 0.497757847534 0.478142076503
0.467682926829 0.25 0.344827586207 0.209641255605 0.0464480874317
0.437195121951 0.0 0.344827586207 0.258968609865 0.144808743169
0.44756097561 0.5 0.379310344828 0.335201793722 0.306010928962
0.457317073171 0.5 0.379310344828 0.258968609865 0.144808743169
0.465853658537 0.25 0.413793103448 0.326233183857 0.303278688525
0.742682926829 0.625 0.724137931034 0.596412556054 0.568306010929
0.437195121951 0.0 0.344827586207 0.214125560538 0.188524590164
0.715243902439 0.5 0.655172413793 0.603139013453 0.639344262295
0.443292682927 0.375 0.379310344828 0.354260089686 0.360655737705
0.606097560976 0.375 0.551724137931 0.512331838565 0.510928961749
0.492682926829 0.375 0.413793103448 0.300448430493 0.270491803279
0.311585365854 0.25 0.206896551724 0.110986547085 0.016393442623
0.62987804878 0.25 0.586206896552 0.5 0.520491803279
0.451219512195 0.25 0.379310344828 0.341928251121 0.244535519126
0.750609756098 0.625 0.793103448276 0.724215246637 0.831967213115
0.396341463415 0.25 0.344827586207 0.315022421525 0.198087431694
0.813414634146 0.75 0.827586206897 0.673766816143 0.674863387978
0.665243902439 0.25 0.689655172414 0.62331838565 0.666666666667
0.54512195122 0.5 0.51724137931 0.433856502242 0.54781420765
0.504268292683 0.375 0.448275862069 0.285874439462 0.333333333333
0.495731707317 0.5 0.48275862069 0.438340807175 0.495901639344
0.461585365854 0.0 0.379310344828 0.258968609865 0.144808743169
0.512195121951 0.375 0.448275862069 0.329596412556 0.334699453552
0.52256097561 0.25 0.48275862069 0.440582959641 0.372950819672
0.621341463415 0.375 0.586206896552 0.409192825112 0.401639344262
0.557926829268 0.125 0.551724137931 0.639013452915 0.741803278689
0.615243902439 0.125 0.620689655172 0.62668161435 0.661202185792
0.544512195122 0.25 0.448275862069 0.505605381166 0.416666666667
0.631097560976 0.875 0.586206896552 0.404708520179 0.435792349727
0.516463414634 0.0 0.48275862069 0.419282511211 0.427595628415
0.510975609756 0.625 0.448275862069 0.350896860987 0.300546448087
0.59512195122 0.375 0.551724137931 0.569506726457 0.459016393443
0.311585365854 0.25 0.206896551724 0.110986547085 0.016393442623
0.609146341463 0.125 0.586206896552 0.617713004484 0.655737704918
0.678658536585 0.25 0.655172413793 0.658071748879 0.601092896175
0.62987804878 0.125 0.51724137931 0.514573991031 0.545081967213
0.535975609756 0.375 0.448275862069 0.318385650224 0.23087431694
0.811585365854 0.5 0.758620689655 0.751121076233 0.627049180328
0.774390243902 0.75 0.724137931034 0.655829596413 0.577868852459
0.643902439024 0.125 0.551724137931 0.571748878924 0.515027322404
0.538414634146 0.25 0.448275862069 0.326233183857 0.300546448087
0.485975609756 0.375 0.413793103448 0.409192825112 0.338797814208
0.681707317073 0.375 0.620689655172 0.442825112108 0.349726775956
0.428658536585 0.25 0.344827586207 0.329596412556 0.25956284153
0.550609756098 0.125 0.48275862069 0.565022421525 0.504098360656
0.39512195122 0.375 0.344827586207 0.248878923767 0.209016393443
0.685975609756 0.5 0.586206896552 0.42264573991 0.368852459016
0.774390243902 0.75 0.724137931034 0.655829596413 0.577868852459
0.518292682927 0.25 0.551724137931 0.631165919283 0.680327868852
0.471341463415 0.375 0.413793103448 0.317264573991 0.258196721311
0.515853658537 0.375 0.448275862069 0.45067264574 0.393442622951
0.709146341463 0.75 0.758620689655 0.730941704036 0.715846994536
0.733536585366 0.5 0.724137931034 0.687219730942 0.659836065574
0.44512195122 0.25 0.344827586207 0.258968609865 0.144808743169
0.311585365854 0.25 0.241379310345 0.17264573991 0.116120218579
0.371951219512 0.25 0.241379310345 0.181614349776 0.077868852459
0.768292682927 0.375 0.724137931034 0.587443946188 0.530054644809
0.796341463415 0.375 0.758620689655 0.566143497758 0.564207650273
0.509756097561 0.375 0.413793103448 0.345291479821 0.241803278689
0.439634146341 0.25 0.379310344828 0.248878923767 0.207650273224
0.57987804878 0.375 0.586206896552 0.54932735426 0.704918032787
0.449390243902 0.0 0.379310344828 0.353139013453 0.263661202186
0.660365853659 0.375 0.586206896552 0.554932735426 0.456284153005
0.571341463415 0.375 0.48275862069 0.52130044843 0.472677595628
0.532317073171 0.125 0.48275862069 0.412556053812 0.50956284153
0.65 0.625 0.586206896552 0.466367713004 0.498633879781
0.686585365854 0.375 0.655172413793 0.708520179372 0.643442622951
0.593902439024 0.0 0.48275862069 0.385650224215 0.396174863388
0.510365853659 0.375 0.413793103448 0.329596412556 0.292349726776
0.417073170732 0.375 0.379310344828 0.403587443946 0.453551912568
0.560975609756 0.25 0.51724137931 0.37331838565 0.512295081967
0.698780487805 0.625 0.620689655172 0.633408071749 0.58606557377
0.376219512195 0.25 0.310344827586 0.264573991031 0.203551912568
0.656707317073 0.125 0.586206896552 0.562780269058 0.573770491803
0.788414634146 0.875 0.758620689655 0.610986547085 0.535519125683
0.560365853659 0.75 0.51724137931 0.428251121076 0.290983606557
0.514024390244 0.5 0.48275862069 0.389013452915 0.379781420765
0.448780487805 0.375 0.413793103448 0.30269058296 0.265027322404
0.389024390244 0.375 0.310344827586 0.258968609865 0.23087431694
0.506097560976 0.375 0.48275862069 0.445067264574 0.50956284153
0.75243902439 0.5 0.758620689655 0.734304932735 0.784153005464
0.557926829268 0.125 0.551724137931 0.639013452915 0.741803278689
0.591463414634 0.5 0.620689655172 0.631165919283 0.680327868852
0.495731707317 0.375 0.413793103448 0.406950672646 0.371584699454
0.592073170732 1.0 0.551724137931 0.218609865471 0.244535519126
0.708536585366 0.5 0.655172413793 0.517937219731 0.457650273224
0.573170731707 0.5 0.551724137931 0.498878923767 0.515027322404
0.57987804878 0.75 0.51724137931 0.218609865471 0.244535519126
0.534756097561 0.125 0.413793103448 0.408071748879 0.323770491803
0.774390243902 0.875 0.724137931034 0.545964125561 0.438524590164
0.660975609756 0.25 0.620689655172 0.529147982063 0.446721311475
0.610975609756 0.5 0.586206896552 0.628923766816 0.545081967213
0.420731707317 0.25 0.310344827586 0.258968609865 0.144808743169
0.467682926829 0.25 0.344827586207 0.209641255605 0.0464480874317
0.80243902439 0.125 0.793103448276 0.87331838565 0.863387978142
0.705487804878 0.125 0.724137931034 0.704035874439 0.771857923497
0.804268292683 0.875 0.827586206897 0.70067264574 0.79781420765
0.492682926829 0.375 0.413793103448 0.300448430493 0.270491803279
0.734146341463 0.25 0.724137931034 0.590807174888 0.546448087432
0.526219512195 0.5 0.448275862069 0.329596412556 0.25956284153
0.614634146341 1.0 0.551724137931 0.317264573991 0.360655737705
0.443902439024 0.625 0.448275862069 0.369955156951 0.428961748634
0.506097560976 0.375 0.48275862069 0.445067264574 0.50956284153
0.321341463415 0.0 0.275862068966 0.17264573991 0.116120218579
0.942073170732 0.5 0.896551724138 0.884529147982 0.969945355191
0.485975609756 0.125 0.413793103448 0.298206278027 0.334699453552
0.311585365854 0.25 0.206896551724 0.110986547085 0.016393442623
0.831097560976 0.875 0.827586206897 0.686098654709 0.804644808743
0.642682926829 0.625 0.655172413793 0.507847533632 0.523224043716
0.673780487805 0.75 0.620689655172 0.531390134529 0.486338797814
0.678658536585 0.5 0.655172413793 0.698430493274 0.707650273224
0.515853658537 0.375 0.448275862069 0.45067264574 0.393442622951
0.787804878049 0.5 0.758620689655 0.603139013453 0.632513661202
0.715243902439 0.5 0.655172413793 0.603139013453 0.639344262295
0.492682926829 0.375 0.448275862069 0.421524663677 0.49043715847
0.451829268293 0.25 0.379310344828 0.273542600897 0.275956284153
0.666463414634 0.125 0.586206896552 0.560538116592 0.573770491803
0.621951219512 0.75 0.655172413793 0.643497757848 0.737704918033
0.299390243902 0.0 0.241379310345 0.17264573991 0.116120218579
0.553048780488 0.375 0.48275862069 0.479820627803 0.400273224044
0.716463414634 0.0 0.655172413793 0.571748878924 0.57650273224
0.728048780488 0.375 0.724137931034 0.585201793722 0.580601092896
0.47987804878 0.375 0.379310344828 0.357623318386 0.260928961749
0.35243902439 0.25 0.241379310345 0.110986547085 0.016393442623
0.548170731707 0.25 0.48275862069 0.507847533632 0.5
0.810365853659 0.5 0.793103448276 0.776905829596 0.819672131148
