1.0 0.25 0.973684210526 0.895084372707 0.980327868852
0.995673076923 0.25 1.0 0.967718268525 0.979508196721
0.984615384615 0.75 0.973684210526 1.0 1.0
0.178365384615 0.0 0.105263157895 0.072633895818 0.00983606557377
0.855769230769 1.0 0.815789473684 0.696258253852 0.791803278689
0.955769230769 0.5 0.947368421053 0.92296404989 0.965573770492
0.355769230769 0.75 0.342105263158 0.283198826119 0.293442622951
0.957692307692 0.0 0.947368421053 0.808510638298 0.918032786885
0.214903846154 0.25 0.157894736842 0.0895084372707 0.0467213114754
0.295192307692 0.5 0.263157894737 0.240645634629 0.249180327869
0.534134615385 1.0 0.526315789474 0.37417461482 0.437704918033
0.974038461538 0.25 0.973684210526 0.953044754219 0.95737704918
0.279807692308 0.25 0.210526315789 0.0821716801174 0.0565573770492
0.872115384615 0.0 0.921052631579 0.910491562729 0.887704918033
0.889423076923 0.75 0.921052631579 0.795304475422 0.990983606557
0.851442307692 0.5 0.842105263158 0.6698459281 0.777049180328
0.943269230769 0.75 0.947368421053 0.806309611152 0.886885245902
0.216826923077 0.0 0.184210526316 0.112986060161 0.0696721311475
0.686057692308 0.0 0.763157894737 0.677182685253 0.703278688525
0.864423076923 0.5 0.894736842105 0.861335289802 0.897540983607
0.421634615385 0.75 0.368421052632 0.195891415994 0.222131147541
0.9125 0.0 0.842105263158 0.658107116654 0.747540983607
0.885576923077 0.0 0.947368421053 0.835656639765 0.874590163934
0.445673076923 0.75 0.447368421053 0.408657373441 0.490163934426
0.722115384615 0.75 0.631578947368 0.374908290536 0.448360655738
0.693269230769 0.75 0.657894736842 0.717534849596 0.736885245902
0.535096153846 1.0 0.526315789474 0.356566397652 0.38606557377
0.491346153846 0.0 0.552631578947 0.544387380778 0.485245901639
0.247115384615 0.25 0.184210526316 0.0895084372707 0.0467213114754
0.264903846154 0.0 0.263157894737 0.195157740279 0.174590163934
0.202403846154 0.0 0.157894736842 0.145267791636 0.12868852459
0.409615384615 0.0 0.447368421053 0.345561261922 0.34262295082
0.381730769231 0.0 0.394736842105 0.369772560528 0.325409836066
0.677884615385 0.0 0.736842105263 0.63683052091 0.636885245902
0.577403846154 0.0 0.657894736842 0.509170946442 0.502459016393
0.818269230769 0.0 0.868421052632 0.757153338225 0.825409836066
0.509615384615 0.5 0.421052631579 0.179016874541 0.240163934426
0.788942307692 1.0 0.736842105263 0.688921496698 0.809016393443
0.590865384615 0.5 0.5 0.329420396185 0.431967213115
0.761057692308 1.0 0.789473684211 0.668378576669 0.80737704918
0.539423076923 0.75 0.552631578947 0.463683052091 0.525409836066
0.737019230769 0.5 0.763157894737 0.524578136464 0.684426229508
0.847115384615 0.0 0.894736842105 0.699192956713 0.787704918033
0.55 0.0 0.605263157895 0.566397652238 0.519672131148
0.725961538462 0.0 0.789473684211 0.702127659574 0.679508196721
0.747115384615 0.0 0.815789473684 0.709464416728 0.741803278689
0.187980769231 0.0 0.131578947368 0.112986060161 0.0696721311475
0.319230769231 0.25 0.236842105263 0.169479090242 0.130327868852
0.412019230769 0.75 0.394736842105 0.25165077036 0.283606557377
0.9375 0.75 0.894736842105 0.759354365371 0.839344262295
0.23125 0.0 0.210526315789 0.145267791636 0.12868852459
0.868269230769 0.5 0.921052631579 0.893617021277 0.829508196721
0.452884615385 0.0 0.5 0.424064563463 0.377868852459
0.586057692308 1.0 0.605263157895 0.547322083639 0.597540983607
0.287019230769 0.0 0.289473684211 0.249449743213 0.248360655738
0.356730769231 0.0 0.368421052632 0.245781364637 0.2
0.607692307692 0.0 0.684210526316 0.56126192223 0.545081967213
0.793269230769 0.0 0.842105263158 0.803374908291 0.794262295082
0.317307692308 0.5 0.263157894737 0.137931034483 0.15737704918
0.396153846154 0.0 0.421052631579 0.415994130594 0.368852459016
0.646153846154 0.0 0.710526315789 0.58180484226 0.631147540984
0.787019230769 1.0 0.710526315789 0.586940572267 0.759016393443
0.570192307692 0.0 0.631578947368 0.524578136464 0.595901639344
0.521634615385 0.0 0.578947368421 0.534849596478 0.468852459016
0.826442307692 0.75 0.868421052632 0.820249449743 0.919672131148
0.475 0.0 0.526315789474 0.487160674982 0.479508196721
0.708653846154 1.0 0.684210526316 0.479823917828 0.600819672131
0.197596153846 0.0 0.131578947368 0.072633895818 0.00983606557377
0.178365384615 0.0 0.105263157895 0.072633895818 0.00983606557377
0.571634615385 0.5 0.473684210526 0.240645634629 0.268852459016
0.363942307692 0.5 0.315789473684 0.139398385913 0.153278688525
0.657211538462 1.0 0.578947368421 0.492296404989 0.606557377049
0.443269230769 0.0 0.473684210526 0.382978723404 0.365573770492
0.269711538462 0.0 0.236842105263 0.122523844461 0.055737704918
0.936538461538 0.25 0.921052631579 0.820249449743 0.93606557377
0.245673076923 0.0 0.236842105263 0.195157740279 0.174590163934
0.335096153846 0.0 0.342105263158 0.249449743213 0.248360655738
0.297596153846 0.0 0.236842105263 0.101247248716 0.0295081967213
0.927884615385 0.5 0.947368421053 0.798239178283 0.884426229508
0.396634615385 0.0 0.315789473684 0.072633895818 0.00983606557377
0.84375 0.25 0.868421052632 0.747615553925 0.869672131148
0.874038461538 0.5 0.921052631579 0.833455612619 0.889344262295
0.882692307692 0.25 0.868421052632 0.848862802641 0.924590163934
0.341826923077 0.5 0.289473684211 0.217901687454 0.249180327869
0.802884615385 0.25 0.763157894737 0.57226705796 0.61393442623
0.785096153846 0.0 0.789473684211 0.619955979457 0.613114754098
0.75625 0.0 0.815789473684 0.821716801174 0.859016393443
0.7125 0.25 0.684210526316 0.537050623624 0.62868852459
0.677403846154 0.5 0.736842105263 0.644900953778 0.651639344262
0.851923076923 0.5 0.894736842105 0.899486426999 0.879508196721
0.214903846154 0.25 0.157894736842 0.0895084372707 0.0467213114754
0.30625 0.0 0.315789473684 0.249449743213 0.248360655738
0.485576923077 0.0 0.473684210526 0.396918561996 0.439344262295
0.250480769231 0.0 0.236842105263 0.162876008804 0.115573770492
0.740865384615 0.5 0.736842105263 0.708730741012 0.766393442623
0.6625 0.25 0.710526315789 0.629493763756 0.708196721311
0.327403846154 0.25 0.289473684211 0.170946441673 0.126229508197
0.795192307692 0.5 0.789473684211 0.732208363903 0.818852459016
0.862980769231 0.75 0.815789473684 0.754218635363 0.909016393443
0.555288461538 0.0 0.605263157895 0.479090242113 0.467213114754
0.906730769231 0.25 0.921052631579 0.853264856933 0.916393442623
0.278846153846 0.0 0.210526315789 0.133528980191 0.1
0.898557692308 0.5 0.921052631579 0.819515774028 0.92868852459
0.750961538462 0.25 0.763157894737 0.724137931034 0.78606557377
0.774519230769 0.25 0.789473684211 0.793837123991 0.795901639344
0.815384615385 0.25 0.842105263158 0.782831988261 0.815573770492
0.703365384615 0.75 0.710526315789 0.61628760088 0.756557377049
0.24375 0.25 0.210526315789 0.184152604549 0.180327868852
0.775961538462 1.0 0.710526315789 0.51577402788 0.706557377049
0.192788461538 0.0 0.131578947368 0.104915627293 0.0688524590164
0.229326923077 0.0 0.184210526316 0.167278063096 0.143442622951
0.352403846154 0.0 0.289473684211 0.192956713133 0.216393442623
0.830769230769 0.25 0.763157894737 0.689655172414 0.848360655738
0.716346153846 0.25 0.736842105263 0.59427732942 0.509016393443
0.415384615385 0.0 0.342105263158 0.146735143067 0.106557377049
0.859615384615 0.0 0.868421052632 0.730007336757 0.895081967213
0.855769230769 0.5 0.894736842105 0.811445341159 0.859836065574
0.275480769231 0.25 0.236842105263 0.190022010271 0.159016393443
0.556730769231 0.25 0.605263157895 0.550990462216 0.573770491803
0.298076923077 0.0 0.236842105263 0.111518708731 0.0819672131148
0.931730769231 0.75 0.973684210526 0.85693323551 0.920491803279
0.823076923077 0.25 0.789473684211 0.529713866471 0.560655737705
0.212019230769 0.0 0.157894736842 0.104915627293 0.0688524590164
0.741826923077 0.5 0.789473684211 0.767424798239 0.781967213115
0.808173076923 0.25 0.789473684211 0.579603815114 0.59262295082
0.895192307692 0.25 0.842105263158 0.711665443874 0.827049180328
0.813461538462 0.0 0.789473684211 0.662509170946 0.655737704918
0.29375 0.0 0.210526315789 0.0983125458547 0.0827868852459
0.76875 0.75 0.815789473684 0.841526045488 0.914754098361
0.865384615385 0.5 0.894736842105 0.776228906823 0.838524590164
0.360096153846 0.0 0.315789473684 0.141599413059 0.0893442622951
0.806730769231 0.5 0.842105263158 0.641966250917 0.694262295082
0.637019230769 0.25 0.631578947368 0.391049156273 0.443442622951
0.732211538462 0.25 0.789473684211 0.73734409391 0.7
0.293269230769 0.0 0.210526315789 0.101247248716 0.0409836065574
0.627403846154 0.0 0.657894736842 0.539985326486 0.523770491803
0.938461538462 0.5 0.894736842105 0.817314746882 0.910655737705
0.344711538462 0.25 0.315789473684 0.139398385913 0.0926229508197
0.788461538462 0.25 0.842105263158 0.719002201027 0.802459016393
0.580288461538 0.75 0.605263157895 0.491562729274 0.511475409836
0.707211538462 0.5 0.763157894737 0.630961115187 0.647540983607
0.542307692308 0.0 0.578947368421 0.446074834923 0.527868852459
0.614903846154 0.25 0.657894736842 0.556126192223 0.58606557377
0.4625 0.25 0.368421052632 0.215700660308 0.230327868852
0.74375 0.25 0.736842105263 0.586206896552 0.530327868852
0.319230769231 0.25 0.315789473684 0.201027146001 0.237704918033
0.686538461538 0.5 0.657894736842 0.494497432135 0.665573770492
0.564903846154 0.25 0.605263157895 0.440939104916 0.501639344262
0.277403846154 0.0 0.236842105263 0.126925898753 0.0696721311475
0.434615384615 0.25 0.421052631579 0.331621423331 0.390163934426
0.496634615385 0.25 0.447368421053 0.296404988995 0.361475409836
0.641826923077 0.5 0.684210526316 0.576669112252 0.559016393443
0.441346153846 0.0 0.447368421053 0.380044020543 0.354918032787
0.527403846154 0.0 0.526315789474 0.388114453412 0.40737704918
0.308173076923 0.0 0.263157894737 0.179016874541 0.165573770492
0.314423076923 0.25 0.263157894737 0.182685253118 0.19262295082
0.770192307692 0.0 0.763157894737 0.608950843727 0.659836065574
0.514903846154 0.25 0.526315789474 0.46074834923 0.376229508197
0.370192307692 0.0 0.342105263158 0.266324284666 0.268032786885
0.787019230769 0.5 0.842105263158 0.692589875275 0.727049180328
0.735576923077 0.0 0.789473684211 0.742479823918 0.733606557377
0.304326923077 0.25 0.289473684211 0.207630227439 0.145901639344
0.482692307692 0.25 0.5 0.485693323551 0.420491803279
0.694711538462 0.5 0.736842105263 0.741012472487 0.834426229508
0.8375 0.25 0.842105263158 0.6698459281 0.745081967213
0.387980769231 0.0 0.342105263158 0.233308877476 0.239344262295
0.551923076923 0.25 0.5 0.301540719002 0.413114754098
0.405769230769 0.0 0.315789473684 0.138664710198 0.14262295082
0.840384615385 0.5 0.868421052632 0.782098312546 0.837704918033
0.765384615385 0.0 0.763157894737 0.603081438004 0.579508196721
0.680288461538 0.75 0.684210526316 0.574468085106 0.715573770492
0.520673076923 0.5 0.526315789474 0.41672780631 0.401639344262
0.375 0.0 0.289473684211 0.159207630227 0.172950819672
0.310576923077 0.0 0.263157894737 0.228173147469 0.233606557377
0.387019230769 0.25 0.368421052632 0.288334556126 0.337704918033
0.472596153846 0.0 0.447368421053 0.344093910492 0.35737704918
0.463942307692 0.25 0.447368421053 0.30667644901 0.27131147541
0.769711538462 0.5 0.842105263158 0.80190755686 0.854098360656
0.672115384615 0.0 0.710526315789 0.676449009538 0.72131147541
0.697596153846 0.0 0.684210526316 0.663242846662 0.699180327869
0.478365384615 0.0 0.421052631579 0.219369038885 0.259836065574
0.630288461538 0.25 0.578947368421 0.4497432135 0.561475409836
0.337980769231 0.0 0.315789473684 0.257520176082 0.30737704918
0.410576923077 0.0 0.394736842105 0.327219369039 0.261475409836
0.890384615385 0.0 0.921052631579 0.763756419663 0.88606557377
0.611057692308 0.25 0.552631578947 0.421129860602 0.497540983607
0.403365384615 0.25 0.342105263158 0.149669845928 0.148360655738
0.448076923077 0.0 0.394736842105 0.31768158474 0.320491803279
0.425 0.25 0.394736842105 0.289068231842 0.348360655738
0.622115384615 0.25 0.631578947368 0.570066030814 0.602459016393
0.50625 0.5 0.526315789474 0.456346294938 0.463114754098
0.287019230769 0.0 0.263157894737 0.23110785033 0.189344262295
0.666826923077 0.0 0.605263157895 0.46221570066 0.451639344262
0.357692307692 0.0 0.342105263158 0.292002934703 0.312295081967
0.500480769231 0.25 0.473684210526 0.360234776229 0.368032786885
0.598557692308 0.25 0.578947368421 0.316214233309 0.395081967213
0.46875 0.5 0.473684210526 0.371239911959 0.352459016393
0.623076923077 0.0 0.605263157895 0.38517975055 0.400819672131
0.333653846154 0.0 0.263157894737 0.111518708731 0.0737704918033
0.457692307692 0.0 0.394736842105 0.302274394718 0.210655737705
