0.736707238949 0.0 0.793103448276 0.811188811189 0.820430107527
0.723894939142 0.0 0.758620689655 0.679487179487 0.709677419355
0.907751441384 0.0 0.896551724138 0.74358974359 0.803225806452
0.68930172966 0.0 0.655172413793 0.590909090909 0.672043010753
0.702114029468 0.0 0.655172413793 0.597902097902 0.690322580645
0.961563100577 0.0 0.931034482759 0.871794871795 0.941935483871
0.687379884689 0.0 0.620689655172 0.502331002331 0.615053763441
0.740550928892 0.0 0.689655172414 0.597902097902 0.690322580645
0.740550928892 0.0 0.689655172414 0.597902097902 0.690322580645
0.67264573991 0.0 0.655172413793 0.547785547786 0.605376344086
0.820627802691 0.0 0.758620689655 0.618881118881 0.721505376344
0.759769378603 0.0 0.724137931034 0.677156177156 0.750537634409
0.759769378603 0.0 0.724137931034 0.677156177156 0.750537634409
0.805893657912 0.0 0.758620689655 0.655011655012 0.740860215054
0.85265855221 0.0 0.827586206897 0.681818181818 0.741935483871
0.718129404228 0.0 0.724137931034 0.70979020979 0.736559139785
0.77065983344 0.0 0.724137931034 0.590909090909 0.672043010753
0.935938500961 0.0 0.896551724138 0.814685314685 0.883870967742
0.775784753363 0.0 0.689655172414 0.573426573427 0.695698924731
0.86867392697 0.0 0.862068965517 0.782051282051 0.816129032258
0.984625240231 0.0 0.965517241379 0.777389277389 0.823655913978
0.586803331198 0.0 0.586206896552 0.550116550117 0.576344086022
0.586803331198 0.0 0.586206896552 0.550116550117 0.576344086022
0.586803331198 0.0 0.586206896552 0.550116550117 0.576344086022
0.839205637412 0.0 0.862068965517 0.806526806527 0.803225806452
0.657270980141 0.0 0.586206896552 0.511655011655 0.611827956989
0.657270980141 0.0 0.586206896552 0.511655011655 0.611827956989
0.657270980141 0.0 0.586206896552 0.511655011655 0.611827956989
0.768097373479 0.0 0.758620689655 0.638694638695 0.672043010753
0.663677130045 0.0 0.620689655172 0.504662004662 0.575268817204
0.670083279949 0.0 0.689655172414 0.721445221445 0.722580645161
0.839846252402 0.0 0.793103448276 0.664335664336 0.735483870968
0.599615631006 0.0 0.586206896552 0.55710955711 0.594623655914
0.599615631006 0.0 0.586206896552 0.55710955711 0.594623655914
0.599615631006 0.0 0.586206896552 0.55710955711 0.594623655914
0.676489429853 0.0 0.620689655172 0.511655011655 0.593548387097
0.676489429853 0.0 0.620689655172 0.511655011655 0.593548387097
0.818065342729 0.0 0.793103448276 0.664335664336 0.710752688172
0.62267777066 0.0 0.620689655172 0.562937062937 0.587096774194
0.618834080717 0.0 0.620689655172 0.636363636364 0.654838709677
0.625240230621 0.0 0.620689655172 0.550116550117 0.576344086022
0.680973734785 0.0 0.655172413793 0.664335664336 0.710752688172
0.778347213325 0.0 0.724137931034 0.636363636364 0.712903225806
0.695707879564 0.0 0.620689655172 0.511655011655 0.611827956989
0.706598334401 0.0 0.620689655172 0.487179487179 0.598924731183
0.792440743113 0.0 0.827586206897 0.807692307692 0.787096774194
0.689942344651 0.0 0.655172413793 0.461538461538 0.51935483871
0.85265855221 0.0 0.827586206897 0.757575757576 0.8
0.638052530429 0.0 0.620689655172 0.55710955711 0.594623655914
0.662395900064 0.0 0.655172413793 0.506993006993 0.534408602151
0.777065983344 0.0 0.793103448276 0.787878787879 0.786021505376
0.786034593209 0.0 0.758620689655 0.659673659674 0.705376344086
0.871877001922 0.0 0.862068965517 0.703962703963 0.730107526882
0.85265855221 0.0 0.793103448276 0.716783216783 0.794623655914
0.730941704036 0.0 0.689655172414 0.611888111888 0.672043010753
0.612427930814 0.0 0.586206896552 0.461538461538 0.508602150538
0.741191543882 0.0 0.724137931034 0.641025641026 0.675268817204
0.663677130045 0.0 0.655172413793 0.506993006993 0.534408602151
0.647021140295 0.0 0.586206896552 0.511655011655 0.593548387097
0.647021140295 0.0 0.586206896552 0.511655011655 0.593548387097
0.647021140295 0.0 0.586206896552 0.511655011655 0.593548387097
0.73734785394 0.0 0.724137931034 0.611888111888 0.641935483871
0.734144778988 0.0 0.689655172414 0.590909090909 0.65376344086
0.734144778988 0.0 0.689655172414 0.590909090909 0.65376344086
0.859064702114 0.0 0.827586206897 0.738927738928 0.784946236559
0.795003203075 0.0 0.793103448276 0.773892773893 0.788172043011
0.561178731582 0.0 0.551724137931 0.550116550117 0.576344086022
0.561178731582 0.0 0.551724137931 0.550116550117 0.576344086022
0.561178731582 0.0 0.551724137931 0.550116550117 0.576344086022
0.670083279949 0.0 0.655172413793 0.636363636364 0.666666666667
0.666239590006 0.0 0.620689655172 0.590909090909 0.65376344086
0.666239590006 0.0 0.620689655172 0.590909090909 0.65376344086
0.666239590006 0.0 0.620689655172 0.590909090909 0.65376344086
0.631646380525 0.0 0.551724137931 0.511655011655 0.611827956989
0.631646380525 0.0 0.551724137931 0.511655011655 0.611827956989
0.631646380525 0.0 0.551724137931 0.511655011655 0.611827956989
0.67264573991 0.0 0.620689655172 0.504662004662 0.575268817204
0.67264573991 0.0 0.620689655172 0.504662004662 0.575268817204
0.67264573991 0.0 0.620689655172 0.504662004662 0.575268817204
0.711723254324 0.0 0.620689655172 0.487179487179 0.598924731183
0.761050608584 0.0 0.724137931034 0.635198135198 0.687096774194
0.839846252402 0.0 0.793103448276 0.723776223776 0.783870967742
0.57399103139 0.0 0.551724137931 0.55710955711 0.594623655914
0.769378603459 0.0 0.724137931034 0.611888111888 0.672043010753
0.757206918642 0.0 0.793103448276 0.811188811189 0.781720430108
0.818065342729 0.0 0.793103448276 0.831002331002 0.864516129032
0.599615631006 0.0 0.586206896552 0.550116550117 0.576344086022
0.708520179372 0.0 0.689655172414 0.636363636364 0.666666666667
0.72133247918 0.0 0.655172413793 0.511655011655 0.593548387097
0.804612427931 0.0 0.793103448276 0.749417249417 0.769892473118
0.916720051249 0.0 0.862068965517 0.752913752914 0.818279569892
0.70467648943 0.0 0.655172413793 0.590909090909 0.65376344086
0.620755925689 0.0 0.586206896552 0.529137529138 0.577419354839
0.620755925689 0.0 0.586206896552 0.529137529138 0.577419354839
0.670083279949 0.0 0.586206896552 0.511655011655 0.611827956989
0.670083279949 0.0 0.586206896552 0.511655011655 0.611827956989
0.670083279949 0.0 0.586206896552 0.511655011655 0.611827956989
0.670083279949 0.0 0.586206896552 0.511655011655 0.611827956989
0.670083279949 0.0 0.586206896552 0.511655011655 0.611827956989
0.670083279949 0.0 0.586206896552 0.511655011655 0.611827956989
0.73734785394 0.0 0.758620689655 0.734265734266 0.720430107527
0.73734785394 0.0 0.758620689655 0.734265734266 0.720430107527
0.851377322229 0.0 0.793103448276 0.693473193473 0.763440860215
0.698910954516 0.0 0.655172413793 0.461538461538 0.51935483871
0.929532351057 0.0 0.896551724138 0.723776223776 0.765591397849
0.727738629084 0.0 0.724137931034 0.715617715618 0.72688172043
0.705957719411 0.0 0.620689655172 0.511655011655 0.611827956989
0.612427930814 0.0 0.586206896552 0.55710955711 0.594623655914
0.633568225496 0.0 0.586206896552 0.536130536131 0.595698924731
0.633568225496 0.0 0.586206896552 0.536130536131 0.595698924731
0.633568225496 0.0 0.586206896552 0.536130536131 0.595698924731
0.627802690583 0.0 0.620689655172 0.652680652681 0.667741935484
0.631646380525 0.0 0.620689655172 0.636363636364 0.654838709677
1.0 0.0 1.0 1.0 1.0
0.676489429853 0.0 0.620689655172 0.526806526807 0.593548387097
0.659192825112 0.0 0.620689655172 0.529137529138 0.577419354839
0.659192825112 0.0 0.620689655172 0.529137529138 0.577419354839
0.670083279949 0.0 0.620689655172 0.504662004662 0.564516129032
0.837283792441 0.0 0.827586206897 0.82634032634 0.838709677419
0.643818065343 0.0 0.620689655172 0.611888111888 0.641935483871
0.643818065343 0.0 0.620689655172 0.611888111888 0.641935483871
0.581037796284 0.0 0.551724137931 0.525641025641 0.563440860215
0.581037796284 0.0 0.551724137931 0.525641025641 0.563440860215
0.581037796284 0.0 0.551724137931 0.525641025641 0.563440860215
0.695067264574 0.0 0.655172413793 0.529137529138 0.577419354839
0.692504804612 0.0 0.655172413793 0.504662004662 0.550537634409
0.801409352979 0.0 0.827586206897 0.824009324009 0.797849462366
0.70467648943 0.0 0.724137931034 0.674825174825 0.658064516129
0.67200512492 0.0 0.620689655172 0.536130536131 0.595698924731
0.67200512492 0.0 0.620689655172 0.536130536131 0.595698924731
0.820627802691 0.0 0.758620689655 0.592074592075 0.661290322581
0.674567584881 0.0 0.655172413793 0.602564102564 0.62688172043
0.554772581678 0.0 0.51724137931 0.470862470862 0.516129032258
0.554772581678 0.0 0.51724137931 0.470862470862 0.516129032258
0.561178731582 0.0 0.551724137931 0.463869463869 0.479569892473
0.691223574632 0.0 0.655172413793 0.615384615385 0.655913978495
0.638052530429 0.0 0.620689655172 0.642191142191 0.662365591398
0.787956438181 0.0 0.793103448276 0.715617715618 0.710752688172
0.642536835362 0.0 0.620689655172 0.550116550117 0.576344086022
0.644458680333 0.0 0.655172413793 0.635198135198 0.625806451613
0.670083279949 0.0 0.620689655172 0.539627039627 0.594623655914
0.875720691864 0.0 0.862068965517 0.82634032634 0.838709677419
0.663677130045 0.0 0.620689655172 0.529137529138 0.577419354839
0.727738629084 0.0 0.655172413793 0.5337995338 0.611827956989
0.795003203075 0.0 0.689655172414 0.487179487179 0.598924731183
0.593209481102 0.0 0.551724137931 0.470862470862 0.516129032258
0.833440102498 0.0 0.862068965517 0.93006993007 0.893548387097
0.839846252402 0.0 0.827586206897 0.65034965035 0.661290322581
0.722613709161 0.0 0.655172413793 0.511655011655 0.582795698925
0.676489429853 0.0 0.689655172414 0.721445221445 0.704301075269
0.702114029468 0.0 0.655172413793 0.625874125874 0.67311827957
0.602178090967 0.0 0.51724137931 0.425407925408 0.515053763441
0.602178090967 0.0 0.51724137931 0.425407925408 0.515053763441
0.602178090967 0.0 0.51724137931 0.425407925408 0.515053763441
0.602178090967 0.0 0.51724137931 0.425407925408 0.515053763441
0.602178090967 0.0 0.51724137931 0.425407925408 0.515053763441
0.602178090967 0.0 0.51724137931 0.425407925408 0.515053763441
0.782190903267 0.0 0.724137931034 0.504662004662 0.564516129032
0.907751441384 0.0 0.896551724138 0.805361305361 0.810752688172
0.712363869315 0.0 0.724137931034 0.721445221445 0.704301075269
0.830877642537 0.0 0.862068965517 0.876456876457 0.835483870968
0.625240230621 0.0 0.586206896552 0.550116550117 0.588172043011
0.638052530429 0.0 0.551724137931 0.425407925408 0.515053763441
0.631646380525 0.0 0.620689655172 0.543123543124 0.551612903226
0.718770019218 0.0 0.655172413793 0.620046620047 0.681720430108
0.718770019218 0.0 0.655172413793 0.620046620047 0.681720430108
0.627802690583 0.0 0.620689655172 0.642191142191 0.644086021505
0.731582319026 0.0 0.758620689655 0.829836829837 0.79247311828
0.740550928892 0.0 0.689655172414 0.625874125874 0.67311827957
0.749519538757 0.0 0.793103448276 0.856643356643 0.8
0.647021140295 0.0 0.655172413793 0.721445221445 0.704301075269
0.824471492633 0.0 0.827586206897 0.708624708625 0.696774193548
0.96732863549 0.0 0.965517241379 1.0 0.988172043011
0.612427930814 0.0 0.586206896552 0.642191142191 0.662365591398
0.653427290199 0.0 0.655172413793 0.635198135198 0.625806451613
0.727738629084 0.0 0.689655172414 0.610722610723 0.643010752688
0.746316463805 0.0 0.724137931034 0.681818181818 0.695698924731
0.670083279949 0.0 0.655172413793 0.543123543124 0.551612903226
0.769378603459 0.0 0.758620689655 0.658508158508 0.659139784946
0.638052530429 0.0 0.620689655172 0.636363636364 0.644086021505
0.830877642537 0.0 0.827586206897 0.955710955711 0.943010752688
0.650864830237 0.0 0.655172413793 0.662004662005 0.64623655914
0.650864830237 0.0 0.620689655172 0.642191142191 0.662365591398
0.889814221653 0.0 0.862068965517 0.868298368298 0.881720430108
0.800128122998 0.0 0.758620689655 0.613053613054 0.644086021505
0.708520179372 0.0 0.655172413793 0.620046620047 0.663440860215
0.77130044843 0.0 0.758620689655 0.705128205128 0.704301075269
0.859064702114 0.0 0.793103448276 0.568764568765 0.625806451613
0.829596412556 0.0 0.724137931034 0.60372960373 0.701075268817
0.796284433056 0.0 0.758620689655 0.679487179487 0.704301075269
0.757847533632 0.0 0.689655172414 0.61655011655 0.674193548387
0.711082639334 0.0 0.689655172414 0.66317016317 0.670967741935
0.99935938501 0.0 0.965517241379 0.952214452214 0.967741935484
0.629724535554 0.0 0.586206896552 0.600233100233 0.632258064516
0.727738629084 0.0 0.689655172414 0.699300699301 0.723655913978
0.793721973094 0.0 0.724137931034 0.636363636364 0.694623655914
0.793721973094 0.0 0.724137931034 0.636363636364 0.694623655914
0.789878283152 0.0 0.758620689655 0.681818181818 0.698924731183
0.720051249199 0.0 0.655172413793 0.579254079254 0.633333333333
0.746957078796 0.0 0.689655172414 0.620046620047 0.663440860215
