0.829731499673 0.333333333333 0.793103448276 0.681692732291 0.542490118577
0.814014407335 0.166666666667 0.862068965517 0.88132474701 0.782608695652
0.720366732155 0.166666666667 0.724137931034 0.741490340386 0.577075098814
0.499672560576 0.166666666667 0.448275862069 0.378104875805 0.27371541502
0.687622789784 0.166666666667 0.689655172414 0.673413063477 0.504940711462
0.521283562541 0.333333333333 0.448275862069 0.263109475621 0.176877470356
0.609037328094 0.5 0.620689655172 0.629254829807 0.633399209486
0.793058284217 0.5 0.827586206897 0.697332106716 0.749011857708
0.615586116568 0.166666666667 0.586206896552 0.610855565777 0.449604743083
0.275703994761 0.0 0.206896551724 0.182152713891 0.155138339921
0.561231172233 0.5 0.51724137931 0.2502299908 0.164031620553
0.696791093648 0.666666666667 0.689655172414 0.422263109476 0.391304347826
0.840209561231 0.333333333333 0.896551724138 0.952161913523 0.865612648221
0.77472167649 0.166666666667 0.793103448276 0.799448022079 0.74209486166
0.538965291421 0.333333333333 0.551724137931 0.558417663293 0.550395256917
0.513425016372 0.166666666667 0.51724137931 0.450781968721 0.502964426877
0.525212835625 0.333333333333 0.448275862069 0.21251149954 0.154150197628
0.39489194499 0.333333333333 0.344827586207 0.180312787489 0.145256916996
0.694171578258 0.333333333333 0.689655172414 0.555657773689 0.659090909091
0.550098231827 0.333333333333 0.551724137931 0.472861085557 0.499011857708
0.77472167649 0.166666666667 0.689655172414 0.602575896964 0.466403162055
0.814014407335 0.333333333333 0.827586206897 0.70009199632 0.583003952569
0.546168958743 0.333333333333 0.551724137931 0.590616375345 0.572134387352
0.546168958743 0.333333333333 0.551724137931 0.590616375345 0.572134387352
0.635887360838 0.166666666667 0.586206896552 0.298988040478 0.22628458498
0.675180091683 0.166666666667 0.620689655172 0.298988040478 0.22628458498
0.972495088409 1.0 0.896551724138 0.58141674333 0.634387351779
0.706614276359 0.166666666667 0.655172413793 0.488500459982 0.442687747036
0.533071381794 0.166666666667 0.448275862069 0.253909843606 0.259881422925
0.471512770138 0.333333333333 0.448275862069 0.392824287029 0.443675889328
0.615586116568 0.166666666667 0.620689655172 0.505059797608 0.387351778656
0.54944335298 0.666666666667 0.48275862069 0.36890524379 0.301383399209
0.816633922724 0.5 0.758620689655 0.551057957682 0.415019762846
0.618860510806 0.333333333333 0.551724137931 0.252989880405 0.225296442688
0.666011787819 0.166666666667 0.655172413793 0.505059797608 0.387351778656
0.892599869024 0.5 0.827586206897 0.515179392824 0.645256916996
0.557956777996 0.333333333333 0.48275862069 0.359705611776 0.282608695652
0.75442043222 0.333333333333 0.655172413793 0.477460901564 0.434782608696
0.692861820563 0.333333333333 0.551724137931 0.123275068997 0.0998023715415
0.775376555337 0.333333333333 0.724137931034 0.33118675253 0.314229249012
0.715782580223 0.0 0.689655172414 0.544618215271 0.371541501976
0.846758349705 0.0 0.793103448276 0.576816927323 0.459486166008
0.354289456451 0.166666666667 0.310344827586 0.182152713891 0.155138339921
0.495743287492 0.5 0.448275862069 0.303587856486 0.310276679842
0.446627373936 0.166666666667 0.379310344828 0.209751609936 0.0928853754941
0.3798297315 0.333333333333 0.275862068966 0.0910763569457 0.0118577075099
0.703339882122 0.333333333333 0.551724137931 0.123275068997 0.0998023715415
0.936476751801 1.0 0.827586206897 0.352345906164 0.407114624506
0.719711853307 0.5 0.655172413793 0.406623735051 0.46837944664
0.865094957433 0.5 0.862068965517 0.493100275989 0.647233201581
0.446627373936 0.333333333333 0.413793103448 0.209751609936 0.0928853754941
0.54944335298 0.5 0.551724137931 0.371665133395 0.319169960474
0.633267845449 0.333333333333 0.586206896552 0.340386384545 0.220355731225
0.647675180092 0.333333333333 0.586206896552 0.413983440662 0.244071146245
0.622134905043 0.5 0.655172413793 0.679852805888 0.705533596838
0.943680419122 0.5 1.0 1.0 1.0
0.354289456451 0.0 0.310344827586 0.26218951242 0.2104743083
0.334643091028 0.0 0.275862068966 0.221711131555 0.139328063241
0.7721021611 0.166666666667 0.689655172414 0.7497700092 0.51581027668
0.527832351015 0.0 0.448275862069 0.41858325667 0.268774703557
0.685658153242 0.0 0.655172413793 0.544618215271 0.371541501976
0.705304518664 0.0 0.689655172414 0.585096596136 0.442687747036
0.664702030124 0.5 0.620689655172 0.342226310948 0.358695652174
1.0 0.666666666667 0.931034482759 0.694572217111 0.644268774704
0.764898493779 0.333333333333 0.724137931034 0.411223551058 0.47628458498
0.855926653569 0.5 0.827586206897 0.620055197792 0.585968379447
0.309757694826 0.0 0.206896551724 0.0910763569457 0.0118577075099
0.584151931893 0.0 0.413793103448 0.26218951242 0.166007905138
0.869024230517 0.5 0.931034482759 0.764489420423 0.886363636364
0.840209561231 0.166666666667 0.896551724138 0.930082796688 0.869565217391
0.912246234447 0.166666666667 0.862068965517 0.627414903404 0.53162055336
0.773411918795 0.333333333333 0.689655172414 0.241950321987 0.180830039526
0.559266535691 0.166666666667 0.51724137931 0.467341306348 0.431818181818
0.669941060904 0.0 0.586206896552 0.535418583257 0.427865612648
0.6961362148 0.166666666667 0.655172413793 0.658693652254 0.568181818182
0.811394891945 0.0 0.793103448276 0.792088316467 0.573122529644
0.855271774722 0.166666666667 0.862068965517 0.913523459062 0.728260869565
0.650294695481 0.166666666667 0.586206896552 0.540018399264 0.423913043478
0.887360838245 0.666666666667 0.827586206897 0.489420423183 0.458498023715
0.867714472823 0.833333333333 0.827586206897 0.570377184913 0.542490118577
