0.379893238434 0.0 0.439024390244 0.387886597938 0.41592920354
0.60409252669 0.0 0.609756097561 0.606958762887 0.789085545723
0.657473309609 0.0 0.682926829268 0.614046391753 0.712389380531
0.646797153025 0.0 0.731707317073 0.723582474227 0.870943952802
0.967971530249 0.0 0.853658536585 0.8125 0.93215339233
0.301601423488 0.0 0.365853658537 0.314432989691 0.428466076696
0.495551601423 0.0 0.463414634146 0.422680412371 0.449852507375
0.48665480427 0.0 0.487804878049 0.458762886598 0.468289085546
0.275800711744 0.0 0.365853658537 0.385953608247 0.406342182891
0.51334519573 0.0 0.463414634146 0.42912371134 0.434365781711
0.643683274021 0.0 0.682926829268 0.621134020619 0.786135693215
0.482651245552 0.666666666667 0.512195121951 0.465206185567 0.681415929204
0.534252669039 0.0 0.585365853659 0.549613402062 0.633480825959
0.748665480427 0.0 0.731707317073 0.635953608247 0.725663716814
0.841637010676 0.0 0.829268292683 0.815721649485 0.840707964602
1.0 0.0 1.0 1.0 1.0
0.577846975089 0.666666666667 0.634146341463 0.572164948454 0.684365781711
0.391014234875 0.0 0.439024390244 0.391108247423 0.475663716814
0.439501779359 0.0 0.414634146341 0.358891752577 0.457227138643
0.342526690391 0.0 0.390243902439 0.326675257732 0.421828908555
0.496441281139 0.0 0.536585365854 0.478092783505 0.626843657817
0.634786476868 0.0 0.560975609756 0.480670103093 0.552359882006
0.538701067616 0.0 0.658536585366 0.683634020619 0.757374631268
0.491548042705 0.0 0.487804878049 0.469716494845 0.497787610619
0.71975088968 0.666666666667 0.731707317073 0.656572164948 0.749262536873
0.677491103203 0.666666666667 0.682926829268 0.58956185567 0.658554572271
0.627224199288 0.0 0.609756097561 0.524484536082 0.530235988201
0.748665480427 0.0 0.731707317073 0.635953608247 0.725663716814
0.440391459075 0.0 0.463414634146 0.389175257732 0.457227138643
1.0 0.0 1.0 1.0 1.0
0.912366548043 0.0 0.80487804878 0.692010309278 0.909292035398
0.759786476868 0.0 0.731707317073 0.644329896907 0.776548672566
0.448398576512 0.666666666667 0.512195121951 0.412371134021 0.533185840708
0.563612099644 0.666666666667 0.585365853659 0.503865979381 0.621681415929
0.557384341637 0.0 0.585365853659 0.611469072165 0.676253687316
0.417259786477 0.666666666667 0.512195121951 0.496134020619 0.66814159292
0.461743772242 0.666666666667 0.487804878049 0.420103092784 0.518436578171
0.709519572954 0.666666666667 0.756097560976 0.681701030928 0.876843657817
0.495551601423 0.0 0.463414634146 0.422680412371 0.449852507375
0.64768683274 0.666666666667 0.634146341463 0.557989690722 0.657079646018
0.3371886121 0.0 0.390243902439 0.274484536082 0.312684365782
0.615213523132 0.666666666667 0.560975609756 0.474871134021 0.590707964602
0.540925266904 0.0 0.609756097561 0.479381443299 0.524336283186
0.945284697509 0.0 0.90243902439 0.927190721649 0.986725663717
0.509786476868 0.666666666667 0.585365853659 0.555412371134 0.641592920354
0.67793594306 0.666666666667 0.731707317073 0.690721649485 0.83185840708
0.547597864769 0.0 0.560975609756 0.538015463918 0.582595870206
0.884341637011 0.0 0.878048780488 0.844072164948 0.893067846608
0.717081850534 0.0 0.634146341463 0.550257731959 0.651179941003
0.538701067616 0.0 0.658536585366 0.683634020619 0.757374631268
0.64590747331 0.0 0.658536585366 0.601804123711 0.756637168142
0.721975088968 1.0 0.682926829268 0.577319587629 0.700589970501
0.678825622776 0.666666666667 0.585365853659 0.510953608247 0.620943952802
0.556049822064 0.666666666667 0.512195121951 0.416881443299 0.511799410029
0.671263345196 0.0 0.731707317073 0.739690721649 0.893067846608
0.781583629893 0.0 0.829268292683 0.85631443299 0.931415929204
0.891459074733 0.0 0.80487804878 0.691365979381 0.795722713864
0.502224199288 0.0 0.487804878049 0.45618556701 0.647492625369
0.678825622776 0.666666666667 0.731707317073 0.689432989691 0.825221238938
0.336743772242 0.666666666667 0.414634146341 0.336340206186 0.400442477876
0.863879003559 0.0 0.756097560976 0.739046391753 0.759587020649
0.569839857651 0.0 0.560975609756 0.559278350515 0.558997050147
0.508007117438 0.0 0.560975609756 0.506443298969 0.634955752212
0.605871886121 0.0 0.682926829268 0.637242268041 0.786135693215
0.692615658363 0.0 0.80487804878 0.854381443299 0.91814159292
0.77090747331 0.0 0.780487804878 0.775773195876 0.918879056047
0.275800711744 0.0 0.365853658537 0.385953608247 0.406342182891
0.601423487544 0.0 0.658536585366 0.667525773196 0.870206489676
0.394128113879 0.333333333333 0.439024390244 0.365335051546 0.487463126844
0.502224199288 0.333333333333 0.487804878049 0.385953608247 0.556784660767
0.458185053381 0.0 0.536585365854 0.449742268041 0.602507374631
0.665035587189 0.666666666667 0.731707317073 0.707474226804 0.828171091445
0.580071174377 0.333333333333 0.658536585366 0.586984536082 0.713864306785
0.634341637011 0.333333333333 0.731707317073 0.65206185567 0.749262536873
0.42037366548 0.0 0.390243902439 0.335051546392 0.407079646018
0.275800711744 0.0 0.365853658537 0.385953608247 0.406342182891
0.609430604982 0.0 0.634146341463 0.581829896907 0.738200589971
0.658362989324 0.0 0.682926829268 0.628221649485 0.725663716814
0.691725978648 0.0 0.731707317073 0.672036082474 0.733038348083
0.619661921708 0.0 0.634146341463 0.600515463918 0.662241887906
0.780693950178 0.0 0.731707317073 0.657860824742 0.791297935103
0.388790035587 0.0 0.439024390244 0.40206185567 0.457227138643
0.502224199288 0.0 0.487804878049 0.45618556701 0.647492625369
0.50756227758 0.0 0.560975609756 0.462628865979 0.616519174041
0.883451957295 0.0 0.80487804878 0.813144329897 0.849557522124
0.763790035587 0.0 0.707317073171 0.711984536082 0.771386430678
0.245551601423 0.666666666667 0.268292682927 0.1875 0.241887905605
0.268683274021 0.666666666667 0.292682926829 0.207474226804 0.225663716814
0.468861209964 0.0 0.439024390244 0.358891752577 0.457227138643
0.548042704626 0.0 0.585365853659 0.498067010309 0.614306784661
0.461743772242 0.666666666667 0.536585365854 0.466494845361 0.592920353982
0.637010676157 0.0 0.609756097561 0.548324742268 0.715339233038
0.438612099644 0.0 0.487804878049 0.481958762887 0.559734513274
0.395462633452 0.0 0.439024390244 0.41881443299 0.456489675516
0.603202846975 0.0 0.560975609756 0.50837628866 0.681415929204
0.55293594306 0.0 0.512195121951 0.440077319588 0.605457227139
0.810498220641 0.0 0.80487804878 0.79381443299 0.818584070796
0.286476868327 0.0 0.365853658537 0.35824742268 0.40191740413
0.628113879004 0.0 0.609756097561 0.53543814433 0.656342182891
0.930160142349 0.0 0.780487804878 0.730670103093 0.87389380531
