0.119294605809 1.0 0.163265306122 0.100989068194 0.130526315789
1.0 0.0 0.979591836735 0.897449245185 0.992631578947
0.18948824343 0.0 0.224489795918 0.12753774076 0.0973684210526
0.11652835408 0.0 0.163265306122 0.128578865174 0.102631578947
0.913208852006 0.0 0.897959183673 0.833940655908 1.0
0.960580912863 0.0 1.0 1.0 0.999473684211
0.901106500692 1.0 0.897959183673 0.819364914107 0.871052631579
0.918741355463 0.0 0.959183673469 0.94638209266 0.988421052632
0.918741355463 0.0 0.897959183673 0.787090057262 0.975263157895
0.87275242047 0.0 0.897959183673 0.841749089016 0.936842105263
0.845089903181 0.0 0.918367346939 0.935450286309 0.986842105263
0.770055325035 1.0 0.816326530612 0.679333680375 0.786315789474
0.807053941909 0.0 0.877551020408 0.817803227486 0.81
0.917704011065 0.0 0.918367346939 0.809994794378 0.908421052632
0.854771784232 0.0 0.918367346939 0.857365955232 0.868421052632
0.835062240664 0.0 0.897959183673 0.760541384695 0.833157894737
0.196403872752 1.0 0.265306122449 0.183237896929 0.237368421053
0.135892116183 0.0 0.183673469388 0.11087975013 0.114210526316
0.881051175657 0.0 0.877551020408 0.820926600729 0.853684210526
0.199861687414 1.0 0.244897959184 0.16814159292 0.214210526316
0.636929460581 1.0 0.795918367347 0.796980739198 0.893157894737
0.36652835408 0.0 0.510204081633 0.41592920354 0.501578947368
0.277662517289 1.0 0.367346938776 0.290473711609 0.337894736842
0.758644536653 0.0 0.857142857143 0.832899531494 0.899473684211
0.716459197787 0.0 0.795918367347 0.729307652264 0.873157894737
0.794951590595 1.0 0.755102040816 0.618427902134 0.746315789474
0.671161825726 1.0 0.69387755102 0.565330557002 0.576842105263
0.157330567082 0.0 0.224489795918 0.141072358147 0.188947368421
0.383817427386 1.0 0.34693877551 0.20510150963 0.25
0.140387275242 0.0 0.204081632653 0.145236855804 0.143157894737
0.184301521438 1.0 0.224489795918 0.150442477876 0.206315789474
0.151452282158 1.0 0.183673469388 0.113482561166 0.184210526316
0.168049792531 0.0 0.244897959184 0.23112961999 0.162105263158
0.233748271093 0.0 0.34693877551 0.32899531494 0.333157894737
0.844744121715 1.0 0.857142857143 0.783966684019 0.918947368421
0.745504840941 1.0 0.775510204082 0.689744924518 0.794736842105
0.731673582296 0.0 0.836734693878 0.695991671005 0.848421052632
0.482019363762 0.0 0.65306122449 0.639250390422 0.754736842105
0.428423236515 0.0 0.591836734694 0.585632483082 0.585789473684
0.389349930844 1.0 0.428571428571 0.301405517959 0.344210526316
0.596473029046 0.0 0.734693877551 0.632483081728 0.726842105263
0.319847856155 0.0 0.387755102041 0.315460697553 0.285263157895
0.168395573997 0.0 0.204081632653 0.137428422697 0.143157894737
0.684993084371 0.0 0.734693877551 0.602811035919 0.665789473684
0.501728907331 1.0 0.489795918367 0.391983342009 0.466315789474
0.545297372061 0.0 0.69387755102 0.713170223842 0.690526315789
0.70643153527 1.0 0.65306122449 0.554919312858 0.637894736842
0.556362378976 0.0 0.714285714286 0.730348776679 0.688947368421
0.22510373444 0.0 0.326530612245 0.274336283186 0.322631578947
0.626210235131 0.0 0.714285714286 0.67100468506 0.77
0.782157676349 1.0 0.836734693878 0.694429984383 0.837368421053
0.3540802213 0.0 0.489795918367 0.486725663717 0.546842105263
0.266251728907 0.0 0.387755102041 0.329515877147 0.303157894737
0.81673582296 0.0 0.836734693878 0.743362831858 0.865789473684
0.331604426003 0.0 0.469387755102 0.445080687142 0.45
0.167704011065 0.0 0.224489795918 0.153565851119 0.225263157895
0.631742738589 0.0 0.755102040816 0.656949505466 0.755789473684
0.53112033195 1.0 0.591836734694 0.451327433628 0.517368421053
0.376901798064 0.0 0.408163265306 0.323269130661 0.412105263158
0.648686030429 0.0 0.673469387755 0.581467985424 0.706842105263
0.204356846473 0.0 0.285714285714 0.283706402915 0.280526315789
0.574343015214 1.0 0.632653061224 0.475793857366 0.634210526316
0.607883817427 0.0 0.775510204082 0.765747006767 0.74
0.475795297372 1.0 0.530612244898 0.428422696512 0.522631578947
0.790456431535 0.0 0.836734693878 0.755335762624 0.927894736842
0.819502074689 0.0 0.857142857143 0.775117126497 0.84
0.578146611342 0.0 0.673469387755 0.653826132223 0.648947368421
0.283886583679 0.0 0.408163265306 0.358146798542 0.317894736842
0.213001383126 0.0 0.30612244898 0.324830817283 0.31
0.382780082988 0.0 0.530612244898 0.503904216554 0.571052631579
0.179806362379 0.0 0.265306122449 0.23841749089 0.272105263158
0.473720608575 0.0 0.632653061224 0.63404476835 0.676842105263
0.259681881051 1.0 0.285714285714 0.216033315981 0.265789473684
0.613416320885 1.0 0.571428571429 0.463300364394 0.557368421053
0.282503457815 0.0 0.326530612245 0.225923997918 0.277368421053
0.270401106501 0.0 0.408163265306 0.371160853722 0.338421052632
0.418395573997 1.0 0.469387755102 0.393545028631 0.462105263158
0.264522821577 1.0 0.30612244898 0.268610098907 0.338947368421
0.29979253112 0.0 0.428571428571 0.417490890161 0.461578947368
0.385546334716 0.0 0.428571428571 0.309734513274 0.378947368421
0.721991701245 1.0 0.714285714286 0.555960437272 0.657368421053
0.444329183956 0.0 0.530612244898 0.485684539302 0.562631578947
0.542185338866 1.0 0.673469387755 0.684539302447 0.676315789474
0.496196403873 0.0 0.489795918367 0.346173867777 0.453684210526
0.247925311203 0.0 0.30612244898 0.247267048412 0.248947368421
0.497925311203 1.0 0.551020408163 0.395106715252 0.478947368421
0.306362378976 0.0 0.428571428571 0.371160853722 0.36
0.519017980636 0.0 0.530612244898 0.43623112962 0.485263157895
0.219571230982 0.0 0.265306122449 0.210827693909 0.179473684211
0.306708160443 0.0 0.448979591837 0.41957313899 0.388421052632
0.69571230982 0.0 0.673469387755 0.605413846955 0.719473684211
0.477869986169 0.0 0.612244897959 0.606454971369 0.651578947368
0.380359612725 1.0 0.510204081633 0.474232170744 0.510526315789
0.275587828492 1.0 0.34693877551 0.256116605934 0.348421052632
0.551867219917 1.0 0.612244897959 0.471629359708 0.601052631579
0.426348547718 0.0 0.571428571429 0.530973451327 0.547894736842
0.342323651452 0.0 0.408163265306 0.314940135346 0.387368421053
0.649723374827 1.0 0.734693877551 0.602811035919 0.72
0.467842323651 0.0 0.530612244898 0.471108797501 0.435263157895
0.403526970954 0.0 0.469387755102 0.400832899531 0.415789473684
