0.862173038229 0.0 0.916666666667 0.762863534676 0.916993464052
0.752515090543 0.0 0.861111111111 0.693512304251 0.783660130719
0.59708249497 0.0 0.694444444444 0.606263982103 0.714379084967
0.423038229376 0.0 0.583333333333 0.521998508576 0.581699346405
0.636820925553 0.0 0.777777777778 0.754660700969 0.812418300654
0.46277665996 0.0 0.583333333333 0.486950037286 0.578431372549
0.893360160966 0.0 0.972222222222 0.872483221477 0.964705882353
0.710764587525 0.0 0.833333333333 0.7956748695 0.854901960784
0.498490945674 0.0 0.611111111111 0.502609992543 0.594117647059
0.60814889336 0.0 0.694444444444 0.525727069351 0.635947712418
0.68661971831 0.0 0.75 0.665920954512 0.786274509804
0.832494969819 0.0 0.888888888889 0.847129008203 0.958169934641
0.734406438632 0.0 0.833333333333 0.76062639821 0.839215686275
0.685110663984 0.0 0.861111111111 0.814317673378 0.817647058824
0.628772635815 0.0 0.777777777778 0.646532438479 0.684967320261
0.855633802817 0.0 0.861111111111 0.711409395973 0.873202614379
0.660965794769 0.0 0.777777777778 0.657718120805 0.724183006536
0.42907444668 0.0 0.555555555556 0.461595824012 0.537908496732
0.656941649899 0.0 0.777777777778 0.703952274422 0.764052287582
0.475855130785 0.0 0.638888888889 0.607755406413 0.639215686275
0.542253521127 0.0 0.694444444444 0.65249813572 0.687581699346
0.450201207243 0.0 0.583333333333 0.486950037286 0.551633986928
0.658450704225 0.0 0.777777777778 0.728560775541 0.783006535948
0.583501006036 0.0 0.694444444444 0.607755406413 0.67908496732
0.575955734406 0.0 0.694444444444 0.580164056674 0.645751633987
0.540744466801 0.0 0.666666666667 0.609246830723 0.666013071895
0.413983903421 0.0 0.555555555556 0.51677852349 0.567973856209
0.558350100604 0.0 0.694444444444 0.580909768829 0.62614379085
0.739939637827 0.0 0.805555555556 0.683818046234 0.782352941176
0.618712273642 0.0 0.722222222222 0.664429530201 0.732026143791
0.586016096579 0.0 0.694444444444 0.651752423565 0.71568627451
0.706237424547 0.0 0.861111111111 0.840417598807 0.845751633987
0.758048289738 0.0 0.916666666667 0.892617449664 0.88954248366
0.606136820926 0.0 0.722222222222 0.663683818046 0.715032679739
0.584507042254 0.0 0.75 0.802386278896 0.800653594771
0.591549295775 0.0 0.722222222222 0.648769574944 0.686274509804
0.588028169014 0.0 0.694444444444 0.631618195377 0.692810457516
0.724849094567 0.0 0.833333333333 0.772557792692 0.818300653595
0.667505030181 0.0 0.777777777778 0.679343773304 0.730065359477
0.806841046278 0.0 0.944444444444 0.850857568978 0.861437908497
0.469818913481 0.0 0.611111111111 0.609246830723 0.641176470588
0.720824949698 0.0 0.888888888889 0.832214765101 0.816993464052
0.578973843058 0.0 0.694444444444 0.672632363908 0.720261437908
0.521629778672 0.0 0.666666666667 0.622669649515 0.647058823529
0.647384305835 0.0 0.777777777778 0.721849366145 0.749673202614
0.918511066398 0.0 0.916666666667 0.765846383296 0.904575163399
0.55985915493 0.0 0.638888888889 0.544369873229 0.632026143791
0.650905432596 0.0 0.75 0.65398956003 0.713071895425
0.807847082495 0.0 0.861111111111 0.776286353468 0.866013071895
0.504024144869 0.0 0.694444444444 0.717375093214 0.692156862745
0.592052313883 0.0 0.75 0.736017897092 0.73660130719
0.484406438632 0.0 0.666666666667 0.621178225205 0.608496732026
0.74245472837 0.0 0.75 0.609246830723 0.749673202614
0.532193158954 0.0 0.666666666667 0.627143922446 0.654901960784
0.682595573441 0.0 0.75 0.686800894855 0.767320261438
0.607645875252 0.0 0.722222222222 0.668903803132 0.708496732026
0.548289738431 0.0 0.638888888889 0.498881431767 0.571895424837
0.636317907445 0.0 0.833333333333 0.838926174497 0.790196078431
0.653923541247 0.0 0.805555555556 0.804623415362 0.799346405229
0.528672032193 0.0 0.666666666667 0.604772557793 0.62614379085
0.8546277666 0.0 0.944444444444 0.868008948546 0.908496732026
0.792756539235 0.0 0.861111111111 0.750932140194 0.819607843137
0.666498993964 0.0 0.75 0.700969425802 0.762091503268
0.396378269618 0.0 0.555555555556 0.525727069351 0.533986928105
0.733400402414 0.0 0.833333333333 0.727815063386 0.767973856209
0.510060362173 0.0 0.638888888889 0.630872483221 0.656862745098
0.592555331992 0.0 0.722222222222 0.668903803132 0.688235294118
0.501006036217 0.0 0.611111111111 0.625652498136 0.669281045752
0.559356136821 0.0 0.694444444444 0.62043251305 0.637908496732
0.844064386318 0.0 0.888888888889 0.780014914243 0.86339869281
0.564386317907 0.0 0.694444444444 0.674123788218 0.692810457516
0.585010060362 0.0 0.666666666667 0.625652498136 0.691503267974
0.565895372233 0.0 0.666666666667 0.633109619687 0.681045751634
0.560865191147 0.0 0.694444444444 0.699478001491 0.713071895425
0.629778672032 0.0 0.777777777778 0.777032065623 0.769934640523
0.8953722334 0.0 0.944444444444 0.846383296048 0.918300653595
0.801810865191 0.0 0.972222222222 0.953765846383 0.909150326797
0.680583501006 0.0 0.833333333333 0.796420581655 0.781045751634
0.561368209256 0.0 0.666666666667 0.604772557793 0.648366013072
0.572434607646 0.0 0.694444444444 0.710663683818 0.732679738562
0.774144869215 0.0 0.888888888889 0.816554809843 0.83137254902
0.855633802817 0.0 0.972222222222 1.0 1.0
0.588531187123 0.0 0.722222222222 0.642803877703 0.654248366013
0.568913480885 0.0 0.694444444444 0.612229679344 0.633333333333
1.0 0.0 1.0 0.832960477256 0.944444444444
0.588028169014 0.0 0.722222222222 0.714392244594 0.72091503268
0.82092555332 0.0 0.972222222222 0.972408650261 0.939869281046
0.795774647887 0.0 0.916666666667 0.872483221477 0.874509803922
0.627766599598 0.0 0.777777777778 0.738255033557 0.72614379085
0.758048289738 0.0 0.888888888889 0.906040268456 0.898039215686
0.532193158954 0.0 0.638888888889 0.642058165548 0.67908496732
0.576458752515 0.0 0.75 0.702460850112 0.671241830065
0.857645875252 0.0 0.972222222222 0.917225950783 0.919607843137
0.630784708249 0.0 0.75 0.706189410887 0.722875816993
0.455734406439 0.0 0.555555555556 0.531692766592 0.582352941176
0.656941649899 0.0 0.777777777778 0.796420581655 0.805882352941
0.692152917505 0.0 0.722222222222 0.698732289336 0.796732026144
0.683098591549 0.0 0.805555555556 0.711409395973 0.721568627451
0.644869215292 0.0 0.75 0.691275167785 0.719607843137
0.662977867203 0.0 0.805555555556 0.765100671141 0.753594771242
