0.767158108795 0.0 0.710526315789 0.568212824011 0.622382198953
0.315200813421 0.0 0.315789473684 0.244884038199 0.166230366492
0.368073207931 0.0 0.394736842105 0.302182810368 0.241492146597
0.470767666497 0.0 0.473684210526 0.399727148704 0.317408376963
0.958312150483 0.0 0.815789473684 0.652114597544 0.670157068063
0.670055922725 0.0 0.710526315789 0.576398362892 0.522905759162
0.719877986782 0.0 0.710526315789 0.579126875853 0.579188481675
0.517539400102 0.0 0.605263157895 0.575034106412 0.47054973822
0.339603457041 0.0 0.394736842105 0.31241473397 0.210078534031
0.249618708693 0.0 0.263157894737 0.137107776262 0.100130890052
0.533299440773 0.0 0.631578947368 0.551841746248 0.499345549738
0.348754448399 0.0 0.447368421053 0.447476125512 0.329842931937
0.823080833757 0.0 0.631578947368 0.450886766712 0.607984293194
0.65175394001 0.0 0.5 0.349931787176 0.479057591623
0.772750381291 0.0 0.842105263158 0.735334242838 0.653795811518
0.865277071683 0.0 0.921052631579 0.843792633015 0.700916230366
0.312658871378 0.0 0.394736842105 0.416780354707 0.407068062827
0.764616166751 0.0 0.736842105263 0.708731241473 0.800392670157
0.790543975597 0.0 0.842105263158 0.890859481583 0.909685863874
0.381291306558 0.0 0.447368421053 0.508185538881 0.513089005236
0.169293340112 0.0 0.210526315789 0.105729877217 0.0811518324607
0.169293340112 0.0 0.210526315789 0.105729877217 0.0811518324607
0.403152008134 0.0 0.342105263158 0.18690313779 0.21335078534
0.403152008134 0.0 0.342105263158 0.18690313779 0.21335078534
0.565327910524 0.0 0.657894736842 0.579126875853 0.615183246073
0.23487544484 0.0 0.289473684211 0.213506139154 0.159685863874
0.747330960854 0.0 0.710526315789 0.519781718963 0.606020942408
0.259786476868 0.0 0.315789473684 0.210095497954 0.135471204188
0.794102694459 0.0 0.868421052632 0.836289222374 0.781413612565
0.716319267921 0.0 0.763157894737 0.693042291951 0.638743455497
0.593797661413 0.0 0.657894736842 0.592769440655 0.75719895288
0.384850025419 0.0 0.473684210526 0.448158253752 0.556282722513
0.405185561769 0.0 0.473684210526 0.420190995907 0.288612565445
0.799694966955 0.0 0.868421052632 0.785129604366 0.727094240838
0.860701576004 0.0 0.684210526316 0.470668485675 0.681282722513
0.830706659888 0.0 0.815789473684 0.736698499318 0.775523560209
0.970005083884 0.0 0.815789473684 0.758526603001 0.741492146597
0.629893238434 0.0 0.473684210526 0.293315143247 0.325916230366
0.947635993899 0.0 0.763157894737 0.692360163711 0.66557591623
0.346720894764 0.0 0.421052631579 0.379945429741 0.297120418848
0.512455516014 0.0 0.526315789474 0.521145975443 0.528141361257
0.447381799695 0.0 0.605263157895 0.594815825375 0.646596858639
0.496695475343 0.0 0.5 0.401773533424 0.542539267016
0.582104728012 0.0 0.605263157895 0.568894952251 0.681282722513
0.545500762583 0.0 0.631578947368 0.586630286494 0.75
0.456024402644 0.0 0.5 0.405184174625 0.507853403141
0.345704117946 0.0 0.473684210526 0.523192360164 0.431282722513
0.637519064565 0.0 0.789473684211 0.839699863574 0.772905759162
0.85409252669 0.0 0.815789473684 0.740791268759 0.973821989529
0.372140315201 0.0 0.447368421053 0.408594815825 0.534685863874
0.97559735638 0.0 0.868421052632 0.744201909959 0.974476439791
0.645144890696 0.0 0.5 0.378581173261 0.518979057592
0.588713777326 1.0 0.552631578947 0.43451568895 0.462041884817
0.322318251144 0.0 0.342105263158 0.281036834925 0.353403141361
0.719877986782 0.0 0.552631578947 0.431105047749 0.442408376963
0.776309100153 0.0 0.684210526316 0.503410641201 0.58835078534
0.776309100153 0.0 0.894736842105 0.974079126876 0.943062827225
0.691916624301 0.0 0.842105263158 0.900409276944 0.83442408377
0.828164717844 0.0 0.710526315789 0.545702592087 0.743455497382
0.699542450432 0.0 0.736842105263 0.600272851296 0.778795811518
0.583629893238 0.0 0.552631578947 0.510231923602 0.582460732984
0.792577529232 0.0 0.684210526316 0.572305593452 0.727094240838
0.521606507372 0.0 0.605263157895 0.527967257844 0.689790575916
0.436197254703 0.0 0.473684210526 0.401773533424 0.535340314136
0.215048296899 0.0 0.263157894737 0.221009549795 0.294502617801
0.218098627351 0.0 0.263157894737 0.190995907231 0.274214659686
0.547534316218 0.0 0.578947368421 0.493860845839 0.40445026178
0.449923741739 0.0 0.5 0.452933151432 0.33442408377
0.490594814438 0.0 0.5 0.504774897681 0.466623036649
1.0 0.0 1.0 1.0 1.0
0.835790543976 0.0 0.815789473684 0.723055934516 0.819371727749
0.967971530249 0.0 0.921052631579 0.799454297408 0.954188481675
0.55871886121 0.0 0.605263157895 0.548431105048 0.542539267016
0.456024402644 0.0 0.578947368421 0.536834924966 0.49280104712
0.62328418912 0.0 0.684210526316 0.649386084584 0.696335078534
0.600406710727 0.0 0.631578947368 0.572987721692 0.694371727749
0.191154041688 0.0 0.236842105263 0.162346521146 0.234293193717
0.281138790036 0.0 0.368421052632 0.337653478854 0.344240837696
0.947635993899 0.0 0.815789473684 0.669849931787 0.865183246073
0.834265378749 0.0 0.842105263158 0.802864938608 0.84554973822
