0.464907914385 0.0 0.564102564103 0.472240802676 0.609267376331
0.488800398208 0.0 0.589743589744 0.459531772575 0.57983719474
0.656319290466 0.0 0.787234042553 0.716201117318 0.802876931273
0.51368840219 0.0 0.615384615385 0.535117056856 0.646837820914
0.566948730712 0.0 0.666666666667 0.607357859532 0.704445835942
0.620855148342 0.0 0.794871794872 0.79415954416 0.809731752963
0.737620103474 0.0 0.851063829787 0.825139664804 0.900372935535
0.627177700348 0.0 0.74358974359 0.72508361204 0.794614902943
0.443280977312 0.0 0.564102564103 0.535612535613 0.600124766064
0.433051269288 0.0 0.512820512821 0.351839464883 0.456480901691
0.429416112343 0.0 0.510638297872 0.404469273743 0.501331912627
0.379526977088 0.0 0.531914893617 0.565363128492 0.589770911028
0.425060240964 0.0 0.512195121951 0.418021680217 0.506314580941
0.629168740667 0.0 0.692307692308 0.522408026756 0.634314339386
0.315225424982 0.0 0.468085106383 0.401117318436 0.422482685136
0.578397212544 0.0 0.717948717949 0.720401337793 0.752661239825
0.633150821304 0.0 0.769230769231 0.773913043478 0.809643080776
0.70251293422 0.0 0.744680851064 0.727374301676 0.852956846031
0.647450110865 0.0 0.787234042553 0.785474860335 0.807139051678
0.464523281596 0.0 0.531914893617 0.421229050279 0.51305274374
0.433481152993 0.0 0.595744680851 0.579888268156 0.575919019712
0.467479674797 0.0 0.63829787234 0.692737430168 0.679808204582
0.562390924956 0.0 0.666666666667 0.700854700855 0.749220212102
0.416112342942 0.0 0.574468085106 0.584357541899 0.578582844965
0.368342458935 0.0 0.410256410256 0.319063545151 0.428929242329
0.60347376201 0.0 0.744680851064 0.723463687151 0.732551944592
0.601221640489 0.0 0.74358974359 0.826923076923 0.834684965689
0.547038327526 0.0 0.666666666667 0.694314381271 0.724483406387
0.589430894309 0.0 0.617021276596 0.535195530726 0.656366542355
0.658167036216 0.0 0.723404255319 0.601675977654 0.684603090037
0.607267297163 0.0 0.74358974359 0.753177257525 0.7639323732
0.841093865484 0.0 0.829787234043 0.651396648045 0.809802876931
0.567997043607 0.0 0.723404255319 0.735195530726 0.726158763985
0.29563932003 0.0 0.425531914894 0.335195530726 0.350559403303
0.435662650602 0.0 0.512195121951 0.390243902439 0.458668197474
0.383222468588 0.0 0.553191489362 0.544134078212 0.517847629196
0.809312638581 0.0 0.851063829787 0.790502793296 0.891848694726
0.562823355506 0.0 0.723404255319 0.741899441341 0.722962173681
0.790096082779 0.0 0.893617021277 0.92625698324 0.964304741609
0.456393200296 0.0 0.574468085106 0.497206703911 0.519978689398
0.477827050998 0.0 0.531914893617 0.419553072626 0.505594033031
0.637870855148 0.0 0.794871794872 0.794871794872 0.777916406737
0.707686622321 0.0 0.744680851064 0.671508379888 0.77410761854
0.449741315595 0.0 0.531914893617 0.475977653631 0.531166755461
0.363373493976 0.0 0.439024390244 0.379403794038 0.440872560276
0.438028870085 0.0 0.461538461538 0.404682274247 0.517845961177
0.59903917221 0.0 0.702127659574 0.661452513966 0.693127330847
0.389504804139 0.0 0.510638297872 0.475418994413 0.488012786361
0.392670157068 0.0 0.512820512821 0.507122507123 0.52027448534
0.564337349398 0.0 0.634146341463 0.594173441734 0.65671641791
0.412530120482 0.0 0.487804878049 0.39837398374 0.454649827784
0.694382852919 0.0 0.787234042553 0.793854748603 0.832179009057
0.517108433735 0.0 0.585365853659 0.533197831978 0.595866819747
0.859631657541 0.0 0.871794871795 0.827424749164 0.944896681277
0.648674698795 0.0 0.707317073171 0.709349593496 0.780137772675
0.59421686747 0.0 0.658536585366 0.638211382114 0.703214695752
0.508915662651 0.0 0.609756097561 0.556233062331 0.58438576349
0.676644493718 0.0 0.808510638298 0.769832402235 0.766116142781
0.568935427574 0.0 0.692307692308 0.716524216524 0.721147847785
0.504578313253 0.0 0.560975609756 0.455962059621 0.526406429392
0.50036954915 0.0 0.617021276596 0.594972067039 0.604688332445
0.264227642276 0.0 0.382978723404 0.35530726257 0.362280234417
0.456369982548 0.0 0.641025641026 0.668091168091 0.608858390518
0.325572801183 0.0 0.446808510638 0.441899441341 0.445391582312
0.519955654102 0.0 0.617021276596 0.553072625698 0.580713905168
0.397905759162 0.0 0.538461538462 0.520655270655 0.504678727386
0.504363001745 0.0 0.641025641026 0.604700854701 0.591391141609
0.404819277108 0.0 0.487804878049 0.477642276423 0.517795637199
0.531781226903 0.0 0.702127659574 0.706703910615 0.659030367608
0.477108433735 0.0 0.560975609756 0.528455284553 0.567164179104
0.380890052356 0.0 0.512820512821 0.507834757835 0.498440424205
0.673253012048 0.0 0.707317073171 0.593495934959 0.681400688863
0.404678944749 0.0 0.487179487179 0.44347826087 0.482780212899
0.821138211382 0.0 0.851063829787 0.809497206704 0.898774640384
0.352180339985 0.0 0.510638297872 0.486033519553 0.446457112413
0.516999260902 0.0 0.531914893617 0.389944134078 0.493873201918
0.629342202513 0.0 0.765957446809 0.77374301676 0.755993606819
0.30229120473 0.0 0.36170212766 0.279329608939 0.338305807139
0.244271988174 0.0 0.31914893617 0.250279329609 0.293553542888
0.506024096386 0.0 0.560975609756 0.526422764228 0.589552238806
0.538795180723 0.0 0.585365853659 0.518292682927 0.588978185993
0.462419113987 0.0 0.487179487179 0.341806020067 0.433938634941
0.460827790096 0.0 0.617021276596 0.67094972067 0.631326584976
0.50313253012 0.0 0.536585365854 0.468834688347 0.551664753157
0.39726533629 0.0 0.468085106383 0.411731843575 0.457112413426
0.739759036145 0.0 0.756097560976 0.647696476965 0.747416762342
0.519518072289 0.0 0.585365853659 0.530487804878 0.579793340987
0.503614457831 0.0 0.536585365854 0.485772357724 0.567738231917
0.469696969697 0.0 0.553191489362 0.506703910615 0.538092701119
0.542168674699 0.0 0.609756097561 0.592818428184 0.640068886338
0.586844050259 0.0 0.702127659574 0.693296089385 0.692061800746
0.393253012048 0.0 0.463414634146 0.462059620596 0.505740528129
0.593865484109 0.0 0.659574468085 0.588826815642 0.636654235482
0.569638554217 0.0 0.609756097561 0.514227642276 0.586107921929
0.309312638581 0.0 0.382978723404 0.372625698324 0.410761854022
0.42265060241 0.0 0.487804878049 0.45189701897 0.497703788749
0.586024096386 0.0 0.609756097561 0.434281842818 0.52009184845
0.585365853659 0.0 0.63829787234 0.618994413408 0.675546084177
0.62265060241 0.0 0.731707317073 0.771680216802 0.772101033295
0.286709805874 0.0 0.333333333333 0.301672240803 0.363807138384
0.447524020695 0.0 0.531914893617 0.513966480447 0.537559936068
0.232815964523 0.0 0.340425531915 0.269832402235 0.26957911561
0.568192771084 0.0 0.609756097561 0.497967479675 0.562571756602
0.888765705839 0.0 0.914893617021 0.859217877095 0.93873201918
0.496385542169 0.0 0.536585365854 0.45189701897 0.517221584386
0.681927710843 0.0 0.682926829268 0.59756097561 0.702066590126
0.490391722099 0.0 0.659574468085 0.708938547486 0.645178476292
0.497831325301 0.0 0.560975609756 0.5027100271 0.544776119403
0.570602409639 0.0 0.634146341463 0.570460704607 0.611940298507
0.566265060241 0.0 0.658536585366 0.586043360434 0.598737083812
0.51421686747 0.0 0.560975609756 0.555555555556 0.613662456946
0.459277108434 0.0 0.536585365854 0.466124661247 0.493685419059
0.393253012048 0.0 0.487804878049 0.515582655827 0.525832376579
0.832594235033 0.0 0.914893617021 0.841340782123 0.863612147043
0.620722891566 0.0 0.731707317073 0.756775067751 0.750287026406
0.453012048193 0.0 0.536585365854 0.540650406504 0.561423650976
0.618313253012 0.0 0.658536585366 0.614498644986 0.678530424799
0.464578313253 0.0 0.536585365854 0.469512195122 0.501722158439
0.20029563932 0.0 0.276595744681 0.230167597765 0.257858284497
0.517738359202 0.0 0.68085106383 0.688826815642 0.629728289824
0.618625277162 0.0 0.68085106383 0.580446927374 0.621736814065
0.601294176207 0.0 0.717948717949 0.730434782609 0.71696931747
0.459277108434 0.0 0.512195121951 0.428861788618 0.478760045924
0.584578313253 0.0 0.609756097561 0.590785907859 0.668197474168
0.501745200698 0.0 0.589743589744 0.591168091168 0.605739238927
0.406134515891 0.0 0.446808510638 0.331843575419 0.393180607352
0.571322985957 0.0 0.63829787234 0.569832402235 0.604688332445
0.629397590361 0.0 0.682926829268 0.687669376694 0.735361653272
0.403373493976 0.0 0.487804878049 0.455284552846 0.47187141217
0.463614457831 0.0 0.536585365854 0.447154471545 0.474741676234
0.456385542169 0.0 0.560975609756 0.527100271003 0.522962112514
0.793791574279 0.0 0.829787234043 0.816759776536 0.880660628663
0.452530120482 0.0 0.512195121951 0.474254742547 0.514351320321
0.53734939759 0.0 0.609756097561 0.587398373984 0.614236509759
0.484819277108 0.0 0.512195121951 0.439701897019 0.511481056257
0.849223946785 0.0 0.914893617021 0.874860335196 0.908364411295
0.438072289157 0.0 0.560975609756 0.546070460705 0.521814006889
0.608760577402 0.0 0.692307692308 0.646153846154 0.661239824671
0.633071553229 0.0 0.74358974359 0.700142450142 0.688084840923
0.652993348115 0.0 0.702127659574 0.685474860335 0.734683004795
0.890613451589 0.0 0.936170212766 0.90782122905 0.960575386255
0.572048192771 0.0 0.609756097561 0.539972899729 0.60045924225
0.59421686747 0.0 0.634146341463 0.566395663957 0.62456946039
0.741164758586 0.0 0.820512820513 0.759197324415 0.77770820288
0.238359201774 0.0 0.36170212766 0.3 0.274374001066
0.469879518072 0.0 0.560975609756 0.521002710027 0.527554535017
0.636144578313 0.0 0.707317073171 0.607046070461 0.633180252583
0.432771084337 0.0 0.536585365854 0.5027100271 0.49598163031
0.486265060241 0.0 0.585365853659 0.535907859079 0.533869115959
0.64 0.0 0.731707317073 0.684281842818 0.689437428243
0.70399113082 0.0 0.702127659574 0.640223463687 0.7389451252
0.376570583888 0.0 0.468085106383 0.448603351955 0.453383058071
0.341093865484 0.0 0.489361702128 0.501675977654 0.449653702717
0.53686746988 0.0 0.609756097561 0.55216802168 0.575200918485
0.612530120482 0.0 0.682926829268 0.625338753388 0.650401836969
0.231337767923 0.0 0.297872340426 0.196648044693 0.225359616409
0.665542168675 0.0 0.756097560976 0.737127371274 0.741676234214
0.639518072289 0.0 0.682926829268 0.588753387534 0.640068886338
0.679518072289 0.0 0.707317073171 0.628048780488 0.694603903559
0.551919720768 0.0 0.615384615385 0.542735042735 0.573300062383
0.484848484848 0.0 0.553191489362 0.47374301676 0.498668087373
0.653732446415 0.0 0.702127659574 0.712849162011 0.757591901971
0.716404886562 0.0 0.846153846154 0.815527065527 0.778540237056
0.526746987952 0.0 0.634146341463 0.686314363144 0.671641791045
0.532048192771 0.0 0.609756097561 0.613821138211 0.62858783008
0.496764559482 0.0 0.564102564103 0.410702341137 0.43581715717
0.779009608278 0.0 0.744680851064 0.646368715084 0.772509323388
0.534457831325 0.0 0.560975609756 0.50406504065 0.56831228473
0.609156626506 0.0 0.682926829268 0.676151761518 0.692881745121
0.533975903614 0.0 0.634146341463 0.665311653117 0.655568312285
0.564819277108 0.0 0.658536585366 0.656504065041 0.65269804822
0.496385542169 0.0 0.585365853659 0.543360433604 0.54420206659
0.50313253012 0.0 0.585365853659 0.594173441734 0.601607347876
0.628670980587 0.0 0.692307692308 0.555852842809 0.581715716969
0.462168674699 0.0 0.512195121951 0.470867208672 0.510332950631
0.510843373494 0.0 0.585365853659 0.538617886179 0.553386911596
0.584096385542 0.0 0.609756097561 0.485772357724 0.549368541906
0.260162601626 0.0 0.31914893617 0.291620111732 0.32179009057
0.605321507761 0.0 0.574468085106 0.465921787709 0.585508790623
0.450602409639 0.0 0.560975609756 0.567750677507 0.545924225029
0.862527716186 0.0 0.872340425532 0.797765363128 0.876398508258
0.733924611973 0.0 0.787234042553 0.710055865922 0.744805540757
0.466987951807 0.0 0.560975609756 0.524390243902 0.518369690011
0.454939759036 0.0 0.536585365854 0.474932249322 0.481056257176
0.45734939759 0.0 0.512195121951 0.467479674797 0.5
0.451084337349 0.0 0.512195121951 0.508807588076 0.535017221584
0.521445783133 0.0 0.585365853659 0.512195121951 0.535017221584
0.608647450111 0.0 0.63829787234 0.576536312849 0.633457645178
0.182557280118 0.0 0.255319148936 0.12625698324 0.140117208311
0.612530120482 0.0 0.682926829268 0.678861788618 0.694603903559
0.526265060241 0.0 0.585365853659 0.527100271003 0.553960964409
0.700722891566 0.0 0.780487804878 0.794037940379 0.800229621125
0.566265060241 0.0 0.585365853659 0.468834688347 0.535591274397
0.587469879518 0.0 0.634146341463 0.621951219512 0.6607347876
0.523855421687 0.0 0.609756097561 0.504742547425 0.50401836969
0.549879518072 0.0 0.585365853659 0.487127371274 0.536739380023
0.614939759036 0.0 0.707317073171 0.764227642276 0.756601607348
0.610120481928 0.0 0.707317073171 0.692411924119 0.679678530425
0.592771084337 0.0 0.609756097561 0.513550135501 0.580941446613
0.671840354767 0.0 0.68085106383 0.550279329609 0.625466169419
