0.591272727273 0.3 0.59375 0.410536779324 0.480442176871
0.762909090909 0.45 0.78125 0.575546719682 0.628401360544
0.597090909091 0.25 0.65625 0.520874751491 0.559523809524
0.688727272727 0.05 0.71875 0.614314115308 0.549319727891
0.487272727273 0.4 0.46875 0.244532803181 0.232993197279
0.675636363636 0.15 0.71875 0.627236580517 0.659863945578
0.629818181818 0.15 0.59375 0.540755467197 0.477891156463
0.594181818182 0.15 0.5625 0.513916500994 0.444727891156
0.970909090909 0.45 1.0 1.0 0.991496598639
0.794909090909 0.3 0.71875 0.703777335984 0.553571428571
0.646545454545 0.4 0.59375 0.366799204771 0.440476190476
0.722909090909 0.85 0.6875 0.580516898608 0.712585034014
0.872 0.1 0.9375 0.847912524851 0.919217687075
0.768727272727 0.25 0.84375 0.702783300199 0.716836734694
0.819636363636 0.1 0.8125 0.733598409543 0.802721088435
0.931636363636 0.25 0.96875 0.87972166998 0.982993197279
0.648 0.3 0.625 0.651093439364 0.488095238095
0.791272727273 0.65 0.75 0.525844930417 0.579931972789
0.649454545455 0.5 0.65625 0.506958250497 0.505102040816
0.613818181818 0.5 0.625 0.480119284294 0.47193877551
0.813090909091 0.35 0.75 0.775347912525 0.727891156463
0.783272727273 0.15 0.71875 0.775347912525 0.727891156463
0.880727272727 0.55 0.84375 0.820079522863 0.815476190476
0.616727272727 0.2 0.5625 0.366799204771 0.440476190476
0.679272727273 0.05 0.6875 0.578528827038 0.561224489796
0.736 0.25 0.84375 0.692842942346 0.766156462585
0.556363636364 0.15 0.59375 0.461232604374 0.479591836735
0.993454545455 0.85 0.90625 0.714711729622 0.84268707483
0.805818181818 0.1 0.78125 0.674950298211 0.759353741497
0.813818181818 0.15 0.8125 0.700795228628 0.763605442177
0.712 0.2 0.71875 0.661033797217 0.641156462585
0.741818181818 0.35 0.75 0.661033797217 0.641156462585
0.781818181818 0.35 0.71875 0.526838966203 0.71343537415
0.675636363636 0.15 0.71875 0.627236580517 0.659863945578
0.728 0.35 0.71875 0.663021868787 0.604591836735
0.738909090909 0.2 0.78125 0.719681908549 0.676020408163
0.682181818182 0.1 0.65625 0.615308151093 0.554421768707
0.797090909091 0.3 0.78125 0.651093439364 0.725340136054
0.724363636364 0.15 0.75 0.616302186879 0.647108843537
0.791272727273 0.65 0.75 0.525844930417 0.579931972789
0.586181818182 0.3 0.59375 0.4324055666 0.454931972789
0.586181818182 0.3 0.59375 0.4324055666 0.454931972789
0.744727272727 0.25 0.75 0.605367793241 0.594387755102
0.675636363636 0.15 0.71875 0.627236580517 0.659863945578
0.927272727273 0.1 0.8125 0.813121272366 0.809523809524
0.696727272727 0.35 0.71875 0.671968190855 0.579081632653
0.533090909091 0.25 0.5 0.384691848907 0.421768707483
0.553454545455 0.25 0.5625 0.409542743539 0.474489795918
0.621818181818 0.3 0.625 0.459244532803 0.488095238095
0.621818181818 0.3 0.625 0.459244532803 0.488095238095
0.704727272727 0.45 0.65625 0.657057654076 0.454081632653
0.674909090909 0.3 0.625 0.657057654076 0.454081632653
0.721454545455 0.65 0.78125 0.730616302187 0.656462585034
0.877818181818 0.4 0.84375 0.692842942346 0.790816326531
0.675636363636 0.2 0.6875 0.520874751491 0.585034013605
0.601454545455 0.3 0.5625 0.434393638171 0.43537414966
0.775272727273 0.0 0.78125 0.667992047714 0.765306122449
0.805090909091 0.2 0.8125 0.667992047714 0.765306122449
0.675636363636 0.35 0.75 0.625248508946 0.679421768707
0.833454545455 0.15 0.84375 0.743538767396 0.798469387755
0.630545454545 0.25 0.625 0.391650099404 0.524659863946
0.941090909091 0.75 0.90625 0.849900596421 0.940476190476
0.648 0.3 0.625 0.651093439364 0.488095238095
0.712 0.2 0.71875 0.661033797217 0.641156462585
0.656 0.85 0.6875 0.517892644135 0.585034013605
0.696727272727 0.5 0.65625 0.393638170974 0.473639455782
0.663272727273 0.4 0.6875 0.605367793241 0.591836734694
0.616727272727 0.25 0.625 0.559642147117 0.513605442177
0.669090909091 0.2 0.6875 0.712723658052 0.52806122449
0.659636363636 0.3 0.625 0.615308151093 0.405612244898
0.752727272727 0.5 0.71875 0.540755467197 0.644557823129
0.754181818182 0.5 0.8125 0.681908548708 0.767857142857
0.632 0.3 0.65625 0.530815109344 0.47193877551
0.578909090909 0.25 0.59375 0.511928429423 0.454081632653
0.738909090909 0.2 0.78125 0.719681908549 0.676020408163
0.738909090909 0.2 0.78125 0.719681908549 0.676020408163
0.669818181818 0.2 0.59375 0.4662027833 0.473639455782
0.881454545455 0.05 0.9375 0.91550695825 0.899659863946
0.888727272727 0.65 0.84375 0.775347912525 0.777210884354
0.645090909091 0.2 0.625 0.388667992048 0.534013605442
0.805818181818 0.8 0.8125 0.699801192843 0.659863945578
0.762909090909 0.25 0.8125 0.677932405567 0.664115646259
0.738909090909 0.2 0.78125 0.719681908549 0.676020408163
0.645090909091 0.2 0.625 0.388667992048 0.534013605442
0.824727272727 0.15 0.8125 0.828031809145 0.709183673469
0.830545454545 0.3 0.75 0.730616302187 0.586734693878
0.741818181818 0.35 0.75 0.661033797217 0.641156462585
0.817454545455 0.25 0.8125 0.746520874751 0.768707482993
0.566545454545 0.25 0.5625 0.404572564612 0.372448979592
0.778181818182 0.55 0.8125 0.630218687873 0.784013605442
0.789818181818 0.55 0.71875 0.616302186879 0.518707482993
0.601454545455 0.3 0.5625 0.434393638171 0.43537414966
0.945454545455 0.75 0.96875 0.841948310139 0.93537414966
0.607272727273 0.2 0.625 0.55069582505 0.566326530612
0.729454545455 0.25 0.6875 0.700795228628 0.5
0.674181818182 0.5 0.65625 0.471172962227 0.500850340136
0.823272727273 0.2 0.875 0.74055666004 0.835034013605
0.744727272727 0.25 0.75 0.605367793241 0.594387755102
0.704727272727 0.2 0.71875 0.739562624254 0.561224489796
0.880727272727 0.55 0.84375 0.820079522863 0.815476190476
0.612363636364 0.15 0.625 0.58648111332 0.514455782313
0.612363636364 0.15 0.625 0.58648111332 0.514455782313
0.856727272727 0.15 0.875 0.84592445328 0.871598639456
0.856727272727 0.15 0.875 0.84592445328 0.871598639456
0.752 0.15 0.6875 0.526838966203 0.71343537415
0.721454545455 0.65 0.78125 0.730616302187 0.656462585034
0.643636363636 0.35 0.6875 0.568588469185 0.534013605442
0.634181818182 0.45 0.625 0.471172962227 0.41156462585
0.553454545455 0.25 0.5625 0.409542743539 0.474489795918
0.705454545455 0.3 0.625 0.520874751491 0.442176870748
0.826181818182 0.25 0.78125 0.721669980119 0.607142857143
0.798545454545 0.15 0.78125 0.695825049702 0.687074829932
0.686545454545 0.2 0.75 0.660039761431 0.585884353741
0.923636363636 0.3 0.875 0.787276341948 0.77380952381
0.832727272727 0.45 0.84375 0.791252485089 0.660714285714
0.819636363636 0.75 0.8125 0.783300198807 0.85119047619
0.749818181818 0.35 0.6875 0.619284294235 0.530612244898
0.616 0.35 0.59375 0.519880715706 0.462585034014
0.533090909091 0.25 0.5 0.384691848907 0.421768707483
0.592727272727 0.25 0.625 0.508946322068 0.577380952381
0.791272727273 0.65 0.75 0.525844930417 0.579931972789
0.616 0.35 0.59375 0.519880715706 0.462585034014
0.881454545455 0.7 0.8125 0.629224652087 0.805272108844
0.642909090909 0.4 0.6875 0.575546719682 0.619047619048
0.595636363636 0.5 0.5625 0.407554671968 0.402210884354
0.818909090909 0.15 0.75 0.802186878728 0.761054421769
0.910545454545 0.5 0.96875 0.910536779324 1.0
0.764363636364 0.2 0.8125 0.764413518887 0.679421768707
0.750545454545 0.3 0.71875 0.635188866799 0.628401360544
0.658181818182 0.35 0.6875 0.536779324056 0.62074829932
0.806545454545 0.25 0.90625 0.868787276342 0.856292517007
0.731636363636 0.45 0.75 0.750497017893 0.590986394558
0.970909090909 0.45 1.0 1.0 0.991496598639
0.651636363636 0.5 0.65625 0.459244532803 0.488095238095
0.675636363636 0.15 0.71875 0.627236580517 0.659863945578
0.677818181818 0.15 0.71875 0.579522862823 0.642857142857
0.757818181818 0.35 0.65625 0.539761431412 0.471088435374
0.776 0.35 0.71875 0.612326043738 0.540816326531
0.714181818182 0.2 0.71875 0.613320079523 0.624149659864
0.714181818182 0.2 0.71875 0.613320079523 0.624149659864
0.690909090909 0.2 0.65625 0.433399602386 0.554421768707
0.690909090909 0.2 0.65625 0.433399602386 0.554421768707
0.655272727273 0.5 0.6875 0.531809145129 0.557823129252
0.655272727273 0.5 0.6875 0.531809145129 0.557823129252
0.841454545455 0.3 0.84375 0.711729622266 0.710034013605
0.805818181818 0.3 0.8125 0.684890656064 0.676870748299
0.706909090909 0.6 0.65625 0.486083499006 0.583333333333
0.539636363636 0.2 0.53125 0.499005964215 0.374149659864
0.690909090909 0.25 0.6875 0.530815109344 0.562074829932
0.765090909091 0.25 0.71875 0.727634194831 0.533163265306
0.878545454545 0.15 0.90625 0.838966202783 0.885204081633
0.850909090909 0.15 0.84375 0.837972166998 0.794217687075
0.653818181818 0.35 0.59375 0.511928429423 0.488095238095
0.653818181818 0.35 0.59375 0.511928429423 0.488095238095
0.712 0.2 0.71875 0.661033797217 0.641156462585
0.741818181818 0.45 0.71875 0.700795228628 0.637755102041
0.765090909091 0.15 0.6875 0.703777335984 0.553571428571
0.696727272727 0.2 0.6875 0.458250497018 0.607142857143
0.785454545455 0.2 0.65625 0.540755467197 0.469387755102
0.769454545455 0.55 0.75 0.594433399602 0.75425170068
0.791272727273 0.15 0.71875 0.713717693837 0.638605442177
0.616727272727 0.2 0.5625 0.366799204771 0.440476190476
0.652363636364 0.2 0.59375 0.393638170974 0.473639455782
0.616727272727 0.2 0.5625 0.366799204771 0.440476190476
0.788363636364 0.35 0.71875 0.627236580517 0.490646258503
0.791272727273 0.65 0.75 0.525844930417 0.579931972789
0.568727272727 0.25 0.53125 0.411530815109 0.454931972789
0.679272727273 0.05 0.6875 0.578528827038 0.561224489796
0.705454545455 0.35 0.75 0.627236580517 0.659863945578
0.762909090909 0.6 0.84375 0.662027833002 0.834183673469
0.565090909091 0.2 0.5625 0.479125248509 0.391156462585
0.632 0.3 0.65625 0.530815109344 0.47193877551
0.826909090909 0.35 0.8125 0.856858846918 0.694727891156
0.826909090909 0.35 0.8125 0.856858846918 0.694727891156
0.688727272727 0.35 0.65625 0.677932405567 0.59268707483
0.675636363636 0.15 0.71875 0.627236580517 0.659863945578
0.658181818182 0.15 0.65625 0.590457256461 0.511054421769
0.686545454545 0.05 0.71875 0.662027833002 0.566326530612
0.858181818182 0.4 0.8125 0.697813121272 0.667517006803
0.760727272727 0.1 0.75 0.605367793241 0.696428571429
0.765090909091 0.25 0.78125 0.715705765408 0.642857142857
0.765090909091 0.25 0.78125 0.715705765408 0.642857142857
0.655272727273 0.5 0.6875 0.531809145129 0.557823129252
0.970909090909 0.45 1.0 1.0 0.991496598639
0.639272727273 0.4 0.65625 0.502982107356 0.549319727891
0.840727272727 0.6 0.875 0.731610337972 0.675170068027
0.834181818182 0.15 0.8125 0.722664015905 0.720238095238
0.662545454545 0.3 0.6875 0.625248508946 0.542517006803
0.662545454545 0.3 0.6875 0.625248508946 0.542517006803
1.0 1.0 0.9375 0.79324055666 0.816326530612
0.677090909091 0.25 0.71875 0.503976143141 0.600340136054
0.609454545455 0.2 0.625 0.502982107356 0.549319727891
0.793454545455 0.1 0.71875 0.564612326044 0.585034013605
0.645818181818 0.5 0.6875 0.645129224652 0.458333333333
0.765090909091 0.25 0.78125 0.715705765408 0.642857142857
0.672 0.1 0.71875 0.599403578529 0.674319727891
0.927272727273 0.1 0.8125 0.813121272366 0.809523809524
0.941818181818 0.2 0.84375 0.813121272366 0.809523809524
0.808727272727 0.15 0.875 0.842942345924 0.875
0.814545454545 0.3 0.8125 0.745526838966 0.752551020408
