1.0 0.666666666667 0.951219512195 0.873205741627 0.917816436713
0.281285878301 0.0 0.268292682927 0.125199362041 0.0611877624475
0.336394948335 0.0 0.268292682927 0.0869218500797 0.140971805639
0.290470723307 0.166666666667 0.243902439024 0.104465709729 0.0671865626875
0.884615384615 0.833333333333 0.926829268293 1.0 0.879424115177
0.941446613088 0.0 0.951219512195 0.97687400319 1.0
0.989092996556 1.0 1.0 0.99043062201 0.906418716257
0.994833524684 0.0 1.0 0.960925039872 0.907018596281
0.969001148106 0.5 0.975609756098 0.913875598086 0.826634673065
0.368541905855 0.333333333333 0.365853658537 0.184210526316 0.205158968206
0.964408725603 0.333333333333 0.975609756098 0.933014354067 0.894421115777
0.498851894374 1.0 0.609756097561 0.662679425837 0.51049790042
0.745694603904 0.666666666667 0.707317073171 0.52312599681 0.580083983203
0.6607347876 0.833333333333 0.756097560976 0.751993620415 0.709658068386
0.953501722158 0.166666666667 0.951219512195 0.857256778309 0.878224355129
0.500574052813 0.5 0.536585365854 0.460127591707 0.404919016197
0.9196326062 0.166666666667 0.975609756098 0.985645933014 0.973605278944
0.8392652124 0.833333333333 0.878048780488 0.966507177033 0.876424715057
0.92766934558 0.666666666667 0.975609756098 0.94019138756 0.902219556089
0.793915040184 0.333333333333 0.80487804878 0.621212121212 0.642471505699
0.822043628014 1.0 0.90243902439 0.959330143541 0.835032993401
0.292192881745 0.0 0.292682926829 0.152312599681 0.129574085183
0.473593570608 0.166666666667 0.414634146341 0.168261562998 0.229154169166
0.429391504018 0.0 0.536585365854 0.540669856459 0.419316136773
0.756027554535 0.0 0.829268292683 0.855661881978 0.79724055189
0.762342135476 0.666666666667 0.853658536585 0.874800637959 0.778044391122
0.707807118255 0.0 0.80487804878 0.678628389155 0.730053989202
0.659586681975 0.0 0.756097560976 0.690590111643 0.687462507499
0.5 0.333333333333 0.560975609756 0.481658692185 0.464907018596
0.686567164179 0.833333333333 0.731707317073 0.700159489633 0.72225554889
0.896670493685 0.0 0.926829268293 0.804625199362 0.9400119976
0.38346727899 0.0 0.463414634146 0.374003189793 0.359328134373
0.332950631458 0.0 0.292682926829 0.104465709729 0.122975404919
0.812858783008 0.333333333333 0.829268292683 0.750398724083 0.802639472106
0.681400688863 0.0 0.780487804878 0.77033492823 0.70125974805
0.582089552239 0.0 0.682926829268 0.607655502392 0.594481103779
0.307118254879 0.0 0.341463414634 0.257575757576 0.171565686863
0.361653272101 0.0 0.439024390244 0.30701754386 0.356928614277
0.599311136625 0.0 0.707317073171 0.651515151515 0.613077384523
0.575200918485 1.0 0.682926829268 0.685805422648 0.594481103779
0.296211251435 0.0 0.317073170732 0.192185007974 0.156568686263
0.291044776119 0.0 0.268292682927 0.0909090909091 0.0977804439112
0.820895522388 0.0 0.853658536585 0.859649122807 0.892621475705
0.349024110218 0.0 0.414634146341 0.278309409888 0.284943011398
0.635476463835 0.0 0.731707317073 0.663476874003 0.681463707259
0.489092996556 0.333333333333 0.463414634146 0.258373205742 0.323935212957
0.854764638347 0.0 0.90243902439 0.77990430622 0.880023995201
0.5401836969 0.5 0.536585365854 0.446570972887 0.48950209958
0.933983926521 0.0 0.951219512195 0.909888357257 0.864427114577
0.480482204363 0.0 0.585365853659 0.507177033493 0.481703659268
0.365671641791 0.0 0.317073170732 0.117224880383 0.169166166767
0.510332950631 0.0 0.609756097561 0.499202551834 0.529694061188
0.595866819747 0.5 0.634146341463 0.503987240829 0.557288542292
0.333524684271 0.166666666667 0.341463414634 0.190590111643 0.137372525495
0.3794489093 0.333333333333 0.390243902439 0.245614035088 0.236352729454
0.460390355913 0.0 0.560975609756 0.470494417863 0.448110377924
0.304822043628 0.0 0.292682926829 0.121212121212 0.0719856028794
0.386911595867 0.0 0.463414634146 0.358054226475 0.343131373725
0.765212399541 0.0 0.878048780488 0.777511961722 0.843431313737
0.563719862227 0.0 0.512195121951 0.317384370016 0.354529094181
0.415040183697 0.0 0.512195121951 0.475279106858 0.449910017996
0.328358208955 0.0 0.365853658537 0.267145135566 0.197960407918
0.408151549943 0.333333333333 0.439024390244 0.291068580542 0.303539292142
0.517795637199 0.0 0.634146341463 0.510366826156 0.548890221956
0.725602755454 1.0 0.780487804878 0.79346092504 0.756448710258
0.330654420207 0.0 0.390243902439 0.321371610845 0.27474505099
0.743972445465 0.166666666667 0.829268292683 0.836523125997 0.79424115177
0.934557979334 0.166666666667 0.951219512195 0.944976076555 0.923215356929
0.497129735936 0.333333333333 0.487804878049 0.397926634769 0.426514697061
0.657290470723 0.166666666667 0.585365853659 0.379585326954 0.47150569886
0.882893226177 0.0 0.90243902439 0.90350877193 0.958608278344
0.300803673938 0.0 0.292682926829 0.149122807018 0.114577084583
0.672215843858 0.0 0.634146341463 0.40350877193 0.500899820036
0.651549942595 0.0 0.658536585366 0.503189792663 0.575284943011
0.408151549943 0.0 0.487804878049 0.42663476874 0.337132573485
0.427095292767 0.166666666667 0.390243902439 0.173046251994 0.152369526095
0.546498277842 0.0 0.658536585366 0.642743221691 0.593881223755
0.376578645235 0.0 0.365853658537 0.157097288676 0.21175764847
0.902411021814 0.333333333333 0.90243902439 0.896331738437 0.947810437912
0.626865671642 0.0 0.609756097561 0.409888357257 0.5224955009
0.805970149254 0.0 0.829268292683 0.736044657097 0.668866226755
0.460390355913 0.0 0.487804878049 0.342105263158 0.392921415717
0.865671641791 0.0 0.853658536585 0.774322169059 0.790041991602
0.968427095293 0.0 0.951219512195 0.885167464115 0.934613077385
0.553960964409 0.0 0.560975609756 0.387559808612 0.403719256149
0.776119402985 0.333333333333 0.80487804878 0.712121212121 0.772045590882
0.648105625718 0.0 0.682926829268 0.531897926635 0.600479904019
0.713547646383 0.0 0.780487804878 0.626794258373 0.655068986203
0.877152698048 0.0 0.878048780488 0.761562998405 0.79724055189
0.574052812859 0.166666666667 0.536585365854 0.301435406699 0.408518296341
0.35533869116 0.0 0.390243902439 0.255980861244 0.284343131374
0.815154994259 0.333333333333 0.878048780488 0.805422647528 0.847030593881
0.739380022962 0.0 0.682926829268 0.432216905901 0.610077984403
0.402985074627 0.0 0.414634146341 0.247208931419 0.287342531494
0.721010332951 0.333333333333 0.829268292683 0.820574162679 0.763647270546
0.869690011481 0.0 0.853658536585 0.715311004785 0.80623875225
0.609644087256 0.0 0.536585365854 0.370813397129 0.467906418716
0.444890929966 0.0 0.487804878049 0.333333333333 0.380923815237
0.350746268657 0.0 0.317073170732 0.0956937799043 0.145170965807
0.804247990815 0.0 0.829268292683 0.822966507177 0.854829034193
0.343857634902 0.0 0.365853658537 0.208931419458 0.248350329934
0.514925373134 0.0 0.609756097561 0.552631578947 0.541091781644
0.661882893226 0.0 0.634146341463 0.432216905901 0.475704859028
0.397818599311 0.0 0.414634146341 0.238437001595 0.25974805039
0.436280137773 0.333333333333 0.487804878049 0.466507177033 0.369526094781
0.881171067738 0.333333333333 0.90243902439 0.849282296651 0.884823035393
0.789322617681 0.0 0.80487804878 0.68341307815 0.80923815237
0.955223880597 0.0 0.926829268293 0.784688995215 0.886022795441
0.322617680827 0.0 0.317073170732 0.188197767145 0.186562687463
0.734213547646 0.0 0.756097560976 0.58293460925 0.634073185363
0.942020665901 0.0 0.853658536585 0.645933014354 0.829034193161
0.673363949483 0.0 0.682926829268 0.720893141946 0.725854829034
0.826636050517 0.0 0.80487804878 0.74322169059 0.824835032993
0.919058553387 0.333333333333 0.951219512195 0.867623604466 0.866226754649
0.493685419059 0.166666666667 0.463414634146 0.311004784689 0.363527294541
0.908725602755 0.0 0.878048780488 0.673046251994 0.778644271146
0.85132032147 0.0 0.853658536585 0.786283891547 0.860827834433
0.400688863375 0.0 0.390243902439 0.200159489633 0.25974805039
0.373708381171 0.0 0.365853658537 0.140350877193 0.196160767846
0.341561423651 0.0 0.341463414634 0.161084529506 0.194961007798
0.640068886338 0.0 0.731707317073 0.668261562998 0.715656868626
0.696900114811 0.5 0.780487804878 0.777511961722 0.738452309538
0.453501722158 0.0 0.536585365854 0.495215311005 0.461307738452
0.941446613088 0.666666666667 0.926829268293 0.891547049442 0.94901019796
0.339839265212 0.0 0.317073170732 0.101275917065 0.161967606479
0.801377726751 0.0 0.80487804878 0.633971291866 0.721655668866
0.412169919633 0.0 0.414634146341 0.220893141946 0.226154769046
0.845579793341 0.166666666667 0.80487804878 0.641945773525 0.754049190162
0.918484500574 0.333333333333 0.926829268293 0.799043062201 0.757648470306
0.858208955224 0.166666666667 0.90243902439 0.881977671451 0.9400119976
0.523536165327 0.0 0.512195121951 0.384370015949 0.442711457708
0.615384615385 0.0 0.560975609756 0.331738437002 0.389922015597
0.312284730195 0.0 0.341463414634 0.207336523126 0.197360527894
0.675086107922 0.166666666667 0.756097560976 0.622807017544 0.678464307139
0.912743972445 0.0 0.878048780488 0.755980861244 0.827834433113
0.880597014925 0.166666666667 0.878048780488 0.7336523126 0.819436112777
0.522962112514 0.0 0.487804878049 0.240829346093 0.301139772046
0.41561423651 0.0 0.439024390244 0.242424242424 0.312537492501
0.442594718714 0.0 0.463414634146 0.230462519936 0.264547090582
0.683696900115 0.0 0.707317073171 0.614035087719 0.671265746851
0.630884041332 0.0 0.634146341463 0.522328548644 0.581283743251
0.53214695752 0.0 0.585365853659 0.46331738437 0.458308338332
0.548794489093 0.0 0.512195121951 0.344497607656 0.433713257349
0.334672789897 0.0 0.317073170732 0.187400318979 0.184163167367
0.330080367394 0.0 0.292682926829 0.130781499203 0.155368926215
0.365671641791 0.0 0.317073170732 0.110845295056 0.166766646671
0.702066590126 0.166666666667 0.731707317073 0.638755980861 0.696460707858
0.644087256028 0.0 0.682926829268 0.566985645933 0.586082783443
0.768656716418 0.166666666667 0.80487804878 0.664274322169 0.71325734853
0.43168771527 0.0 0.439024390244 0.212918660287 0.26874625075
0.783582089552 0.0 0.829268292683 0.747208931419 0.781043791242
0.406429391504 0.0 0.414634146341 0.221690590112 0.24475104979
0.704936854191 0.5 0.780487804878 0.732854864434 0.705458908218
0.646383467279 0.0 0.658536585366 0.516746411483 0.574085182963
0.938576349024 0.166666666667 0.926829268293 0.789473684211 0.839232153569
0.440298507463 0.0 0.487804878049 0.27033492823 0.320935812837
0.828932261768 0.0 0.80487804878 0.570972886762 0.705458908218
0.323191733639 0.0 0.341463414634 0.228070175439 0.237552489502
0.478760045924 0.0 0.463414634146 0.31658692185 0.329334133173
0.586107921929 0.0 0.585365853659 0.421052631579 0.439712057588
0.688863375431 0.0 0.756097560976 0.705741626794 0.72825434913
0.401836969001 0.0 0.390243902439 0.196172248804 0.278344331134
0.779563719862 0.0 0.80487804878 0.6331738437 0.626274745051
0.517795637199 0.166666666667 0.536585365854 0.494417862839 0.45950809838
0.518943742824 0.0 0.512195121951 0.295853269537 0.341931613677
0.468427095293 0.166666666667 0.536585365854 0.421850079745 0.383323335333
0.679678530425 0.0 0.682926829268 0.6004784689 0.613077384523
0.721010332951 0.0 0.780487804878 0.655502392344 0.68926214757
0.681974741676 0.0 0.707317073171 0.577352472089 0.658068386323
0.833524684271 0.0 0.853658536585 0.666666666667 0.780443911218
0.566590126292 0.166666666667 0.609756097561 0.444178628389 0.535092981404
0.448335246843 0.0 0.463414634146 0.267942583732 0.312537492501
0.735361653272 0.0 0.707317073171 0.525518341308 0.560287942412
0.892078071183 0.0 0.853658536585 0.66028708134 0.765446910618
0.603329506315 0.0 0.658536585366 0.579744816587 0.643671265747
0.494259471871 0.0 0.487804878049 0.325358851675 0.328134373125
0.447187141217 0.0 0.463414634146 0.261562998405 0.27474505099
0.818599311137 0.166666666667 0.829268292683 0.752791068581 0.853029394121
0.607347876005 0.0 0.634146341463 0.456140350877 0.454109178164
0.570608495982 0.0 0.560975609756 0.348484848485 0.424715056989
0.554535017222 0.0 0.634146341463 0.602073365231 0.592681463707
0.683696900115 0.166666666667 0.682926829268 0.555821371611 0.647270545891
0.56027554535 0.0 0.585365853659 0.5 0.565686862627
0.706659012629 0.0 0.756097560976 0.58692185008 0.653869226155
0.65671641791 0.166666666667 0.731707317073 0.593301435407 0.671265746851
0.725028702641 0.0 0.756097560976 0.547049441786 0.535092981404
0.432261768083 0.166666666667 0.414634146341 0.178628389155 0.201559688062
0.325487944891 0.0 0.292682926829 0.148325358852 0.171565686863
0.619402985075 0.166666666667 0.634146341463 0.46331738437 0.503299340132
0.557979334099 0.0 0.560975609756 0.425837320574 0.482903419316
0.621699196326 0.0 0.560975609756 0.282296650718 0.428914217157
0.51205510907 0.0 0.512195121951 0.397129186603 0.4475104979
0.729047072331 0.0 0.780487804878 0.795055821372 0.748650269946
0.441446613088 0.0 0.463414634146 0.318181818182 0.351529694061
0.889207807118 0.0 0.90243902439 0.777511961722 0.749850029994
0.465556831228 0.0 0.512195121951 0.398724082935 0.304139172166
0.37141216992 0.0 0.390243902439 0.182615629984 0.233953209358
0.814580941447 0.166666666667 0.853658536585 0.907496012759 0.899820035993
0.623995407577 0.333333333333 0.682926829268 0.681020733652 0.629874025195
0.408725602755 0.166666666667 0.414634146341 0.22009569378 0.309538092382
