0.668209876543 0.0 0.741935483871 0.625866050808 0.696647587899
0.808641975309 0.0 0.806451612903 0.637413394919 0.768601798855
0.696759259259 0.0 0.741935483871 0.598152424942 0.673753066231
0.591820987654 1.0 0.645161290323 0.426096997691 0.599345870809
0.763117283951 1.0 0.870967741935 0.720554272517 0.838103025348
0.875 0.0 0.903225806452 0.886836027714 0.971381847915
0.675154320988 0.0 0.709677419355 0.577367205543 0.649223221586
0.786265432099 0.0 0.838709677419 0.676674364896 0.729354047424
0.733796296296 0.0 0.774193548387 0.667436489607 0.730989370401
0.899691358025 0.0 0.935483870968 0.87182448037 0.943581357318
0.644290123457 0.0 0.677419354839 0.513856812933 0.580539656582
0.782407407407 0.0 0.806451612903 0.688221709007 0.766966475879
0.751543209877 0.0 0.806451612903 0.719399538106 0.76206050695
0.844907407407 0.0 0.870967741935 0.803695150115 0.87653311529
0.73225308642 0.0 0.806451612903 0.718244803695 0.738348323794
0.680555555556 0.0 0.741935483871 0.65935334873 0.69174161897
0.742283950617 0.0 0.741935483871 0.610854503464 0.70482420278
0.912808641975 0.0 0.903225806452 0.819861431871 0.924775143091
0.694444444444 0.0 0.774193548387 0.742494226328 0.754701553557
0.716820987654 0.0 0.774193548387 0.69168591224 0.724448078496
0.816358024691 0.0 0.870967741935 0.83025404157 0.866721177433
0.692901234568 0.0 0.741935483871 0.64896073903 0.686835650041
0.73225308642 0.0 0.806451612903 0.773672055427 0.786590351594
0.821759259259 1.0 0.838709677419 0.66974595843 0.85445625511
0.65200617284 0.0 0.741935483871 0.663972286374 0.657399836468
0.659722222222 0.0 0.741935483871 0.680138568129 0.681929681112
0.719907407407 0.0 0.774193548387 0.675519630485 0.704006541292
0.725308641975 0.0 0.741935483871 0.608545034642 0.673753066231
0.850308641975 0.0 0.903225806452 0.879907621247 0.913327882257
0.782407407407 0.0 0.806451612903 0.703233256351 0.76206050695
0.668981481481 1.0 0.774193548387 0.653579676674 0.744889615699
0.743055555556 0.0 0.774193548387 0.693995381062 0.744889615699
0.922067901235 0.0 0.935483870968 0.878752886836 0.950940310711
0.721450617284 0.0 0.774193548387 0.714780600462 0.744071954211
0.653549382716 0.0 0.677419354839 0.519630484988 0.573998364677
0.771604938272 0.0 0.870967741935 0.89376443418 0.878168438267
0.817901234568 0.0 0.870967741935 0.807159353349 0.835650040883
0.654320987654 0.0 0.709677419355 0.629330254042 0.652493867539
0.771604938272 0.0 0.806451612903 0.66974595843 0.71381847915
0.688271604938 0.0 0.741935483871 0.692840646651 0.71790678659
0.783179012346 0.0 0.838709677419 0.736720554273 0.759607522486
0.729166666667 1.0 0.774193548387 0.618937644342 0.766966475879
0.792438271605 0.0 0.838709677419 0.784064665127 0.816026165168
0.798611111111 0.0 0.903225806452 0.88337182448 0.856909239575
0.739197530864 0.0 0.806451612903 0.721709006928 0.730171708913
0.796296296296 0.0 0.774193548387 0.575057736721 0.671300081766
0.719907407407 1.0 0.806451612903 0.68129330254 0.784955028618
0.788580246914 0.0 0.838709677419 0.785219399538 0.811120196239
0.623456790123 1.0 0.677419354839 0.486143187067 0.618969746525
0.701388888889 0.0 0.741935483871 0.629330254042 0.661488143908
0.821759259259 0.0 0.903225806452 0.801385681293 0.793949304988
0.729166666667 0.0 0.806451612903 0.814087759815 0.811937857727
0.730709876543 0.0 0.774193548387 0.728637413395 0.758789860998
0.925154320988 0.0 0.903225806452 0.839491916859 0.937857726901
0.723765432099 0.0 0.741935483871 0.568129330254 0.619787408013
0.825617283951 0.0 0.870967741935 0.817551963048 0.846279640229
0.783179012346 0.0 0.774193548387 0.653579676674 0.734260016353
0.770833333333 0.0 0.806451612903 0.748267898383 0.784955028618
0.760802469136 0.0 0.806451612903 0.707852193995 0.732624693377
0.786265432099 0.0 0.838709677419 0.770207852194 0.789043336059
0.71450617284 0.0 0.806451612903 0.802540415704 0.781684382666
0.796296296296 0.0 0.838709677419 0.76558891455 0.7931316435
0.820987654321 0.0 0.838709677419 0.771362586605 0.823385118561
0.78549382716 0.0 0.774193548387 0.601616628176 0.679476696648
0.740740740741 0.0 0.774193548387 0.613163972286 0.645134914146
0.658179012346 0.0 0.677419354839 0.548498845266 0.594439901881
0.782407407407 0.0 0.838709677419 0.802540415704 0.815208503679
0.766975308642 0.0 0.774193548387 0.672055427252 0.730989370401
0.744598765432 0.0 0.774193548387 0.689376443418 0.725265739984
0.771604938272 1.0 0.806451612903 0.640877598152 0.786590351594
0.655864197531 0.0 0.709677419355 0.602771362587 0.611610793132
0.719907407407 0.0 0.741935483871 0.635103926097 0.677023712183
0.69212962963 0.0 0.741935483871 0.624711316397 0.636958299264
0.834104938272 0.0 0.838709677419 0.790993071594 0.852820932134
0.652777777778 0.0 0.709677419355 0.630484988453 0.635322976288
0.818672839506 1.0 0.903225806452 0.829099307159 0.925592804579
0.692901234568 0.0 0.741935483871 0.651270207852 0.663941128373
1.0 0.0 1.0 0.933025404157 1.0
0.741512345679 0.0 0.774193548387 0.750577367206 0.781684382666
0.791666666667 0.0 0.838709677419 0.748267898383 0.763695829926
0.706790123457 0.0 0.806451612903 0.79792147806 0.760425183974
0.753086419753 0.0 0.806451612903 0.759815242494 0.768601798855
0.752314814815 0.0 0.774193548387 0.591224018476 0.627964022895
0.726080246914 0.0 0.806451612903 0.74480369515 0.725265739984
0.841820987654 0.0 0.838709677419 0.736720554273 0.802125919869
0.877314814815 0.0 0.967741935484 0.937644341801 0.910874897792
0.770833333333 0.0 0.806451612903 0.711316397229 0.73589533933
0.77237654321 0.0 0.806451612903 0.725173210162 0.751430907604
0.796296296296 0.0 0.806451612903 0.617782909931 0.665576451349
0.66975308642 0.0 0.774193548387 0.763279445727 0.71790678659
0.730709876543 0.0 0.774193548387 0.709006928406 0.724448078496
0.646604938272 0.0 0.709677419355 0.646651270208 0.641046606705
0.799382716049 0.0 0.870967741935 0.887990762125 0.878168438267
0.707561728395 0.0 0.709677419355 0.587759815242 0.642681929681
0.758487654321 0.0 0.870967741935 0.923787528868 0.87244480785
0.679783950617 0.0 0.741935483871 0.670900692841 0.665576451349
0.698302469136 0.0 0.741935483871 0.673210161663 0.686835650041
0.74537037037 0.0 0.774193548387 0.678983833718 0.707277187244
0.887345679012 0.0 0.935483870968 0.919168591224 0.932134096484
0.869598765432 0.0 0.935483870968 0.908775981524 0.902698282911
0.907407407407 0.0 0.903225806452 0.829099307159 0.892886345053
0.639660493827 0.0 0.645161290323 0.548498845266 0.597710547833
0.677469135802 1.0 0.806451612903 0.71247113164 0.754701553557
0.724537037037 0.0 0.741935483871 0.607390300231 0.644317252657
0.712191358025 0.0 0.677419354839 0.53233256351 0.621422730989
0.826388888889 0.0 0.903225806452 0.863741339492 0.844644317253
0.820987654321 0.0 0.774193548387 0.613163972286 0.715453802126
0.762345679012 0.0 0.774193548387 0.658198614319 0.701553556827
0.702932098765 1.0 0.774193548387 0.651270207852 0.750613246116
0.836419753086 0.0 0.838709677419 0.711316397229 0.764513491415
0.733796296296 0.0 0.838709677419 0.826789838337 0.776778413737
0.83950617284 0.0 0.903225806452 0.88337182448 0.875715453802
0.699845679012 0.0 0.774193548387 0.629330254042 0.605069501226
0.787808641975 0.0 0.806451612903 0.719399538106 0.753883892069
0.756172839506 0.0 0.806451612903 0.741339491917 0.743254292723
0.750771604938 1.0 0.774193548387 0.558891454965 0.700735895339
0.6875 0.0 0.774193548387 0.750577367206 0.715453802126
0.738425925926 0.0 0.709677419355 0.572748267898 0.651676206051
0.652777777778 0.0 0.774193548387 0.751732101617 0.680294358136
0.694444444444 0.0 0.709677419355 0.600461893764 0.6345053148
0.757716049383 0.0 0.741935483871 0.621247113164 0.686835650041
0.848765432099 0.0 0.870967741935 0.78752886836 0.816843826656
0.77237654321 0.0 0.838709677419 0.767898383372 0.751430907604
0.77237654321 0.0 0.774193548387 0.68129330254 0.729354047424
0.780092592593 0.0 0.838709677419 0.812933025404 0.805396565822
0.699074074074 0.0 0.806451612903 0.774826789838 0.716271463614
0.872685185185 0.0 0.935483870968 0.890300230947 0.878986099755
0.782407407407 0.0 0.870967741935 0.796766743649 0.757154538021
0.683641975309 0.0 0.709677419355 0.623556581986 0.645134914146
0.816358024691 0.0 0.838709677419 0.773672055427 0.801308258381
0.804012345679 0.0 0.870967741935 0.772517321016 0.753883892069
0.862654320988 0.0 0.838709677419 0.73441108545 0.807849550286
0.682098765432 0.0 0.709677419355 0.603926096998 0.622240392478
0.831790123457 0.0 0.870967741935 0.819861431871 0.829926410466
0.891203703704 0.0 0.967741935484 1.0 0.975470155356
0.814814814815 0.0 0.774193548387 0.63856812933 0.726083401472
0.675925925926 0.0 0.741935483871 0.650115473441 0.628781684383
0.882716049383 0.0 0.870967741935 0.730946882217 0.789860997547
0.790895061728 0.0 0.806451612903 0.719399538106 0.750613246116
0.664351851852 0.0 0.677419354839 0.578521939954 0.609975470155
0.787037037037 0.0 0.903225806452 0.94688221709 0.879803761243
0.766975308642 0.0 0.838709677419 0.750577367206 0.724448078496
0.697530864198 0.0 0.741935483871 0.599307159353 0.597710547833
0.841049382716 0.0 0.838709677419 0.754041570439 0.802943581357
0.655864197531 0.0 0.741935483871 0.645496535797 0.601798855274
0.820987654321 0.0 0.935483870968 0.959584295612 0.892886345053
0.762345679012 0.0 0.774193548387 0.724018475751 0.757972199509
0.825617283951 0.0 0.806451612903 0.713625866051 0.778413736713
0.664351851852 0.0 0.709677419355 0.63856812933 0.636140637776
0.802469135802 0.0 0.806451612903 0.680138568129 0.719542109567
0.718364197531 0.0 0.806451612903 0.792147806005 0.747342600164
0.826388888889 0.0 0.806451612903 0.660508083141 0.722812755519
0.844907407407 0.0 0.903225806452 0.854503464203 0.840556009812
0.800154320988 0.0 0.806451612903 0.79792147806 0.836467702371
0.87037037037 0.0 0.838709677419 0.777136258661 0.853638593622
0.860339506173 0.0 0.838709677419 0.727482678984 0.792313982011
0.808641975309 1.0 0.870967741935 0.727482678984 0.822567457073
0.715277777778 0.0 0.774193548387 0.742494226328 0.724448078496
0.939814814815 0.0 0.935483870968 0.855658198614 0.903515944399
0.787037037037 0.0 0.838709677419 0.821016166282 0.811120196239
0.724537037037 0.0 0.774193548387 0.737875288684 0.728536385936
0.739969135802 0.0 0.774193548387 0.68129330254 0.686017988553
0.707561728395 0.0 0.741935483871 0.660508083141 0.664758789861
0.83487654321 0.0 0.806451612903 0.715935334873 0.784955028618
0.726080246914 0.0 0.741935483871 0.654734411085 0.677023712183
0.824845679012 0.0 0.870967741935 0.869515011547 0.865085854456
0.764660493827 0.0 0.741935483871 0.684757505774 0.747342600164
0.848765432099 0.0 0.870967741935 0.763279445727 0.780049059689
0.864197530864 0.0 0.903225806452 0.85103926097 0.852003270646
0.766975308642 0.0 0.806451612903 0.726327944573 0.724448078496
0.734567901235 0.0 0.774193548387 0.695150115473 0.692559280458
0.693672839506 0.0 0.774193548387 0.75519630485 0.712183156173
0.798611111111 0.0 0.838709677419 0.792147806005 0.790678659035
0.875 0.0 0.838709677419 0.728637413395 0.803761242845
0.716820987654 0.0 0.806451612903 0.773672055427 0.721177432543
0.854938271605 0.0 0.838709677419 0.772517321016 0.827473426002
0.776234567901 0.0 0.838709677419 0.831408775982 0.807031888798
0.707561728395 0.0 0.806451612903 0.778290993072 0.715453802126
0.797839506173 0.0 0.806451612903 0.713625866051 0.741618969747
0.730709876543 0.0 0.806451612903 0.769053117783 0.729354047424
0.927469135802 0.0 0.903225806452 0.815242494226 0.878168438267
0.844907407407 0.0 0.806451612903 0.711316397229 0.786590351594
0.734567901235 0.0 0.806451612903 0.810623556582 0.77514309076
0.769290123457 0.0 0.870967741935 0.866050808314 0.799672935405
0.75462962963 0.0 0.806451612903 0.779445727483 0.76206050695
0.790895061728 0.0 0.870967741935 0.908775981524 0.865085854456
0.877314814815 0.0 0.935483870968 0.945727482679 0.923957481603
0.820987654321 0.0 0.838709677419 0.756351039261 0.771872444808
0.822530864198 0.0 0.870967741935 0.821016166282 0.80621422731
0.846450617284 0.0 0.903225806452 0.872979214781 0.85036794767
0.89737654321 0.0 0.870967741935 0.801385681293 0.861815208504
0.838734567901 0.0 0.870967741935 0.796766743649 0.796402289452
0.861882716049 0.0 0.903225806452 0.816397228637 0.804578904334
0.871913580247 0.0 0.903225806452 0.821016166282 0.81929681112
0.935185185185 0.0 1.0 0.998845265589 0.966475878986
0.890432098765 0.0 0.903225806452 0.868360277136 0.886345053148
0.984567901235 0.0 0.967741935484 0.942263279446 0.99100572363
0.809413580247 0.0 0.870967741935 0.889145496536 0.856909239575
0.878858024691 0.0 0.935483870968 0.912240184758 0.884709730172
0.855709876543 0.0 0.903225806452 0.938799076212 0.921504497138
