0.564459930314 0.285714285714 0.625 0.5 0.489609310058
0.564459930314 0.285714285714 0.625 0.5 0.489609310058
0.429965156794 0.714285714286 0.46875 0.251605995717 0.327514546966
0.397909407666 0.428571428571 0.40625 0.173447537473 0.259351620948
0.397909407666 0.428571428571 0.40625 0.173447537473 0.259351620948
0.429965156794 0.714285714286 0.46875 0.251605995717 0.327514546966
0.53031358885 0.571428571429 0.53125 0.256959314775 0.339983374896
0.564459930314 0.571428571429 0.5625 0.285867237687 0.372402327515
0.734494773519 0.571428571429 0.78125 0.61670235546 0.643391521197
0.734494773519 0.571428571429 0.78125 0.61670235546 0.643391521197
0.745644599303 0.428571428571 0.84375 0.744111349036 0.899418121363
0.745644599303 0.428571428571 0.84375 0.744111349036 0.899418121363
0.598606271777 0.285714285714 0.65625 0.528907922912 0.522028262677
0.564459930314 0.285714285714 0.625 0.5 0.489609310058
0.5393728223 0.571428571429 0.5625 0.347965738758 0.498753117207
0.616724738676 0.428571428571 0.6875 0.599571734475 0.572734829593
0.435540069686 0.428571428571 0.46875 0.28051391863 0.359933499584
0.432055749129 0.428571428571 0.4375 0.202355460385 0.291770573566
0.593031358885 0.571428571429 0.65625 0.5 0.489609310058
0.589547038328 0.571428571429 0.625 0.421841541756 0.42144638404
0.533797909408 0.571428571429 0.5625 0.335117773019 0.408146300914
0.564459930314 0.571428571429 0.5625 0.285867237687 0.372402327515
0.75818815331 0.428571428571 0.8125 0.895074946467 0.843724023275
0.78118466899 0.428571428571 0.90625 1.0 0.963424771405
0.611846689895 0.142857142857 0.75 0.673447537473 0.739817123857
0.608362369338 0.142857142857 0.71875 0.595289079229 0.671654197839
0.590243902439 0.285714285714 0.59375 0.443254817987 0.557772236076
0.613240418118 0.285714285714 0.6875 0.54817987152 0.677472984206
0.505226480836 0.285714285714 0.53125 0.335117773019 0.408146300914
0.501742160279 0.285714285714 0.5 0.256959314775 0.339983374896
0.426480836237 0.714285714286 0.4375 0.173447537473 0.259351620948
0.401393728223 0.428571428571 0.4375 0.251605995717 0.327514546966
0.624390243902 0.285714285714 0.625 0.472162740899 0.590191188695
0.61881533101 0.571428571429 0.625 0.443254817987 0.557772236076
0.427177700348 0.571428571429 0.53125 0.487152034261 0.434746467165
0.427177700348 0.571428571429 0.53125 0.487152034261 0.434746467165
0.53031358885 0.571428571429 0.53125 0.256959314775 0.339983374896
0.53031358885 0.571428571429 0.53125 0.256959314775 0.339983374896
0.713588850174 0.142857142857 0.78125 0.665952890792 0.831255195345
0.694076655052 0.142857142857 0.71875 0.639186295503 0.779717373234
0.501742160279 0.285714285714 0.5 0.256959314775 0.339983374896
0.53031358885 0.571428571429 0.53125 0.256959314775 0.339983374896
0.840418118467 0.857142857143 0.8125 0.73982869379 0.699085619285
0.876655052265 0.285714285714 0.9375 0.859743040685 0.926018287614
0.78606271777 0.0 0.84375 0.790149892934 0.683291770574
0.809756097561 1.0 0.84375 0.73982869379 0.709891936825
0.427177700348 0.571428571429 0.53125 0.487152034261 0.434746467165
0.427177700348 0.571428571429 0.53125 0.487152034261 0.434746467165
1.0 1.0 1.0 0.86295503212 1.0
0.5393728223 0.285714285714 0.5625 0.364025695931 0.440565253533
0.590243902439 0.285714285714 0.59375 0.443254817987 0.557772236076
0.613240418118 0.285714285714 0.6875 0.54817987152 0.677472984206
0.680836236934 0.0 0.625 0.475374732334 0.527847049044
0.722648083624 0.428571428571 0.75 0.639186295503 0.779717373234
0.426480836237 0.714285714286 0.4375 0.173447537473 0.259351620948
0.429965156794 0.714285714286 0.46875 0.251605995717 0.327514546966
0.378397212544 0.428571428571 0.34375 0.146680942184 0.207813798836
0.378397212544 0.428571428571 0.34375 0.146680942184 0.207813798836
0.5393728223 0.571428571429 0.5625 0.347965738758 0.498753117207
0.5393728223 0.571428571429 0.5625 0.347965738758 0.498753117207
0.505226480836 0.285714285714 0.53125 0.335117773019 0.408146300914
0.482229965157 0.285714285714 0.4375 0.230192719486 0.288445552785
0.78118466899 0.428571428571 0.90625 1.0 0.963424771405
0.78118466899 0.428571428571 0.90625 1.0 0.963424771405
0.505226480836 0.285714285714 0.53125 0.335117773019 0.408146300914
0.482229965157 0.285714285714 0.4375 0.230192719486 0.288445552785
0.378397212544 0.428571428571 0.34375 0.146680942184 0.207813798836
0.401393728223 0.428571428571 0.4375 0.251605995717 0.327514546966
0.809756097561 0.571428571429 0.9375 1.0 0.963424771405
0.809756097561 0.571428571429 0.9375 1.0 0.963424771405
0.535888501742 0.285714285714 0.53125 0.285867237687 0.372402327515
0.501742160279 0.285714285714 0.5 0.256959314775 0.339983374896
0.433449477352 0.285714285714 0.40625 0.235546038544 0.25353283458
0.378397212544 0.428571428571 0.34375 0.146680942184 0.207813798836
0.501742160279 0.285714285714 0.5 0.256959314775 0.339983374896
0.501742160279 0.285714285714 0.5 0.256959314775 0.339983374896
0.797909407666 0.571428571429 0.75 0.562098501071 0.720698254364
0.778397212544 0.571428571429 0.6875 0.535331905782 0.669160432253
0.713588850174 0.142857142857 0.78125 0.665952890792 0.831255195345
0.618118466899 0.428571428571 0.59375 0.461456102784 0.4821280133
