0.391358024691 0.428571428571 0.321428571429 0.224513172967 0.186785260483
0.879012345679 0.857142857143 0.964285714286 0.813287514318 0.94790343075
0.743209876543 0.857142857143 0.821428571429 0.710194730813 0.742058449809
0.890740740741 0.714285714286 0.892857142857 1.0 0.757306226175
0.430864197531 0.428571428571 0.392857142857 0.327605956472 0.30749682338
0.424074074074 0.285714285714 0.321428571429 0.277205040092 0.135959339263
0.449382716049 0.428571428571 0.428571428571 0.35166093929 0.288437102922
0.632098765432 0.571428571429 0.607142857143 0.415807560137 0.477763659466
0.626543209877 0.285714285714 0.714285714286 0.61282932417 0.58958068615
0.495061728395 0.285714285714 0.464285714286 0.407789232532 0.416772554003
0.787037037037 0.142857142857 0.785714285714 0.745704467354 0.621346886912
0.55 0.285714285714 0.464285714286 0.279495990836 0.207115628971
0.538271604938 0.0 0.535714285714 0.455899198167 0.397712833545
1.0 0.714285714286 1.0 0.986254295533 1.0
0.849382716049 0.285714285714 0.892857142857 0.799541809851 0.678526048285
0.303086419753 0.0 0.25 0.176403207331 0.108005082592
0.502469135802 0.285714285714 0.464285714286 0.411225658648 0.367217280813
0.641358024691 0.857142857143 0.607142857143 0.40206185567 0.419313850064
0.554938271605 0.714285714286 0.464285714286 0.365406643757 0.226175349428
0.709259259259 0.428571428571 0.642857142857 0.591065292096 0.485387547649
0.434567901235 0.142857142857 0.428571428571 0.398625429553 0.482846251588
0.563580246914 0.428571428571 0.5 0.436426116838 0.418043202033
0.876543209877 1.0 0.928571428571 0.862542955326 0.89834815756
0.913580246914 1.0 1.0 0.962199312715 0.969504447268
0.486419753086 0.428571428571 0.5 0.477663230241 0.470139771283
0.592592592593 0.571428571429 0.642857142857 0.564719358534 0.644218551461
0.488888888889 0.0 0.428571428571 0.428407789233 0.266836086404
0.671604938272 0.714285714286 0.678571428571 0.375715922108 0.468869123253
0.40987654321 0.428571428571 0.357142857143 0.315005727377 0.306226175349
0.56975308642 0.428571428571 0.5 0.487972508591 0.391359593393
0.514814814815 0.714285714286 0.464285714286 0.320733104238 0.279542566709
0.466666666667 0.142857142857 0.428571428571 0.510882016037 0.456162642948
0.448765432099 0.142857142857 0.5 0.415807560137 0.442185514612
0.56975308642 0.142857142857 0.607142857143 0.562428407789 0.637865311309
0.416049382716 0.285714285714 0.428571428571 0.287514318442 0.311308767471
0.374691358025 0.0 0.357142857143 0.226804123711 0.199491740788
0.406172839506 0.428571428571 0.357142857143 0.327605956472 0.30749682338
0.393827160494 0.428571428571 0.321428571429 0.264604810997 0.214739517154
0.575308641975 0.571428571429 0.535714285714 0.302405498282 0.371029224905
0.461728395062 0.428571428571 0.428571428571 0.349369988545 0.30749682338
0.620987654321 0.285714285714 0.535714285714 0.515463917526 0.316391359593
0.472839506173 0.0 0.428571428571 0.333333333333 0.257941550191
0.390740740741 0.142857142857 0.392857142857 0.287514318442 0.257941550191
0.763580246914 0.571428571429 0.785714285714 0.636884306987 0.601016518424
0.298765432099 0.0 0.214285714286 0.113402061856 0.0152477763659
0.669135802469 0.857142857143 0.714285714286 0.610538373425 0.670902160102
0.593209876543 0.285714285714 0.571428571429 0.501718213058 0.416772554003
0.676543209877 0.285714285714 0.642857142857 0.66323024055 0.501905972046
0.566049382716 0.428571428571 0.5 0.53264604811 0.439644218551
0.412345679012 0.428571428571 0.392857142857 0.35166093929 0.288437102922
0.788888888889 0.285714285714 0.785714285714 0.641466208477 0.790343074968
0.545679012346 0.571428571429 0.535714285714 0.434135166094 0.463786531131
0.553086419753 0.428571428571 0.464285714286 0.315005727377 0.278271918679
0.612962962963 0.571428571429 0.571428571429 0.526918671249 0.449809402795
0.502469135802 0.142857142857 0.428571428571 0.31156930126 0.243964421855
0.846913580247 0.285714285714 0.857142857143 0.916380297824 0.851334180432
0.391358024691 0.285714285714 0.392857142857 0.438717067583 0.479034307497
0.527160493827 0.428571428571 0.464285714286 0.327605956472 0.392630241423
0.333950617284 0.285714285714 0.285714285714 0.226804123711 0.199491740788
0.535185185185 0.428571428571 0.5 0.422680412371 0.447268106734
0.395679012346 0.285714285714 0.357142857143 0.226804123711 0.199491740788
0.561728395062 0.428571428571 0.607142857143 0.564719358534 0.565438373571
0.895061728395 0.857142857143 0.892857142857 0.630011454754 0.599745870394
0.604320987654 0.571428571429 0.571428571429 0.407789232532 0.373570520966
0.532098765432 0.142857142857 0.5 0.48224513173 0.33290978399
0.557407407407 0.428571428571 0.535714285714 0.476517754868 0.438373570521
0.514814814815 0.714285714286 0.464285714286 0.320733104238 0.279542566709
0.557407407407 0.428571428571 0.535714285714 0.476517754868 0.438373570521
0.866666666667 0.571428571429 0.928571428571 0.774341351661 0.889453621347
0.693827160494 0.428571428571 0.75 0.605956471936 0.613722998729
0.461728395062 0.428571428571 0.428571428571 0.349369988545 0.30749682338
0.601851851852 0.857142857143 0.571428571429 0.263459335624 0.20584498094
0.756172839506 0.714285714286 0.785714285714 0.495990836197 0.415501905972
0.816666666667 0.571428571429 0.821428571429 0.570446735395 0.404066073698
0.278395061728 0.0 0.214285714286 0.176403207331 0.108005082592
0.290740740741 0.0 0.25 0.176403207331 0.108005082592
0.647530864198 0.428571428571 0.642857142857 0.536082474227 0.51207115629
0.604320987654 0.428571428571 0.607142857143 0.613974799542 0.583227445997
0.588271604938 0.428571428571 0.535714285714 0.607101947308 0.475222363405
0.741975308642 0.142857142857 0.678571428571 0.701030927835 0.64040660737
0.42962962963 0.142857142857 0.357142857143 0.262313860252 0.221092757306
0.364197530864 0.0 0.25 0.185567010309 0.0724269377382
0.362345679012 0.285714285714 0.285714285714 0.219931271478 0.0978398983482
0.451234567901 0.285714285714 0.428571428571 0.339060710195 0.285895806861
0.40987654321 0.428571428571 0.321428571429 0.308132875143 0.188055908513
0.52037037037 0.571428571429 0.535714285714 0.426116838488 0.456162642948
0.526543209877 0.428571428571 0.428571428571 0.437571592211 0.299872935197
0.458641975309 0.428571428571 0.464285714286 0.337915234822 0.349428208386
0.645061728395 0.571428571429 0.642857142857 0.458190148912 0.465057179161
0.585802469136 0.285714285714 0.535714285714 0.436426116838 0.454891994917
0.571604938272 0.428571428571 0.571428571429 0.352806414662 0.443456162643
0.559259259259 0.428571428571 0.535714285714 0.289805269187 0.350698856417
0.561728395062 0.571428571429 0.571428571429 0.545246277205 0.561626429479
0.327777777778 0.285714285714 0.25 0.113402061856 0.0152477763659
0.321604938272 0.0 0.285714285714 0.226804123711 0.199491740788
0.645061728395 0.714285714286 0.678571428571 0.443298969072 0.3583227446
0.483950617284 0.428571428571 0.464285714286 0.398625429553 0.482846251588
0.561728395062 0.428571428571 0.607142857143 0.564719358534 0.565438373571
0.543209876543 0.714285714286 0.571428571429 0.516609392898 0.527318932656
0.497530864198 0.285714285714 0.464285714286 0.355097365407 0.207115628971
