0.513079394218 0.0 0.714285714286 0.621661721068 0.816432272391
0.345112436898 0.0 0.514285714286 0.399109792285 0.561806069578
0.371271225333 0.0 0.571428571429 0.46884272997 0.59659511473
0.397888939881 0.0 0.542857142857 0.4146884273 0.59141376758
0.323542909592 0.0 0.485714285714 0.3353115727 0.493708364175
0.323542909592 0.0 0.485714285714 0.3353115727 0.493708364175
0.476824231299 0.0 0.657142857143 0.554896142433 0.679496669134
0.506654428637 0.0 0.771428571429 0.804896142433 0.838638045892
0.403854979348 0.0 0.571428571429 0.502225519288 0.620281273131
0.436897659477 0.0 0.6 0.571958456973 0.693560325685
0.495181275815 0.0 0.714285714286 0.658011869436 0.716506291636
0.428636989445 0.0 0.628571428571 0.552670623145 0.629903774981
0.609453877926 0.0 0.742857142857 0.640949554896 0.779422649889
0.756769160165 0.0 0.971428571429 0.929525222552 0.984455958549
0.534648921524 0.0 0.828571428571 0.848664688427 0.817912657291
0.630564479119 0.0 0.771428571429 0.683234421365 0.80088823094
0.326755392382 0.0 0.457142857143 0.297477744807 0.423390081421
0.55943093162 0.0 0.685714285714 0.522997032641 0.652109548483
0.606700321248 0.0 0.857142857143 0.859792284866 0.846780162842
0.228545204222 0.0 0.342857142857 0.196587537092 0.317542561066
0.228545204222 0.0 0.342857142857 0.196587537092 0.317542561066
0.428178063332 0.0 0.571428571429 0.453264094955 0.541080680977
0.579623680587 0.0 0.828571428571 0.816023738872 0.79496669134
0.401101422671 0.0 0.485714285714 0.344955489614 0.482605477424
0.476365305186 0.0 0.657142857143 0.573442136499 0.614359733531
0.406608536026 0.0 0.542857142857 0.389465875371 0.472982975574
0.511702615879 0.0 0.628571428571 0.402077151335 0.497409326425
0.491509866911 0.0 0.6 0.402077151335 0.497409326425
0.262046810464 0.0 0.4 0.373887240356 0.435973353072
0.342773844232 0.0 0.463414634146 0.370064820271 0.446481371969
0.329862557268 0.0 0.439024390244 0.309958750737 0.394441159077
0.239100504819 0.0 0.342857142857 0.213649851632 0.302738712065
0.239100504819 0.0 0.342857142857 0.213649851632 0.302738712065
0.418999541074 0.0 0.657142857143 0.655044510386 0.60991857883
0.682423129876 0.0 0.885714285714 0.853857566766 0.843079200592
0.316200091785 0.0 0.457142857143 0.356083086053 0.40710584752
0.677374942634 0.0 0.914285714286 0.98590504451 0.938564026647
0.416493127863 0.0 0.560975609756 0.535061873895 0.578947368421
0.653051858651 0.0 0.8 0.707715133531 0.749074759437
0.45022907122 0.0 0.585365853659 0.512080141426 0.564754583087
0.620158267389 0.0 0.707317073171 0.522687094873 0.62329982259
0.192748967416 0.0 0.285714285714 0.176557863501 0.264988897113
0.192748967416 0.0 0.285714285714 0.176557863501 0.264988897113
0.833402748855 0.0 0.926829268293 0.810842663524 0.894736842105
0.277650298302 0.0 0.428571428571 0.391691394659 0.414507772021
0.827155351937 0.0 1.0 1.0 1.0
0.536443148688 0.0 0.682926829268 0.582793164408 0.602602010645
0.30105553006 0.0 0.371428571429 0.229970326409 0.324944485566
0.567796610169 0.0 0.684210526316 0.671761280932 0.720271102896
0.418159100375 0.0 0.560975609756 0.459634649381 0.480780603193
0.569346105789 0.0 0.658536585366 0.56806128462 0.642814902425
0.311414850388 0.0 0.446808510638 0.357020057307 0.385166240409
0.588921282799 0.0 0.634146341463 0.541543901002 0.65819041987
0.466888796335 0.0 0.585365853659 0.515026517384 0.557066824364
0.694444444444 0.0 0.789473684211 0.788937409025 0.853357979051
0.665972511454 0.0 0.756097560976 0.645256334708 0.714370195151
0.209729233593 0.0 0.314285714286 0.258160237389 0.311621021466
0.6472303207 0.0 0.780487804878 0.697701826753 0.722057953873
0.787193973635 0.0 0.815789473684 0.7096069869 0.836722119532
0.277777777778 0.0 0.368421052632 0.24308588064 0.307455329636
0.45197740113 0.0 0.578947368421 0.481077147016 0.50831792976
0.452448210923 0.0 0.578947368421 0.586608442504 0.612446087492
0.34934086629 0.0 0.5 0.465793304221 0.467036352434
0.287746672786 0.0 0.4 0.271513353116 0.310880829016
0.533898305085 0.0 0.657894736842 0.585880640466 0.613062230437
0.49895876718 0.0 0.609756097561 0.523865645256 0.564163217031
0.330254894717 0.0 0.446808510638 0.438968481375 0.473145780051
0.491054613936 0.0 0.631578947368 0.640465793304 0.650030807147
0.331112036651 0.0 0.390243902439 0.310548025928 0.400946185689
0.662900188324 0.0 0.710526315789 0.513828238719 0.615526802218
0.610578925448 0.0 0.682926829268 0.585150265174 0.661738616203
0.531544256121 0.0 0.631578947368 0.558224163028 0.606284658041
0.510357815443 0.0 0.684210526316 0.673944687045 0.648182378312
0.664306538942 0.0 0.707317073171 0.56806128462 0.67297457126
0.258219431105 0.0 0.36170212766 0.298567335244 0.342710997442
0.638888888889 0.0 0.763157894737 0.683406113537 0.706099815157
0.43549905838 0.0 0.578947368421 0.505822416303 0.50831792976
0.379943502825 0.0 0.473684210526 0.350800582242 0.402341343192
0.850478967097 0.0 0.926829268293 0.799057159694 0.866942637493
0.691378592253 0.0 0.780487804878 0.700058927519 0.754583086931
0.42107455227 0.0 0.512195121951 0.440188568061 0.492607924305
0.580979284369 0.0 0.736842105263 0.729985443959 0.71719038817
0.606873822976 0.0 0.684210526316 0.608442503639 0.672211953173
0.652134006425 0.0 0.742857142857 0.574183976261 0.623982235381
0.491054613936 0.0 0.605263157895 0.58442503639 0.609365372766
0.485543827444 0.0 0.6 0.477744807122 0.501110288675
0.487758945386 0.0 0.657894736842 0.68922852984 0.656808379544
0.471280602637 0.0 0.631578947368 0.597525473071 0.574861367837
0.49670433145 0.0 0.605263157895 0.581513828239 0.609981515712
0.269301810122 0.0 0.382978723404 0.275071633238 0.29820971867
0.530612244898 0.0 0.609756097561 0.472009428403 0.529272619752
0.769262807164 0.0 0.90243902439 0.874484384207 0.877587226493
0.580979284369 0.0 0.736842105263 0.767831149927 0.747997535428
0.528629479128 0.0 0.68085106383 0.672779369628 0.656265984655
0.385122410546 0.0 0.447368421053 0.355167394469 0.428219346888
0.315285297793 0.0 0.463414634146 0.419563936358 0.405085748078
0.315285297793 0.0 0.463414634146 0.419563936358 0.405085748078
0.636534839925 0.0 0.736842105263 0.714701601164 0.747997535428
0.460922787194 0.0 0.552631578947 0.507278020378 0.54898336414
0.518361581921 0.0 0.657894736842 0.572052401747 0.56561922366
0.689296126614 0.0 0.756097560976 0.661166764879 0.727380248374
0.244920576284 0.0 0.340425531915 0.267048710602 0.303836317136
0.678907721281 0.0 0.842105263158 0.830422125182 0.799137399877
0.537664783427 0.0 0.736842105263 0.757641921397 0.689463955638
0.439601034355 0.0 0.595744680851 0.563323782235 0.53810741688
0.371998522349 0.0 0.468085106383 0.449283667622 0.483887468031
0.728315741166 0.0 0.971428571429 1.0 0.886750555144
0.782590587255 0.0 0.878048780488 0.852681202121 0.887049083383
0.290712203249 0.0 0.439024390244 0.384796700059 0.363690124187
0.290712203249 0.0 0.439024390244 0.384796700059 0.363690124187
0.665254237288 0.0 0.763157894737 0.633187772926 0.662353666051
0.607344632768 0.0 0.763157894737 0.757641921397 0.728897104128
0.501412429379 0.0 0.552631578947 0.494177583697 0.569932224276
0.620998116761 0.0 0.631578947368 0.467976710335 0.584103512015
0.517916512745 0.0 0.63829787234 0.577650429799 0.583631713555
0.523069679849 0.0 0.631578947368 0.610625909753 0.628465804067
0.401551533062 0.0 0.531914893617 0.570773638968 0.566751918159
0.48146605581 0.0 0.585365853659 0.477902180318 0.500295683028
0.533898305085 0.0 0.657894736842 0.62154294032 0.62292051756
0.418549905838 0.0 0.5 0.412663755459 0.456561922366
0.63418079096 0.0 0.684210526316 0.640465793304 0.714725816389
0.436440677966 0.0 0.552631578947 0.494905385735 0.502772643253
0.329096045198 0.0 0.421052631579 0.384279475983 0.415896487985
0.506120527307 0.0 0.605263157895 0.518195050946 0.541589648799
0.593646102697 0.0 0.702127659574 0.683667621777 0.697698209719
0.647580347248 0.0 0.744680851064 0.714613180516 0.739641943734
0.841337099812 0.0 0.921052631579 0.957787481805 1.0
0.476930320151 0.0 0.605263157895 0.580058224163 0.573629081947
0.786723163842 0.0 0.842105263158 0.723435225619 0.789279112754
0.384651600753 0.0 0.447368421053 0.348617176128 0.406654343808
0.649427410417 0.0 0.765957446809 0.747277936963 0.751406649616
0.601694915254 0.0 0.736842105263 0.749636098981 0.733826247689
0.334687846324 0.0 0.468085106383 0.448710601719 0.434271099744
0.561676082863 0.0 0.710526315789 0.66885007278 0.638324091189
0.379841732611 0.0 0.463414634146 0.391278727166 0.425192193968
0.433321019579 0.0 0.531914893617 0.514040114613 0.531969309463
0.675968346522 0.0 0.707317073171 0.542133176193 0.626848018924
0.556851311953 0.0 0.682926829268 0.584560989982 0.574216439976
0.204285186553 0.0 0.276595744681 0.159885386819 0.203069053708
0.504708097928 0.0 0.631578947368 0.600436681223 0.589032655576
0.432674199623 0.0 0.526315789474 0.480349344978 0.501540357363
0.637650978759 0.0 0.756097560976 0.639952857985 0.636309875813
0.542372881356 0.0 0.657894736842 0.632459970888 0.631546518792
0.493879472693 0.0 0.657894736842 0.635371179039 0.585335797905
0.818618396749 0.0 0.872340425532 0.801146131805 0.861381074169
0.441148775895 0.0 0.526315789474 0.448326055313 0.476894639556
0.599811676083 0.0 0.684210526316 0.639010189229 0.667898952557
0.555555555556 0.0 0.657894736842 0.649199417758 0.65865680838
0.695856873823 0.0 0.710526315789 0.559679767103 0.656192236599
0.34466198744 0.0 0.404255319149 0.229799426934 0.281329923274
0.624764595104 0.0 0.710526315789 0.610625909753 0.635243376463
0.46361285556 0.0 0.574468085106 0.530659025788 0.529411764706
0.691619585687 0.0 0.789473684211 0.602620087336 0.614294516328
0.428907721281 0.0 0.5 0.419941775837 0.457794208256
0.692561205273 0.0 0.842105263158 0.858806404658 0.818237831177
0.439736346516 0.0 0.552631578947 0.484716157205 0.480591497227
0.52124122645 0.0 0.659574468085 0.665902578797 0.635805626598
0.299963058737 0.0 0.382978723404 0.327793696275 0.352941176471
0.75 0.0 0.842105263158 0.807860262009 0.823783117683
0.482299042066 0.0 0.585365853659 0.523865645256 0.528681253696
0.477401129944 0.0 0.526315789474 0.425036390102 0.483672211953
0.454331450094 0.0 0.578947368421 0.569141193595 0.552064078866
0.316586627263 0.0 0.404255319149 0.378796561605 0.398465473146
0.454394002499 0.0 0.512195121951 0.383618149676 0.432879952691
0.482083487255 0.0 0.63829787234 0.59770773639 0.547826086957
0.669375692649 0.0 0.723404255319 0.719197707736 0.771355498721
0.283339490211 0.0 0.36170212766 0.265902578797 0.293606138107
0.580979284369 0.0 0.710526315789 0.700145560408 0.676524953789
0.758404137421 0.0 0.808510638298 0.772492836676 0.828132992327
0.479800083299 0.0 0.634146341463 0.599882144962 0.549970431697
0.728342749529 0.0 0.789473684211 0.7634643377 0.806531115219
0.489171374765 0.0 0.526315789474 0.427219796215 0.494146642021
0.434557438795 0.0 0.5 0.379912663755 0.418361059766
0.623352165725 0.0 0.710526315789 0.655021834061 0.671595810228
0.367346938776 0.0 0.463414634146 0.379493223335 0.386753400355
0.41384180791 0.0 0.5 0.441775836972 0.458410351201
0.669720949604 0.0 0.658536585366 0.474955804361 0.589000591366
0.578625235405 0.0 0.736842105263 0.807132459971 0.751694393099
0.779661016949 0.0 0.894736842105 0.91557496361 0.903265557609
0.568738229755 0.0 0.684210526316 0.633915574964 0.621072088725
0.587255310287 0.0 0.658536585366 0.61461402475 0.645771732703
0.479284369115 0.0 0.605263157895 0.54730713246 0.523721503389
0.618075801749 0.0 0.707317073171 0.683559222157 0.696629213483
0.75 0.0 0.815789473684 0.7903930131 0.826863832409
0.579566854991 0.0 0.684210526316 0.686317321689 0.683918669131
0.32766900628 0.0 0.425531914894 0.310601719198 0.314578005115
0.451506591337 0.0 0.526315789474 0.490538573508 0.516943930992
0.718876985593 0.0 0.787234042553 0.734670487106 0.766751918159
0.570595585173 0.0 0.634146341463 0.548025928108 0.584861028977
0.358699667529 0.0 0.489361702128 0.4888252149 0.45831202046
0.401600753296 0.0 0.5 0.5 0.501540357363
0.505649717514 0.0 0.578947368421 0.434497816594 0.460874922982
0.532015065913 0.0 0.710526315789 0.767103347889 0.688231669747
0.646892655367 0.0 0.789473684211 0.79403202329 0.751078250154
0.390469154045 0.0 0.531914893617 0.499713467049 0.457800511509
0.564030131827 0.0 0.684210526316 0.617903930131 0.597042513863
0.18322866642 0.0 0.255319148936 0.196561604585 0.223529411765
0.558380414313 0.0 0.684210526316 0.707423580786 0.68022181146
0.506120527307 0.0 0.657894736842 0.680494905386 0.627233518176
0.518361581921 0.0 0.605263157895 0.605531295488 0.616759088108
