0.533333333333 0.0 0.628571428571 0.517115804807 0.704128440367
0.616329479769 0.0 0.818181818182 0.732510288066 0.794915254237
0.549855491329 0.0 0.75 0.70429159318 0.765536723164
0.569725433526 0.0 0.772727272727 0.774838330394 0.826553672316
0.493497109827 0.0 0.704545454545 0.689594356261 0.724293785311
0.69918699187 0.0 0.8 0.731245447924 0.870795107034
0.449421965318 0.0 0.636363636364 0.593768371546 0.646327683616
0.471820809249 0.0 0.636363636364 0.520282186949 0.587005649718
0.480852601156 0.0 0.636363636364 0.563198118754 0.637288135593
0.627167630058 0.0 0.727272727273 0.618459729571 0.747457627119
0.5972899729 0.0 0.742857142857 0.696285506191 0.776758409786
0.733875338753 0.0 0.742857142857 0.622723962127 0.834097859327
0.60162601626 0.0 0.742857142857 0.68390386016 0.75993883792
0.368563685637 0.0 0.485714285714 0.405680990532 0.501529051988
0.460260115607 0.0 0.659090909091 0.66607877719 0.673446327684
0.594579945799 0.0 0.685714285714 0.579752367079 0.690366972477
0.490968208092 0.0 0.681818181818 0.66431510876 0.672316384181
0.573699421965 0.0 0.659090909091 0.599647266314 0.71186440678
0.506502890173 0.0 0.727272727273 0.758965314521 0.733898305085
0.607046070461 0.0 0.657142857143 0.544064093227 0.687308868502
0.354407514451 0.0 0.522727272727 0.464432686655 0.488700564972
0.749638728324 0.0 0.886363636364 0.864785420341 0.919209039548
0.324060693642 0.0 0.477272727273 0.434450323339 0.467231638418
0.42088150289 0.0 0.590909090909 0.549088771311 0.562146892655
0.513367052023 0.0 0.659090909091 0.567901234568 0.601694915254
0.60325203252 0.0 0.742857142857 0.696285506191 0.735474006116
0.516531165312 0.0 0.571428571429 0.466132556446 0.589449541284
0.793495934959 0.0 0.885714285714 0.854333576111 0.939602446483
0.637283236994 0.0 0.772727272727 0.730158730159 0.767796610169
0.406069364162 0.0 0.590909090909 0.564373897707 0.542372881356
0.233742774566 0.0 0.363636363636 0.314520870076 0.346327683616
0.836343930636 0.0 0.931818181818 0.82657260435 0.892655367232
0.307080924855 0.0 0.5 0.45443856555 0.422598870056
0.790251916758 0.0 0.810810810811 0.715942028986 0.850619699935
0.629268292683 0.0 0.657142857143 0.584122359796 0.707951070336
0.251445086705 0.0 0.386363636364 0.298647854203 0.31186440678
0.766257225434 0.0 0.909090909091 0.867136978248 0.871751412429
0.729768786127 0.0 0.818181818182 0.693709582598 0.752542372881
0.652095375723 0.0 0.840909090909 0.840681951793 0.798305084746
1.0 0.0 0.914285714286 0.718863801894 0.951070336391
0.450164293538 0.0 0.513513513514 0.446376811594 0.529028049576
0.532249322493 0.0 0.6 0.458849235251 0.536697247706
0.426615553122 0.0 0.486486486486 0.399275362319 0.484670580561
0.673771676301 0.0 0.704545454545 0.645502645503 0.758192090395
0.754335260116 0.0 0.931818181818 0.920047031158 0.885310734463
0.293713872832 0.0 0.454545454545 0.411522633745 0.387005649718
0.557052631579 0.0 0.613636363636 0.486406619385 0.56157635468
0.285765895954 0.0 0.431818181818 0.36860670194 0.353672316384
0.516976998905 0.0 0.648648648649 0.621739130435 0.619699934768
0.358159912377 0.0 0.432432432432 0.323913043478 0.378343118069
0.695809248555 0.0 0.772727272727 0.705467372134 0.754237288136
0.486856516977 0.0 0.594594594595 0.573188405797 0.590998043053
0.430996714129 0.0 0.513513513514 0.481884057971 0.520547945205
0.879674796748 0.0 1.0 1.0 1.0
0.743154435926 0.0 0.783783783784 0.747101449275 0.826484018265
0.989159891599 0.0 0.914285714286 0.695557174071 0.889908256881
0.562601626016 0.0 0.628571428571 0.451565914057 0.504587155963
0.331165311653 0.0 0.371428571429 0.306627822287 0.382262996942
0.395592485549 0.0 0.568181818182 0.54379776602 0.486440677966
0.609826589595 0.0 0.795454545455 0.837154614932 0.766666666667
0.401423877327 0.0 0.459459459459 0.397826086957 0.454011741683
0.443902439024 0.0 0.542857142857 0.375819373634 0.389908256881
0.491598915989 0.0 0.571428571429 0.410779315368 0.443425076453
0.61524566474 0.0 0.772727272727 0.73897707231 0.693785310734
0.386449864499 0.0 0.457142857143 0.241077931537 0.282110091743
0.676341730559 0.0 0.702702702703 0.610869565217 0.694716242661
0.677052631579 0.0 0.704545454545 0.648936170213 0.730706075534
0.218208092486 0.0 0.318181818182 0.301587301587 0.310734463277
0.807228915663 0.0 0.864864864865 0.869565217391 0.920417482061
0.942497261774 0.0 0.918918918919 0.760869565217 0.892367906067
0.843208092486 0.0 0.931818181818 0.884773662551 0.903389830508
0.599671412924 0.0 0.621621621622 0.542028985507 0.626875407697
0.484465317919 0.0 0.522727272727 0.397413286302 0.464971751412
0.782037239869 0.0 0.810810810811 0.832608695652 0.909328114808
0.515334063527 0.0 0.567567567568 0.511594202899 0.563600782779
0.743497109827 0.0 0.863636363636 0.856554967666 0.840677966102
0.680216802168 0.0 0.771428571429 0.665695557174 0.678134556575
0.174494219653 0.0 0.25 0.225749559083 0.252542372881
0.858020231214 0.0 0.909090909091 0.808935920047 0.858192090395
0.487404162103 0.0 0.567567567568 0.571014492754 0.590998043053
0.433734939759 0.0 0.486486486486 0.44347826087 0.489236790607
0.544906900329 0.0 0.594594594595 0.576811594203 0.624918460535
0.499452354874 0.0 0.567567567568 0.510144927536 0.539465101109
0.312421052632 0.0 0.409090909091 0.324468085106 0.324028461959
0.781069364162 0.0 0.931818181818 0.949441504997 0.894915254237
0.80433604336 0.0 0.742857142857 0.638018936635 0.795107033639
0.487951807229 0.0 0.567567567568 0.595652173913 0.611219830398
0.54874041621 0.0 0.594594594595 0.499275362319 0.5485975212
0.447426067908 0.0 0.513513513514 0.447826086957 0.47619047619
0.600766703176 0.0 0.702702702703 0.670289855072 0.662752772342
0.455563583815 0.0 0.613636363636 0.567313345091 0.503389830508
0.594742606791 0.0 0.675675675676 0.692753623188 0.704500978474
0.841401734104 0.0 0.909090909091 0.91416813639 0.938983050847
0.354768786127 0.0 0.545454545455 0.537330981775 0.438983050847
0.558315789474 0.0 0.636363636364 0.491134751773 0.505199781062
0.806504065041 0.0 0.885714285714 0.914785142025 0.927370030581
0.840679190751 0.0 0.886363636364 0.771310993533 0.816949152542
0.738800578035 0.0 0.863636363636 0.827748383304 0.793220338983
0.821052631579 0.0 0.886363636364 0.819739952719 0.844006568144
0.510952902519 0.0 0.567567567568 0.508695652174 0.541422048271
