0.463987266216 0.0 0.586956521739 0.531516183986 0.623362445415
0.48307073416 0.0 0.647058823529 0.658648925281 0.682532127558
0.547552725826 0.0 0.695652173913 0.718909710392 0.75327510917
0.446195105598 0.0 0.607843137255 0.633060388946 0.6530223703
0.560286510147 0.0 0.695652173913 0.667234525838 0.713427947598
0.389176283327 0.0 0.5 0.491198182851 0.561135371179
0.354508196721 0.0 0.46511627907 0.342358604091 0.41124260355
0.566878980892 0.0 0.666666666667 0.623336745138 0.702998572109
0.731794667728 0.0 0.782608695652 0.689948892675 0.813318777293
0.481729802213 0.0 0.627450980392 0.601842374616 0.621132793908
0.528278688525 0.0 0.558139534884 0.524067388688 0.651479289941
0.590927178671 0.0 0.630434782609 0.503691084611 0.619541484716
0.609231993633 0.0 0.760869565217 0.795002839296 0.795851528384
0.770365403956 0.0 0.862745098039 0.849027635619 0.907663017611
0.589344262295 0.0 0.744186046512 0.761732851986 0.757396449704
0.341026661361 0.0 0.45652173913 0.471323111868 0.505458515284
0.656147540984 0.0 0.790697674419 0.773164861613 0.785798816568
0.501843781428 0.0 0.666666666667 0.648925281474 0.629700142789
0.496721311475 0.0 0.558139534884 0.574007220217 0.657396449704
0.460927960928 0.0 0.558823529412 0.478056426332 0.519846350832
0.555481059336 0.0 0.705882352941 0.698567041965 0.687767729653
0.47557997558 0.0 0.558823529412 0.419278996865 0.474391805378
0.540163934426 0.0 0.674418604651 0.682310469314 0.685798816568
0.588141663351 0.0 0.717391304348 0.663259511641 0.671397379913
0.268856855515 0.0 0.392156862745 0.332650972364 0.346025702047
0.625547154795 0.0 0.739130434783 0.751845542306 0.774563318777
0.395081967213 0.0 0.511627906977 0.471720818291 0.487573964497
0.522881018703 0.0 0.521739130435 0.291311754685 0.424672489083
0.213543412672 0.0 0.313725490196 0.248208802456 0.276534983341
0.468864468864 0.0 0.529411764706 0.423197492163 0.490396927017
0.629128531635 0.0 0.782608695652 0.865417376491 0.83788209607
0.571826502189 0.0 0.695652173913 0.587166382737 0.588973799127
0.391393442623 0.0 0.488372093023 0.450661853189 0.478698224852
0.391393442623 0.0 0.488372093023 0.450661853189 0.478698224852
0.627594627595 0.0 0.735294117647 0.655172413793 0.671574903969
0.692307692308 0.0 0.764705882353 0.693573667712 0.745198463508
0.654098360656 0.0 0.720930232558 0.673285198556 0.730177514793
0.481074481074 0.0 0.588235294118 0.514106583072 0.52880921895
0.708316752885 0.0 0.847826086957 0.971607041454 0.953602620087
0.287295081967 0.0 0.395348837209 0.406738868833 0.420118343195
0.72868852459 0.0 0.720930232558 0.638989169675 0.768047337278
0.31511900771 0.0 0.43137254902 0.385363357216 0.390290337934
0.463962453905 0.0 0.549019607843 0.505629477994 0.539742979534
0.519672131148 0.0 0.627906976744 0.572803850782 0.583431952663
0.384847468991 0.0 0.529411764706 0.525588536336 0.49928605426
0.191404695583 0.0 0.260869565217 0.17149346962 0.219978165939
0.285316354954 0.0 0.347826086957 0.22714366837 0.281113537118
0.470667113644 0.0 0.588235294118 0.513817809621 0.511661113755
0.287703939515 0.0 0.413043478261 0.452583759228 0.441593886463
0.287703939515 0.0 0.413043478261 0.452583759228 0.441593886463
0.757020757021 0.0 0.823529411765 0.751567398119 0.798975672215
0.429098223265 0.0 0.529411764706 0.523029682702 0.536411232746
0.3281930942 0.0 0.450980392157 0.438075742068 0.426939552594
0.762515262515 0.0 0.823529411765 0.650470219436 0.701024327785
0.240350179069 0.0 0.326086956522 0.265190232822 0.289301310044
0.613609231994 0.0 0.760869565217 0.84043157297 0.802401746725
0.6336996337 0.0 0.735294117647 0.69670846395 0.704225352113
0.307600477517 0.0 0.369565217391 0.232254400909 0.278930131004
0.748473748474 0.0 0.735294117647 0.534482758621 0.65556978233
0.793032786885 0.0 0.790697674419 0.761131167268 0.87100591716
0.671550671551 0.0 0.705882352941 0.612068965517 0.685019206146
0.748770491803 0.0 0.767441860465 0.70036101083 0.78875739645
0.350179068842 0.0 0.45652173913 0.474162407723 0.474344978166
0.689216076403 0.0 0.695652173913 0.553094832482 0.652292576419
0.486568986569 0.0 0.558823529412 0.487460815047 0.520486555698
0.435734182252 0.0 0.45652173913 0.287904599659 0.372270742358
0.533577533578 0.0 0.588235294118 0.541536050157 0.590909090909
0.512820512821 0.0 0.558823529412 0.46394984326 0.521126760563
0.542735042735 0.0 0.558823529412 0.422413793103 0.508962868118
0.317150815758 0.0 0.413043478261 0.391254968768 0.397925764192
0.653846153846 0.0 0.676470588235 0.568965517241 0.647887323944
0.311885245902 0.0 0.395348837209 0.382671480144 0.4
0.311885245902 0.0 0.395348837209 0.382671480144 0.4
0.445284520493 0.0 0.521739130435 0.508801817149 0.532205240175
0.648351648352 0.0 0.735294117647 0.664576802508 0.677336747759
0.537240537241 0.0 0.588235294118 0.561128526646 0.608834827145
0.665102246061 0.0 0.78431372549 0.784544524053 0.761542122799
0.603785103785 0.0 0.617647058824 0.485109717868 0.567221510883
0.58565202816 0.0 0.725490196078 0.748208802456 0.703474535935
0.589743589744 0.0 0.647058823529 0.574451410658 0.612035851472
0.300368756286 0.0 0.411764705882 0.393039918117 0.376487386959
0.32948666932 0.0 0.413043478261 0.44804088586 0.458515283843
0.32948666932 0.0 0.413043478261 0.44804088586 0.458515283843
0.632478632479 0.0 0.676470588235 0.605015673981 0.654929577465
0.485873458018 0.0 0.54347826087 0.41737649063 0.452510917031
0.572039072039 0.0 0.647058823529 0.57210031348 0.589628681178
0.702686202686 0.0 0.764705882353 0.704545454545 0.734314980794
0.731967213115 0.0 0.767441860465 0.759927797834 0.815976331361
0.303223239156 0.0 0.413043478261 0.345826235094 0.327510917031
0.529645841624 0.0 0.5 0.281090289608 0.401200873362
0.358364063024 0.0 0.509803921569 0.513306038895 0.452165635412
0.651404151404 0.0 0.705882352941 0.605799373041 0.641485275288
0.355352168723 0.0 0.434782608696 0.45428733674 0.464519650655
0.355352168723 0.0 0.434782608696 0.45428733674 0.464519650655
0.357786885246 0.0 0.46511627907 0.472322503008 0.453846153846
0.150854844117 0.0 0.21568627451 0.132036847492 0.15516420752
0.611721611722 0.0 0.617647058824 0.51802507837 0.599231754161
0.748240026819 0.0 0.823529411765 0.765097236438 0.776297001428
0.579918032787 0.0 0.651162790698 0.587244283995 0.602366863905
0.440160911834 0.0 0.56862745098 0.61054247697 0.568300809139
