0.761804087385 1.0 0.727272727273 0.60687732342 0.519145802651
0.61169837914 0.157894736842 0.575757575758 0.517657992565 0.456553755523
0.684284707541 0.157894736842 0.636363636364 0.559479553903 0.470544918999
0.705426356589 0.105263157895 0.69696969697 0.538104089219 0.469808541973
0.759689922481 0.368421052632 0.666666666667 0.660780669145 0.466863033873
0.748414376321 0.368421052632 0.727272727273 0.726765799257 0.544182621502
0.708949964764 0.578947368421 0.787878787879 0.752788104089 0.582474226804
0.701902748414 0.105263157895 0.69696969697 0.60780669145 0.547128129602
0.875264270613 0.789473684211 0.878787878788 0.78717472119 0.751840942563
0.856941508104 0.157894736842 0.818181818182 0.839219330855 0.780559646539
0.653981677237 0.789473684211 0.636363636364 0.421003717472 0.435198821797
0.54474982382 0.263157894737 0.515151515152 0.380111524164 0.303387334315
0.708245243129 0.105263157895 0.666666666667 0.616171003717 0.558173784978
0.708245243129 0.105263157895 0.666666666667 0.616171003717 0.558173784978
0.781536293164 0.842105263158 0.757575757576 0.676579925651 0.712812960236
0.572233967583 0.368421052632 0.575757575758 0.460966542751 0.374815905744
0.586328400282 0.315789473684 0.545454545455 0.32063197026 0.335051546392
0.586328400282 0.315789473684 0.545454545455 0.32063197026 0.335051546392
0.949260042283 0.894736842105 1.0 0.953531598513 0.821796759941
0.53206483439 0.263157894737 0.575757575758 0.5 0.368188512518
0.719520789288 0.105263157895 0.666666666667 0.505576208178 0.530191458027
0.635658914729 0.526315789474 0.636363636364 0.486059479554 0.40353460972
0.823114869626 0.473684210526 0.787878787879 0.693308550186 0.594256259205
0.687808315715 0.157894736842 0.69696969697 0.657992565056 0.459499263623
0.624383368569 0.105263157895 0.575757575758 0.414498141264 0.435935198822
0.899224806202 1.0 0.939393939394 0.789962825279 0.818851251841
0.841437632135 0.842105263158 0.848484848485 0.691449814126 0.597201767305
0.620859760395 0.473684210526 0.636363636364 0.486059479554 0.40353460972
0.85341789993 0.105263157895 0.818181818182 0.746282527881 0.656111929308
0.85341789993 0.105263157895 0.818181818182 0.746282527881 0.656111929308
0.77096546864 0.315789473684 0.818181818182 0.745353159851 0.669366715758
0.957011980268 0.473684210526 0.969696969697 0.860594795539 0.822533136966
0.821000704722 0.526315789474 0.848484848485 0.600371747212 0.656848306333
0.652572233968 0.0 0.606060606061 0.530669144981 0.488217967599
0.525722339676 0.315789473684 0.454545454545 0.216542750929 0.19882179676
0.54052149401 0.315789473684 0.424242424242 0.218401486989 0.181885125184
0.644115574348 0.105263157895 0.636363636364 0.495353159851 0.442562592047
0.708245243129 0.789473684211 0.606060606061 0.449814126394 0.464653902798
0.661733615222 0.210526315789 0.666666666667 0.589219330855 0.508100147275
0.701902748414 0.105263157895 0.727272727273 0.637546468401 0.582474226804
0.741367159972 0.105263157895 0.727272727273 0.64219330855 0.59941089838
0.743481324877 0.789473684211 0.69696969697 0.60780669145 0.506627393225
0.995066948555 0.736842105263 0.939393939394 0.889405204461 0.80854197349
0.690627202255 0.0 0.636363636364 0.502788104089 0.511782032401
0.712473572939 0.0526315789474 0.666666666667 0.638475836431 0.536818851252
0.878083157153 0.684210526316 0.909090909091 0.843866171004 0.773195876289
0.705426356589 0.105263157895 0.69696969697 0.538104089219 0.469808541973
0.836504580691 0.578947368421 0.818181818182 0.547397769517 0.662739322533
0.823114869626 0.473684210526 0.787878787879 0.693308550186 0.594256259205
0.615221987315 0.631578947368 0.636363636364 0.460966542751 0.374815905744
0.657505285412 0.0 0.69696969697 0.565055762082 0.5058910162
0.657505285412 0.0 0.69696969697 0.565055762082 0.5058910162
0.653981677237 0.789473684211 0.636363636364 0.421003717472 0.435198821797
0.787878787879 0.368421052632 0.757575757576 0.582713754647 0.525773195876
0.520084566596 0.105263157895 0.515151515152 0.387546468401 0.372606774669
0.624383368569 0.105263157895 0.575757575758 0.414498141264 0.435935198822
0.630021141649 0.105263157895 0.606060606061 0.437732342007 0.481590574374
0.665257223397 0.105263157895 0.69696969697 0.657063197026 0.568483063328
0.661028893587 0.105263157895 0.606060606061 0.394981412639 0.449926362297
0.91613812544 0.263157894737 0.939393939394 0.848513011152 0.858615611193
0.832276250881 0.263157894737 0.818181818182 0.701672862454 0.608983799705
0.832276250881 0.263157894737 0.818181818182 0.701672862454 0.608983799705
0.811839323467 0.263157894737 0.727272727273 0.635687732342 0.656111929308
0.8407329105 0.473684210526 0.757575757576 0.635687732342 0.656111929308
0.686398872445 0.105263157895 0.636363636364 0.43029739777 0.524300441826
0.704016913319 0.105263157895 0.69696969697 0.498141263941 0.584683357879
0.615221987315 0.631578947368 0.636363636364 0.460966542751 0.374815905744
0.707540521494 0.0526315789474 0.636363636364 0.564126394052 0.463917525773
0.506694855532 0.263157894737 0.484848484848 0.325278810409 0.318851251841
0.700493305144 0.0 0.636363636364 0.418215613383 0.470544918999
0.690627202255 0.0 0.636363636364 0.502788104089 0.511782032401
0.669485553206 0.315789473684 0.666666666667 0.540892193309 0.416053019146
0.68569415081 0.105263157895 0.636363636364 0.514869888476 0.424153166421
0.665257223397 0.105263157895 0.69696969697 0.657063197026 0.568483063328
0.575052854123 0.421052631579 0.545454545455 0.288104089219 0.379234167894
0.575052854123 0.421052631579 0.545454545455 0.288104089219 0.379234167894
0.68992248062 0.315789473684 0.636363636364 0.394981412639 0.449926362297
0.68992248062 0.315789473684 0.636363636364 0.394981412639 0.449926362297
0.722339675828 0.210526315789 0.666666666667 0.507434944238 0.511782032401
0.756871035941 0.210526315789 0.69696969697 0.532527881041 0.540500736377
0.860465116279 0.315789473684 0.878787878788 0.691449814126 0.784977908689
0.723749119098 0.368421052632 0.757575757576 0.638475836431 0.606038291605
0.627202255109 0.368421052632 0.666666666667 0.738847583643 0.471281296024
0.627202255109 0.368421052632 0.666666666667 0.738847583643 0.471281296024
0.961240310078 0.631578947368 1.0 1.0 1.0
0.704016913319 0.105263157895 0.69696969697 0.498141263941 0.584683357879
0.814658210007 0.736842105263 0.757575757576 0.586431226766 0.634756995582
0.713883016209 0.578947368421 0.69696969697 0.494423791822 0.452871870398
0.574348132488 0.263157894737 0.636363636364 0.513011152416 0.432253313697
0.77660324172 0.315789473684 0.848484848485 0.768587360595 0.715022091311
0.564482029598 0.421052631579 0.636363636364 0.567843866171 0.428571428571
0.595489781536 0.421052631579 0.636363636364 0.525092936803 0.396907216495
0.748414376321 0.368421052632 0.727272727273 0.726765799257 0.544182621502
0.748414376321 0.368421052632 0.727272727273 0.726765799257 0.544182621502
0.758280479211 0.105263157895 0.666666666667 0.561338289963 0.461708394698
0.792811839323 0.105263157895 0.69696969697 0.586431226766 0.490427098675
0.603946441156 0.105263157895 0.545454545455 0.419144981413 0.445508100147
0.914728682171 0.684210526316 0.848484848485 0.717472118959 0.690721649485
0.789992952784 0.315789473684 0.787878787879 0.688661710037 0.628129602356
0.701902748414 0.368421052632 0.69696969697 0.591078066914 0.506627393225
0.827343199436 0.315789473684 0.69696969697 0.475836431227 0.474963181149
0.584918957012 0.105263157895 0.545454545455 0.337360594796 0.30117820324
0.696264975335 0.210526315789 0.69696969697 0.614312267658 0.536818851252
0.591261451727 0.368421052632 0.575757575758 0.466542750929 0.430044182622
0.897815362932 0.421052631579 0.909090909091 0.868029739777 0.831369661267
0.704016913319 0.105263157895 0.69696969697 0.498141263941 0.584683357879
0.719520789288 0.105263157895 0.69696969697 0.609665427509 0.570692194404
0.524312896406 0.105263157895 0.454545454545 0.289033457249 0.290132547865
0.699083861875 0.315789473684 0.666666666667 0.477695167286 0.483063328424
0.684989429175 0.210526315789 0.636363636364 0.477695167286 0.483063328424
0.756871035941 0.315789473684 0.757575757576 0.630111524164 0.656111929308
0.756871035941 0.315789473684 0.757575757576 0.630111524164 0.656111929308
0.608174770965 0.0 0.636363636364 0.491635687732 0.455817378498
0.572233967583 0.368421052632 0.575757575758 0.460966542751 0.374815905744
0.687808315715 0.157894736842 0.69696969697 0.657992565056 0.459499263623
0.635658914729 0.526315789474 0.636363636364 0.486059479554 0.40353460972
0.687808315715 0.315789473684 0.636363636364 0.439591078067 0.464653902798
0.791402396054 0.210526315789 0.787878787879 0.676579925651 0.710603829161
0.665257223397 0.315789473684 0.666666666667 0.624535315985 0.396907216495
0.665257223397 0.315789473684 0.666666666667 0.624535315985 0.396907216495
0.845665961945 0.736842105263 0.818181818182 0.601301115242 0.684094256259
0.914728682171 0.684210526316 0.848484848485 0.717472118959 0.690721649485
0.767441860465 0.578947368421 0.787878787879 0.690520446097 0.644329896907
0.593375616631 0.421052631579 0.606060606061 0.403345724907 0.349042709867
0.506694855532 0.263157894737 0.484848484848 0.325278810409 0.318851251841
0.637068357999 0.315789473684 0.636363636364 0.523234200743 0.5029455081
0.655391120507 0.263157894737 0.69696969697 0.565985130112 0.521354933726
0.6088794926 0.105263157895 0.606060606061 0.498141263941 0.460972017673
0.630021141649 0.105263157895 0.606060606061 0.437732342007 0.481590574374
0.6088794926 0.947368421053 0.545454545455 0.258364312268 0.334315169367
0.734319943622 0.315789473684 0.727272727273 0.538104089219 0.469808541973
0.734319943622 0.315789473684 0.727272727273 0.538104089219 0.469808541973
0.606765327696 0.105263157895 0.515151515152 0.346654275093 0.375552282769
0.785764622974 0.157894736842 0.757575757576 0.640334572491 0.618556701031
0.641296687808 0.473684210526 0.69696969697 0.738847583643 0.471281296024
0.670190274841 0.631578947368 0.727272727273 0.738847583643 0.471281296024
0.697674418605 0.210526315789 0.666666666667 0.515799256506 0.444035346097
0.634249471459 0.0526315789474 0.606060606061 0.490706319703 0.415316642121
0.826638477801 0.368421052632 0.727272727273 0.635687732342 0.656111929308
0.849894291755 0.368421052632 0.818181818182 0.726765799257 0.762150220913
0.635658914729 0.526315789474 0.636363636364 0.486059479554 0.40353460972
0.54052149401 0.210526315789 0.575757575758 0.53531598513 0.40648011782
0.564482029598 0.263157894737 0.545454545455 0.456319702602 0.399852724595
0.997885835095 0.894736842105 0.878787878788 0.735130111524 0.80559646539
0.892177589852 0.684210526316 0.818181818182 0.730483271375 0.70913107511
0.656095842142 0.0 0.606060606061 0.477695167286 0.483063328424
0.690627202255 0.736842105263 0.636363636364 0.39219330855 0.433726067747
0.696264975335 0.210526315789 0.606060606061 0.635687732342 0.438144329897
0.797744890768 0.631578947368 0.757575757576 0.599442379182 0.586156111929
0.866102889359 0.578947368421 0.878787878788 0.765799256506 0.729749631811
0.687808315715 0.315789473684 0.636363636364 0.439591078067 0.464653902798
0.520084566596 0.105263157895 0.515151515152 0.387546468401 0.372606774669
0.783650458069 0.736842105263 0.69696969697 0.5343866171 0.624447717231
1.0 0.789473684211 0.878787878788 0.795539033457 0.772459499264
0.947850599013 0.684210526316 0.909090909091 0.779739776952 0.738586156112
0.635658914729 0.526315789474 0.636363636364 0.486059479554 0.40353460972
0.723749119098 0.368421052632 0.757575757576 0.638475836431 0.606038291605
0.546863988724 0.157894736842 0.545454545455 0.508364312268 0.422680412371
0.773079633545 0.631578947368 0.727272727273 0.516728624535 0.567746686303
0.714587737844 0.315789473684 0.666666666667 0.514869888476 0.424153166421
0.515856236786 0.421052631579 0.454545454545 0.302044609665 0.273195876289
0.515856236786 0.421052631579 0.454545454545 0.302044609665 0.273195876289
0.829457364341 0.421052631579 0.818181818182 0.751858736059 0.613402061856
0.669485553206 0.526315789474 0.69696969697 0.589219330855 0.50147275405
0.62015503876 0.0526315789474 0.575757575758 0.451672862454 0.434462444772
0.639887244538 0.0526315789474 0.636363636364 0.474907063197 0.480117820324
0.670190274841 0.315789473684 0.575757575758 0.371747211896 0.404270986745
0.670190274841 0.315789473684 0.575757575758 0.371747211896 0.404270986745
0.793516560958 0.0526315789474 0.787878787879 0.703531598513 0.638438880707
0.778717406624 0.0526315789474 0.818181818182 0.701672862454 0.655375552283
0.732205778717 0.315789473684 0.727272727273 0.582713754647 0.484536082474
0.668780831572 0.105263157895 0.666666666667 0.557620817844 0.455817378498
0.837914023961 0.263157894737 0.848484848485 0.724907063197 0.654639175258
0.837914023961 0.263157894737 0.848484848485 0.724907063197 0.654639175258
0.646934460888 0.157894736842 0.606060606061 0.472118959108 0.391016200295
0.643410852713 0.421052631579 0.727272727273 0.694237918216 0.542709867452
0.85341789993 0.105263157895 0.818181818182 0.746282527881 0.656111929308
0.758280479211 0.526315789474 0.757575757576 0.5343866171 0.634756995582
0.878083157153 0.684210526316 0.909090909091 0.843866171004 0.773195876289
0.658914728682 0.105263157895 0.606060606061 0.439591078067 0.464653902798
0.636363636364 0.157894736842 0.636363636364 0.624535315985 0.396907216495
0.636363636364 0.157894736842 0.636363636364 0.624535315985 0.396907216495
0.790697674419 0.578947368421 0.787878787879 0.64219330855 0.681148748159
0.948555320648 0.842105263158 0.909090909091 0.844795539033 0.778350515464
0.892177589852 0.0 0.939393939394 0.909851301115 0.859351988218
0.874559548978 0.0 0.878787878788 0.842007434944 0.798969072165
0.798449612403 0.105263157895 0.666666666667 0.475836431227 0.474963181149
0.826638477801 0.631578947368 0.818181818182 0.563197026022 0.625184094256
0.761804087385 0.526315789474 0.757575757576 0.64219330855 0.634020618557
0.77660324172 0.315789473684 0.848484848485 0.768587360595 0.715022091311
0.719520789288 0.105263157895 0.69696969697 0.609665427509 0.570692194404
0.68992248062 0.157894736842 0.69696969697 0.652416356877 0.580265095729
0.626497533474 0.105263157895 0.666666666667 0.565985130112 0.521354933726
0.754052149401 0.105263157895 0.727272727273 0.634758364312 0.59941089838
0.711064129669 0.315789473684 0.69696969697 0.614312267658 0.536818851252
0.682170542636 0.105263157895 0.666666666667 0.614312267658 0.536818851252
0.749823819591 0.526315789474 0.666666666667 0.50092936803 0.396907216495
0.782241014799 0.578947368421 0.757575757576 0.60687732342 0.598674521355
0.77660324172 0.315789473684 0.848484848485 0.768587360595 0.715022091311
0.615221987315 0.526315789474 0.575757575758 0.436802973978 0.377025036819
