0.379606879607 0.0 0.307692307692 0.122679580307 0.11821086262
0.328624078624 0.0 0.307692307692 0.150121065375 0.0932907348243
0.93058968059 0.666666666667 0.974358974359 1.0 1.0
0.960687960688 1.0 0.974358974359 0.947538337369 0.965495207668
1.0 0.666666666667 1.0 0.978208232446 0.905431309904
0.972358722359 0.5 0.974358974359 0.88781275222 0.876677316294
0.472972972973 0.666666666667 0.564102564103 0.506860371267 0.431948881789
0.625307125307 0.833333333333 0.692307692308 0.70782889427 0.635143769968
0.984029484029 0.166666666667 0.948717948718 0.845036319613 0.92268370607
0.413390663391 0.333333333333 0.435897435897 0.37207425343 0.378913738019
0.784398034398 1.0 0.846153846154 0.866828087167 0.837699680511
1.0 0.0 0.923076923077 0.751412429379 0.863897763578
0.956388206388 0.333333333333 0.948717948718 0.896690879742 0.950159744409
0.371621621622 0.166666666667 0.410256410256 0.317191283293 0.24089456869
0.493857493857 0.5 0.564102564103 0.524616626312 0.500319488818
0.815110565111 0.833333333333 0.871794871795 0.866828087167 0.773162939297
0.953931203931 0.666666666667 0.948717948718 0.970944309927 0.955271565495
0.931818181818 0.166666666667 0.948717948718 0.856335754641 0.941853035144
0.44226044226 0.166666666667 0.358974358974 0.186440677966 0.167412140575
0.93058968059 0.166666666667 0.923076923077 0.910411622276 0.914376996805
0.934889434889 0.5 0.923076923077 0.837772397094 0.890734824281
0.841523341523 0.0 0.871794871795 0.734463276836 0.818530351438
0.347051597052 0.0 0.333333333333 0.170298627926 0.192971246006
0.675061425061 0.0 0.769230769231 0.626311541566 0.680511182109
0.548525798526 0.0 0.641025641026 0.535108958838 0.543769968051
0.350122850123 0.0 0.358974358974 0.193704600484 0.233865814696
0.335995085995 0.0 0.307692307692 0.171105730428 0.111182108626
0.708845208845 0.166666666667 0.641025641026 0.385794995964 0.392971246006
0.408476658477 0.0 0.358974358974 0.164648910412 0.145686900958
0.370393120393 0.0 0.384615384615 0.226795803067 0.296485623003
0.864250614251 0.333333333333 0.794871794872 0.728813559322 0.80447284345
0.713144963145 0.0 0.794871794872 0.686844229217 0.801916932907
0.456388206388 0.166666666667 0.410256410256 0.240516545601 0.350159744409
0.777027027027 0.0 0.820512820513 0.766747376917 0.702236421725
0.882063882064 0.0 0.923076923077 0.760290556901 0.861980830671
0.639434889435 0.666666666667 0.74358974359 0.692493946731 0.662619808307
0.561425061425 0.333333333333 0.512820512821 0.399515738499 0.447284345048
0.630835380835 0.5 0.615384615385 0.485068603713 0.569968051118
0.490786240786 0.333333333333 0.487179487179 0.27602905569 0.311821086262
0.458230958231 0.0 0.384615384615 0.210653753027 0.28945686901
0.616093366093 0.0 0.717948717949 0.646489104116 0.57571884984
0.418304668305 0.0 0.487179487179 0.457627118644 0.290734824281
0.542383292383 0.666666666667 0.589743589744 0.616626311542 0.461341853035
0.848894348894 0.0 0.897435897436 0.841000807103 0.909265175719
0.923832923833 0.333333333333 0.897435897436 0.680387409201 0.704792332268
0.726044226044 0.333333333333 0.769230769231 0.587570621469 0.733546325879
0.388206388206 0.0 0.435897435897 0.313962873285 0.311182108626
0.595208845209 0.666666666667 0.666666666667 0.679580306699 0.588498402556
0.380221130221 0.0 0.410256410256 0.315577078289 0.251118210863
0.753071253071 0.833333333333 0.846153846154 0.828894269572 0.663258785942
0.420761670762 0.0 0.333333333333 0.184826472962 0.223642172524
0.516584766585 0.0 0.615384615385 0.513317191283 0.456230031949
0.502457002457 0.0 0.589743589744 0.478611783697 0.460702875399
0.621007371007 0.5 0.538461538462 0.430992736077 0.513099041534
0.912776412776 0.0 0.897435897436 0.803066989508 0.903514376997
0.432432432432 0.333333333333 0.461538461538 0.35593220339 0.287539936102
0.88144963145 0.333333333333 0.820512820513 0.618240516546 0.824920127796
0.798525798526 0.0 0.846153846154 0.659402744149 0.764217252396
0.399877149877 0.0 0.461538461538 0.411622276029 0.352715654952
0.794226044226 1.0 0.871794871795 0.895076674738 0.739297124601
0.486486486486 0.0 0.564102564103 0.458434221146 0.43642172524
0.687346437346 0.0 0.74358974359 0.61985472155 0.664536741214
0.683660933661 0.5 0.717948717949 0.575464083939 0.582108626198
0.605036855037 0.0 0.692307692308 0.588377723971 0.601277955272
0.439189189189 0.0 0.512820512821 0.442292171106 0.453674121406
0.563267813268 0.0 0.666666666667 0.634382566586 0.57571884984
0.465601965602 0.0 0.538461538462 0.369652945924 0.389776357827
0.366093366093 0.0 0.358974358974 0.272800645682 0.259424920128
0.976658476658 0.166666666667 0.897435897436 0.774011299435 0.946325878594
0.792997542998 0.333333333333 0.820512820513 0.880548829701 0.853674121406
0.839066339066 0.166666666667 0.897435897436 0.786924939467 0.890734824281
0.395577395577 0.166666666667 0.358974358974 0.187247780468 0.190415335463
0.851965601966 0.166666666667 0.871794871795 0.782889426957 0.844728434505
0.828624078624 0.0 0.820512820513 0.702179176755 0.79552715655
0.889434889435 0.0 0.846153846154 0.792574656981 0.926517571885
0.507985257985 0.0 0.512820512821 0.342211460856 0.35910543131
0.915233415233 0.166666666667 0.897435897436 0.756255044391 0.877955271565
0.95085995086 0.166666666667 0.820512820513 0.602905569007 0.750159744409
0.937960687961 0.0 0.897435897436 0.697336561743 0.823003194888
0.64312039312 0.166666666667 0.666666666667 0.552865213882 0.65303514377
0.719901719902 0.0 0.641025641026 0.413236481033 0.476677316294
0.520884520885 0.0 0.512820512821 0.326876513317 0.210862619808
0.652948402948 0.0 0.666666666667 0.472962066182 0.617252396166
0.53316953317 0.0 0.564102564103 0.467312348668 0.484984025559
0.383906633907 0.166666666667 0.358974358974 0.18401937046 0.155271565495
0.353808353808 0.0 0.358974358974 0.18805488297 0.200638977636
0.928132678133 0.333333333333 0.948717948718 0.862792574657 0.8696485623
0.773955773956 0.166666666667 0.769230769231 0.605326876513 0.785303514377
0.871621621622 0.166666666667 0.871794871795 0.74011299435 0.849201277955
0.75 0.0 0.74358974359 0.669087974173 0.69392971246
0.894963144963 0.166666666667 0.923076923077 0.867635189669 0.904153354633
0.635749385749 0.0 0.641025641026 0.488297013721 0.606389776358
0.660319410319 0.0 0.615384615385 0.458434221146 0.552715654952
0.52886977887 0.0 0.564102564103 0.422921711057 0.379552715655
0.439189189189 0.0 0.358974358974 0.157384987893 0.166134185304
0.543611793612 0.333333333333 0.564102564103 0.542372881356 0.492651757188
0.43058968059 0.0 0.410256410256 0.236481033091 0.219169329073
0.425675675676 0.0 0.410256410256 0.297820823245 0.333546325879
0.873464373464 0.166666666667 0.769230769231 0.571428571429 0.714376996805
0.867321867322 0.0 0.871794871795 0.719128329298 0.717571884984
0.92199017199 0.166666666667 0.871794871795 0.63599677159 0.741214057508
0.379606879607 0.0 0.384615384615 0.200968523002 0.196166134185
0.699017199017 0.166666666667 0.717948717949 0.577078288943 0.698402555911
0.740171990172 0.166666666667 0.769230769231 0.631154156578 0.746325878594
0.678132678133 0.166666666667 0.666666666667 0.462469733656 0.562939297125
0.546068796069 0.0 0.487179487179 0.209039548023 0.274760383387
0.909090909091 0.666666666667 0.948717948718 0.853914447135 0.769968051118
0.463759213759 0.0 0.461538461538 0.252623083132 0.324600638978
0.786855036855 0.166666666667 0.846153846154 0.800645682002 0.832587859425
0.42199017199 0.0 0.410256410256 0.25181598063 0.283706070288
0.714373464373 0.0 0.692307692308 0.526230831316 0.621086261981
0.479115479115 0.0 0.487179487179 0.3599677159 0.40447284345
0.808968058968 0.0 0.769230769231 0.723163841808 0.811501597444
0.429975429975 0.0 0.410256410256 0.281678773204 0.303514376997
0.641891891892 0.0 0.717948717949 0.606941081517 0.708626198083
0.579238329238 0.0 0.564102564103 0.509281678773 0.525878594249
0.390663390663 0.0 0.384615384615 0.197740112994 0.261341853035
0.813267813268 0.166666666667 0.794871794872 0.660209846651 0.778274760383
0.820024570025 0.166666666667 0.769230769231 0.53188054883 0.68945686901
0.789312039312 0.333333333333 0.794871794872 0.594834543987 0.699041533546
0.567567567568 0.0 0.512820512821 0.182405165456 0.250479233227
0.433660933661 0.0 0.435897435897 0.289749798224 0.228115015974
0.519041769042 0.166666666667 0.512820512821 0.350282485876 0.399361022364
0.503685503686 0.0 0.461538461538 0.220338983051 0.37571884984
0.825552825553 0.166666666667 0.846153846154 0.677158999193 0.803194888179
0.566953316953 0.0 0.512820512821 0.267150928168 0.28178913738
0.413390663391 0.0 0.384615384615 0.222760290557 0.268370607029
0.452702702703 0.0 0.435897435897 0.260694108152 0.265814696486
0.799754299754 0.0 0.74358974359 0.600484261501 0.721405750799
0.599508599509 0.333333333333 0.666666666667 0.568200161421 0.557827476038
0.901105651106 0.166666666667 0.897435897436 0.72397094431 0.835143769968
0.623464373464 0.166666666667 0.692307692308 0.657788539144 0.630670926518
0.572481572482 0.166666666667 0.538461538462 0.296206618241 0.287539936102
0.461302211302 0.0 0.461538461538 0.369652945924 0.34249201278
0.611179361179 0.166666666667 0.564102564103 0.381759483454 0.410862619808
0.78316953317 0.0 0.820512820513 0.746569814366 0.736102236422
0.904176904177 0.0 0.820512820513 0.711057304278 0.845367412141
0.405405405405 0.0 0.358974358974 0.190476190476 0.203833865815
0.769041769042 0.0 0.74358974359 0.517352703793 0.574440894569
0.683046683047 0.166666666667 0.666666666667 0.494753833737 0.63642172524
0.46683046683 0.0 0.487179487179 0.34382566586 0.374440894569
0.745085995086 0.0 0.717948717949 0.404358353511 0.51821086262
0.709459459459 0.166666666667 0.74358974359 0.561743341404 0.646645367412
0.536240786241 0.0 0.512820512821 0.430185633575 0.506709265176
0.817567567568 0.0 0.820512820513 0.642453591606 0.738019169329
0.468058968059 0.0 0.487179487179 0.335754640839 0.355271565495
0.783783783784 0.166666666667 0.769230769231 0.578692493947 0.722044728435
0.953316953317 0.5 0.948717948718 0.847457627119 0.840255591054
0.665847665848 0.0 0.641025641026 0.584342211461 0.62875399361
0.759213759214 0.0 0.769230769231 0.616626311542 0.69392971246
0.484029484029 0.0 0.410256410256 0.209846650525 0.317571884984
0.730343980344 0.0 0.717948717949 0.519774011299 0.626198083067
0.694717444717 0.166666666667 0.692307692308 0.54802259887 0.592971246006
0.735257985258 0.166666666667 0.794871794872 0.583535108959 0.656869009585
0.480343980344 0.0 0.538461538462 0.391444713479 0.438977635783
0.748157248157 0.333333333333 0.74358974359 0.55609362389 0.656869009585
0.496928746929 0.0 0.435897435897 0.188861985472 0.249201277955
0.891891891892 0.333333333333 0.871794871795 0.698143664245 0.807667731629
0.656633906634 0.166666666667 0.74358974359 0.648910411622 0.754632587859
0.447174447174 0.0 0.435897435897 0.261501210654 0.323322683706
0.880835380835 0.166666666667 0.871794871795 0.730427764326 0.780191693291
0.738329238329 0.0 0.692307692308 0.514931396287 0.671565495208
0.601965601966 0.0 0.641025641026 0.484261501211 0.503514376997
0.883906633907 0.0 0.871794871795 0.713478611784 0.874121405751
0.429361179361 0.0 0.461538461538 0.332526230831 0.277955271565
0.445331695332 0.0 0.461538461538 0.320419693301 0.240255591054
0.669533169533 0.0 0.615384615385 0.421307506053 0.573801916933
0.439803439803 0.0 0.487179487179 0.338175948345 0.338019169329
0.499385749386 0.0 0.538461538462 0.502017756255 0.480511182109
0.728501228501 0.0 0.692307692308 0.514124293785 0.5303514377
0.763513513514 0.0 0.794871794872 0.61985472155 0.768690095847
0.512285012285 0.0 0.487179487179 0.238095238095 0.322044728435
0.777641277641 0.333333333333 0.820512820513 0.727199354318 0.757827476038
0.732186732187 0.166666666667 0.717948717949 0.53995157385 0.676038338658
0.815110565111 0.166666666667 0.846153846154 0.794188861985 0.79552715655
0.847051597052 0.0 0.871794871795 0.728813559322 0.76357827476
0.608108108108 0.166666666667 0.564102564103 0.393058918483 0.429392971246
0.404176904177 0.166666666667 0.435897435897 0.300242130751 0.296485623003
0.558353808354 0.333333333333 0.564102564103 0.432606941082 0.421725239617
0.385749385749 0.0 0.333333333333 0.150121065375 0.196805111821
0.572481572482 0.0 0.538461538462 0.43583535109 0.444728434505
0.435503685504 0.0 0.435897435897 0.306698950767 0.387220447284
0.583538083538 0.5 0.615384615385 0.439063761098 0.390415335463
0.884520884521 0.0 0.820512820513 0.650524616626 0.764217252396
0.688574938575 0.0 0.74358974359 0.573849878935 0.685623003195
0.540540540541 0.0 0.512820512821 0.326069410815 0.307348242812
0.616707616708 0.0 0.564102564103 0.363196125908 0.449201277955
0.401105651106 0.0 0.435897435897 0.308313155771 0.304792332268
0.552211302211 0.0 0.538461538462 0.330104923325 0.411501597444
0.554668304668 0.0 0.512820512821 0.376916868442 0.414696485623
0.514127764128 0.0 0.538461538462 0.344632768362 0.341214057508
0.695945945946 0.0 0.692307692308 0.538337368846 0.59552715655
0.637592137592 0.166666666667 0.692307692308 0.61581920904 0.614057507987
0.805282555283 0.0 0.820512820513 0.802259887006 0.775079872204
0.726044226044 0.333333333333 0.692307692308 0.56416464891 0.667092651757
0.683660933661 0.0 0.641025641026 0.455205811138 0.536741214058
0.586609336609 0.166666666667 0.615384615385 0.448748991122 0.51821086262
0.466216216216 0.0 0.461538461538 0.302663438257 0.385303514377
0.676904176904 0.166666666667 0.717948717949 0.589991928975 0.602555910543
0.744471744472 0.0 0.692307692308 0.493139628733 0.520127795527
