0.733711048159 0.0 0.787878787879 0.634194831014 0.679659815734
0.606232294618 0.0 0.727272727273 0.618290258449 0.591778880227
0.660764872521 0.0 0.69696969697 0.53578528827 0.590361445783
0.726628895184 0.5 0.757575757576 0.551689860835 0.707299787385
0.631728045326 0.0 0.69696969697 0.539761431412 0.559886605245
0.696175637394 0.0 0.757575757576 0.62226640159 0.641389085755
0.689801699717 0.0 0.787878787879 0.718687872763 0.691708008505
0.809490084986 0.0 0.848484848485 0.74055666004 0.768958185684
0.592067988669 0.0 0.606060606061 0.434393638171 0.471296952516
0.818696883853 0.0 0.848484848485 0.708747514911 0.733522324592
0.639518413598 0.0 0.606060606061 0.409542743539 0.491849751949
0.823654390935 0.0 0.818181818182 0.630218687873 0.688164422395
0.764164305949 0.0 0.848484848485 0.79324055666 0.754075124026
0.743626062323 0.5 0.787878787879 0.523856858847 0.626506024096
0.700424929178 0.0 0.757575757576 0.617296222664 0.603827072998
0.720963172805 0.0 0.757575757576 0.655069582505 0.657689581857
0.946175637394 0.0 0.969696969697 0.919483101392 0.938341601701
0.67776203966 0.5 0.757575757576 0.575546719682 0.630049610206
0.526203966006 0.5 0.575757575758 0.382703777336 0.462792345854
0.625354107649 0.0 0.666666666667 0.562624254473 0.553508150248
0.682719546742 0.0 0.666666666667 0.474155069583 0.525159461375
0.650141643059 0.0 0.69696969697 0.573558648111 0.558469170801
0.749291784703 0.0 0.787878787879 0.660039761431 0.655563430191
0.705382436261 0.0 0.757575757576 0.563618290258 0.547129695252
0.67209631728 0.0 0.69696969697 0.588469184891 0.592487597449
0.67492917847 0.5 0.757575757576 0.62226640159 0.666194188519
0.774079320113 0.0 0.787878787879 0.678926441352 0.694542877392
0.587110481586 0.5 0.636363636364 0.440357852883 0.513819985826
0.621813031161 0.0 0.666666666667 0.566600397614 0.545003543586
0.745042492918 0.0 0.757575757576 0.636182902584 0.650602409639
0.631019830028 0.0 0.666666666667 0.506958250497 0.496810772502
0.574362606232 0.0 0.606060606061 0.412524850895 0.405386250886
0.879603399433 0.0 0.909090909091 0.861829025845 0.858256555634
0.689801699717 0.0 0.787878787879 0.769383697813 0.691708008505
0.631019830028 0.0 0.757575757576 0.698807157058 0.592487597449
0.657223796034 0.0 0.69696969697 0.551689860835 0.533664068037
0.668555240793 0.0 0.636363636364 0.477137176938 0.53082919915
0.753541076487 0.0 0.757575757576 0.636182902584 0.654145995748
0.665722379603 0.0 0.666666666667 0.5337972167 0.552799433026
0.652266288952 0.0 0.69696969697 0.540755467197 0.514528703047
0.75283286119 0.0 0.757575757576 0.575546719682 0.591778880227
0.590651558074 0.0 0.606060606061 0.438369781312 0.438695960312
0.702549575071 0.5 0.787878787879 0.669980119284 0.698086463501
0.558781869688 0.5 0.606060606061 0.341948310139 0.409638554217
0.727337110482 0.5 0.757575757576 0.547713717694 0.634301913536
0.712464589235 0.0 0.727272727273 0.555666003976 0.559177888023
0.71954674221 0.5 0.787878787879 0.714711729622 0.755492558469
0.658640226629 0.5 0.69696969697 0.541749502982 0.613749114103
0.645892351275 0.0 0.727272727273 0.632206759443 0.56201275691
0.734419263456 0.0 0.787878787879 0.737574552684 0.695251594614
0.669971671388 0.0 0.666666666667 0.500994035785 0.517363571935
0.786827195467 0.0 0.818181818182 0.75944333996 0.739192062367
0.741501416431 0.0 0.666666666667 0.484095427435 0.571934798016
0.771246458924 0.5 0.848484848485 0.762425447316 0.792345854004
0.916430594901 0.0 0.909090909091 0.792246520875 0.814316087881
0.702549575071 0.0 0.727272727273 0.629224652087 0.613040396882
0.689801699717 0.0 0.69696969697 0.612326043738 0.611622962438
0.728045325779 0.5 0.757575757576 0.578528827038 0.656272147413
0.71954674221 0.5 0.787878787879 0.660039761431 0.696669029057
0.778328611898 0.5 0.818181818182 0.687872763419 0.754075124026
0.640226628895 0.0 0.69696969697 0.617296222664 0.564847625797
0.686968838527 0.0 0.666666666667 0.513916500994 0.540751240255
0.594192634561 0.5 0.666666666667 0.557654075547 0.584691708009
0.71671388102 0.5 0.757575757576 0.601391650099 0.664776754075
0.64730878187 0.0 0.727272727273 0.715705765408 0.63571934798
0.671388101983 0.5 0.69696969697 0.548707753479 0.624379872431
0.75 0.0 0.818181818182 0.728628230616 0.665485471297
0.714589235127 0.0 0.727272727273 0.644135188867 0.633593196315
0.782577903683 0.5 0.848484848485 0.746520874751 0.781715095677
0.698300283286 0.5 0.818181818182 0.720675944334 0.698795180723
0.898016997167 0.0 0.939393939394 0.925447316103 0.886605244507
0.771246458924 0.0 0.818181818182 0.701789264414 0.658398299079
0.757082152975 0.0 0.787878787879 0.668986083499 0.640680368533
0.738668555241 0.5 0.757575757576 0.600397614314 0.679659815734
0.697592067989 0.0 0.666666666667 0.517892644135 0.548547129695
0.71388101983 0.5 0.757575757576 0.582504970179 0.636428065202
0.764872521246 0.0 0.818181818182 0.813121272366 0.754783841247
1.0 0.0 1.0 1.0 1.0
0.694759206799 0.0 0.757575757576 0.665009940358 0.598866052445
0.751416430595 0.0 0.727272727273 0.572564612326 0.596031183558
0.71104815864 0.0 0.69696969697 0.538767395626 0.551381998583
0.706090651558 0.5 0.727272727273 0.515904572565 0.591778880227
0.748583569405 0.0 0.787878787879 0.705765407555 0.663359319631
0.623937677054 0.0 0.666666666667 0.575546719682 0.526576895819
0.737960339943 0.5 0.757575757576 0.593439363817 0.669029057406
0.604815864023 0.5 0.636363636364 0.443339960239 0.504606661942
0.658640226629 0.5 0.666666666667 0.4324055666 0.5194897236
0.553116147309 0.0 0.575757575758 0.473161033797 0.440822111977
0.753541076487 0.5 0.787878787879 0.587475149105 0.648476257973
0.638101983003 0.0 0.69696969697 0.604373757455 0.537207654146
0.640934844193 0.0 0.666666666667 0.591451292247 0.555634301914
0.667847025496 0.0 0.69696969697 0.515904572565 0.481927710843
0.654390934844 0.0 0.666666666667 0.542743538767 0.521615875266
0.823654390935 0.0 0.848484848485 0.771371769384 0.739192062367
0.722379603399 0.0 0.666666666667 0.474155069583 0.523033309709
0.592776203966 0.5 0.606060606061 0.397614314115 0.471296952516
0.576487252125 0.0 0.636363636364 0.51888667992 0.44578313253
0.696883852691 0.0 0.69696969697 0.5337972167 0.524450744153
0.701133144476 0.0 0.69696969697 0.579522862823 0.571934798016
0.811614730878 0.0 0.848484848485 0.760437375746 0.712969525159
0.658640226629 0.0 0.666666666667 0.576540755467 0.552799433026
0.793909348442 0.5 0.848484848485 0.60337972167 0.639262934089
0.659348441926 0.0 0.69696969697 0.588469184891 0.535081502481
0.660764872521 0.0 0.69696969697 0.665009940358 0.609496810773
0.789660056657 0.0 0.818181818182 0.700795228628 0.658398299079
0.793201133144 0.0 0.787878787879 0.691848906561 0.680368532955
0.650141643059 0.5 0.666666666667 0.48310139165 0.545712260808
0.809490084986 0.0 0.818181818182 0.708747514911 0.683912119064
0.626770538244 0.0 0.636363636364 0.459244532803 0.430900070872
0.795325779037 0.0 0.818181818182 0.738568588469 0.697377746279
0.704674220963 0.0 0.727272727273 0.646123260437 0.602409638554
0.670679886686 0.0 0.636363636364 0.48310139165 0.497519489724
0.811614730878 0.0 0.818181818182 0.739562624254 0.713678242381
0.698300283286 0.5 0.727272727273 0.53578528827 0.584691708009
0.623937677054 0.5 0.69696969697 0.62027833002 0.618710134656
0.697592067989 0.0 0.69696969697 0.591451292247 0.569099929128
0.714589235127 0.0 0.757575757576 0.694831013917 0.62792345854
0.881728045326 0.0 0.878787878788 0.841948310139 0.823529411765
0.692634560907 0.0 0.727272727273 0.630218687873 0.571934798016
0.623229461756 0.0 0.666666666667 0.559642147117 0.491141034727
0.701133144476 0.5 0.757575757576 0.684890656064 0.700212615167
0.708923512748 0.0 0.69696969697 0.650099403579 0.63571934798
0.597025495751 0.0 0.606060606061 0.441351888668 0.408221119773
0.679886685552 0.0 0.727272727273 0.651093439364 0.578313253012
0.649433427762 0.5 0.727272727273 0.628230616302 0.621545003544
0.909348441926 0.0 0.969696969697 0.999005964215 0.914953933381
0.678470254958 0.0 0.69696969697 0.62226640159 0.57760453579
0.598441926346 0.0 0.606060606061 0.470178926441 0.436569808646
0.781161473088 0.0 0.757575757576 0.63916500994 0.639971651311
0.671388101983 0.0 0.757575757576 0.705765407555 0.592487597449
0.699008498584 0.0 0.69696969697 0.615308151093 0.590361445783
0.787535410765 0.0 0.818181818182 0.726640159046 0.671155209072
0.815155807365 0.0 0.818181818182 0.713717693837 0.685329553508
0.809490084986 0.5 0.818181818182 0.718687872763 0.780297661233
0.811614730878 0.0 0.878787878788 0.857852882704 0.761871013466
0.618271954674 0.0 0.636363636364 0.561630218688 0.510985116938
0.833569405099 0.0 0.878787878788 0.812127236581 0.739900779589
0.64164305949 0.5 0.69696969697 0.562624254473 0.574060949681
0.630311614731 0.0 0.666666666667 0.577534791252 0.508858965273
0.679178470255 0.0 0.727272727273 0.652087475149 0.571934798016
0.70821529745 0.0 0.69696969697 0.608349900596 0.587526576896
0.813739376771 0.0 0.848484848485 0.77634194831 0.712260807938
0.93342776204 0.5 0.969696969697 0.900596421471 0.93408929837
0.653682719547 0.0 0.727272727273 0.709741550696 0.600283486889
0.690509915014 0.0 0.757575757576 0.65407554672 0.555634301914
0.772662889518 0.0 0.818181818182 0.768389662028 0.690999291283
0.812322946176 0.0 0.909090909091 0.89662027833 0.768249468462
0.867563739377 0.5 0.878787878788 0.735586481113 0.79447200567
0.708923512748 0.0 0.666666666667 0.53578528827 0.54642097803
0.747875354108 0.0 0.727272727273 0.597415506958 0.587526576896
0.735127478754 0.5 0.848484848485 0.788270377734 0.739192062367
0.727337110482 0.5 0.757575757576 0.641153081511 0.675407512403
0.878186968839 0.0 0.909090909091 0.880715705765 0.818568391212
0.630311614731 0.5 0.69696969697 0.522862823062 0.520907158044
0.805949008499 0.0 0.818181818182 0.711729622266 0.669029057406
0.736543909348 0.0 0.757575757576 0.659045725646 0.605244507442
0.68059490085 0.5 0.727272727273 0.602385685885 0.618710134656
0.595609065156 0.5 0.636363636364 0.462226640159 0.484053862509
0.626062322946 0.5 0.666666666667 0.469184890656 0.492558469171
0.638101983003 0.0 0.69696969697 0.652087475149 0.554925584692
0.686968838527 0.5 0.787878787879 0.666003976143 0.62792345854
0.633852691218 0.5 0.606060606061 0.423459244533 0.513111268604
0.771246458924 0.0 0.787878787879 0.702783300199 0.65131112686
0.716005665722 0.5 0.757575757576 0.558648111332 0.581856839121
0.70821529745 0.0 0.666666666667 0.426441351889 0.435861091425
0.71104815864 0.5 0.757575757576 0.636182902584 0.649893692417
0.900141643059 0.5 0.939393939394 0.708747514911 0.739192062367
0.82507082153 0.0 0.848484848485 0.807157057654 0.746987951807
0.797450424929 0.5 0.818181818182 0.708747514911 0.749114103473
0.887393767705 0.0 0.848484848485 0.756461232604 0.761162296244
0.620396600567 0.5 0.636363636364 0.473161033797 0.515237420269
0.738668555241 0.0 0.757575757576 0.724652087475 0.665485471297
0.81657223796 0.0 0.848484848485 0.783300198807 0.713678242381
0.679178470255 0.0 0.727272727273 0.680914512922 0.590361445783
0.798866855524 0.0 0.787878787879 0.615308151093 0.591070163005
0.803116147309 0.5 0.787878787879 0.631212723658 0.706591070163
0.693342776204 0.0 0.727272727273 0.600397614314 0.526576895819
0.811614730878 0.0 0.787878787879 0.678926441352 0.664068036853
0.832861189802 0.5 0.848484848485 0.696819085487 0.741318214033
0.735127478754 0.0 0.757575757576 0.657057654076 0.593905031892
0.712464589235 0.5 0.757575757576 0.640159045726 0.650602409639
0.774079320113 0.0 0.727272727273 0.630218687873 0.63571934798
0.902266288952 0.0 0.878787878788 0.825049701789 0.808646350106
0.771954674221 0.0 0.787878787879 0.686878727634 0.630049610206
0.778328611898 0.0 0.727272727273 0.658051689861 0.665485471297
0.739376770538 0.0 0.787878787879 0.731610337972 0.639262934089
0.725920679887 0.0 0.727272727273 0.651093439364 0.605244507442
0.812322946176 0.0 0.818181818182 0.722664015905 0.675407512403
0.78045325779 0.0 0.727272727273 0.600397614314 0.611622962438
0.648725212465 0.5 0.636363636364 0.499005964215 0.561304039688
0.684135977337 0.5 0.787878787879 0.739562624254 0.684620836286
0.832152974504 0.0 0.757575757576 0.613320079523 0.645641389086
0.738668555241 0.5 0.787878787879 0.703777335984 0.704464918498
0.735835694051 0.5 0.818181818182 0.714711729622 0.683203401843
0.82223796034 0.0 0.757575757576 0.646123260437 0.664776754075
0.763456090652 0.5 0.757575757576 0.623260437376 0.678951098512
0.740793201133 0.5 0.848484848485 0.817097415507 0.754783841247
0.791076487252 0.5 0.848484848485 0.746520874751 0.737774627923
0.752124645892 0.5 0.818181818182 0.75944333996 0.739192062367
0.99716713881 1.0 1.0 0.755467196819 0.895818568391
