0.586236933798 0.857142857143 0.548387096774 0.461377870564 0.330578512397
0.586236933798 0.857142857143 0.548387096774 0.461377870564 0.330578512397
0.707317073171 0.857142857143 0.548387096774 0.299582463466 0.459136822773
0.707317073171 0.857142857143 0.548387096774 0.299582463466 0.459136822773
0.842334494774 0.714285714286 0.870967741935 0.837160751566 0.856749311295
0.806620209059 0.428571428571 0.838709677419 0.837160751566 0.856749311295
0.935540069686 0.142857142857 0.870967741935 0.881002087683 0.87419651056
0.725609756098 0.428571428571 0.612903225806 0.477035490605 0.448117539027
0.83275261324 0.428571428571 0.645161290323 0.426931106472 0.576675849403
0.897212543554 0.714285714286 0.774193548387 0.529227557411 0.708907254362
0.70818815331 0.428571428571 0.677419354839 0.654488517745 0.557392102847
0.750871080139 0.428571428571 0.709677419355 0.68267223382 0.593204775023
0.995644599303 0.428571428571 0.903225806452 0.780793319415 0.875114784206
0.952961672474 0.428571428571 0.870967741935 0.75260960334 0.839302112029
0.994773519164 0.571428571429 1.0 1.0 1.0
0.959059233449 0.428571428571 0.967741935484 1.0 1.0
0.725609756098 0.428571428571 0.612903225806 0.477035490605 0.448117539027
0.725609756098 0.428571428571 0.612903225806 0.477035490605 0.448117539027
0.564459930314 0.857142857143 0.483870967742 0.385177453027 0.255280073462
0.593205574913 0.714285714286 0.548387096774 0.489561586639 0.366391184573
0.915505226481 1.0 0.806451612903 0.707724425887 0.778696051423
0.952090592334 0.571428571429 0.967741935484 0.971816283925 0.964187327824
0.654181184669 0.428571428571 0.483870967742 0.299582463466 0.459136822773
0.654181184669 0.428571428571 0.483870967742 0.299582463466 0.459136822773
0.896341463415 0.285714285714 0.838709677419 0.71503131524 0.891643709826
0.896341463415 0.285714285714 0.838709677419 0.71503131524 0.891643709826
0.689895470383 0.571428571429 0.709677419355 0.584551148225 0.68044077135
0.689895470383 0.571428571429 0.709677419355 0.584551148225 0.68044077135
0.887630662021 0.428571428571 0.838709677419 0.869519832985 0.831955922865
0.912020905923 0.428571428571 0.903225806452 0.895615866388 0.888888888889
0.528745644599 0.714285714286 0.451612903226 0.385177453027 0.255280073462
0.586236933798 0.857142857143 0.548387096774 0.461377870564 0.330578512397
0.696864111498 0.428571428571 0.516129032258 0.327766179541 0.494949494949
0.654181184669 0.428571428571 0.483870967742 0.299582463466 0.459136822773
0.850174216028 0.571428571429 0.677419354839 0.4624217119 0.638200183655
0.850174216028 0.571428571429 0.677419354839 0.4624217119 0.638200183655
0.661149825784 0.571428571429 0.612903225806 0.482254697286 0.548209366391
0.649825783972 0.285714285714 0.645161290323 0.508350730689 0.605142332415
0.736933797909 0.428571428571 0.774193548387 0.756784968685 0.689623507805
0.729965156794 0.428571428571 0.741935483871 0.730688935282 0.632690541781
0.600174216028 0.571428571429 0.483870967742 0.217118997912 0.2681359045
0.564459930314 0.285714285714 0.451612903226 0.217118997912 0.2681359045
0.804006968641 0.714285714286 0.677419354839 0.570981210856 0.561983471074
0.939024390244 0.428571428571 0.806451612903 0.62108559499 0.636363636364
0.682926829268 0.428571428571 0.58064516129 0.401878914405 0.591368227732
0.654181184669 0.428571428571 0.483870967742 0.299582463466 0.459136822773
0.775261324042 0.428571428571 0.677419354839 0.531315240084 0.540863177227
0.732578397213 0.428571428571 0.645161290323 0.503131524008 0.505050505051
0.955574912892 0.714285714286 0.774193548387 0.591858037578 0.690541781451
0.932055749129 0.428571428571 0.774193548387 0.594989561587 0.57943067034
0.965156794425 0.428571428571 0.806451612903 0.832985386221 0.722681359045
0.954703832753 0.571428571429 0.774193548387 0.693110647182 0.674931129477
0.750871080139 0.428571428571 0.709677419355 0.68267223382 0.593204775023
0.779616724739 0.428571428571 0.806451612903 0.78496868476 0.725436179982
0.856271777003 0.0 0.806451612903 0.782881002088 0.751147842057
0.870209059233 0.0 0.741935483871 0.708768267223 0.654729109275
0.932055749129 0.571428571429 0.870967741935 0.71503131524 0.891643709826
0.932055749129 0.571428571429 0.870967741935 0.71503131524 0.891643709826
1.0 0.285714285714 0.935483870968 0.856993736952 0.95041322314
0.957317073171 0.285714285714 0.903225806452 0.828810020877 0.914600550964
0.62543554007 0.285714285714 0.58064516129 0.482254697286 0.548209366391
0.661149825784 0.571428571429 0.612903225806 0.482254697286 0.548209366391
0.995644599303 0.428571428571 0.903225806452 0.780793319415 0.875114784206
0.995644599303 0.428571428571 0.903225806452 0.780793319415 0.875114784206
0.90331010453 0.285714285714 0.870967741935 0.741127348643 0.948576675849
0.981707317073 0.571428571429 0.935483870968 0.769311064718 0.984389348026
0.735191637631 0.428571428571 0.709677419355 0.706680584551 0.68870523416
0.735191637631 0.428571428571 0.709677419355 0.706680584551 0.68870523416
0.682926829268 0.571428571429 0.677419354839 0.558455114823 0.623507805326
0.682926829268 0.571428571429 0.677419354839 0.558455114823 0.623507805326
0.817073170732 0.285714285714 0.645161290323 0.412317327766 0.619834710744
0.857142857143 0.571428571429 0.709677419355 0.488517745303 0.695133149679
0.849303135889 0.0 0.774193548387 0.756784968685 0.694214876033
0.849303135889 0.0 0.774193548387 0.756784968685 0.694214876033
0.775261324042 0.428571428571 0.677419354839 0.531315240084 0.540863177227
0.76393728223 0.571428571429 0.612903225806 0.429018789144 0.408631772268
0.62543554007 0.285714285714 0.58064516129 0.482254697286 0.548209366391
0.62543554007 0.285714285714 0.58064516129 0.482254697286 0.548209366391
0.925087108014 0.285714285714 0.838709677419 0.702505219207 0.780532598714
0.710801393728 0.142857142857 0.548387096774 0.429018789144 0.408631772268
