0.462973431317 0.0 0.585365853659 0.517213114754 0.619727449708
0.610514414924 0.0 0.634146341463 0.447540983607 0.634652822842
0.738835500283 0.0 0.80487804878 0.724590163934 0.862426995457
0.528547201809 0.0 0.634146341463 0.586885245902 0.668397144711
0.728094968909 0.0 0.80487804878 0.739344262295 0.843608046723
0.577162238553 0.0 0.682926829268 0.548360655738 0.622323166775
0.775014132278 0.0 0.780487804878 0.72131147541 0.89357560026
0.590729225551 0.0 0.682926829268 0.62131147541 0.70408825438
0.71978021978 0.0 0.806451612903 0.72118226601 0.791869918699
0.71978021978 0.0 0.806451612903 0.72118226601 0.791869918699
0.71978021978 0.0 0.806451612903 0.72118226601 0.791869918699
0.71978021978 0.0 0.806451612903 0.72118226601 0.791869918699
0.583380440927 0.0 0.609756097561 0.486885245902 0.612589227774
0.8004522329 0.0 0.853658536585 0.830327868852 0.925373134328
0.68117580554 0.0 0.780487804878 0.731147540984 0.775470473718
0.718838526912 0.0 0.823529411765 0.761224489796 0.796728971963
0.694050991501 0.0 0.735294117647 0.59387755102 0.691588785047
0.767665347654 0.0 0.80487804878 0.776229508197 0.877352368592
0.757082152975 0.0 0.794117647059 0.713265306122 0.81308411215
0.604296212549 0.0 0.560975609756 0.297540983607 0.475665152498
0.797625777275 0.0 0.80487804878 0.694262295082 0.819597663855
0.729461756374 0.0 0.764705882353 0.645918367347 0.742990654206
0.888637648389 0.0 0.853658536585 0.773770491803 0.940947436729
0.764164305949 0.0 0.852941176471 0.815306122449 0.857476635514
0.766534765404 0.0 0.829268292683 0.689344262295 0.75730045425
0.71954674221 0.0 0.735294117647 0.594897959184 0.708722741433
0.64217071792 0.0 0.731707317073 0.705737704918 0.74561972745
0.756373937677 0.0 0.794117647059 0.719387755102 0.810747663551
0.674392312041 0.0 0.756097560976 0.701639344262 0.746917585983
0.526286037309 0.0 0.560975609756 0.463114754098 0.554834523037
0.564160542679 0.0 0.585365853659 0.277868852459 0.378974691759
0.895986433013 0.0 0.878048780488 0.843442622951 0.982478909799
0.456755228943 0.0 0.463414634146 0.269672131148 0.380272550292
0.706798866856 0.0 0.764705882353 0.712244897959 0.771028037383
0.56076879593 0.0 0.658536585366 0.647540983607 0.663205710578
0.514414923686 0.0 0.560975609756 0.427049180328 0.4931862427
0.635952515546 0.0 0.634146341463 0.535245901639 0.647631408177
0.650849858357 0.0 0.705882352941 0.665306122449 0.720404984424
0.923512747875 0.0 0.882352941176 0.79387755102 0.944704049844
0.764838892029 0.0 0.756097560976 0.672131147541 0.785853341986
0.80384397965 0.0 0.780487804878 0.639344262295 0.765087605451
0.426794799322 0.0 0.439024390244 0.232786885246 0.322517845555
0.778328611898 0.0 0.823529411765 0.783673469388 0.839563862928
0.749576031656 0.0 0.731707317073 0.512295081967 0.630759247242
0.750392464678 0.0 0.741935483871 0.609852216749 0.717073170732
0.865777080063 0.142857142857 0.935483870968 0.816748768473 0.986178861789
0.618980169972 0.0 0.735294117647 0.747959183673 0.727414330218
0.827020915772 0.0 0.80487804878 0.752459016393 0.868916288125
0.64217071792 0.0 0.585365853659 0.504918032787 0.65282284231
0.501413227812 0.0 0.463414634146 0.340163934426 0.467229072031
0.764164305949 0.0 0.794117647059 0.730612244898 0.789719626168
0.625354107649 0.0 0.647058823529 0.530612244898 0.596573208723
0.595251554551 0.0 0.560975609756 0.397540983607 0.519143413368
0.548332391181 0.0 0.560975609756 0.452459016393 0.526930564568
0.511023176936 0.0 0.609756097561 0.559016393443 0.547047371836
0.755228942906 0.0 0.756097560976 0.604098360656 0.689162881246
0.961538461538 0.0 0.967741935484 0.888669950739 0.968292682927
0.669971671388 0.0 0.705882352941 0.605102040816 0.654984423676
1.0 0.0 1.0 0.915270935961 1.0
0.5963821368 0.0 0.707317073171 0.69262295082 0.665801427644
0.395138496326 0.0 0.390243902439 0.226229508197 0.314730694354
0.43697003957 0.0 0.487804878049 0.333606557377 0.365996106424
0.664305949008 0.0 0.617647058824 0.441836734694 0.571651090343
0.910118711136 0.0 0.926829268293 0.881147540984 0.947436729396
0.670435274166 0.0 0.756097560976 0.758196721311 0.754704737184
0.365743357829 0.0 0.439024390244 0.344262295082 0.352368591823
0.798158640227 0.0 0.764705882353 0.664285714286 0.775700934579
0.766288951841 0.0 0.823529411765 0.729591836735 0.749221183801
0.702040816327 0.0 0.75 0.627835051546 0.656446540881
0.702040816327 0.0 0.75 0.627835051546 0.656446540881
0.675637393768 0.0 0.705882352941 0.630612244898 0.676012461059
0.808073654391 0.0 0.764705882353 0.665306122449 0.784267912773
0.753541076487 0.0 0.735294117647 0.579591836735 0.672897196262
0.703966005666 0.0 0.705882352941 0.570408163265 0.642523364486
0.665722379603 0.0 0.735294117647 0.755102040816 0.757788161994
0.731586402266 0.0 0.764705882353 0.676530612245 0.714174454829
0.652266288952 0.0 0.647058823529 0.569387755102 0.644080996885
0.742209631728 0.0 0.823529411765 0.839795918367 0.827881619938
0.846317280453 0.0 0.882352941176 0.883673469388 0.916666666667
0.721671388102 0.0 0.764705882353 0.708163265306 0.732866043614
0.742209631728 0.0 0.735294117647 0.661224489796 0.735202492212
0.392877331826 0.0 0.439024390244 0.309016393443 0.328358208955
0.832861189802 0.0 0.852941176471 0.85612244898 0.901090342679
0.620396600567 0.0 0.647058823529 0.541836734694 0.580218068536
0.672696438666 0.0 0.658536585366 0.469672131148 0.547047371836
0.792492917847 0.0 0.735294117647 0.671428571429 0.791277258567
0.365743357829 0.0 0.390243902439 0.272131147541 0.310188189487
0.448841153194 0.0 0.487804878049 0.360655737705 0.384166125892
0.71905031091 0.0 0.731707317073 0.531967213115 0.581440622972
0.697592067989 0.0 0.705882352941 0.644897959184 0.698598130841
0.710005652911 0.0 0.731707317073 0.71393442623 0.754055807917
0.784702549575 0.0 0.794117647059 0.767346938776 0.819314641745
0.597733711048 0.0 0.705882352941 0.711224489796 0.664330218069
0.686260623229 0.0 0.676470588235 0.508163265306 0.578660436137
0.383267382702 0.0 0.390243902439 0.206557377049 0.259571706684
0.657932011331 0.0 0.705882352941 0.692857142857 0.704828660436
0.790842283776 0.0 0.780487804878 0.64262295082 0.712524334848
0.863265306122 0.0 0.9375 0.943298969072 0.928459119497
0.890226628895 0.0 0.882352941176 0.855102040816 0.922118380062
0.670679886686 0.0 0.705882352941 0.691836734694 0.715732087227
0.829931972789 0.0 0.90625 0.915463917526 0.897798742138
0.829931972789 0.0 0.90625 0.915463917526 0.897798742138
0.659348441926 0.0 0.617647058824 0.429591836735 0.529595015576
0.82223796034 0.0 0.823529411765 0.75612244898 0.81308411215
0.599858356941 0.0 0.705882352941 0.659183673469 0.611370716511
0.381006218202 0.0 0.463414634146 0.372131147541 0.34717715769
0.387789711702 0.0 0.390243902439 0.216393442623 0.271252433485
0.362916902205 0.0 0.317073170732 0.131147540984 0.234263465282
0.714589235127 0.0 0.705882352941 0.598979591837 0.663551401869
0.895892351275 0.0 0.941176470588 0.984693877551 0.994548286604
0.64164305949 0.0 0.647058823529 0.558163265306 0.607476635514
0.643767705382 0.0 0.705882352941 0.64693877551 0.639408099688
0.356133408705 0.0 0.365853658537 0.24262295082 0.286177806619
0.674220963173 0.0 0.735294117647 0.723469387755 0.715732087227
0.470322215941 0.0 0.487804878049 0.408196721311 0.44386761843
0.654041831543 0.0 0.658536585366 0.600819672131 0.64892926671
0.786827195467 0.0 0.794117647059 0.718367346939 0.763239875389
0.856416054268 0.0 0.90243902439 0.87131147541 0.877352368592
0.788243626062 0.0 0.794117647059 0.767346938776 0.81308411215
0.880158281515 0.0 0.853658536585 0.731967213115 0.809214795587
0.606940509915 0.0 0.588235294118 0.428571428571 0.497663551402
0.794617563739 0.0 0.764705882353 0.737755102041 0.817757009346
0.831444759207 0.0 0.852941176471 0.80612244898 0.834112149533
0.689093484419 0.0 0.705882352941 0.642857142857 0.67523364486
0.769830028329 0.0 0.794117647059 0.760204081633 0.785046728972
0.446014697569 0.0 0.414634146341 0.295081967213 0.373783257625
0.808781869688 0.0 0.764705882353 0.678571428571 0.769470404984
0.892464678179 0.142857142857 0.870967741935 0.666009852217 0.876422764228
0.688385269122 0.0 0.676470588235 0.554081632653 0.61214953271
0.344827586207 0.0 0.341463414634 0.194262295082 0.243997404283
0.730878186969 0.0 0.794117647059 0.786734693878 0.769470404984
0.812322946176 0.0 0.794117647059 0.747959183673 0.811526479751
0.407009609949 0.0 0.414634146341 0.254918032787 0.292667099286
0.703966005666 0.0 0.735294117647 0.694897959184 0.708722741433
0.537026568683 0.0 0.560975609756 0.393442622951 0.414016872161
0.803824362606 0.0 0.911764705882 1.0 0.93691588785
0.839235127479 0.0 0.823529411765 0.774489795918 0.834112149533
0.435274166196 0.0 0.536585365854 0.518032786885 0.460090850097
0.82507082153 0.0 0.794117647059 0.715306122449 0.789719626168
0.675637393768 0.0 0.676470588235 0.566326530612 0.608255451713
0.375353306953 0.0 0.414634146341 0.314754098361 0.317975340688
0.413227812323 0.0 0.487804878049 0.438524590164 0.40622972096
0.620396600567 0.0 0.588235294118 0.438775510204 0.513239875389
0.790368271955 0.0 0.794117647059 0.733673469388 0.771806853583
0.842776203966 0.0 0.823529411765 0.765306122449 0.826323987539
0.711756373938 0.0 0.647058823529 0.540816326531 0.647196261682
0.725920679887 0.0 0.647058823529 0.555102040816 0.67523364486
0.773371104816 0.0 0.794117647059 0.740816326531 0.760124610592
0.707507082153 0.0 0.735294117647 0.682653061224 0.694704049844
0.691926345609 0.0 0.676470588235 0.634693877551 0.689252336449
0.660764872521 0.0 0.676470588235 0.585714285714 0.609034267913
0.703966005666 0.0 0.764705882353 0.773469387755 0.751557632399
0.854107648725 0.0 0.794117647059 0.768367346939 0.866822429907
0.759915014164 0.0 0.705882352941 0.622448979592 0.714174454829
0.70821529745 0.0 0.705882352941 0.578571428571 0.617601246106
0.764872521246 0.0 0.735294117647 0.677551020408 0.743769470405
0.801699716714 0.0 0.794117647059 0.731632653061 0.775700934579
0.446579988694 0.0 0.463414634146 0.318032786885 0.337443218689
0.75283286119 0.0 0.764705882353 0.69693877551 0.721183800623
0.686828716789 0.0 0.658536585366 0.49262295082 0.55613238157
0.653682719547 0.0 0.647058823529 0.514285714286 0.556074766355
0.652345958168 0.0 0.634146341463 0.441803278689 0.4951330305
0.830028328612 0.0 0.794117647059 0.723469387755 0.794392523364
0.923512747875 0.0 0.941176470588 0.982653061224 1.0
0.706090651558 0.0 0.735294117647 0.664285714286 0.669781931464
0.868271954674 0.0 0.882352941176 0.854081632653 0.8746105919
0.896600566572 0.0 0.911764705882 0.948979591837 0.968068535826
0.587818696884 0.0 0.676470588235 0.644897959184 0.590342679128
0.659694742793 0.0 0.707317073171 0.631967213115 0.618429591175
0.750708215297 0.0 0.735294117647 0.686734693878 0.735981308411
0.620689655172 0.0 0.658536585366 0.545081967213 0.540558079169
0.691926345609 0.0 0.735294117647 0.674489795918 0.664330218069
0.711756373938 0.0 0.735294117647 0.712244897959 0.721183800623
0.655807365439 0.0 0.647058823529 0.576530612245 0.617601246106
0.789660056657 0.0 0.764705882353 0.663265306122 0.720404984424
0.641605426795 0.125 0.609756097561 0.410655737705 0.59961064244
0.643059490085 0.0 0.676470588235 0.613265306122 0.611370716511
0.401921989825 0.0 0.512195121951 0.539344262295 0.460090850097
0.692634560907 0.0 0.735294117647 0.615306122449 0.603582554517
0.615439093484 0.0 0.588235294118 0.440816326531 0.498442367601
0.653682719547 0.0 0.676470588235 0.691836734694 0.69937694704
0.720254957507 0.0 0.647058823529 0.502040816327 0.605140186916
0.67074829932 0.0555555555556 0.71875 0.594845360825 0.632075471698
0.36009044658 0.0 0.341463414634 0.229508196721 0.277741726152
0.716005665722 0.0 0.735294117647 0.676530612245 0.686137071651
0.873229461756 0.0 0.794117647059 0.672448979592 0.780373831776
0.745750708215 0.0 0.735294117647 0.624489795918 0.663551401869
0.658640226629 0.0 0.676470588235 0.547959183673 0.558411214953
0.733711048159 0.0 0.705882352941 0.595918367347 0.651869158879
0.743626062323 0.0 0.764705882353 0.704081632653 0.711059190031
0.747314867157 0.0 0.707317073171 0.60737704918 0.674886437378
0.598441926346 0.0 0.647058823529 0.580612244898 0.559190031153
0.696175637394 0.0 0.764705882353 0.760204081633 0.718847352025
0.737960339943 0.0 0.735294117647 0.69693877551 0.726635514019
0.730878186969 0.0 0.735294117647 0.692857142857 0.714953271028
0.679886685552 0.0 0.676470588235 0.55612244898 0.585669781931
0.573654390935 0.0 0.617647058824 0.538775510204 0.520249221184
0.597733711048 0.0 0.647058823529 0.584693877551 0.560747663551
0.701841359773 0.0 0.735294117647 0.718367346939 0.710280373832
0.725212464589 0.0 0.735294117647 0.672448979592 0.68769470405
