0.602336650801 0.0 0.738095238095 0.692073170732 0.793144208038
0.704024231934 0.0 0.880952380952 0.842073170732 0.88061465721
0.45867589788 0.0 0.619047619048 0.493902439024 0.541962174941
0.488612099644 0.0 0.63829787234 0.630794701987 0.685307574987
0.646040675032 0.0 0.833333333333 0.817073170732 0.830969267139
0.538434163701 0.0 0.702127659574 0.729028697572 0.766141331978
0.616183470359 0.0 0.761904761905 0.75 0.802600472813
0.577672003462 0.0 0.761904761905 0.745731707317 0.752364066194
0.362613587192 0.0 0.52380952381 0.487195121951 0.508865248227
0.362613587192 0.0 0.52380952381 0.487195121951 0.508865248227
0.464733881437 0.0 0.547619047619 0.464024390244 0.562647754137
0.738790035587 0.0 0.808510638298 0.708057395143 0.818505338078
0.797057550844 0.0 0.97619047619 1.0 1.0
0.560142348754 0.0 0.723404255319 0.673841059603 0.688866293849
0.39420164431 0.0 0.5 0.293292682927 0.363475177305
0.303331890956 0.0 0.428571428571 0.296951219512 0.345744680851
0.347468628299 0.0 0.452380952381 0.326829268293 0.393617021277
0.528342708784 0.0 0.666666666667 0.664634146341 0.696808510638
0.867259786477 0.0 0.957446808511 0.905077262693 0.985256736146
0.36645351697 0.0 0.447368421053 0.377213240955 0.464717101081
0.370818505338 0.0 0.531914893617 0.547461368653 0.552618200305
0.629181494662 0.0 0.808510638298 0.816225165563 0.796644636502
0.338814366075 0.0 0.5 0.435975609756 0.432624113475
0.250889679715 0.0 0.36170212766 0.289735099338 0.33197763091
0.456583629893 0.0 0.595744680851 0.509381898455 0.523131672598
0.86334519573 0.0 0.957446808511 0.920529801325 0.976614133198
0.75638251839 0.0 0.833333333333 0.746951219512 0.81914893617
0.54128113879 0.0 0.744680851064 0.734547461369 0.679715302491
0.457377758546 0.0 0.595238095238 0.503048780488 0.513002364066
0.508451957295 0.0 0.666666666667 0.705339485827 0.693631669535
0.343772241993 0.0 0.468085106383 0.435982339956 0.45754956787
0.505841627001 0.0 0.690476190476 0.706707317073 0.667257683215
0.682918149466 0.0 0.787234042553 0.780353200883 0.818505338078
0.371700562527 0.0 0.47619047619 0.325 0.362884160757
0.395067070532 0.0 0.5 0.303048780488 0.33865248227
0.551276503678 0.0 0.738095238095 0.70243902439 0.655437352246
0.435231316726 0.0 0.595744680851 0.566777041943 0.543975597356
0.637366548043 0.0 0.659574468085 0.585540838852 0.70055922725
0.660320207702 0.0 0.690476190476 0.47743902439 0.583333333333
0.356761565836 0.0 0.435897435897 0.328938694792 0.382099827883
0.560255779636 0.0 0.657894736842 0.605850654349 0.638906547997
0.609964412811 0.0 0.765957446809 0.763796909492 0.738179969497
0.364323843416 0.0 0.487179487179 0.421226104153 0.427997705106
0.270818505338 0.0 0.382978723404 0.343267108168 0.359938993391
0.611411706837 0.0 0.657894736842 0.539645881447 0.621741894469
0.45409252669 0.0 0.617021276596 0.593818984547 0.557702084392
0.483274021352 0.0 0.659574468085 0.707505518764 0.652770716828
0.392038078754 0.0 0.47619047619 0.442073170732 0.479314420804
0.267348754448 0.0 0.358974358974 0.301911667765 0.330464716007
0.267348754448 0.0 0.358974358974 0.301911667765 0.330464716007
0.709252669039 0.0 0.851063829787 0.830022075055 0.808337569903
0.436174816097 0.0 0.571428571429 0.573170731707 0.557328605201
0.595179537629 0.0 0.710526315789 0.695919938414 0.698664971392
0.365209865859 0.0 0.404761904762 0.207317073171 0.284278959811
0.344128113879 0.0 0.446808510638 0.346578366446 0.359430604982
0.223487544484 0.0 0.340425531915 0.269867549669 0.266903914591
0.545818505338 0.0 0.666666666667 0.60316413975 0.59323006311
0.551893753074 0.0 0.631578947368 0.618167821401 0.648442466624
0.254002596279 0.0 0.309523809524 0.158536585366 0.212174940898
0.703591518823 0.0 0.714285714286 0.507317073171 0.605200945626
0.546483030005 0.0 0.631578947368 0.571208622017 0.594405594406
0.281138790036 0.0 0.404255319149 0.352097130243 0.337061514997
0.302899177845 0.0 0.452380952381 0.426829268293 0.38475177305
0.630103295622 0.0 0.736842105263 0.750577367206 0.750794659886
0.461878996557 0.0 0.552631578947 0.518090839107 0.534011443102
0.737775854608 0.0 0.809523809524 0.710365853659 0.745271867612
0.474667978357 0.0 0.526315789474 0.505003849115 0.558804831532
0.411476868327 0.0 0.512820512821 0.389584706658 0.391853126793
0.60255779636 0.0 0.657894736842 0.511932255581 0.560076287349
0.554353172651 0.0 0.657894736842 0.615088529638 0.614113159568
0.388256227758 0.0 0.468085106383 0.39293598234 0.415353329944
0.545195729537 0.0 0.68085106383 0.667218543046 0.633451957295
0.284697508897 0.0 0.425531914894 0.416114790287 0.375699034062
0.607476635514 0.0 0.710526315789 0.725943033102 0.722822631914
0.822921790457 0.0 0.842105263158 0.781370284834 0.861411315957
0.380718150516 0.0 0.5 0.444957659738 0.424666242848
0.672436174816 0.0 0.761904761905 0.62256097561 0.631796690307
0.515494343335 0.0 0.631578947368 0.655889145497 0.637635092181
0.399466192171 0.0 0.512820512821 0.467369808833 0.451520367183
0.399466192171 0.0 0.512820512821 0.467369808833 0.451520367183
0.779636005903 0.0 0.763157894737 0.658968437259 0.772409408773
0.442665512765 0.0 0.52380952381 0.47743902439 0.49231678487
0.421895283427 0.0 0.52380952381 0.517682926829 0.511229314421
0.603541564191 0.0 0.684210526316 0.672055427252 0.685314685315
0.777580071174 0.0 0.893617021277 0.896799116998 0.873919674631
0.47860304968 0.0 0.526315789474 0.484218629715 0.527018436109
0.790134141064 0.0 0.880952380952 0.833536585366 0.832742316785
0.211743772242 0.0 0.31914893617 0.299116997792 0.281647178444
0.451549434333 0.0 0.526315789474 0.495765973826 0.51048951049
0.818861209964 0.0 0.936170212766 0.975165562914 0.947127605491
0.700442695524 0.0 0.736842105263 0.639722863741 0.692307692308
0.420284697509 0.0 0.553191489362 0.504415011038 0.460091509914
0.451057550418 0.0 0.552631578947 0.494996150885 0.481881754609
0.52090747331 0.0 0.589743589744 0.433750823995 0.452667814114
0.551893753074 0.0 0.631578947368 0.595073133179 0.602670057216
0.538790035587 0.0 0.63829787234 0.582229580574 0.569903406202
0.667978357108 0.0 0.736842105263 0.621247113164 0.639542275906
0.592228234137 0.0 0.631578947368 0.624326404927 0.671328671329
0.522380718151 0.0 0.578947368421 0.511932255581 0.541640178004
0.387900355872 0.0 0.461538461538 0.358602504944 0.371199082042
