0.589125560538 0.0 0.638888888889 0.437413073713 0.610289389068
0.57735426009 0.0 0.611111111111 0.434631432545 0.608360128617
0.525784753363 0.0 0.583333333333 0.408901251739 0.558199356913
0.47802734375 0.0 0.578947368421 0.45067264574 0.551787916153
0.466928251121 0.0 0.527777777778 0.406815020862 0.542765273312
0.610986547085 0.0 0.694444444444 0.579276773296 0.691318327974
0.514573991031 0.0 0.583333333333 0.443671766342 0.568488745981
0.473877851361 0.0 0.63829787234 0.669226225635 0.694660734149
0.588565022422 0.0 0.638888888889 0.535465924896 0.673311897106
0.713565022422 0.0 0.777777777778 0.632823365786 0.749839228296
0.558498896247 0.0 0.617021276596 0.555818074424 0.672413793103
0.255334805004 0.0 0.36170212766 0.295333727112 0.362068965517
0.39990234375 0.0 0.5 0.446188340807 0.516029593095
0.656390134529 0.0 0.75 0.706536856745 0.781993569132
0.618837380427 0.0 0.723404255319 0.669816893089 0.730255839822
0.640695067265 0.0 0.694444444444 0.475660639777 0.583922829582
0.590807174888 0.0 0.638888888889 0.467315716273 0.576205787781
0.675448430493 0.0 0.75 0.63421418637 0.715112540193
0.615350877193 0.0 0.725 0.642857142857 0.688078703704
0.435546875 0.0 0.526315789474 0.437967115097 0.497533908755
0.489910313901 0.0 0.611111111111 0.589707927677 0.618006430868
0.5458984375 0.0 0.657894736842 0.63976083707 0.676325524044
0.275570272259 0.0 0.404255319149 0.379799173066 0.397107897664
0.604820627803 0.0 0.583333333333 0.298331015299 0.463665594855
0.62668161435 0.0 0.666666666667 0.591098748261 0.691961414791
0.67333984375 0.0 0.789473684211 0.801195814649 0.82552404439
0.705156950673 0.0 0.666666666667 0.465924895688 0.643729903537
0.798013245033 0.0 0.851063829787 0.801535735381 0.885428253615
0.47900390625 0.0 0.605263157895 0.541853512706 0.546855733662
0.484915378955 0.0 0.617021276596 0.647962197283 0.646273637375
0.913907284768 0.0 0.914893617021 0.845245126994 0.974416017798
0.62353515625 0.0 0.710526315789 0.591180866966 0.633785450062
0.405813097866 0.0 0.553191489362 0.600708800945 0.582313681869
0.677130044843 0.0 0.75 0.673157162726 0.729260450161
0.4794921875 0.0 0.605263157895 0.617339312407 0.620221948212
0.591611479029 0.0 0.617021276596 0.578263437685 0.681312569522
0.6064453125 0.0 0.710526315789 0.668161434978 0.691738594328
0.704385964912 0.0 0.8 0.731818181818 0.762731481481
0.634529147982 0.0 0.638888888889 0.456189151599 0.578135048232
0.370493009566 0.0 0.446808510638 0.41819255759 0.467741935484
0.22038263429 0.0 0.31914893617 0.271116361488 0.297552836485
0.38671875 0.0 0.5 0.479820627803 0.490135635018
0.633333333333 0.0 0.775 0.669480519481 0.651041666667
0.533203125 0.0 0.605263157895 0.536621823617 0.586313193588
0.394775570272 0.0 0.510638297872 0.520968694625 0.526140155729
0.7109375 0.0 0.789473684211 0.733183856502 0.775585696671
0.53076171875 0.0 0.631578947368 0.625560538117 0.645499383477
0.60888671875 0.0 0.684210526316 0.579970104634 0.625154130703
0.64298245614 0.0 0.8 0.824025974026 0.787037037037
0.633968609865 0.0 0.583333333333 0.310848400556 0.481028938907
0.4970703125 0.0 0.578947368421 0.502242152466 0.540073982737
0.57735426009 0.0 0.694444444444 0.692628650904 0.695176848875
0.4293598234 0.0 0.574468085106 0.620200826934 0.592324805339
0.568359375 0.0 0.631578947368 0.558295964126 0.612207151665
0.5126953125 0.0 0.631578947368 0.671150971599 0.668310727497
0.348417954378 0.0 0.425531914894 0.39161252215 0.430478309232
0.39892578125 0.0 0.5 0.408819133034 0.423551171393
0.733744394619 0.0 0.805555555556 0.67107093185 0.714469453376
0.403587443946 0.0 0.416666666667 0.274687065369 0.376205787781
0.42236328125 0.0 0.526315789474 0.523916292975 0.534525277435
0.77634529148 0.0 0.805555555556 0.649513212796 0.733762057878
0.744140625 0.0 0.842105263158 0.784753363229 0.800246609125
0.436659192825 0.0 0.444444444444 0.315716272601 0.421221864952
0.37353515625 0.0 0.473684210526 0.446935724963 0.459309494451
0.59375 0.0 0.684210526316 0.682361733931 0.703452527744
0.42138671875 0.0 0.526315789474 0.482062780269 0.483970406905
0.893497757848 0.0 0.777777777778 0.544506258693 0.767202572347
0.600073583517 0.0 0.659574468085 0.582398109864 0.629588431591
0.669921875 0.0 0.736842105263 0.716741405082 0.755856966708
0.5546875 0.0 0.684210526316 0.712257100149 0.688655980271
0.7466367713 0.0 0.722222222222 0.518080667594 0.648231511254
0.54248046875 0.0 0.631578947368 0.627055306428 0.643649815043
0.669977924945 0.0 0.787234042553 0.819255759008 0.807563959956
0.471052631579 0.0 0.575 0.514935064935 0.516203703704
0.61376953125 0.0 0.710526315789 0.765321375187 0.773736128237
0.5625 0.0 0.684210526316 0.637518684604 0.620838471023
0.43896484375 0.0 0.552631578947 0.523168908819 0.514180024661
0.53515625 0.0 0.631578947368 0.556053811659 0.56411837238
0.5341796875 0.0 0.657894736842 0.627802690583 0.608508014797
0.57568359375 0.0 0.684210526316 0.64798206278 0.643649815043
0.404296875 0.0 0.5 0.42600896861 0.434032059186
0.82567264574 0.0 0.833333333333 0.682892906815 0.778778135048
0.45458984375 0.0 0.578947368421 0.602391629297 0.581381011097
0.847314201619 0.0 0.914893617021 0.930301240402 0.964961067853
0.45263671875 0.0 0.552631578947 0.529147982063 0.530209617756
0.64697265625 0.0 0.684210526316 0.615844544096 0.67879161529
0.51513671875 0.0 0.605263157895 0.528400597907 0.538224414303
0.5087890625 0.0 0.631578947368 0.593423019432 0.570283600493
0.4453125 0.0 0.552631578947 0.512705530643 0.504932182491
0.65380859375 0.0 0.657894736842 0.543348281016 0.638101109741
0.49609375 0.0 0.526315789474 0.419282511211 0.487053020962
0.4228515625 0.0 0.526315789474 0.465620328849 0.459926017263
0.54296875 0.0 0.657894736842 0.625560538117 0.606658446363
0.43896484375 0.0 0.578947368421 0.517937219731 0.471023427867
0.741666666667 0.0 0.85 0.772077922078 0.756365740741
0.239882266372 0.0 0.31914893617 0.313644418193 0.325917686318
0.48486328125 0.0 0.605263157895 0.588938714499 0.559186189889
0.60009765625 0.0 0.710526315789 0.59865470852 0.578298397041
0.57275390625 0.0 0.684210526316 0.657698056801 0.636251541307
0.7158203125 0.0 0.815789473684 0.793721973094 0.782367447596
