0.768240343348 0.0 0.794871794872 0.642276422764 0.775510204082
0.76658270361 0.0 0.785714285714 0.547368421053 0.684210526316
0.725440806045 0.0 0.75 0.515789473684 0.646198830409
0.725440806045 0.0 0.75 0.515789473684 0.646198830409
0.725440806045 0.0 0.75 0.515789473684 0.646198830409
0.725440806045 0.0 0.75 0.515789473684 0.646198830409
0.725440806045 0.0 0.75 0.515789473684 0.646198830409
0.725440806045 0.0 0.75 0.515789473684 0.646198830409
0.613733905579 0.0 0.692307692308 0.569918699187 0.641869651086
0.790251107829 0.0 0.870967741935 0.814732142857 0.883230904302
0.64193746168 0.0 0.641025641026 0.461788617886 0.601053324556
0.74741506647 0.0 0.838709677419 0.772321428571 0.814749780509
0.854505169867 0.0 0.870967741935 0.825892857143 0.940298507463
0.469037400368 0.0 0.487179487179 0.352845528455 0.46017116524
0.880271084337 0.142857142857 0.935483870968 0.781 0.991438356164
0.769571639586 0.0 0.806451612903 0.714285714286 0.797190517998
0.87223042836 0.0 0.870967741935 0.795758928571 0.915715539947
0.603923973023 0.0 0.666666666667 0.591869918699 0.628044766294
0.845493562232 0.0 0.820512820513 0.760162601626 0.878209348255
0.480686695279 0.0 0.538461538462 0.432520325203 0.46741277156
0.77917282127 0.0 0.806451612903 0.756696428571 0.819139596137
0.711220110362 0.0 0.74358974359 0.685365853659 0.734035549704
0.83629675046 0.0 0.820512820513 0.682926829268 0.779460171165
0.665435745938 0.0 0.774193548387 0.768973214286 0.737489025461
0.745199409158 0.0 0.774193548387 0.714285714286 0.760316066725
0.828655834564 0.0 0.935483870968 0.935267857143 0.900790166813
0.484365419988 0.0 0.461538461538 0.283739837398 0.37590520079
0.839734121123 0.0 0.838709677419 0.763392857143 0.830553116769
0.570815450644 0.0 0.641025641026 0.615447154472 0.610928242265
0.7621091355 0.0 0.769230769231 0.641463414634 0.699802501646
0.652880354505 0.0 0.677419354839 0.59375 0.633889376646
0.835302806499 0.0 0.935483870968 0.947544642857 0.91132572432
0.629675045984 0.0 0.538461538462 0.210569105691 0.36142198815
0.431637032495 0.0 0.461538461538 0.329268292683 0.358788676761
0.822008862629 0.0 0.838709677419 0.799107142857 0.836698858648
0.799852289513 0.0 0.870967741935 0.816964285714 0.799824407375
0.569589209074 0.0 0.487179487179 0.254471544715 0.39038841343
0.689069423929 0.0 0.709677419355 0.569196428571 0.598770851624
0.565297363581 0.0 0.589743589744 0.473983739837 0.498354180382
0.75828313253 0.0 0.774193548387 0.633 0.664383561644
0.68094534712 0.0 0.741935483871 0.8046875 0.789288849868
0.864106351551 0.0 0.935483870968 0.936383928571 0.910447761194
0.820531757755 0.0 0.903225806452 0.924107142857 0.886742756804
0.816838995569 0.0 0.806451612903 0.691964285714 0.745390693591
0.422440220723 0.0 0.461538461538 0.375609756098 0.378538512179
0.429797670141 0.0 0.410256410256 0.172357723577 0.233048057933
0.662170447578 0.0 0.615384615385 0.365040650407 0.452271231073
0.489270386266 0.0 0.461538461538 0.213821138211 0.281764318631
0.456161863887 0.0 0.512820512821 0.421951219512 0.405529953917
0.406499080319 0.0 0.435897435897 0.268292682927 0.278472679394
0.633677991137 0.0 0.677419354839 0.641741071429 0.63125548727
0.852237890865 0.0 0.820512820513 0.676422764228 0.741277156024
0.789699570815 0.0 0.820512820513 0.79837398374 0.800526662278
0.634416543575 0.0 0.645161290323 0.502232142857 0.524143985953
0.675036927622 0.0 0.709677419355 0.534598214286 0.531167690957
0.697193500739 0.0 0.838709677419 0.848214285714 0.737489025461
0.762722256284 0.0 0.820512820513 0.648780487805 0.621461487821
0.5806253832 0.0 0.589743589744 0.49756097561 0.518762343647
0.757016248154 0.0 0.709677419355 0.671875 0.748902546093
0.656573116691 0.0 0.677419354839 0.603794642857 0.610184372256
0.736336779911 0.0 0.774193548387 0.713169642857 0.702370500439
0.508277130595 0.0 0.564102564103 0.506504065041 0.475312705727
0.806884970613 0.166666666667 0.892857142857 0.825730994152 0.927875243665
0.496627835684 0.0 0.487179487179 0.323577235772 0.351547070441
0.505211526671 0.0 0.512820512821 0.473983739837 0.483212639895
0.746167995095 0.0 0.692307692308 0.60406504065 0.672152732061
0.80059084195 0.0 0.741935483871 0.529017857143 0.601404741001
0.622599704579 0.0 0.709677419355 0.691964285714 0.618086040386
0.771787296898 0.0 0.741935483871 0.6953125 0.738366988586
0.825356842989 0.0 0.857142857143 0.741520467836 0.720272904483
0.683899556869 0.0 0.709677419355 0.655133928571 0.638279192274
0.62783568363 0.0 0.589743589744 0.488617886179 0.535220539829
0.721565731167 0.0 0.806451612903 0.755580357143 0.676031606673
0.768833087149 0.0 0.806451612903 0.739955357143 0.707638279192
0.754062038405 0.0 0.709677419355 0.595982142857 0.645302897278
0.624815361891 0.0 0.709677419355 0.693080357143 0.612818261633
0.702363367799 0.0 0.645161290323 0.491071428571 0.551360842845
0.866322008863 0.0 0.870967741935 0.859375 0.85601404741
0.610668301655 0.0 0.564102564103 0.369918699187 0.417379855168
0.469037400368 0.0 0.410256410256 0.134959349593 0.191573403555
0.762924667651 0.0 0.806451612903 0.797991071429 0.752414398595
0.843828715365 0.166666666667 0.892857142857 0.771929824561 0.885964912281
0.843828715365 0.166666666667 0.892857142857 0.771929824561 0.885964912281
0.843828715365 0.166666666667 0.892857142857 0.771929824561 0.885964912281
0.875184638109 0.0 0.774193548387 0.720982142857 0.818261633011
0.77400295421 0.0 0.741935483871 0.6875 0.715539947322
0.8026868178 0.166666666667 0.857142857143 0.740350877193 0.847953216374
0.515021459227 0.0 0.487179487179 0.315447154472 0.337063857801
0.878602084611 0.0 0.871794871795 0.765853658537 0.765635286373
0.894387001477 0.0 0.935483870968 0.9609375 0.91132572432
0.863367799114 0.0 0.870967741935 0.848214285714 0.831431079895
0.723042836041 0.0 0.774193548387 0.734375 0.673397717296
0.745591939547 0.0 0.714285714286 0.469005847953 0.490253411306
0.65813253012 0.142857142857 0.612903225806 0.403 0.580479452055
0.664009809933 0.0 0.717948717949 0.712195121951 0.646477946017
0.838995568685 0.0 0.806451612903 0.71875 0.739244951712
0.706056129985 0.0 0.709677419355 0.657366071429 0.640035118525
0.562844880441 0.0 0.615384615385 0.556910569106 0.489795918367
0.524831391784 0.0 0.512820512821 0.330081300813 0.327188940092
0.695716395864 0.0 0.774193548387 0.797991071429 0.703248463565
