0.666666666667 0.0 0.764705882353 0.630470016207 0.780876494024
0.448712536935 0.0 0.625 0.574617346939 0.644430051813
0.701983959477 0.0 0.85 0.836096938776 0.931347150259
0.690949227373 0.0 0.794117647059 0.680713128039 0.811420982736
0.568432671082 0.0 0.647058823529 0.431928687196 0.583665338645
0.713803292528 0.0 0.825 0.772959183673 0.890544041451
0.547461368653 0.0 0.676470588235 0.508103727715 0.606241699867
0.485099337748 0.0 0.617647058824 0.507293354943 0.601593625498
0.681015452539 0.0 0.852941176471 0.761750405186 0.815405046481
0.44617982271 0.0 0.575 0.497448979592 0.592616580311
0.467707893626 0.0 0.6 0.515943877551 0.60621761658
0.559602649007 0.0 0.705882352941 0.562398703404 0.633466135458
0.476269315673 0.0 0.617647058824 0.493517017828 0.56839309429
0.58995584989 0.0 0.705882352941 0.631280388979 0.729747675963
0.467707893626 0.0 0.575 0.453443877551 0.560233160622
0.737858719647 0.0 0.911764705882 0.827390599676 0.865869853918
0.366891891892 0.0 0.54 0.49619868221 0.535285645703
0.543598233996 0.0 0.676470588235 0.564829821718 0.642098273572
0.628035320088 0.0 0.735294117647 0.576175040519 0.678618857902
0.608167770419 0.0 0.764705882353 0.632901134522 0.685922974768
0.562362030905 0.0 0.735294117647 0.640194489465 0.676626826029
0.480132450331 0.0 0.588235294118 0.469205834684 0.570385126162
0.6793598234 0.0 0.852941176471 0.744732576985 0.7802124834
0.506622516556 0.0 0.647058823529 0.498379254457 0.566401062417
0.583885209713 0.0 0.705882352941 0.577795786062 0.66401062417
0.315202702703 0.0 0.48 0.468322351749 0.511281805089
0.481215702828 0.0 0.625 0.543367346939 0.606865284974
0.27972972973 0.0 0.44 0.389761784085 0.436389822372
0.488962472406 0.0 0.647058823529 0.557536466775 0.606241699867
0.688189845475 0.0 0.764705882353 0.609400324149 0.739707835325
0.478682988603 0.0 0.6 0.472576530612 0.556994818653
0.597972972973 0.0 0.7 0.602128737962 0.705232837254
0.585540838852 0.0 0.735294117647 0.653160453809 0.707835325365
0.502364864865 0.0 0.68 0.611758743031 0.638502160346
0.639072847682 0.0 0.764705882353 0.682333873582 0.760956175299
0.549668874172 0.0 0.705882352941 0.566450567261 0.614209827357
0.5125 0.0 0.72 0.67410035479 0.669707153145
0.649006622517 0.0 0.764705882353 0.686385737439 0.77224435591
0.604856512141 0.0 0.735294117647 0.63209076175 0.703187250996
0.657284768212 0.0 0.794117647059 0.770664505673 0.835325365206
0.551324503311 0.0 0.676470588235 0.529983792545 0.606241699867
0.706953642384 0.0 0.794117647059 0.670988654781 0.784860557769
0.781456953642 0.0 0.911764705882 0.782009724473 0.852589641434
0.53642384106 0.0 0.617647058824 0.525121555916 0.644754316069
0.496136865342 0.0 0.617647058824 0.503241491086 0.582337317397
0.728155339806 0.0 0.875 0.859693877551 0.913212435233
0.788079470199 0.0 0.911764705882 0.794165316045 0.869189907039
0.493929359823 0.0 0.647058823529 0.564829821718 0.610225763612
0.671633554084 0.0 0.823529411765 0.760940032415 0.807436918991
0.702538631347 0.0 0.823529411765 0.718800648298 0.79614873838
0.747240618102 0.0 0.882352941176 0.763371150729 0.826029216467
0.478476821192 0.0 0.588235294118 0.4943273906 0.582337317397
0.441958632334 0.0 0.6 0.582270408163 0.621761658031
0.626931567329 0.0 0.764705882353 0.675040518639 0.733731739708
0.729028697572 0.0 0.882352941176 0.779578606159 0.822709163347
0.701561840439 0.0 0.75 0.676020408163 0.823834196891
0.5353200883 0.0 0.647058823529 0.504862236629 0.588977423639
0.567880794702 0.0 0.705882352941 0.623176661264 0.680610889774
0.7146799117 0.0 0.882352941176 0.825769854133 0.853253652058
0.543046357616 0.0 0.627906976744 0.595703125 0.705330990041
0.543046357616 0.0 0.627906976744 0.595703125 0.705330990041
0.543046357616 0.0 0.627906976744 0.595703125 0.705330990041
0.543046357616 0.0 0.627906976744 0.595703125 0.705330990041
0.640176600442 0.0 0.764705882353 0.685575364668 0.754980079681
0.582781456954 0.0 0.735294117647 0.619124797407 0.659362549801
0.57119205298 0.0 0.676470588235 0.617504051864 0.70385126162
0.722958057395 0.0 0.852941176471 0.795786061588 0.857237715803
0.55353200883 0.0 0.676470588235 0.575364667747 0.643426294821
0.797461368653 0.0 0.882352941176 0.827390599676 0.932270916335
0.685430463576 0.0 0.794117647059 0.645867098865 0.726427622842
0.769867549669 0.0 0.823529411765 0.646677471637 0.782204515272
0.626379690949 0.0 0.764705882353 0.704213938412 0.754316069057
0.44527027027 0.0 0.62 0.590471363406 0.603936629861
0.533136344449 0.0 0.65 0.628826530612 0.700129533679
0.53642384106 0.0 0.647058823529 0.534846029173 0.612217795485
0.503863134658 0.0 0.647058823529 0.562398703404 0.606905710491
0.486203090508 0.0 0.647058823529 0.619935170178 0.646746347942
0.629139072848 0.0 0.705882352941 0.547811993517 0.658698539177
0.631346578366 0.0 0.735294117647 0.658022690438 0.741035856574
0.58885209713 0.0 0.705882352941 0.568881685575 0.638778220452
0.628587196468 0.0 0.735294117647 0.654781199352 0.734395750332
0.602097130243 0.0 0.735294117647 0.650729335494 0.703187250996
0.298310810811 0.0 0.46 0.435884439939 0.459433509361
0.69591611479 0.0 0.882352941176 0.87358184765 0.871845949535
0.566225165563 0.0 0.647058823529 0.525121555916 0.628818061089
0.654525386313 0.0 0.794117647059 0.705834683955 0.750332005312
0.543598233996 0.0 0.676470588235 0.599675850891 0.650730411687
0.549116997792 0.0 0.647058823529 0.485413290113 0.571049136786
0.599889624724 0.0 0.735294117647 0.689627228525 0.737715803453
0.563465783664 0.0 0.705882352941 0.62074554295 0.660690571049
0.60651214128 0.0 0.735294117647 0.704213938412 0.757636122178
0.603752759382 0.0 0.705882352941 0.683144246353 0.762948207171
0.601545253863 0.0 0.735294117647 0.640194489465 0.687250996016
0.886865342163 0.0 0.970588235294 0.848460291734 0.945551128818
0.580573951435 0.0 0.705882352941 0.577795786062 0.632802124834
0.728476821192 0.0 0.823529411765 0.655591572123 0.74037184595
0.522075055188 0.0 0.705882352941 0.641815235008 0.637450199203
0.561810154525 0.0 0.676470588235 0.542139384117 0.606905710491
0.561810154525 0.0 0.647058823529 0.556726094003 0.650730411687
0.526490066225 0.0 0.647058823529 0.580226904376 0.638778220452
0.353716216216 0.0 0.52 0.542321338064 0.554968795007
0.647902869757 0.0 0.794117647059 0.753646677472 0.785524568393
0.656732891832 0.0 0.764705882353 0.713938411669 0.783532536521
0.575055187638 0.0 0.676470588235 0.536466774716 0.612217795485
0.403716216216 0.0 0.58 0.552458185504 0.553048487758
0.616445916115 0.0 0.764705882353 0.70340356564 0.731739707835
0.58940397351 0.0 0.735294117647 0.597244732577 0.627490039841
0.539183222958 0.0 0.676470588235 0.568071312804 0.606905710491
0.843818984547 0.0 0.970588235294 0.932739059968 0.982071713147
0.552553820177 0.0 0.675 0.629464285714 0.681994818653
0.579470198675 0.0 0.705882352941 0.650729335494 0.699203187251
0.641832229581 0.0 0.794117647059 0.739870340357 0.762284196547
0.566777041943 0.0 0.676470588235 0.570502431118 0.635458167331
0.631067961165 0.0 0.725 0.629464285714 0.709844559585
0.650662251656 0.0 0.823529411765 0.782820097245 0.784196547145
0.601545253863 0.0 0.735294117647 0.607779578606 0.64807436919
0.623068432671 0.0 0.764705882353 0.710696920583 0.743027888446
0.294594594595 0.0 0.4 0.359351241764 0.42774843975
0.543581081081 0.0 0.72 0.669538773441 0.666826692271
0.529391891892 0.0 0.64 0.580334515966 0.643302928469
0.683222958057 0.0 0.794117647059 0.686385737439 0.749003984064
0.600441501104 0.0 0.705882352941 0.531604538088 0.599601593625
0.570704938793 0.0 0.7 0.621173469388 0.665155440415
0.62582781457 0.0 0.764705882353 0.710696920583 0.745019920319
0.627483443709 0.0 0.764705882353 0.672609400324 0.708499335989
0.676600441501 0.0 0.794117647059 0.730145867099 0.785524568393
0.60651214128 0.0 0.764705882353 0.713128038898 0.72775564409
0.663993246095 0.0 0.75 0.709183673469 0.795984455959
0.811810154525 0.0 0.941176470588 0.94489465154 0.988047808765
0.590507726269 0.0 0.735294117647 0.655591572123 0.683266932271
0.610375275938 0.0 0.735294117647 0.623176661264 0.670650730412
0.658445945946 0.0 0.78 0.730866700456 0.781565050408
0.618653421634 0.0 0.735294117647 0.59886547812 0.654050464807
0.709161147903 0.0 0.764705882353 0.646677471637 0.762948207171
0.657836644592 0.0 0.823529411765 0.845218800648 0.851261620186
0.572847682119 0.0 0.705882352941 0.623176661264 0.660690571049
0.568432671082 0.0 0.705882352941 0.651539708266 0.684594953519
0.581125827815 0.0 0.735294117647 0.659643435981 0.675962815405
0.579147319544 0.0 0.65 0.519132653061 0.618523316062
0.722406181015 0.0 0.882352941176 0.820097244733 0.830013280212
0.650662251656 0.0 0.794117647059 0.773905996759 0.800132802125
0.466019417476 0.0 0.625 0.593112244898 0.603626943005
0.629690949227 0.0 0.764705882353 0.710696920583 0.745019920319
0.734459459459 0.0 0.88 0.867714140902 0.891502640422
0.791390728477 0.0 0.911764705882 0.832252836305 0.881142098274
0.752759381898 0.0 0.941176470588 0.918962722853 0.89973439575
0.594922737307 0.0 0.705882352941 0.568071312804 0.626162018592
0.675496688742 0.0 0.852941176471 0.808752025932 0.800132802125
0.864790286976 0.0 0.882352941176 0.809562398703 0.960823373174
0.701986754967 0.0 0.794117647059 0.649108589951 0.725763612218
0.637417218543 0.0 0.794117647059 0.764181523501 0.776228419655
0.640728476821 0.0 0.794117647059 0.705834683955 0.721115537849
0.641280353201 0.0 0.764705882353 0.632901134522 0.677954847278
0.647902869757 0.0 0.764705882353 0.70340356564 0.754980079681
0.665562913907 0.0 0.823529411765 0.821717990276 0.832005312085
0.666666666667 0.0 0.794117647059 0.679902755267 0.720451527224
0.616997792494 0.0 0.735294117647 0.591572123177 0.640770252324
0.590507726269 0.0 0.705882352941 0.630470016207 0.681938911023
0.666114790287 0.0 0.823529411765 0.749594813614 0.758964143426
0.594370860927 0.0 0.705882352941 0.657212317666 0.712483399734
0.583333333333 0.0 0.764705882353 0.72528363047 0.709827357238
0.614238410596 0.0 0.735294117647 0.683144246353 0.72775564409
0.602649006623 0.0 0.764705882353 0.700972447326 0.704515272244
0.768763796909 0.0 0.911764705882 0.875202593193 0.897742363878
0.630794701987 0.0 0.764705882353 0.641815235008 0.673306772908
0.562162162162 0.0 0.66 0.633046122656 0.699951992319
0.605960264901 0.0 0.705882352941 0.654781199352 0.719123505976
0.383445945946 0.0 0.56 0.576279776989 0.563610177628
0.634105960265 0.0 0.735294117647 0.590761750405 0.653386454183
0.62472406181 0.0 0.735294117647 0.65397082658 0.707171314741
0.64293598234 0.0 0.794117647059 0.724473257699 0.737051792829
0.591611479029 0.0 0.735294117647 0.69773095624 0.717795484728
0.623648648649 0.0 0.78 0.697415103903 0.704752760442
0.641280353201 0.0 0.764705882353 0.699351701783 0.739043824701
0.724061810155 0.0 0.764705882353 0.622366288493 0.744355909695
0.476351351351 0.0 0.66 0.647237709072 0.626020163226
0.634657836645 0.0 0.735294117647 0.589951377634 0.651394422311
0.684326710817 0.0 0.794117647059 0.777957860616 0.830013280212
0.619205298013 0.0 0.705882352941 0.658833063209 0.733731739708
0.645143487859 0.0 0.735294117647 0.645056726094 0.716467463479
0.698675496689 0.0 0.794117647059 0.685575364668 0.750996015936
0.640728476821 0.0 0.764705882353 0.680713128039 0.717131474104
0.684677078936 0.0 0.8 0.72193877551 0.766839378238
0.753311258278 0.0 0.823529411765 0.730145867099 0.82005312085
0.695364238411 0.0 0.794117647059 0.653160453809 0.714475431607
0.701986754967 0.0 0.823529411765 0.794975688817 0.833333333333
0.460810810811 0.0 0.64 0.623416117587 0.603936629861
0.691501103753 0.0 0.794117647059 0.732576985413 0.789508632138
0.667770419426 0.0 0.764705882353 0.658022690438 0.720451527224
0.641280353201 0.0 0.735294117647 0.705024311183 0.770252324037
0.673289183223 0.0 0.852941176471 0.794165316045 0.773572377158
0.614790286976 0.0 0.735294117647 0.654781199352 0.693227091633
0.640728476821 0.0 0.735294117647 0.691247974068 0.754980079681
0.662251655629 0.0 0.735294117647 0.631280388979 0.716467463479
0.768763796909 0.0 0.882352941176 0.760940032415 0.805444887118
0.707505518764 0.0 0.852941176471 0.702593192869 0.715139442231
0.552975939215 0.0 0.65 0.572066326531 0.632124352332
0.239864864865 0.0 0.36 0.255955397871 0.292846855497
0.621412803532 0.0 0.764705882353 0.743922204214 0.756972111554
0.740618101545 0.0 0.794117647059 0.585899513776 0.688579017264
