0.423335369578 0.285714285714 0.354838709677 0.375 0.335195530726
0.538790470373 0.285714285714 0.483870967742 0.379672897196 0.340782122905
0.538179596823 0.285714285714 0.483870967742 0.509345794393 0.635474860335
0.705558949297 0.714285714286 0.709677419355 0.81191588785 0.850558659218
0.515577275504 0.0 0.387096774194 0.278037383178 0.170391061453
0.621258399511 0.571428571429 0.516129032258 0.523364485981 0.403631284916
0.576053756872 0.0 0.516129032258 0.578271028037 0.494413407821
0.634697617593 0.428571428571 0.548387096774 0.577102803738 0.579608938547
0.560781918143 0.142857142857 0.548387096774 0.728971962617 0.758379888268
0.428833231521 0.285714285714 0.387096774194 0.292056074766 0.332402234637
0.816737935247 0.571428571429 0.774193548387 0.760514018692 0.747206703911
0.342700061087 0.285714285714 0.258064516129 0.231308411215 0.219273743017
0.504581551619 0.0 0.387096774194 0.389018691589 0.263966480447
0.664019547954 1.0 0.612903225806 0.579439252336 0.759776536313
0.620647525962 0.285714285714 0.483870967742 0.564252336449 0.418994413408
0.65180207697 0.428571428571 0.58064516129 0.540887850467 0.541899441341
0.611484422724 0.0 0.548387096774 0.646028037383 0.513966480447
0.522907758094 0.285714285714 0.41935483871 0.459112149533 0.293296089385
0.462431276726 0.285714285714 0.387096774194 0.310747663551 0.209497206704
0.521686010996 0.285714285714 0.41935483871 0.308411214953 0.333798882682
0.60720830788 0.571428571429 0.58064516129 0.554906542056 0.488826815642
0.580940745266 0.0 0.516129032258 0.511682242991 0.519553072626
0.747098350641 0.714285714286 0.677419354839 0.601635514019 0.526536312849
0.45937690898 0.0 0.41935483871 0.501168224299 0.432960893855
1.0 0.285714285714 1.0 0.985981308411 1.0
0.661576053757 0.285714285714 0.483870967742 0.384345794393 0.335195530726
0.408063530849 0.428571428571 0.322580645161 0.259345794393 0.213687150838
0.485033598045 0.714285714286 0.451612903226 0.406542056075 0.516759776536
0.330482590104 0.285714285714 0.225806451613 0.167056074766 0.117318435754
0.595601710446 0.285714285714 0.516129032258 0.546728971963 0.473463687151
0.529627367135 0.285714285714 0.41935483871 0.419392523364 0.370111731844
0.660354306659 0.285714285714 0.612903225806 0.653037383178 0.625698324022
0.30360415394 0.142857142857 0.258064516129 0.258177570093 0.282122905028
0.285277947465 0.142857142857 0.225806451613 0.206775700935 0.18156424581
0.653023824068 0.571428571429 0.612903225806 0.521028037383 0.645251396648
0.84422724496 0.428571428571 0.806451612903 0.914719626168 0.829608938547
0.386072083079 0.142857142857 0.322580645161 0.18808411215 0.11312849162
0.737324373855 0.857142857143 0.645161290323 0.511682242991 0.572625698324
0.594379963348 0.571428571429 0.483870967742 0.349299065421 0.329608938547
0.316432498473 0.285714285714 0.193548387097 0.115654205607 0.0167597765363
0.632254123396 0.285714285714 0.548387096774 0.482476635514 0.371508379888
0.560171044594 0.714285714286 0.483870967742 0.398364485981 0.525139664804
0.431887599267 0.285714285714 0.387096774194 0.426401869159 0.412011173184
0.90348197923 0.571428571429 0.870967741935 0.995327102804 0.896648044693
0.47403787416 0.0 0.387096774194 0.379672897196 0.303072625698
0.394624312767 0.285714285714 0.258064516129 0.161214953271 0.0698324022346
0.467929138668 0.285714285714 0.354838709677 0.401869158879 0.326815642458
0.244960293219 0.0 0.161290322581 0.167056074766 0.117318435754
0.609651802077 0.571428571429 0.58064516129 0.485981308411 0.585195530726
0.816737935247 0.571428571429 0.774193548387 0.760514018692 0.747206703911
0.49602932193 0.0 0.483870967742 0.530373831776 0.56843575419
0.786194257789 0.571428571429 0.741935483871 0.717289719626 0.754189944134
0.804520464264 0.428571428571 0.709677419355 0.864485981308 0.663407821229
0.772755039707 0.571428571429 0.741935483871 0.842289719626 0.789106145251
0.658521686011 0.285714285714 0.612903225806 0.581775700935 0.641061452514
0.342700061087 0.285714285714 0.258064516129 0.231308411215 0.219273743017
0.653023824068 0.571428571429 0.612903225806 0.521028037383 0.645251396648
0.435552840562 0.428571428571 0.354838709677 0.302570093458 0.27094972067
0.456933414783 0.0 0.387096774194 0.424065420561 0.332402234637
0.299938912645 0.0 0.258064516129 0.246495327103 0.195530726257
0.596823457544 0.285714285714 0.58064516129 0.586448598131 0.551675977654
0.663408674404 0.285714285714 0.548387096774 0.632009345794 0.555865921788
0.718998167379 0.428571428571 0.612903225806 0.608644859813 0.536312849162
0.632254123396 0.285714285714 0.548387096774 0.482476635514 0.371508379888
0.364691508858 0.428571428571 0.290322580645 0.193925233645 0.180167597765
0.541233964569 0.428571428571 0.41935483871 0.415887850467 0.326815642458
0.746487477092 0.857142857143 0.709677419355 0.653037383178 0.777932960894
0.717776420281 0.857142857143 0.612903225806 0.553738317757 0.575418994413
0.700061087355 0.285714285714 0.612903225806 0.572429906542 0.463687150838
0.537568723274 0.285714285714 0.483870967742 0.424065420561 0.379888268156
0.529627367135 0.285714285714 0.41935483871 0.419392523364 0.370111731844
0.620647525962 0.571428571429 0.516129032258 0.443925233645 0.350558659218
0.461820403177 0.285714285714 0.354838709677 0.328271028037 0.20251396648
0.340256566891 0.285714285714 0.258064516129 0.179906542056 0.118715083799
0.908368967624 0.428571428571 0.870967741935 1.0 0.967877094972
0.500916310324 0.0 0.41935483871 0.47546728972 0.365921787709
0.521075137447 0.428571428571 0.483870967742 0.468457943925 0.451117318436
0.330482590104 0.285714285714 0.258064516129 0.231308411215 0.219273743017
0.526572999389 0.285714285714 0.41935483871 0.510514018692 0.417597765363
0.541233964569 0.285714285714 0.41935483871 0.38785046729 0.325418994413
0.519242516799 0.0 0.41935483871 0.394859813084 0.29469273743
0.758094074527 0.285714285714 0.709677419355 0.732476635514 0.719273743017
0.627978008552 0.285714285714 0.58064516129 0.575934579439 0.655027932961
0.573610262676 0.285714285714 0.548387096774 0.459112149533 0.536312849162
0.520464263897 0.0 0.483870967742 0.466121495327 0.466480446927
0.425778863775 0.428571428571 0.387096774194 0.379672897196 0.409217877095
0.436163714111 0.571428571429 0.354838709677 0.234813084112 0.175977653631
0.583384239462 0.0 0.548387096774 0.607476635514 0.502793296089
0.663408674404 0.285714285714 0.548387096774 0.632009345794 0.555865921788
0.521075137447 0.428571428571 0.483870967742 0.468457943925 0.451117318436
0.700671960904 0.142857142857 0.645161290323 0.782710280374 0.63687150838
0.761759315822 0.142857142857 0.709677419355 0.782710280374 0.63687150838
0.924251679902 0.714285714286 0.838709677419 0.985981308411 0.784916201117
0.376908979841 0.428571428571 0.290322580645 0.193925233645 0.180167597765
0.342700061087 0.285714285714 0.258064516129 0.231308411215 0.219273743017
0.330482590104 0.285714285714 0.225806451613 0.167056074766 0.117318435754
0.476481368357 0.285714285714 0.354838709677 0.315420560748 0.201117318436
0.403176542456 0.0 0.290322580645 0.315420560748 0.201117318436
0.532681734881 0.142857142857 0.483870967742 0.55023364486 0.458100558659
0.459987782529 0.571428571429 0.41935483871 0.498831775701 0.627094972067
