0.17853705486 0.0 0.102564102564 0.0742128935532 0.00957701516361
1.0 0.5 1.0 0.874062968516 0.956105347167
0.916746871992 0.25 0.948717948718 1.0 0.904229848364
0.995187680462 0.5 1.0 0.984257871064 1.0
0.898941289702 1.0 0.923076923077 0.839580209895 0.87629688747
0.215110683349 0.25 0.153846153846 0.0914542728636 0.0454908220271
0.985563041386 0.25 1.0 0.937781109445 0.95530726257
0.924927815207 0.75 0.897435897436 0.76011994003 0.911412609737
0.25697786333 0.5 0.205128205128 0.150674662669 0.100558659218
0.354667949952 0.75 0.307692307692 0.160419790105 0.146049481245
0.97593840231 0.0 0.974358974359 0.918290854573 0.906624102155
0.52021174206 1.0 0.512820512821 0.354572713643 0.403032721468
0.737728585178 1.0 0.717948717949 0.539730134933 0.657621707901
0.771414821944 0.75 0.769230769231 0.628185907046 0.78691141261
0.555822906641 1.0 0.512820512821 0.44227886057 0.512370311253
0.231472569779 0.0 0.205128205128 0.166416791604 0.112529928172
0.692974013474 0.0 0.74358974359 0.67616191904 0.679968076616
0.957170356112 0.0 0.948717948718 0.967766116942 0.833998403831
0.675649663138 0.0 0.717948717949 0.587706146927 0.562649640862
0.862367661213 0.0 0.897435897436 0.750374812594 0.832402234637
0.436958614052 0.0 0.461538461538 0.41904047976 0.375099760575
0.702117420597 1.0 0.692307692308 0.544977511244 0.600957701516
0.777670837344 0.5 0.794871794872 0.727886056972 0.688747007183
0.649181905679 0.0 0.692307692308 0.613193403298 0.70790103751
0.880654475457 0.75 0.820512820513 0.670914542729 0.770151636073
0.947064485082 0.5 0.948717948718 0.862818590705 0.890662410215
0.192974013474 0.0 0.128205128205 0.107196401799 0.0670391061453
0.221847930703 0.0 0.179487179487 0.125187406297 0.0542697525938
0.792107795958 0.0 0.820512820513 0.795352323838 0.74221867518
0.202598652551 0.0 0.153846153846 0.148425787106 0.125299281724
0.415303176131 0.75 0.358974358974 0.215892053973 0.217877094972
0.384023099134 0.0 0.384615384615 0.243628185907 0.245810055866
0.726179018287 1.0 0.74358974359 0.556971514243 0.640063846768
0.730028873917 0.0 0.794871794872 0.778860569715 0.772545889864
0.935996150144 0.0 0.923076923077 0.856821589205 0.8946528332
0.722329162656 0.0 0.769230769231 0.703148425787 0.686352753392
0.521655437921 0.75 0.487179487179 0.339580209895 0.386272944932
0.971126082772 0.5 0.974358974359 0.814842578711 0.87629688747
0.637151106833 1.0 0.589743589744 0.490254872564 0.584996009577
0.658806544755 0.75 0.615384615385 0.502248875562 0.570630486832
0.963426371511 0.25 0.974358974359 0.948275862069 0.93934557063
0.855630413859 0.75 0.846153846154 0.655172413793 0.761372705507
0.266602502406 0.0 0.179487179487 0.0742128935532 0.00957701516361
0.245909528393 0.0 0.230769230769 0.19940029985 0.169992019154
0.640038498556 0.0 0.641025641026 0.464767616192 0.474062250599
0.825794032724 0.25 0.820512820513 0.836581709145 0.796488427773
0.934552454283 0.0 0.948717948718 0.821589205397 0.814046288907
0.428296438884 0.0 0.435897435897 0.374812593703 0.363926576217
0.466794995188 0.0 0.512820512821 0.484257871064 0.518754988029
0.595765158807 0.75 0.538461538462 0.531484257871 0.541899441341
0.611164581328 0.0 0.666666666667 0.512743628186 0.48683160415
0.308950914341 0.0 0.25641025641 0.136431784108 0.0861931364725
0.727141482194 0.0 0.74358974359 0.64167916042 0.624900239425
0.298845043311 0.5 0.230769230769 0.143178410795 0.110135674381
0.974975938402 0.25 0.974358974359 0.889805097451 0.960893854749
0.804138594803 1.0 0.794871794872 0.666416791604 0.808459696728
0.808469682387 0.0 0.846153846154 0.799100449775 0.765363128492
0.325794032724 0.0 0.307692307692 0.217391304348 0.166001596169
0.628007699711 1.0 0.564102564103 0.452773613193 0.573822825219
0.747353224254 0.0 0.794871794872 0.775862068966 0.743814844374
0.843118383061 0.0 0.871794871795 0.694902548726 0.76057462091
0.713666987488 0.5 0.74358974359 0.694152923538 0.715083798883
0.929740134745 0.5 0.871794871795 0.798350824588 0.881085395052
0.891241578441 0.5 0.897435897436 0.929535232384 0.9209896249
0.915303176131 0.25 0.923076923077 0.915292353823 0.976855546688
0.274783445621 0.0 0.25641025641 0.19940029985 0.169992019154
0.51395572666 0.0 0.564102564103 0.501499250375 0.462090981644
0.505774783446 0.75 0.461538461538 0.365817091454 0.35275339186
0.339749759384 0.25 0.282051282051 0.225637181409 0.237829209896
0.188161693936 0.0 0.128205128205 0.115442278861 0.0678371907422
0.676130895091 1.0 0.641025641026 0.549475262369 0.703910614525
0.79499518768 0.5 0.820512820513 0.8035982009 0.861931364725
0.819056785371 0.0 0.846153846154 0.66191904048 0.738228252195
0.500481231954 0.0 0.538461538462 0.529235382309 0.506783719074
0.909528392685 0.25 0.923076923077 0.907046476762 0.935355147646
0.536092396535 0.0 0.589743589744 0.510494752624 0.499600957702
0.982194417709 0.25 0.974358974359 0.985757121439 0.997605746209
0.494706448508 0.75 0.435897435897 0.273613193403 0.335195530726
0.589509143407 0.0 0.615384615385 0.564467766117 0.467677573823
0.409528392685 0.5 0.333333333333 0.22263868066 0.242617717478
0.758421559192 0.25 0.717948717949 0.52023988006 0.633679169992
0.404234841193 0.5 0.410256410256 0.430284857571 0.430965682362
0.866698748797 0.25 0.846153846154 0.650674662669 0.700718276137
0.292107795958 0.0 0.282051282051 0.269115442279 0.221867517957
0.25697786333 0.25 0.179487179487 0.0839580209895 0.0550678371907
0.488931665063 0.5 0.461538461538 0.298350824588 0.321628092578
0.470163618864 0.75 0.410256410256 0.242128935532 0.288906624102
0.36958614052 0.25 0.333333333333 0.242128935532 0.205905826018
0.318094321463 0.5 0.25641025641 0.182908545727 0.180367118915
0.452358036574 0.0 0.487179487179 0.425787106447 0.408619313647
0.658806544755 0.0 0.641025641026 0.606446776612 0.55786113328
0.70500481232 0.5 0.666666666667 0.477511244378 0.502793296089
0.535129932628 0.75 0.538461538462 0.47676161919 0.498802873105
0.44562078922 0.5 0.435897435897 0.333583208396 0.388667198723
0.484600577478 0.0 0.435897435897 0.263868065967 0.197126895451
0.357555341675 0.0 0.358974358974 0.380059970015 0.351955307263
0.376804619827 0.5 0.358974358974 0.293103448276 0.269752593775
0.573628488932 0.5 0.512820512821 0.362068965517 0.376695929769
0.802694898941 0.75 0.794871794872 0.686656671664 0.757382282522
0.429258902791 0.0 0.410256410256 0.367316341829 0.237829209896
