0.956222639149 0.0 0.966666666667 1.0 1.0
1.0 0.0 1.0 1.0 1.0
0.892432770482 0.0 0.9 0.891100702576 0.892323030907
0.887429643527 0.0 0.9 0.954332552693 0.938185443669
0.868667917448 0.0 0.866666666667 0.861826697892 0.855433698903
0.842401500938 0.0 0.866666666667 0.838407494145 0.806580259222
0.91994996873 0.0 0.9 0.788056206089 0.803589232303
0.831144465291 0.0 0.833333333333 0.86299765808 0.846460618146
0.786116322702 0.0 0.8 0.792740046838 0.77666999003
0.844277673546 0.0 0.866666666667 0.908665105386 0.860418743769
0.988742964353 0.0 0.966666666667 0.957845433255 0.939182452642
0.786741713571 0.0 0.766666666667 0.744730679157 0.759720837488
0.826141338336 0.0 0.866666666667 0.879391100703 0.811565304088
0.807379612258 0.0 0.766666666667 0.708430913349 0.741774675972
0.788617886179 0.0 0.733333333333 0.662763466042 0.717846460618
0.777360850532 0.0 0.733333333333 0.742388758782 0.773678963111
0.813633520951 0.0 0.766666666667 0.655737704918 0.700897308076
0.775484677924 0.0 0.766666666667 0.682669789227 0.686939182453
0.79612257661 0.0 0.8 0.853629976581 0.816550348953
0.72607879925 0.0 0.733333333333 0.754098360656 0.731804586241
0.72607879925 0.0 0.733333333333 0.754098360656 0.731804586241
0.819887429644 0.0 0.766666666667 0.708430913349 0.747756729811
0.722951844903 0.0 0.7 0.670960187354 0.688933200399
0.722951844903 0.0 0.7 0.670960187354 0.688933200399
0.838649155722 0.0 0.8 0.701405152225 0.72482552343
0.696060037523 0.0 0.7 0.754098360656 0.731804586241
0.857410881801 0.0 0.833333333333 0.776346604215 0.771684945165
0.76110068793 0.0 0.766666666667 0.74355971897 0.718843469591
0.768605378361 0.0 0.733333333333 0.696721311475 0.717846460618
0.845528455285 0.0 0.833333333333 0.781030444965 0.76370887338
0.693558474046 0.0 0.666666666667 0.660421545667 0.679960119641
0.754221388368 0.0 0.733333333333 0.733021077283 0.732801595214
0.724828017511 0.0 0.733333333333 0.764637002342 0.730807577268
0.737335834897 0.0 0.7 0.729508196721 0.743768693918
0.729831144465 0.0 0.733333333333 0.730679156909 0.704885343968
0.687304565353 0.0 0.666666666667 0.658079625293 0.662013958126
0.704190118824 0.0 0.666666666667 0.680327868852 0.69591226321
0.704190118824 0.0 0.666666666667 0.680327868852 0.69591226321
0.704190118824 0.0 0.666666666667 0.680327868852 0.69591226321
0.704190118824 0.0 0.666666666667 0.680327868852 0.69591226321
0.704190118824 0.0 0.666666666667 0.680327868852 0.69591226321
0.704190118824 0.0 0.666666666667 0.680327868852 0.69591226321
0.704190118824 0.0 0.666666666667 0.680327868852 0.69591226321
0.704190118824 0.0 0.666666666667 0.680327868852 0.69591226321
0.704190118824 0.0 0.666666666667 0.680327868852 0.69591226321
0.704190118824 0.0 0.666666666667 0.680327868852 0.69591226321
0.704190118824 0.0 0.666666666667 0.680327868852 0.69591226321
0.704190118824 0.0 0.666666666667 0.680327868852 0.69591226321
0.704190118824 0.0 0.666666666667 0.680327868852 0.69591226321
0.704190118824 0.0 0.666666666667 0.680327868852 0.69591226321
0.72607879925 0.0 0.733333333333 0.667447306792 0.642073778664
0.783614759225 0.0 0.733333333333 0.629976580796 0.662013958126
0.741713570982 0.0 0.7 0.680327868852 0.69591226321
0.741713570982 0.0 0.7 0.680327868852 0.69591226321
0.741713570982 0.0 0.7 0.680327868852 0.69591226321
0.741713570982 0.0 0.7 0.680327868852 0.69591226321
0.741713570982 0.0 0.7 0.680327868852 0.69591226321
0.67292057536 0.0 0.633333333333 0.593676814988 0.623130608175
0.67292057536 0.0 0.633333333333 0.593676814988 0.623130608175
0.67292057536 0.0 0.633333333333 0.593676814988 0.623130608175
0.67292057536 0.0 0.633333333333 0.593676814988 0.623130608175
0.67292057536 0.0 0.633333333333 0.593676814988 0.623130608175
0.67292057536 0.0 0.633333333333 0.593676814988 0.623130608175
0.67292057536 0.0 0.633333333333 0.593676814988 0.623130608175
0.67292057536 0.0 0.633333333333 0.593676814988 0.623130608175
0.67292057536 0.0 0.633333333333 0.593676814988 0.623130608175
0.67292057536 0.0 0.633333333333 0.593676814988 0.623130608175
0.67292057536 0.0 0.633333333333 0.593676814988 0.623130608175
0.631019387117 0.0 0.6 0.525761124122 0.559322033898
0.685428392745 0.0 0.633333333333 0.600702576112 0.640079760718
0.685428392745 0.0 0.633333333333 0.600702576112 0.640079760718
0.685428392745 0.0 0.633333333333 0.600702576112 0.640079760718
0.685428392745 0.0 0.633333333333 0.600702576112 0.640079760718
0.685428392745 0.0 0.633333333333 0.600702576112 0.640079760718
0.685428392745 0.0 0.633333333333 0.600702576112 0.640079760718
0.685428392745 0.0 0.633333333333 0.600702576112 0.640079760718
0.685428392745 0.0 0.633333333333 0.600702576112 0.640079760718
0.685428392745 0.0 0.633333333333 0.600702576112 0.640079760718
0.685428392745 0.0 0.633333333333 0.600702576112 0.640079760718
0.685428392745 0.0 0.633333333333 0.600702576112 0.640079760718
0.685428392745 0.0 0.633333333333 0.600702576112 0.640079760718
0.685428392745 0.0 0.633333333333 0.600702576112 0.640079760718
0.685428392745 0.0 0.633333333333 0.600702576112 0.640079760718
0.685428392745 0.0 0.633333333333 0.600702576112 0.640079760718
0.685428392745 0.0 0.633333333333 0.600702576112 0.640079760718
0.685428392745 0.0 0.633333333333 0.600702576112 0.640079760718
0.685428392745 0.0 0.633333333333 0.600702576112 0.640079760718
0.685428392745 0.0 0.633333333333 0.600702576112 0.640079760718
0.685428392745 0.0 0.633333333333 0.600702576112 0.640079760718
0.685428392745 0.0 0.633333333333 0.600702576112 0.640079760718
0.685428392745 0.0 0.633333333333 0.600702576112 0.640079760718
0.685428392745 0.0 0.633333333333 0.600702576112 0.640079760718
0.685428392745 0.0 0.633333333333 0.600702576112 0.640079760718
0.685428392745 0.0 0.633333333333 0.600702576112 0.640079760718
0.685428392745 0.0 0.633333333333 0.600702576112 0.640079760718
0.714821763602 0.0 0.633333333333 0.576112412178 0.645064805583
0.710444027517 0.0 0.666666666667 0.593676814988 0.623130608175
0.710444027517 0.0 0.666666666667 0.593676814988 0.623130608175
0.710444027517 0.0 0.666666666667 0.593676814988 0.623130608175
0.710444027517 0.0 0.666666666667 0.593676814988 0.623130608175
