0.670596393897 0.6 0.703703703704 0.670250896057 0.816326530612
0.861303744799 0.6 0.851851851852 0.873357228196 0.869897959184
0.710818307906 0.4 0.62962962963 0.553166069295 0.492346938776
0.846047156727 0.2 0.851851851852 0.869772998805 0.656887755102
0.375173370319 0.0 0.333333333333 0.340501792115 0.271683673469
0.337725381415 0.0 0.259259259259 0.170848267622 0.107142857143
0.880721220527 0.2 0.814814814815 0.660692951016 0.49362244898
0.901525658807 0.2 0.851851851852 0.713261648746 0.585459183673
0.446601941748 0.2 0.407407407407 0.415770609319 0.484693877551
0.271151178918 0.0 0.185185185185 0.183990442055 0.108418367347
0.799583911234 0.6 0.740740740741 0.606929510155 0.776785714286
0.436893203883 0.2 0.37037037037 0.328554360812 0.307397959184
0.595006934813 0.0 0.62962962963 0.591397849462 0.40943877551
0.752427184466 0.2 0.851851851852 0.917562724014 0.873724489796
0.588765603329 0.2 0.444444444444 0.193548387097 0.0727040816327
0.907766990291 0.6 0.851851851852 0.62962962963 0.775510204082
0.842579750347 0.2 0.888888888889 0.84348864994 0.815051020408
0.733703190014 0.0 0.740740740741 0.63321385902 0.522959183673
0.705270457698 0.6 0.703703703704 0.614097968937 0.644132653061
0.580443828017 0.4 0.518518518519 0.341696535245 0.308673469388
0.670596393897 0.4 0.62962962963 0.501792114695 0.566326530612
0.578363384189 0.0 0.481481481481 0.278375149343 0.313775510204
1.0 1.0 0.851851851852 0.541218637993 0.613520408163
0.828710124827 0.8 0.703703703704 0.430107526882 0.530612244898
0.316920943135 0.0 0.222222222222 0.118279569892 0.015306122449
0.767683772538 0.0 0.814814814815 0.864994026284 0.701530612245
0.790568654646 0.0 0.703703703704 0.52688172043 0.223214285714
0.702496532594 0.0 0.62962962963 0.52688172043 0.223214285714
0.830097087379 0.6 0.851851851852 0.78733572282 0.90306122449
0.594313453537 0.4 0.555555555556 0.431302270012 0.544642857143
0.547850208044 0.4 0.518518518519 0.431302270012 0.544642857143
0.774618585298 0.6 0.740740740741 0.63082437276 0.858418367347
0.462552011096 0.2 0.37037037037 0.278375149343 0.18112244898
0.742024965326 0.2 0.703703703704 0.618876941458 0.380102040816
0.761442441054 0.0 0.703703703704 0.62962962963 0.474489795918
0.480582524272 0.0 0.37037037037 0.289127837515 0.136479591837
0.696948682386 0.2 0.62962962963 0.495818399044 0.422193877551
0.520110957004 0.2 0.407407407407 0.118279569892 0.015306122449
0.404993065187 0.0 0.296296296296 0.118279569892 0.015306122449
0.363384188627 0.0 0.259259259259 0.118279569892 0.015306122449
0.730235783634 0.6 0.740740740741 0.73476702509 0.827806122449
0.660887656033 0.6 0.62962962963 0.565113500597 0.663265306122
0.918862690707 0.8 0.851851851852 0.757467144564 0.878826530612
0.805825242718 0.8 0.740740740741 0.691756272401 0.700255102041
0.752427184466 0.2 0.740740740741 0.621266427718 0.558673469388
0.587378640777 0.2 0.518518518519 0.31541218638 0.372448979592
0.316920943135 0.0 0.222222222222 0.118279569892 0.015306122449
0.316920943135 0.0 0.222222222222 0.118279569892 0.015306122449
0.557558945908 0.4 0.592592592593 0.679808841099 0.737244897959
0.557558945908 0.4 0.592592592593 0.679808841099 0.737244897959
0.745492371706 0.2 0.814814814815 0.801672640382 0.701530612245
0.557558945908 0.2 0.555555555556 0.522102747909 0.536989795918
0.991678224688 0.2 1.0 0.918757467145 0.872448979592
0.694174757282 0.6 0.62962962963 0.477897252091 0.572704081633
0.938973647712 0.0 0.962962962963 1.0 0.866071428571
0.839112343967 0.0 0.777777777778 0.642771804062 0.395408163265
0.568654646325 0.2 0.555555555556 0.485065710872 0.536989795918
0.674757281553 0.0 0.62962962963 0.497013142174 0.302295918367
0.563106796117 0.0 0.592592592593 0.591397849462 0.40943877551
0.979889042996 0.2 0.962962962963 0.832735961768 0.719387755102
0.705270457698 0.6 0.740740740741 0.758661887694 0.90943877551
0.705270457698 0.6 0.740740740741 0.758661887694 0.90943877551
0.626907073509 0.4 0.592592592593 0.551971326165 0.686224489796
0.774618585298 0.6 0.740740740741 0.63082437276 0.858418367347
0.488210818308 0.4 0.481481481481 0.510155316607 0.572704081633
0.319694868239 0.0 0.259259259259 0.236559139785 0.200255102041
0.846047156727 0.0 0.740740740741 0.47311827957 0.322704081633
0.581137309293 0.0 0.592592592593 0.5256869773 0.316326530612
0.760055478502 0.8 0.666666666667 0.354838709677 0.473214285714
0.773925104022 0.2 0.703703703704 0.461170848268 0.557397959184
0.852981969487 0.0 0.777777777778 0.608124253286 0.308673469388
0.501386962552 0.2 0.407407407407 0.405017921147 0.308673469388
0.778779472954 0.8 0.814814814815 0.850657108722 1.0
0.771844660194 0.6 0.814814814815 0.869772998805 0.992346938776
0.319694868239 0.0 0.259259259259 0.236559139785 0.200255102041
0.400138696255 0.2 0.37037037037 0.352449223417 0.372448979592
0.635922330097 0.6 0.62962962963 0.589008363202 0.744897959184
0.887656033287 0.4 0.851851851852 0.753882915173 0.660714285714
0.603328710125 0.4 0.481481481481 0.238948626045 0.301020408163
0.748959778086 0.2 0.703703703704 0.52688172043 0.650510204082
