0.613289760349 0.0 0.69696969697 0.593345656192 0.608080808081
0.587145969499 0.0 0.636363636364 0.560998151571 0.590909090909
0.861111111111 0.0 0.878787878788 0.703327171904 0.742424242424
0.906091370558 0.0 0.964285714286 0.990897269181 0.978211009174
0.731481481481 0.0 0.787878787879 0.711645101664 0.7
0.572802197802 0.0 0.538461538462 0.482954545455 0.557768924303
0.639433551198 0.0 0.606060606061 0.278188539741 0.348484848485
1.0 0.0 0.969696969697 0.809611829945 0.875757575758
0.530501089325 0.0 0.606060606061 0.540665434381 0.5
0.623730964467 0.0 0.607142857143 0.594278283485 0.639908256881
0.626906318083 0.0 0.666666666667 0.564695009242 0.553535353535
0.548076923077 0.0 0.5 0.348863636364 0.42363877822
0.437908496732 0.0 0.454545454545 0.451940850277 0.460606060606
0.607142857143 0.0 0.615384615385 0.467045454545 0.483399734396
0.660130718954 0.0 0.727272727273 0.684842883549 0.640404040404
0.695533769063 0.0 0.757575757576 0.664510166359 0.621212121212
0.374183006536 0.0 0.393939393939 0.382624768946 0.379797979798
0.605964467005 0.0 0.607142857143 0.586475942783 0.600917431193
0.631979695431 0.0 0.571428571429 0.474642392718 0.549311926606
0.802287581699 0.0 0.848484848485 0.862292051756 0.829292929293
0.718274111675 0.0 0.714285714286 0.664499349805 0.68119266055
0.585025380711 0.0 0.571428571429 0.525357607282 0.550458715596
0.753172588832 0.0 0.821428571429 0.778933680104 0.720183486239
0.346949891068 0.0 0.363636363636 0.314232902033 0.306060606061
0.587563451777 0.0 0.607142857143 0.710013003901 0.698394495413
0.772208121827 0.0 0.821428571429 0.895968790637 0.854357798165
0.660532994924 0.0 0.642857142857 0.525357607282 0.550458715596
0.72461928934 0.0 0.714285714286 0.686605981795 0.699541284404
0.416122004357 0.0 0.424242424242 0.449168207024 0.443434343434
0.791243654822 0.0 0.785714285714 0.733420026008 0.739678899083
0.806644880174 0.0 0.818181818182 0.768946395564 0.757575757576
1.0 0.0 1.0 1.0 1.0
0.325163398693 0.0 0.333333333333 0.314232902033 0.306060606061
0.506535947712 0.0 0.545454545455 0.49168207024 0.449494949495
0.625634517766 0.0 0.571428571429 0.501950585176 0.551605504587
0.776015228426 0.0 0.821428571429 0.902470741222 0.850917431193
0.663705583756 0.0 0.607142857143 0.501950585176 0.551605504587
0.557741116751 0.0 0.5 0.501950585176 0.551605504587
0.598350253807 0.0 0.571428571429 0.494148244473 0.512614678899
0.656091370558 0.0 0.607142857143 0.525357607282 0.565366972477
0.770152505447 0.0 0.818181818182 0.842883548983 0.785858585859
0.526015228426 0.0 0.535714285714 0.55266579974 0.533256880734
0.587563451777 0.0 0.571428571429 0.525357607282 0.530963302752
0.60152284264 0.0 0.607142857143 0.51755526658 0.5
0.668781725888 0.0 0.642857142857 0.525357607282 0.538990825688
0.530456852792 0.0 0.5 0.429128738622 0.447247706422
0.916122004357 0.0 0.909090909091 0.786506469501 0.780808080808
0.638324873096 0.0 0.607142857143 0.585175552666 0.602064220183
0.597715736041 0.0 0.607142857143 0.556566970091 0.532110091743
0.498730964467 0.0 0.464285714286 0.429128738622 0.447247706422
0.866751269036 0.0 0.857142857143 0.743823146944 0.73623853211
0.758883248731 0.0 0.75 0.780234070221 0.771788990826
0.602157360406 0.0 0.571428571429 0.518855656697 0.532110091743
0.56154822335 0.0 0.571428571429 0.544863459038 0.51376146789
0.528553299492 0.0 0.464285714286 0.405721716515 0.448394495413
0.538705583756 0.0 0.535714285714 0.55266579974 0.533256880734
0.469543147208 0.0 0.428571428571 0.429128738622 0.447247706422
0.469543147208 0.0 0.428571428571 0.429128738622 0.447247706422
0.543147208122 0.0 0.5 0.429128738622 0.447247706422
0.615482233503 0.0 0.607142857143 0.620286085826 0.603211009174
0.64847715736 0.0 0.642857142857 0.646293888166 0.625
0.67385786802 0.0 0.678571428571 0.629388816645 0.59747706422
0.570431472081 0.0 0.5 0.405721716515 0.448394495413
0.570431472081 0.0 0.5 0.405721716515 0.448394495413
0.570431472081 0.0 0.5 0.405721716515 0.448394495413
0.305555555556 0.0 0.30303030303 0.314232902033 0.288888888889
0.617385786802 0.0 0.607142857143 0.69310793238 0.675458715596
0.606598984772 0.0 0.571428571429 0.51755526658 0.524082568807
0.543147208122 0.0 0.5 0.525357607282 0.538990825688
0.784263959391 0.0 0.75 0.660598179454 0.665137614679
0.609137055838 0.0 0.535714285714 0.405721716515 0.448394495413
0.668781725888 0.0 0.678571428571 0.568270481144 0.52752293578
0.570431472081 0.0 0.5 0.430429128739 0.467889908257
0.597715736041 0.0 0.571428571429 0.456436931079 0.449541284404
0.587563451777 0.0 0.571428571429 0.620286085826 0.603211009174
0.546954314721 0.0 0.5 0.453836150845 0.466743119266
0.659898477157 0.0 0.642857142857 0.613784135241 0.596330275229
0.625 0.0 0.607142857143 0.620286085826 0.603211009174
0.704949238579 0.0 0.678571428571 0.617685305592 0.608944954128
0.506345177665 0.0 0.464285714286 0.429128738622 0.435779816514
0.482233502538 0.0 0.428571428571 0.429128738622 0.447247706422
0.482233502538 0.0 0.428571428571 0.429128738622 0.447247706422
0.669416243655 0.0 0.678571428571 0.642392717815 0.59747706422
0.509517766497 0.0 0.5 0.456436931079 0.43004587156
0.278322440087 0.0 0.272727272727 0.24584103512 0.215151515152
0.494289340102 0.0 0.464285714286 0.456436931079 0.449541284404
0.789215686275 0.0 0.757575757576 0.621996303142 0.616161616162
0.748366013072 0.0 0.757575757576 0.609981515712 0.562626262626
0.631345177665 0.0 0.642857142857 0.537061118336 0.487385321101
0.53616751269 0.0 0.535714285714 0.448634590377 0.410550458716
0.543147208122 0.0 0.535714285714 0.46033810143 0.428899082569
0.490482233503 0.0 0.5 0.544863459038 0.494266055046
0.498730964467 0.0 0.464285714286 0.456436931079 0.449541284404
0.52538071066 0.0 0.5 0.479843953186 0.463302752294
0.583756345178 0.0 0.571428571429 0.542262678804 0.511467889908
0.867102396514 0.0 0.848484848485 0.858595194085 0.833333333333
0.261982570806 0.0 0.242424242424 0.182994454713 0.158585858586
0.695431472081 0.0 0.714285714286 0.726918075423 0.662844036697
0.697335025381 0.0 0.607142857143 0.556566970091 0.600917431193
0.793781725888 0.0 0.785714285714 0.778933680104 0.740825688073
