0.659768715764 0.0 0.769230769231 0.641875505255 0.766711229947
0.566037735849 0.0 0.641025641026 0.487469684721 0.633021390374
0.898965307365 0.0 0.897435897436 0.730800323363 0.929144385027
0.573950091296 0.0 0.666666666667 0.504446240905 0.607620320856
0.68654899574 0.0 0.74358974359 0.563459983832 0.698529411765
0.887401095557 0.0 0.897435897436 0.713823767179 0.872994652406
0.617163724893 0.0 0.74358974359 0.632983023444 0.673796791444
0.850882531954 0.0 0.871794871795 0.693613581245 0.82820855615
0.853925745587 0.0 0.897435897436 0.823767178658 0.933155080214
0.642118076689 0.0 0.666666666667 0.415521422797 0.536764705882
0.442483262325 0.0 0.538461538462 0.495553759095 0.544117647059
0.590383444918 0.0 0.692307692308 0.616814874697 0.656417112299
0.856109324759 0.0 1.0 1.0 0.99711815562
0.816720257235 0.0 0.965517241379 0.968858131488 0.959654178674
0.939744370055 0.0 0.923076923077 0.729183508488 0.885026737968
0.840032154341 0.111111111111 0.931034482759 0.845444059977 1.0
0.840032154341 0.111111111111 0.931034482759 0.845444059977 1.0
0.69567863664 0.0 0.794871794872 0.70735650768 0.733288770053
0.618989653074 0.0 0.717948717949 0.69199676637 0.717245989305
0.852090032154 0.0 0.965517241379 0.915801614764 0.918347742555
0.969567863664 0.0 0.923076923077 0.776071139854 0.936497326203
0.45830797322 0.0 0.435897435897 0.152789005659 0.288101604278
0.863055386488 0.0 0.820512820513 0.578819725141 0.731951871658
0.622186495177 0.111111111111 0.793103448276 0.703575547866 0.754082612872
0.836012861736 0.111111111111 0.896551724138 0.76124567474 0.921229586936
0.740353697749 0.111111111111 0.793103448276 0.603229527105 0.769452449568
0.796713329276 0.0 0.846153846154 0.78658043654 0.844919786096
0.857250755287 0.0 0.909090909091 0.842253521127 0.896306818182
0.682288496652 0.0 0.692307692308 0.461600646726 0.556818181818
0.482653682288 0.0 0.589743589744 0.538399353274 0.533422459893
0.876132930514 0.0 0.878787878788 0.698591549296 0.791193181818
0.804017041996 0.142857142857 0.846153846154 0.62813257882 0.821524064171
0.713937918442 0.0 0.692307692308 0.463217461601 0.575534759358
0.788519637462 0.0 0.818181818182 0.661971830986 0.722301136364
0.566883586406 0.0 0.645161290323 0.509574468085 0.519875292284
0.566883586406 0.0 0.645161290323 0.509574468085 0.519875292284
0.892749244713 0.0 0.878787878788 0.708920187793 0.809659090909
0.657556270096 0.111111111111 0.793103448276 0.650519031142 0.712776176753
0.618167202572 0.111111111111 0.758620689655 0.61937716263 0.675312199808
0.438831405965 0.0 0.512820512821 0.44219886823 0.45320855615
0.736334405145 0.111111111111 0.758620689655 0.519031141869 0.690682036503
0.736334405145 0.111111111111 0.758620689655 0.519031141869 0.690682036503
0.736334405145 0.111111111111 0.758620689655 0.519031141869 0.690682036503
0.726719415703 0.0 0.717948717949 0.614389652385 0.705213903743
0.496652465003 0.0 0.461538461538 0.269199676637 0.383689839572
0.895770392749 0.0 0.848484848485 0.62441314554 0.747869318182
0.462568472307 0.0 0.461538461538 0.223120452708 0.30013368984
0.516129032258 0.0 0.615384615385 0.470493128537 0.446524064171
0.749244712991 0.0 0.757575757576 0.559624413146 0.623579545455
0.68580060423 0.0 0.69696969697 0.498591549296 0.556107954545
0.755325623859 0.0 0.820512820513 0.685529506871 0.687834224599
0.780211480363 0.0 0.818181818182 0.664788732394 0.692471590909
0.638972809668 0.0 0.666666666667 0.4779342723 0.513494318182
0.764350453172 0.0 0.727272727273 0.56338028169 0.659801136364
0.700906344411 0.0 0.757575757576 0.669483568075 0.670454545455
0.385270846013 0.0 0.461538461538 0.37510105093 0.35628342246
0.745468277946 0.0 0.727272727273 0.535211267606 0.609375
0.482045039562 0.0 0.564102564103 0.531123686338 0.504010695187
0.783987915408 0.0 0.878787878788 0.800938967136 0.758522727273
0.84236153378 0.142857142857 0.897435897436 0.704931285368 0.844919786096
0.727341389728 0.0 0.757575757576 0.652582159624 0.673295454545
0.925136944614 0.0 0.820512820513 0.670169765562 0.822192513369
0.65332326284 0.0 0.666666666667 0.422535211268 0.456676136364
0.597687157638 0.0 0.564102564103 0.441390460792 0.521390374332
0.732628398792 0.0 0.727272727273 0.556807511737 0.606534090909
0.837492391966 0.0 0.769230769231 0.66774454325 0.777406417112
0.691842900302 0.0 0.727272727273 0.577464788732 0.583096590909
0.787764350453 0.0 0.818181818182 0.698591549296 0.702414772727
0.785498489426 0.0 0.787878787879 0.610328638498 0.635653409091
0.372489348752 0.0 0.333333333333 0.111560226354 0.177807486631
0.896525679758 0.0 0.878787878788 0.725821596244 0.769176136364
0.580060422961 0.0 0.575757575758 0.425352112676 0.454545454545
0.737160120846 0.0 0.757575757576 0.62441314554 0.628551136364
0.76586102719 0.0 0.787878787879 0.646009389671 0.6484375
0.433962264151 0.0 0.487179487179 0.445432497979 0.41577540107
0.797583081571 0.0 0.757575757576 0.572769953052 0.634943181818
0.804380664653 0.0 0.818181818182 0.667605633803 0.675426136364
0.589879154079 0.0 0.575757575758 0.369953051643 0.405539772727
0.78247734139 0.0 0.69696969697 0.495774647887 0.602272727273
0.972054380665 0.0 0.909090909091 0.769014084507 0.850142045455
0.676737160121 0.0 0.606060606061 0.379342723005 0.468039772727
0.85498489426 0.0 0.787878787879 0.643192488263 0.727272727273
0.783987915408 0.0 0.787878787879 0.68544600939 0.694602272727
0.941570298235 0.0 0.923076923077 0.873080032336 0.904411764706
0.743957703927 0.0 0.757575757576 0.655399061033 0.654119318182
0.885951661631 0.0 0.848484848485 0.725821596244 0.774857954545
0.772658610272 0.0 0.727272727273 0.50985915493 0.566761363636
0.929003021148 0.0 0.878787878788 0.753051643192 0.814630681818
0.847432024169 0.0 0.878787878788 0.820657276995 0.800426136364
1.0 0.111111111111 0.965517241379 0.820069204152 0.975984630163
0.787764350453 0.0 0.727272727273 0.572769953052 0.643465909091
0.70996978852 0.0 0.666666666667 0.408450704225 0.461647727273
0.471089470481 0.0 0.435897435897 0.293451899757 0.338235294118
0.70996978852 0.0 0.69696969697 0.530516431925 0.552556818182
0.715256797583 0.0 0.666666666667 0.491079812207 0.548295454545
0.66961414791 0.222222222222 0.724137931034 0.416378316032 0.59269932757
0.760574018127 0.0 0.757575757576 0.615962441315 0.627130681818
0.656344410876 0.0 0.666666666667 0.518309859155 0.515625
0.740936555891 0.0 0.69696969697 0.5220657277 0.573153409091
0.554473524041 0.0 0.641025641026 0.58852061439 0.508021390374
