0.765212399541 0.0 0.878048780488 0.777511961722 0.843431313737
0.896670493685 0.0 0.926829268293 0.804625199362 0.9400119976
0.517795637199 0.0 0.634146341463 0.510366826156 0.548890221956
0.707807118255 0.0 0.80487804878 0.678628389155 0.730053989202
0.854764638347 0.0 0.90243902439 0.77990430622 0.880023995201
0.668209876543 0.0 0.741935483871 0.625866050808 0.696647587899
0.789322617681 0.0 0.80487804878 0.68341307815 0.80923815237
0.640068886338 0.0 0.731707317073 0.668261562998 0.715656868626
0.833524684271 0.0 0.853658536585 0.666666666667 0.780443911218
0.510332950631 0.0 0.609756097561 0.499202551834 0.529694061188
0.808641975309 0.0 0.806451612903 0.637413394919 0.768601798855
0.361653272101 0.0 0.439024390244 0.30701754386 0.356928614277
0.739380022962 0.0 0.682926829268 0.432216905901 0.610077984403
0.696759259259 0.0 0.741935483871 0.598152424942 0.673753066231
0.603329506315 0.0 0.658536585366 0.579744816587 0.643671265747
0.706659012629 0.0 0.756097560976 0.58692185008 0.653869226155
0.635476463835 0.0 0.731707317073 0.663476874003 0.681463707259
0.875 0.0 0.903225806452 0.886836027714 0.971381847915
0.828932261768 0.0 0.80487804878 0.570972886762 0.705458908218
0.899691358025 0.0 0.935483870968 0.87182448037 0.943581357318
0.675154320988 0.0 0.709677419355 0.577367205543 0.649223221586
0.681974741676 0.0 0.707317073171 0.577352472089 0.658068386323
0.786265432099 0.0 0.838709677419 0.676674364896 0.729354047424
0.733796296296 0.0 0.774193548387 0.667436489607 0.730989370401
0.648105625718 0.0 0.682926829268 0.531897926635 0.600479904019
0.775272727273 0.0 0.78125 0.667992047714 0.765306122449
0.782407407407 0.0 0.806451612903 0.688221709007 0.766966475879
0.644290123457 0.0 0.677419354839 0.513856812933 0.580539656582
0.844907407407 0.0 0.870967741935 0.803695150115 0.87653311529
0.440298507463 0.0 0.487804878049 0.27033492823 0.320935812837
0.751543209877 0.0 0.806451612903 0.719399538106 0.76206050695
0.626865671642 0.0 0.609756097561 0.409888357257 0.5224955009
0.912808641975 0.0 0.903225806452 0.819861431871 0.924775143091
0.713547646383 0.0 0.780487804878 0.626794258373 0.655068986203
0.942020665901 0.0 0.853658536585 0.645933014354 0.829034193161
0.73225308642 0.0 0.806451612903 0.718244803695 0.738348323794
0.680555555556 0.0 0.741935483871 0.65935334873 0.69174161897
0.742283950617 0.0 0.741935483871 0.610854503464 0.70482420278
0.41561423651 0.0 0.439024390244 0.242424242424 0.312537492501
0.659586681975 0.0 0.756097560976 0.690590111643 0.687462507499
0.721010332951 0.0 0.780487804878 0.655502392344 0.68926214757
0.694444444444 0.0 0.774193548387 0.742494226328 0.754701553557
0.801377726751 0.0 0.80487804878 0.633971291866 0.721655668866
0.816358024691 0.0 0.870967741935 0.83025404157 0.866721177433
0.56027554535 0.0 0.585365853659 0.5 0.565686862627
0.444890929966 0.0 0.487804878049 0.333333333333 0.380923815237
0.716820987654 0.0 0.774193548387 0.69168591224 0.724448078496
0.713588850174 0.142857142857 0.78125 0.665952890792 0.831255195345
0.713588850174 0.142857142857 0.78125 0.665952890792 0.831255195345
0.688863375431 0.0 0.756097560976 0.705741626794 0.72825434913
0.582089552239 0.0 0.682926829268 0.607655502392 0.594481103779
0.73225308642 0.0 0.806451612903 0.773672055427 0.786590351594
0.692901234568 0.0 0.741935483871 0.64896073903 0.686835650041
0.621699196326 0.0 0.560975609756 0.282296650718 0.428914217157
0.850308641975 0.0 0.903225806452 0.879907621247 0.913327882257
0.922067901235 0.0 0.935483870968 0.878752886836 0.950940310711
0.659722222222 0.0 0.741935483871 0.680138568129 0.681929681112
0.771604938272 0.0 0.870967741935 0.89376443418 0.878168438267
0.65200617284 0.0 0.741935483871 0.663972286374 0.657399836468
0.514925373134 0.0 0.609756097561 0.552631578947 0.541091781644
0.782407407407 0.0 0.806451612903 0.703233256351 0.76206050695
0.719907407407 0.0 0.774193548387 0.675519630485 0.704006541292
0.721450617284 0.0 0.774193548387 0.714780600462 0.744071954211
0.743055555556 0.0 0.774193548387 0.693995381062 0.744889615699
0.725308641975 0.0 0.741935483871 0.608545034642 0.673753066231
0.817901234568 0.0 0.870967741935 0.807159353349 0.835650040883
0.683696900115 0.0 0.707317073171 0.614035087719 0.671265746851
0.783582089552 0.0 0.829268292683 0.747208931419 0.781043791242
0.480482204363 0.0 0.585365853659 0.507177033493 0.481703659268
0.651549942595 0.0 0.658536585366 0.503189792663 0.575284943011
0.771604938272 0.0 0.806451612903 0.66974595843 0.71381847915
0.688271604938 0.0 0.741935483871 0.692840646651 0.71790678659
0.654320987654 0.0 0.709677419355 0.629330254042 0.652493867539
0.783179012346 0.0 0.838709677419 0.736720554273 0.759607522486
0.653549382716 0.0 0.677419354839 0.519630484988 0.573998364677
0.460390355913 0.0 0.487804878049 0.342105263158 0.392921415717
0.792438271605 0.0 0.838709677419 0.784064665127 0.816026165168
0.460390355913 0.0 0.560975609756 0.470494417863 0.448110377924
0.798611111111 0.0 0.903225806452 0.88337182448 0.856909239575
0.85132032147 0.0 0.853658536585 0.786283891547 0.860827834433
0.925154320988 0.0 0.903225806452 0.839491916859 0.937857726901
0.788580246914 0.0 0.838709677419 0.785219399538 0.811120196239
0.739197530864 0.0 0.806451612903 0.721709006928 0.730171708913
0.729166666667 0.0 0.806451612903 0.814087759815 0.811937857727
0.908725602755 0.0 0.878048780488 0.673046251994 0.778644271146
0.869690011481 0.0 0.853658536585 0.715311004785 0.80623875225
0.882893226177 0.0 0.90243902439 0.90350877193 0.958608278344
0.796296296296 0.0 0.774193548387 0.575057736721 0.671300081766
0.825617283951 0.0 0.870967741935 0.817551963048 0.846279640229
0.821759259259 0.0 0.903225806452 0.801385681293 0.793949304988
0.730709876543 0.0 0.774193548387 0.728637413395 0.758789860998
0.734213547646 0.0 0.756097560976 0.58293460925 0.634073185363
0.955223880597 0.0 0.926829268293 0.784688995215 0.886022795441
0.701388888889 0.0 0.741935483871 0.629330254042 0.661488143908
0.770833333333 0.0 0.806451612903 0.748267898383 0.784955028618
0.349024110218 0.0 0.414634146341 0.278309409888 0.284943011398
0.415040183697 0.0 0.512195121951 0.475279106858 0.449910017996
0.783179012346 0.0 0.774193548387 0.653579676674 0.734260016353
0.786265432099 0.0 0.838709677419 0.770207852194 0.789043336059
0.71450617284 0.0 0.806451612903 0.802540415704 0.781684382666
0.401836969001 0.0 0.390243902439 0.196172248804 0.278344331134
0.760802469136 0.0 0.806451612903 0.707852193995 0.732624693377
0.37141216992 0.0 0.390243902439 0.182615629984 0.233953209358
0.554535017222 0.0 0.634146341463 0.602073365231 0.592681463707
0.796296296296 0.0 0.838709677419 0.76558891455 0.7931316435
0.723765432099 0.0 0.741935483871 0.568129330254 0.619787408013
0.820987654321 0.0 0.838709677419 0.771362586605 0.823385118561
0.599311136625 0.0 0.707317073171 0.651515151515 0.613077384523
0.646383467279 0.0 0.658536585366 0.516746411483 0.574085182963
0.782407407407 0.0 0.838709677419 0.802540415704 0.815208503679
1.0 0.0 1.0 0.933025404157 1.0
0.892078071183 0.0 0.853658536585 0.66028708134 0.765446910618
0.570608495982 0.0 0.560975609756 0.348484848485 0.424715056989
0.78549382716 0.0 0.774193548387 0.601616628176 0.679476696648
0.834104938272 0.0 0.838709677419 0.790993071594 0.852820932134
0.766975308642 0.0 0.774193548387 0.672055427252 0.730989370401
0.820895522388 0.0 0.853658536585 0.859649122807 0.892621475705
0.744598765432 0.0 0.774193548387 0.689376443418 0.725265739984
0.740740740741 0.0 0.774193548387 0.613163972286 0.645134914146
0.38346727899 0.0 0.463414634146 0.374003189793 0.359328134373
0.658179012346 0.0 0.677419354839 0.548498845266 0.594439901881
0.719907407407 0.0 0.741935483871 0.635103926097 0.677023712183
0.741512345679 0.0 0.774193548387 0.750577367206 0.781684382666
0.877314814815 0.0 0.967741935484 0.937644341801 0.910874897792
0.35533869116 0.0 0.390243902439 0.255980861244 0.284343131374
0.43168771527 0.0 0.439024390244 0.212918660287 0.26874625075
0.546498277842 0.0 0.658536585366 0.642743221691 0.593881223755
0.655864197531 0.0 0.709677419355 0.602771362587 0.611610793132
0.791666666667 0.0 0.838709677419 0.748267898383 0.763695829926
0.841820987654 0.0 0.838709677419 0.736720554273 0.802125919869
0.630884041332 0.0 0.634146341463 0.522328548644 0.581283743251
0.706790123457 0.0 0.806451612903 0.79792147806 0.760425183974
0.753086419753 0.0 0.806451612903 0.759815242494 0.768601798855
0.69212962963 0.0 0.741935483871 0.624711316397 0.636958299264
0.799382716049 0.0 0.870967741935 0.887990762125 0.878168438267
0.652777777778 0.0 0.709677419355 0.630484988453 0.635322976288
0.692901234568 0.0 0.741935483871 0.651270207852 0.663941128373
0.611846689895 0.142857142857 0.75 0.673447537473 0.739817123857
0.386911595867 0.0 0.463414634146 0.358054226475 0.343131373725
0.343857634902 0.0 0.365853658537 0.208931419458 0.248350329934
0.758487654321 0.0 0.870967741935 0.923787528868 0.87244480785
0.887345679012 0.0 0.935483870968 0.919168591224 0.932134096484
0.726080246914 0.0 0.806451612903 0.74480369515 0.725265739984
0.77237654321 0.0 0.806451612903 0.725173210162 0.751430907604
0.770833333333 0.0 0.806451612903 0.711316397229 0.73589533933
0.557979334099 0.0 0.560975609756 0.425837320574 0.482903419316
0.826636050517 0.0 0.80487804878 0.74322169059 0.824835032993
0.448335246843 0.0 0.463414634146 0.267942583732 0.312537492501
0.869598765432 0.0 0.935483870968 0.908775981524 0.902698282911
0.907407407407 0.0 0.903225806452 0.829099307159 0.892886345053
0.672215843858 0.0 0.634146341463 0.40350877193 0.500899820036
0.66975308642 0.0 0.774193548387 0.763279445727 0.71790678659
0.730709876543 0.0 0.774193548387 0.709006928406 0.724448078496
0.752314814815 0.0 0.774193548387 0.591224018476 0.627964022895
0.796296296296 0.0 0.806451612903 0.617782909931 0.665576451349
0.644087256028 0.0 0.682926829268 0.566985645933 0.586082783443
0.826388888889 0.0 0.903225806452 0.863741339492 0.844644317253
0.646604938272 0.0 0.709677419355 0.646651270208 0.641046606705
0.698302469136 0.0 0.741935483871 0.673210161663 0.686835650041
0.74537037037 0.0 0.774193548387 0.678983833718 0.707277187244
0.707561728395 0.0 0.709677419355 0.587759815242 0.642681929681
0.804247990815 0.0 0.829268292683 0.822966507177 0.854829034193
0.679783950617 0.0 0.741935483871 0.670900692841 0.665576451349
0.83950617284 0.0 0.903225806452 0.88337182448 0.875715453802
0.820987654321 0.0 0.774193548387 0.613163972286 0.715453802126
0.836419753086 0.0 0.838709677419 0.711316397229 0.764513491415
0.441446613088 0.0 0.463414634146 0.318181818182 0.351529694061
0.762345679012 0.0 0.774193548387 0.658198614319 0.701553556827
0.442594718714 0.0 0.463414634146 0.230462519936 0.264547090582
0.733796296296 0.0 0.838709677419 0.826789838337 0.776778413737
0.639660493827 0.0 0.645161290323 0.548498845266 0.597710547833
0.724537037037 0.0 0.741935483871 0.607390300231 0.644317252657
0.712191358025 0.0 0.677419354839 0.53233256351 0.621422730989
0.787808641975 0.0 0.806451612903 0.719399538106 0.753883892069
0.548794489093 0.0 0.512195121951 0.344497607656 0.433713257349
0.756172839506 0.0 0.806451612903 0.741339491917 0.743254292723
0.402985074627 0.0 0.414634146341 0.247208931419 0.287342531494
0.891203703704 0.0 0.967741935484 1.0 0.975470155356
0.6875 0.0 0.774193548387 0.750577367206 0.715453802126
0.848765432099 0.0 0.870967741935 0.78752886836 0.816843826656
0.872685185185 0.0 0.935483870968 0.890300230947 0.878986099755
0.780092592593 0.0 0.838709677419 0.812933025404 0.805396565822
0.51205510907 0.0 0.512195121951 0.397129186603 0.4475104979
0.738425925926 0.0 0.709677419355 0.572748267898 0.651676206051
0.699845679012 0.0 0.774193548387 0.629330254042 0.605069501226
0.652777777778 0.0 0.774193548387 0.751732101617 0.680294358136
0.816358024691 0.0 0.838709677419 0.773672055427 0.801308258381
0.77237654321 0.0 0.774193548387 0.68129330254 0.729354047424
0.77237654321 0.0 0.838709677419 0.767898383372 0.751430907604
0.757716049383 0.0 0.741935483871 0.621247113164 0.686835650041
0.862654320988 0.0 0.838709677419 0.73441108545 0.807849550286
0.694444444444 0.0 0.709677419355 0.600461893764 0.6345053148
0.400688863375 0.0 0.390243902439 0.200159489633 0.25974805039
0.831790123457 0.0 0.870967741935 0.819861431871 0.829926410466
0.453501722158 0.0 0.536585365854 0.495215311005 0.461307738452
0.787037037037 0.0 0.903225806452 0.94688221709 0.879803761243
0.782407407407 0.0 0.870967741935 0.796766743649 0.757154538021
0.699074074074 0.0 0.806451612903 0.774826789838 0.716271463614
0.804012345679 0.0 0.870967741935 0.772517321016 0.753883892069
0.53214695752 0.0 0.585365853659 0.46331738437 0.458308338332
