0.673091178651 0.894736842105 0.58064516129 0.454241071429 0.352493660186
0.554484803558 0.315789473684 0.516129032258 0.513392857143 0.316145393068
0.797627872498 0.0526315789474 0.774193548387 0.815848214286 0.685545224007
0.797627872498 0.0526315789474 0.774193548387 0.815848214286 0.685545224007
0.722016308377 0.315789473684 0.741935483871 0.702008928571 0.677937447168
0.876945885841 0.0 0.838709677419 0.771205357143 0.770076077768
0.736100815419 0.157894736842 0.677419354839 0.689732142857 0.474218089603
0.773165307635 0.789473684211 0.741935483871 0.627232142857 0.74471682164
0.797627872498 0.421052631579 0.806451612903 0.674107142857 0.595097210482
0.730911786509 0.263157894737 0.741935483871 0.643973214286 0.562130177515
0.676056338028 0.105263157895 0.741935483871 0.699776785714 0.697379543533
0.722016308377 0.315789473684 0.741935483871 0.702008928571 0.677937447168
0.686434395849 0.0 0.677419354839 0.600446428571 0.548605240913
0.931801334322 0.736842105263 0.935483870968 0.899553571429 1.0
0.681245366938 0.315789473684 0.741935483871 0.767857142857 0.589180050719
0.927353595256 0.789473684211 0.838709677419 0.747767857143 0.708368554522
0.816901408451 0.263157894737 0.741935483871 0.623883928571 0.590870667794
0.835433654559 0.263157894737 0.806451612903 0.705357142857 0.660185967878
0.706449221646 0.315789473684 0.774193548387 0.699776785714 0.697379543533
0.704225352113 0.315789473684 0.774193548387 0.753348214286 0.714285714286
0.664195700519 0.421052631579 0.709677419355 0.704241071429 0.524091293322
0.633802816901 0.263157894737 0.677419354839 0.704241071429 0.524091293322
0.658265381764 0.526315789474 0.677419354839 0.676339285714 0.47168216399
0.627872498147 0.368421052632 0.645161290323 0.676339285714 0.47168216399
0.726464047443 0.0526315789474 0.677419354839 0.707589285714 0.549450549451
0.631578947368 0.368421052632 0.677419354839 0.684151785714 0.47168216399
0.664936990363 0.473684210526 0.612903225806 0.578125 0.373626373626
0.649369903632 0.473684210526 0.645161290323 0.575892857143 0.393068469992
0.797627872498 0.157894736842 0.774193548387 0.866071428571 0.659340659341
0.762787249815 0.0 0.645161290323 0.5703125 0.506339814032
0.749444032617 0.473684210526 0.645161290323 0.541294642857 0.352493660186
0.749444032617 0.473684210526 0.645161290323 0.541294642857 0.352493660186
0.867309117865 0.210526315789 0.838709677419 0.870535714286 0.830092983939
0.885841363973 0.210526315789 0.903225806452 0.952008928571 0.899408284024
0.687175685693 0.736842105263 0.645161290323 0.462053571429 0.425190194421
0.905114899926 0.263157894737 0.935483870968 0.892857142857 0.819949281488
0.770941438102 0.157894736842 0.806451612903 0.755580357143 0.664412510566
0.605633802817 0.105263157895 0.645161290323 0.541294642857 0.461538461538
0.659747961453 0.157894736842 0.612903225806 0.513392857143 0.405748098056
0.628613787991 0.473684210526 0.58064516129 0.547991071429 0.340659340659
0.862120088955 0.315789473684 0.870967741935 0.862723214286 0.866441251057
0.665678280208 0.263157894737 0.645161290323 0.641741071429 0.409974640744
0.882876204596 0.684210526316 0.838709677419 0.808035714286 0.771766694844
0.787991104522 0.526315789474 0.741935483871 0.694196428571 0.707523245985
0.685693106004 0.473684210526 0.677419354839 0.606026785714 0.426035502959
0.685693106004 0.473684210526 0.677419354839 0.606026785714 0.426035502959
0.840622683469 0.105263157895 0.806451612903 0.858258928571 0.683009298394
0.778354336546 0.210526315789 0.806451612903 0.815848214286 0.659340659341
0.891030392884 0.631578947368 0.870967741935 0.897321428571 0.85798816568
0.885841363973 0.210526315789 0.903225806452 0.952008928571 0.899408284024
0.745737583395 0.0526315789474 0.741935483871 0.661830357143 0.69146238377
0.744996293551 0.263157894737 0.774193548387 0.7734375 0.710059171598
0.816901408451 0.157894736842 0.806451612903 0.735491071429 0.662721893491
0.656782802076 0.368421052632 0.645161290323 0.459821428571 0.437869822485
0.80133432172 0.0526315789474 0.774193548387 0.762276785714 0.661031276416
0.787991104522 0.526315789474 0.741935483871 0.694196428571 0.707523245985
0.787991104522 0.526315789474 0.741935483871 0.694196428571 0.707523245985
0.787249814678 0.368421052632 0.838709677419 0.717633928571 0.811496196112
0.656782802076 0.368421052632 0.645161290323 0.459821428571 0.437869822485
0.770941438102 0.157894736842 0.806451612903 0.755580357143 0.664412510566
0.707931801334 0.263157894737 0.741935483871 0.810267857143 0.606086221471
0.738324684952 0.421052631579 0.774193548387 0.810267857143 0.606086221471
0.719051148999 0.210526315789 0.709677419355 0.546875 0.531699070161
0.810229799852 0.684210526316 0.774193548387 0.623883928571 0.623837700761
0.628613787991 0.473684210526 0.58064516129 0.547991071429 0.340659340659
0.912527798369 0.684210526316 0.870967741935 0.834821428571 0.584108199493
0.696812453669 0.0 0.677419354839 0.493303571429 0.494505494505
0.664936990363 0.473684210526 0.612903225806 0.578125 0.373626373626
0.787249814678 0.368421052632 0.838709677419 0.717633928571 0.811496196112
0.787249814678 0.368421052632 0.838709677419 0.717633928571 0.811496196112
1.0 0.526315789474 1.0 0.922991071429 0.972950126796
0.634544106746 0.263157894737 0.58064516129 0.578125 0.373626373626
0.664936990363 0.473684210526 0.612903225806 0.578125 0.373626373626
0.664936990363 0.473684210526 0.612903225806 0.578125 0.373626373626
0.655300222387 0.0 0.645161290323 0.558035714286 0.504649196957
0.797627872498 0.736842105263 0.838709677419 0.7109375 0.721048182587
0.644922164566 0.263157894737 0.677419354839 0.594866071429 0.512256973795
0.697553743514 0.263157894737 0.709677419355 0.704241071429 0.512256973795
0.781319495923 1.0 0.741935483871 0.607142857143 0.729501267963
0.780578206079 0.263157894737 0.774193548387 0.652901785714 0.517328825021
0.649369903632 0.157894736842 0.645161290323 0.642857142857 0.551141166526
0.835433654559 0.263157894737 0.806451612903 0.705357142857 0.660185967878
0.685693106004 0.473684210526 0.677419354839 0.606026785714 0.426035502959
0.746478873239 0.315789473684 0.741935483871 0.643973214286 0.562130177515
0.606375092661 0.157894736842 0.645161290323 0.636160714286 0.448013524937
0.600444773907 0.157894736842 0.612903225806 0.608258928571 0.395604395604
0.664936990363 0.473684210526 0.612903225806 0.578125 0.373626373626
0.791697553744 0.631578947368 0.806451612903 0.681919642857 0.734573119189
0.885841363973 0.210526315789 0.903225806452 0.952008928571 0.899408284024
0.709414381023 0.157894736842 0.677419354839 0.6875 0.595097210482
0.656782802076 0.368421052632 0.645161290323 0.459821428571 0.437869822485
0.511489992587 0.210526315789 0.483870967742 0.252232142857 0.278951817413
0.738324684952 0.368421052632 0.709677419355 0.594866071429 0.431952662722
0.699777613047 0.736842105263 0.677419354839 0.5 0.458157227388
0.902149740549 0.210526315789 0.903225806452 0.959821428571 0.825021132713
0.578947368421 0.263157894737 0.548387096774 0.484375 0.34404057481
0.876945885841 0.105263157895 0.903225806452 0.839285714286 0.803043110735
0.828020756116 0.736842105263 0.870967741935 0.8828125 0.837700760778
0.746478873239 0.315789473684 0.709677419355 0.620535714286 0.559594251902
0.740548554485 0.105263157895 0.774193548387 0.729910714286 0.681318681319
0.693106004448 0.368421052632 0.677419354839 0.489955357143 0.470836855452
0.744996293551 0.210526315789 0.741935483871 0.739955357143 0.610312764159
0.655300222387 0.105263157895 0.677419354839 0.671875 0.644970414201
0.676056338028 0.105263157895 0.741935483871 0.699776785714 0.697379543533
0.778354336546 0.210526315789 0.806451612903 0.815848214286 0.659340659341
0.827279466271 0.0526315789474 0.838709677419 0.794642857143 0.800507185123
0.789473684211 0.473684210526 0.741935483871 0.703125 0.538461538462
0.789473684211 0.473684210526 0.741935483871 0.703125 0.538461538462
0.659747961453 0.368421052632 0.645161290323 0.5234375 0.403212172443
0.659747961453 0.368421052632 0.645161290323 0.5234375 0.403212172443
0.656782802076 0.368421052632 0.645161290323 0.459821428571 0.437869822485
0.691623424759 0.315789473684 0.677419354839 0.703125 0.558748943364
0.583395107487 0.473684210526 0.612903225806 0.640625 0.398140321217
0.604151223128 0.473684210526 0.677419354839 0.668526785714 0.450549450549
0.628613787991 0.473684210526 0.58064516129 0.547991071429 0.340659340659
0.628613787991 0.473684210526 0.58064516129 0.547991071429 0.340659340659
0.778354336546 0.210526315789 0.806451612903 0.815848214286 0.659340659341
0.685693106004 0.315789473684 0.677419354839 0.639508928571 0.535925612849
0.558932542624 0.473684210526 0.516129032258 0.420758928571 0.265426880811
0.528539659007 0.315789473684 0.483870967742 0.420758928571 0.265426880811
0.80652335063 0.0526315789474 0.774193548387 0.766741071429 0.74809805579
0.80652335063 0.0526315789474 0.774193548387 0.766741071429 0.74809805579
0.721275018532 0.210526315789 0.677419354839 0.635044642857 0.552831783601
0.690882134915 0.0 0.645161290323 0.635044642857 0.552831783601
0.668643439585 0.315789473684 0.677419354839 0.658482142857 0.582417582418
0.776130467013 0.684210526316 0.741935483871 0.6484375 0.573119188504
0.615270570793 0.368421052632 0.645161290323 0.625 0.442096365173
0.548554484804 0.157894736842 0.58064516129 0.594866071429 0.409129332206
0.61304670126 0.263157894737 0.612903225806 0.676339285714 0.47168216399
0.61304670126 0.263157894737 0.612903225806 0.676339285714 0.47168216399
0.706449221646 0.315789473684 0.774193548387 0.699776785714 0.697379543533
0.819866567828 0.105263157895 0.806451612903 0.78125 0.717666948436
0.761304670126 0.421052631579 0.774193548387 0.643973214286 0.562130177515
0.776871756857 0.421052631579 0.709677419355 0.7421875 0.540152155537
0.753150481838 0.157894736842 0.774193548387 0.636160714286 0.742180896027
0.714603409933 0.157894736842 0.741935483871 0.659598214286 0.726120033812
0.746478873239 0.105263157895 0.741935483871 0.8359375 0.618765849535
0.782802075612 0.105263157895 0.774193548387 0.866071428571 0.651732882502
0.857672349889 0.263157894737 0.870967741935 0.794642857143 0.800507185123
0.827279466271 0.0526315789474 0.838709677419 0.794642857143 0.800507185123
0.8561897702 0.105263157895 0.838709677419 0.811383928571 0.750633981403
0.733135656042 0.736842105263 0.677419354839 0.592633928571 0.484361792054
0.638991845812 0.368421052632 0.58064516129 0.495535714286 0.350803043111
0.778354336546 0.210526315789 0.806451612903 0.815848214286 0.659340659341
0.561156412157 0.263157894737 0.548387096774 0.506696428571 0.434488588335
0.710896960712 0.0526315789474 0.741935483871 0.739955357143 0.512256973795
0.693106004448 0.368421052632 0.677419354839 0.489955357143 0.470836855452
0.731653076353 0.210526315789 0.741935483871 0.767857142857 0.643279797126
0.658265381764 0.526315789474 0.677419354839 0.676339285714 0.47168216399
0.956263899185 0.0526315789474 0.903225806452 0.967633928571 0.85798816568
0.850259451446 0.263157894737 0.838709677419 0.78125 0.717666948436
0.886582653818 0.263157894737 0.870967741935 0.811383928571 0.750633981403
0.628613787991 0.473684210526 0.58064516129 0.547991071429 0.340659340659
0.819866567828 0.578947368421 0.806451612903 0.655133928571 0.677937447168
0.578947368421 0.368421052632 0.612903225806 0.594866071429 0.409129332206
0.63009636768 0.473684210526 0.677419354839 0.625 0.442096365173
0.636767976279 0.105263157895 0.58064516129 0.46875 0.408284023669
0.627872498147 0.105263157895 0.612903225806 0.603794642857 0.47506339814
0.86137879911 0.473684210526 0.838709677419 0.741071428571 0.626373626374
0.686434395849 0.0 0.677419354839 0.600446428571 0.548605240913
0.571534469978 0.263157894737 0.645161290323 0.532366071429 0.428571428571
0.556708673091 0.157894736842 0.612903225806 0.532366071429 0.428571428571
0.721275018532 0.210526315789 0.677419354839 0.635044642857 0.552831783601
0.968865826538 0.894736842105 0.967741935484 0.955357142857 0.806424344886
0.90066716086 0.368421052632 0.838709677419 0.786830357143 0.743026204565
0.90066716086 0.368421052632 0.838709677419 0.786830357143 0.743026204565
0.819866567828 0.105263157895 0.806451612903 0.78125 0.717666948436
0.649369903632 0.473684210526 0.645161290323 0.575892857143 0.393068469992
0.885841363973 0.210526315789 0.903225806452 0.952008928571 0.899408284024
0.67457375834 0.210526315789 0.645161290323 0.447544642857 0.619611158073
0.556708673091 0.157894736842 0.612903225806 0.532366071429 0.428571428571
0.924388435878 0.210526315789 0.935483870968 0.928571428571 0.915469146238
0.762787249815 0.578947368421 0.709677419355 0.708705357143 0.413355874894
0.762787249815 0.0 0.645161290323 0.5703125 0.506339814032
0.940696812454 1.0 0.870967741935 0.895089285714 0.702451394759
0.931801334322 0.105263157895 0.967741935484 1.0 0.929839391378
0.759822090437 0.210526315789 0.741935483871 0.734375 0.590025359256
0.736100815419 0.157894736842 0.677419354839 0.689732142857 0.474218089603
0.774647887324 0.263157894737 0.741935483871 0.677455357143 0.577345731192
0.778354336546 0.157894736842 0.774193548387 0.758928571429 0.646661031276
0.82876204596 0.526315789474 0.838709677419 0.819196428571 0.693153000845
0.736100815419 0.157894736842 0.677419354839 0.689732142857 0.474218089603
0.690882134915 0.368421052632 0.612903225806 0.578125 0.39729501268
0.690882134915 0.368421052632 0.612903225806 0.578125 0.39729501268
0.556708673091 0.157894736842 0.612903225806 0.532366071429 0.428571428571
0.556708673091 0.157894736842 0.612903225806 0.532366071429 0.428571428571
0.664936990363 0.473684210526 0.612903225806 0.578125 0.373626373626
0.598220904374 0.263157894737 0.548387096774 0.547991071429 0.340659340659
0.707931801334 0.263157894737 0.741935483871 0.810267857143 0.606086221471
0.707931801334 0.263157894737 0.741935483871 0.810267857143 0.606086221471
0.68495181616 0.210526315789 0.645161290323 0.604910714286 0.519864750634
0.765011119348 0.0 0.870967741935 0.885044642857 0.860524091293
0.827279466271 0.0526315789474 0.838709677419 0.794642857143 0.800507185123
0.731653076353 0.210526315789 0.741935483871 0.767857142857 0.643279797126
0.750926612305 0.421052631579 0.709677419355 0.638392857143 0.485207100592
0.730170496664 0.421052631579 0.645161290323 0.610491071429 0.43279797126
0.556708673091 0.157894736842 0.612903225806 0.532366071429 0.428571428571
0.746478873239 0.315789473684 0.741935483871 0.643973214286 0.562130177515
0.528539659007 0.210526315789 0.548387096774 0.315848214286 0.383770076078
0.528539659007 0.210526315789 0.548387096774 0.315848214286 0.383770076078
