0.895808383234 1.0 0.925 0.955449482896 0.891194968553
0.325748502994 0.0 0.25 0.0819411296738 0.105660377358
0.319760479042 0.0 0.325 0.192521877486 0.137106918239
0.995209580838 0.833333333333 1.0 1.0 1.0
0.314371257485 0.166666666667 0.275 0.124105011933 0.0811320754717
0.32874251497 0.0 0.275 0.049323786794 0.0937106918239
1.0 0.666666666667 0.975 0.947494033413 0.991194968553
0.997005988024 0.166666666667 0.975 0.898965791567 0.965408805031
0.384431137725 0.333333333333 0.325 0.135242641209 0.137106918239
0.640119760479 0.666666666667 0.65 0.500397772474 0.545911949686
0.6 1.0 0.675 0.78599840891 0.57106918239
0.968862275449 0.333333333333 0.9 0.819411296738 0.846540880503
0.979640718563 0.0 0.925 0.901352426412 0.888050314465
0.95628742515 0.5 0.9 0.782020684169 0.763522012579
0.602395209581 0.833333333333 0.675 0.743834526651 0.507547169811
0.464071856287 0.5 0.525 0.470962609387 0.38427672956
0.349101796407 0.0 0.3 0.0803500397772 0.123270440252
0.625748502994 0.833333333333 0.725 0.736674622116 0.58679245283
0.649101796407 0.0 0.725 0.691328560064 0.662264150943
0.575449101796 0.0 0.5 0.413683373111 0.469811320755
0.34251497006 0.0 0.35 0.267303102625 0.169182389937
0.788622754491 0.833333333333 0.85 0.784407319014 0.830817610063
0.456886227545 0.0 0.35 0.161495624503 0.217610062893
0.752095808383 0.0 0.8 0.778838504375 0.810691823899
0.579041916168 0.5 0.525 0.308671439936 0.376729559748
0.553892215569 0.0 0.65 0.534606205251 0.594339622642
0.911377245509 0.333333333333 0.95 0.858392999204 0.859119496855
0.691616766467 0.0 0.75 0.699284009547 0.724528301887
0.715568862275 0.0 0.775 0.680190930788 0.754716981132
0.816167664671 0.833333333333 0.875 0.830548926014 0.763522012579
0.536526946108 0.0 0.5 0.286396181384 0.403144654088
0.492814371257 0.0 0.55 0.44630071599 0.443396226415
0.459281437126 0.333333333333 0.45 0.258552108194 0.296855345912
0.897604790419 0.0 0.9 0.854415274463 0.919496855346
0.72994011976 1.0 0.825 0.803500397772 0.747798742138
0.618562874251 0.833333333333 0.7 0.714399363564 0.623270440252
0.397005988024 0.0 0.45 0.351630867144 0.30251572327
0.359281437126 0.166666666667 0.3 0.132060461416 0.130188679245
0.365868263473 0.0 0.4 0.317422434368 0.308176100629
0.538922155689 0.0 0.625 0.575974542562 0.576729559748
0.512574850299 0.5 0.575 0.462211614956 0.418238993711
0.408383233533 0.0 0.475 0.40015910899 0.364779874214
0.424550898204 0.0 0.5 0.361177406523 0.382389937107
0.849700598802 0.833333333333 0.9 0.988066825776 0.90251572327
0.959880239521 0.333333333333 0.925 0.901352426412 0.977987421384
0.502395209581 0.0 0.6 0.501193317422 0.57358490566
0.334131736527 0.0 0.3 0.199681782021 0.193081761006
0.47005988024 0.5 0.55 0.472553699284 0.416981132075
0.416167664671 0.333333333333 0.4 0.242641209228 0.21572327044
0.860479041916 0.833333333333 0.9 0.925218774861 0.874213836478
0.412574850299 0.333333333333 0.425 0.300715990453 0.280503144654
0.459281437126 0.0 0.375 0.249005568815 0.28427672956
0.354491017964 0.0 0.375 0.338106603023 0.169182389937
0.719760479042 0.0 0.65 0.427207637232 0.501257861635
0.438323353293 0.0 0.425 0.312649164678 0.343396226415
0.818562874251 0.666666666667 0.75 0.591885441527 0.71320754717
0.506586826347 0.333333333333 0.475 0.358790771679 0.422641509434
0.925149700599 0.666666666667 0.95 0.921241050119 0.898113207547
0.867065868263 0.0 0.875 0.751789976134 0.914465408805
0.738922155689 0.166666666667 0.625 0.439140811456 0.510691823899
0.491616766467 0.0 0.575 0.55369928401 0.544025157233
0.795808383234 0.666666666667 0.775 0.620525059666 0.548427672956
0.613173652695 0.333333333333 0.6 0.496420047733 0.557232704403
0.919760479042 0.0 0.925 0.896579156722 0.867295597484
0.823353293413 0.0 0.85 0.750994431185 0.747798742138
0.517964071856 0.0 0.475 0.359586316627 0.407547169811
0.399401197605 0.0 0.425 0.330946698488 0.296226415094
0.780838323353 0.0 0.825 0.745425616547 0.75786163522
0.485628742515 0.0 0.45 0.227525855211 0.322641509434
0.92754491018 0.333333333333 0.9 0.915672235481 0.953459119497
0.612574850299 0.0 0.675 0.54892601432 0.640251572327
0.458682634731 0.0 0.525 0.363564041368 0.379874213836
0.753892215569 0.833333333333 0.8 0.766905330151 0.701257861635
0.87245508982 0.5 0.9 0.929992044551 0.879245283019
0.632335329341 0.0 0.7 0.66984884646 0.637106918239
0.861676646707 0.666666666667 0.9 0.875894988067 0.781761006289
0.879640718563 0.333333333333 0.9 0.892601431981 0.864779874214
0.476047904192 0.0 0.4 0.189339697693 0.253459119497
0.940119760479 0.333333333333 0.925 0.839299920446 0.913836477987
0.376646706587 0.0 0.4 0.32537788385 0.317610062893
0.932335329341 0.166666666667 0.875 0.819411296738 0.931446540881
0.902395209581 0.166666666667 0.825 0.648369132856 0.789937106918
0.848502994012 0.166666666667 0.775 0.610978520286 0.733333333333
0.835329341317 0.0 0.775 0.599045346062 0.70251572327
0.887425149701 0.5 0.9 0.852028639618 0.82641509434
0.704191616766 0.166666666667 0.725 0.628480509149 0.610691823899
0.430538922156 0.0 0.35 0.11614956245 0.216352201258
0.760479041916 0.166666666667 0.75 0.587112171838 0.622641509434
0.338323353293 0.166666666667 0.3 0.0978520286396 0.0874213836478
0.875449101796 0.666666666667 0.9 0.838504375497 0.815094339623
0.370658682635 0.0 0.325 0.151949085123 0.239622641509
0.903592814371 0.166666666667 0.825 0.600636435959 0.718238993711
0.622155688623 0.0 0.6 0.416070007955 0.455974842767
0.37005988024 0.0 0.375 0.214797136038 0.227044025157
0.975449101796 0.166666666667 0.9 0.756563245823 0.90251572327
0.853892215569 0.166666666667 0.8 0.676213206046 0.806289308176
0.450299401198 0.166666666667 0.425 0.193317422434 0.182389937107
0.599401197605 0.166666666667 0.625 0.505966587112 0.488679245283
0.676047904192 0.0 0.575 0.403341288783 0.582389937107
0.74251497006 0.166666666667 0.8 0.808273667462 0.774842767296
0.608383233533 0.0 0.55 0.435958631663 0.525786163522
0.664071856287 0.166666666667 0.675 0.653142402546 0.650943396226
0.819161676647 0.0 0.75 0.707239459029 0.838993710692
0.774251497006 0.166666666667 0.75 0.543357199682 0.710691823899
0.459880239521 0.0 0.45 0.30708035004 0.358490566038
0.417365269461 0.0 0.375 0.171042163882 0.245283018868
0.935329341317 0.333333333333 0.975 0.920445505171 0.985534591195
0.830538922156 0.333333333333 0.8 0.66030230708 0.682389937107
0.544910179641 0.0 0.55 0.450278440732 0.462264150943
0.391017964072 0.0 0.3 0.0986475735879 0.138993710692
0.755089820359 0.333333333333 0.8 0.770087509944 0.745283018868
0.588023952096 0.0 0.6 0.487669053302 0.552201257862
0.768263473054 0.166666666667 0.75 0.633253778839 0.727672955975
0.446107784431 0.0 0.425 0.29753381066 0.388050314465
0.925149700599 0.5 0.95 0.926014319809 0.945283018868
0.726347305389 0.0 0.6 0.373110580748 0.566666666667
0.863473053892 0.0 0.8 0.657120127287 0.737106918239
0.686826347305 0.0 0.7 0.477326968974 0.62641509434
0.826946107784 0.0 0.775 0.616547334924 0.67358490566
0.42874251497 0.0 0.425 0.238663484487 0.263522012579
0.479041916168 0.0 0.475 0.303102625298 0.37106918239
0.497005988024 0.0 0.45 0.225934765314 0.234591194969
0.854491017964 0.166666666667 0.875 0.793953858393 0.884905660377
0.747305389222 0.0 0.775 0.728719172633 0.755974842767
0.699401197605 0.166666666667 0.7 0.60938743039 0.642767295597
0.389221556886 0.0 0.35 0.177406523469 0.189937106918
0.35748502994 0.0 0.325 0.167859984089 0.156603773585
0.671856287425 0.333333333333 0.7 0.577565632458 0.667924528302
0.803592814371 0.0 0.75 0.652346857597 0.753459119497
0.811377245509 0.5 0.875 0.843277645187 0.853459119497
0.800598802395 0.5 0.8 0.688941925219 0.763522012579
0.731736526946 0.166666666667 0.65 0.545743834527 0.646540880503
0.383832335329 0.0 0.4 0.280031821798 0.267295597484
0.592814371257 0.166666666667 0.525 0.365950676213 0.438993710692
0.355688622754 0.0 0.35 0.233890214797 0.220125786164
0.65628742515 0.0 0.575 0.39061256961 0.464779874214
0.67245508982 0.0 0.7 0.643595863166 0.570440251572
0.401796407186 0.0 0.375 0.166268894193 0.205031446541
0.782634730539 0.166666666667 0.8 0.706443914081 0.766037735849
0.341317365269 0.0 0.3 0.145584725537 0.145283018868
0.793413173653 0.0 0.825 0.722354813047 0.867924528302
0.567065868263 0.166666666667 0.55 0.382657120127 0.483647798742
0.895209580838 0.0 0.85 0.70246618934 0.85534591195
0.883233532934 0.333333333333 0.9 0.859984089101 0.92893081761
0.655688622754 0.0 0.575 0.447891805887 0.562893081761
0.547904191617 0.0 0.525 0.353221957041 0.41320754717
0.62874251497 0.166666666667 0.575 0.408114558473 0.52641509434
0.690419161677 0.5 0.725 0.670644391408 0.65534591195
0.711976047904 0.666666666667 0.775 0.789180588703 0.689308176101
0.337125748503 0.0 0.325 0.205250596659 0.150943396226
0.562275449102 0.166666666667 0.575 0.4184566428 0.365408805031
0.683233532934 0.0 0.6 0.387430389817 0.532704402516
0.360479041916 0.0 0.35 0.221957040573 0.244025157233
0.810179640719 0.0 0.75 0.631662688942 0.724528301887
0.917964071856 0.0 0.9 0.822593476531 0.867295597484
0.353293413174 0.0 0.325 0.179793158313 0.151572327044
0.925149700599 0.0 0.9 0.85123309467 0.925786163522
0.707784431138 0.166666666667 0.7 0.666666666667 0.689308176101
0.386826347305 0.0 0.35 0.197295147176 0.208176100629
0.588023952096 0.0 0.65 0.527446300716 0.593710691824
0.758083832335 0.333333333333 0.725 0.67462211615 0.694968553459
0.778443113772 0.0 0.7 0.572792362768 0.681132075472
0.644311377246 0.0 0.65 0.477326968974 0.480503144654
0.61377245509 0.0 0.6 0.459029435163 0.540251572327
0.633532934132 0.166666666667 0.65 0.494033412888 0.467295597484
0.769461077844 0.833333333333 0.825 0.865552903739 0.777987421384
0.62754491018 0.0 0.625 0.519490851233 0.549685534591
0.44371257485 0.0 0.425 0.271280827367 0.269182389937
0.562275449102 0.0 0.6 0.568814638027 0.595597484277
0.923952095808 0.833333333333 0.925 0.900556881464 0.908805031447
0.558682634731 0.0 0.525 0.341288782816 0.429559748428
0.682634730539 0.0 0.65 0.444709626094 0.48427672956
0.813173652695 0.0 0.725 0.625298329356 0.705660377358
0.867664670659 0.333333333333 0.9 0.856801909308 0.771698113208
0.610778443114 0.0 0.65 0.520286396181 0.601257861635
0.725149700599 0.0 0.725 0.622911694511 0.677358490566
0.91377245509 0.166666666667 0.925 0.915672235481 0.872327044025
0.364670658683 0.0 0.35 0.145584725537 0.143396226415
0.64251497006 0.0 0.525 0.3953858393 0.51320754717
0.637724550898 0.166666666667 0.7 0.504375497216 0.635849056604
0.855688622754 0.0 0.775 0.719968178202 0.779245283019
0.443113772455 0.333333333333 0.45 0.331742243437 0.27358490566
0.668862275449 0.0 0.625 0.505171042164 0.518867924528
0.748502994012 0.166666666667 0.775 0.766109785203 0.75786163522
0.599401197605 0.166666666667 0.625 0.525059665871 0.576100628931
0.7 0.0 0.7 0.560859188544 0.630188679245
0.392215568862 0.0 0.3 0.128082736675 0.175471698113
0.510179640719 0.0 0.475 0.381066030231 0.42641509434
0.473053892216 0.0 0.4 0.223548130469 0.291194968553
0.77005988024 0.166666666667 0.725 0.565632458234 0.69748427673
0.489820359281 0.0 0.5 0.383452665076 0.393081761006
0.58502994012 0.0 0.55 0.365155131265 0.390566037736
0.592215568862 0.0 0.55 0.440731901352 0.516981132075
0.381437125749 0.0 0.375 0.268098647574 0.274842767296
0.466467065868 0.0 0.5 0.456642800318 0.389937106918
0.740119760479 0.0 0.75 0.550517104216 0.604402515723
0.368862275449 0.0 0.325 0.195704057279 0.201886792453
0.495209580838 0.0 0.4 0.20445505171 0.312578616352
0.600598802395 0.0 0.575 0.346062052506 0.396226415094
0.395209580838 0.0 0.375 0.129673826571 0.174842767296
