0.823959094229 0.333333333333 0.787878787879 0.527331189711 0.777405857741
0.772826880935 0.0 0.818181818182 0.762057877814 0.828451882845
0.718772826881 0.0 0.69696969697 0.543408360129 0.676150627615
0.641344046749 0.0 0.636363636364 0.427652733119 0.528870292887
0.870708546384 0.0 0.848484848485 0.783494105038 0.886192468619
0.644265887509 0.0 0.666666666667 0.603429796356 0.664435146444
0.696859021183 0.0 0.727272727273 0.660235798499 0.705439330544
0.704894083272 0.0 0.727272727273 0.559485530547 0.607531380753
0.779401022644 0.0 0.787878787879 0.798499464094 0.854393305439
0.810810810811 0.0 0.757575757576 0.712754555198 0.823430962343
0.840029218408 0.333333333333 0.909090909091 0.923901393355 1.0
0.840759678598 0.0 0.818181818182 0.766345123258 0.838493723849
0.620160701242 0.0 0.666666666667 0.605573419078 0.614225941423
0.616508400292 0.0 0.666666666667 0.608788853162 0.605020920502
0.688823959094 0.0 0.666666666667 0.570203644159 0.637656903766
0.734842951059 0.0 0.787878787879 0.787781350482 0.770711297071
0.699780861943 0.0 0.727272727273 0.679528403001 0.690376569038
0.630387143901 0.0 0.727272727273 0.743837084673 0.682845188285
0.751643535427 0.0 0.787878787879 0.816720257235 0.810878661088
0.795471146822 0.0 0.757575757576 0.645230439443 0.709623430962
0.584368151936 0.333333333333 0.606060606061 0.449088960343 0.562343096234
0.685902118335 0.0 0.727272727273 0.674169346195 0.657740585774
0.698319941563 0.0 0.757575757576 0.787781350482 0.748953974895
0.710737764792 0.0 0.727272727273 0.691318327974 0.696234309623
0.775018261505 0.333333333333 0.757575757576 0.737406216506 0.875313807531
0.733382030679 0.0 0.757575757576 0.702036441586 0.696234309623
0.854638422206 0.0 0.848484848485 0.85744908896 0.874476987448
0.710007304602 0.0 0.757575757576 0.766345123258 0.733891213389
0.710007304602 0.0 0.69696969697 0.667738478028 0.697071129707
0.826880934989 0.0 0.818181818182 0.798499464094 0.812552301255
0.855368882396 0.0 0.818181818182 0.741693461951 0.782426778243
0.791088385683 0.0 0.818181818182 0.768488745981 0.743933054393
0.839298758218 0.333333333333 0.787878787879 0.5359056806 0.68870292887
0.721694667641 0.0 0.757575757576 0.806002143623 0.778242677824
0.742147552958 0.333333333333 0.727272727273 0.607717041801 0.730543933054
0.647918188459 0.0 0.69696969697 0.677384780279 0.639330543933
0.823959094229 0.0 0.848484848485 0.941050375134 0.917991631799
0.82030679328 0.0 0.787878787879 0.713826366559 0.748117154812
0.761869978086 0.0 0.757575757576 0.697749196141 0.706276150628
0.846603360117 0.0 0.848484848485 0.848874598071 0.843514644351
0.786705624543 0.0 0.69696969697 0.62486602358 0.722175732218
0.584368151936 0.333333333333 0.666666666667 0.628081457663 0.656066945607
0.676406135866 0.0 0.666666666667 0.558413719185 0.576569037657
0.694667640614 0.333333333333 0.757575757576 0.681672025723 0.72050209205
0.569758948137 0.0 0.606060606061 0.561629153269 0.538912133891
0.642804967129 0.333333333333 0.666666666667 0.558413719185 0.6410041841
0.736303871439 0.0 0.727272727273 0.700964630225 0.71129707113
0.704894083272 0.0 0.666666666667 0.584137191854 0.626778242678
0.745799853908 0.333333333333 0.787878787879 0.752411575563 0.805857740586
0.881665449233 0.333333333333 0.848484848485 0.802786709539 0.924686192469
0.657414170928 0.0 0.666666666667 0.592711682744 0.584937238494
0.577794010226 0.333333333333 0.636363636364 0.587352625938 0.633472803347
0.665449233017 0.0 0.727272727273 0.721329046088 0.65690376569
0.63988312637 0.333333333333 0.666666666667 0.602357984995 0.676987447699
0.871439006574 0.333333333333 0.787878787879 0.554126473741 0.723849372385
0.986851716581 0.333333333333 1.0 0.939978563773 0.999163179916
0.653031409788 0.333333333333 0.636363636364 0.445873526259 0.559832635983
0.804967129291 0.333333333333 0.848484848485 0.864951768489 0.90460251046
0.722425127831 0.0 0.69696969697 0.623794212219 0.6410041841
0.880204528853 0.0 0.848484848485 0.953912111468 0.969037656904
0.736303871439 0.0 0.787878787879 0.807073954984 0.740585774059
0.690284879474 0.0 0.69696969697 0.638799571275 0.621757322176
0.805697589481 0.0 0.818181818182 0.800643086817 0.767364016736
0.775748721695 0.0 0.69696969697 0.653804930332 0.72050209205
0.775748721695 0.0 0.757575757576 0.679528403001 0.676987447699
0.756756756757 0.0 0.757575757576 0.735262593783 0.714644351464
0.707815924032 0.0 0.69696969697 0.565916398714 0.5589958159
0.755295836377 0.333333333333 0.818181818182 0.795284030011 0.807531380753
0.680058436815 0.0 0.666666666667 0.637727759914 0.637656903766
0.777209642075 0.333333333333 0.757575757576 0.687031082529 0.785774058577
0.682980277575 0.333333333333 0.666666666667 0.504823151125 0.605020920502
0.691015339664 0.0 0.69696969697 0.660235798499 0.636820083682
0.678597516435 0.333333333333 0.606060606061 0.418006430868 0.577405857741
0.64061358656 0.0 0.636363636364 0.617363344051 0.607531380753
0.81738495252 0.0 0.757575757576 0.728831725616 0.764853556485
0.72680788897 0.0 0.727272727273 0.604501607717 0.577405857741
0.64061358656 0.0 0.69696969697 0.691318327974 0.612552301255
1.0 0.333333333333 0.878787878788 0.70525187567 0.887866108787
0.722425127831 0.0 0.69696969697 0.587352625938 0.588284518828
0.879474068663 0.333333333333 0.848484848485 0.623794212219 0.716317991632
0.714390065741 0.0 0.727272727273 0.743837084673 0.706276150628
0.63550036523 0.0 0.636363636364 0.558413719185 0.538075313808
0.588020452885 0.0 0.636363636364 0.587352625938 0.519665271967
0.881665449233 0.666666666667 0.939393939394 0.855305466238 0.953974895397
0.747991234478 0.0 0.787878787879 0.846730975348 0.775732217573
0.647918188459 0.0 0.636363636364 0.518756698821 0.507112970711
0.623082542001 0.333333333333 0.636363636364 0.51768488746 0.581589958159
0.625273922571 0.333333333333 0.666666666667 0.592711682744 0.626778242678
0.8188458729 0.666666666667 0.878787878788 0.712754555198 0.809205020921
0.647187728269 0.0 0.606060606061 0.498392282958 0.517991631799
0.663988312637 0.333333333333 0.636363636364 0.516613076099 0.619246861925
0.791818845873 0.333333333333 0.757575757576 0.625937834941 0.724686192469
0.672023374726 0.0 0.727272727273 0.75884244373 0.671129707113
0.768444119795 0.333333333333 0.757575757576 0.672025723473 0.746443514644
0.744338933528 0.0 0.69696969697 0.600214362272 0.615062761506
0.653761869978 0.0 0.606060606061 0.48231511254 0.502928870293
0.886048210373 1.0 0.909090909091 0.645230439443 0.869456066946
0.955441928415 0.666666666667 0.969696969697 0.832797427653 0.962343096234
0.693937180424 0.333333333333 0.727272727273 0.693461950697 0.724686192469
0.90869247626 0.333333333333 0.878787878788 0.740621650589 0.820920502092
0.806428049671 0.0 0.818181818182 0.887459807074 0.833472803347
0.823959094229 0.0 0.818181818182 0.741693461951 0.702092050209
0.740686632579 0.333333333333 0.727272727273 0.675241157556 0.751464435146
0.845872899927 0.0 0.818181818182 0.864951768489 0.84769874477
0.63476990504 0.333333333333 0.69696969697 0.665594855305 0.666108786611
0.769905040175 0.0 0.787878787879 0.841371918542 0.779916317992
0.860482103725 0.0 0.848484848485 0.93783494105 0.902092050209
0.7246165084 0.0 0.666666666667 0.558413719185 0.579079497908
0.690284879474 0.0 0.666666666667 0.653804930332 0.641841004184
0.857560262966 0.0 0.878787878788 0.966773847803 0.894560669456
0.811541271001 0.333333333333 0.757575757576 0.689174705252 0.799163179916
0.626004382761 0.0 0.575757575758 0.484458735263 0.503765690377
0.748721694668 0.0 0.69696969697 0.646302250804 0.657740585774
0.589481373265 0.333333333333 0.575757575758 0.392282958199 0.47280334728
0.73046018992 0.0 0.757575757576 0.751339764202 0.677824267782
0.751643535427 0.0 0.757575757576 0.728831725616 0.676150627615
0.704163623083 0.0 0.666666666667 0.601286173633 0.598326359833
0.788897005113 0.0 0.727272727273 0.623794212219 0.639330543933
0.659605551497 0.0 0.69696969697 0.703108252947 0.623430962343
0.702702702703 0.333333333333 0.727272727273 0.637727759914 0.666945606695
0.657414170928 0.0 0.666666666667 0.614147909968 0.563179916318
0.603360116874 0.333333333333 0.636363636364 0.5359056806 0.563179916318
0.846603360117 0.333333333333 0.848484848485 0.815648445874 0.858577405858
0.797662527392 0.0 0.757575757576 0.725616291533 0.717154811715
0.926953981008 0.333333333333 0.909090909091 0.707395498392 0.761506276151
0.744338933528 0.333333333333 0.757575757576 0.729903536977 0.767364016736
0.82103725347 0.0 0.757575757576 0.738478027867 0.751464435146
0.829072315559 0.666666666667 0.818181818182 0.637727759914 0.790794979079
0.827611395179 0.0 0.818181818182 0.886387995713 0.8410041841
0.623082542001 0.0 0.545454545455 0.442658092176 0.483682008368
0.596055514974 0.333333333333 0.545454545455 0.364415862808 0.476987447699
0.712198685172 0.0 0.727272727273 0.79421221865 0.730543933054
0.72534696859 0.0 0.727272727273 0.733118971061 0.681171548117
0.590942293645 0.0 0.575757575758 0.486602357985 0.461924686192
0.708546384222 0.0 0.69696969697 0.639871382637 0.602510460251
0.81373265157 0.0 0.757575757576 0.752411575563 0.755648535565
0.744338933528 0.333333333333 0.818181818182 0.86602357985 0.835146443515
0.951059167275 0.333333333333 0.909090909091 0.668810289389 0.740585774059
0.720233747261 0.0 0.727272727273 0.712754555198 0.653556485356
0.680058436815 0.333333333333 0.666666666667 0.555198285102 0.620083682008
0.552958363769 0.333333333333 0.606060606061 0.496248660236 0.498744769874
0.766252739226 0.0 0.727272727273 0.755627009646 0.742259414226
0.81592403214 0.0 0.757575757576 0.737406216506 0.739748953975
0.992695398101 0.333333333333 0.939393939394 0.75026795284 0.829288702929
0.886048210373 0.0 0.909090909091 1.0 0.909623430962
0.596785975164 0.333333333333 0.666666666667 0.570203644159 0.548117154812
0.803506208912 0.333333333333 0.787878787879 0.75884244373 0.814225941423
0.781592403214 0.0 0.757575757576 0.740621650589 0.706276150628
0.869247626004 0.0 0.848484848485 0.855305466238 0.810878661088
0.792549306063 0.0 0.69696969697 0.62486602358 0.666108786611
0.826880934989 0.333333333333 0.818181818182 0.725616291533 0.769874476987
0.713659605551 0.0 0.666666666667 0.593783494105 0.588284518828
0.681519357195 0.333333333333 0.666666666667 0.581993569132 0.644351464435
0.579254930606 0.0 0.575757575758 0.555198285102 0.513807531381
0.604090577064 0.333333333333 0.575757575758 0.419078242229 0.500418410042
0.788897005113 0.0 0.69696969697 0.606645230439 0.642677824268
0.779401022644 0.0 0.787878787879 0.864951768489 0.794979079498
0.675675675676 0.0 0.636363636364 0.546623794212 0.533054393305
0.706355003652 0.0 0.666666666667 0.592711682744 0.577405857741
0.693937180424 0.0 0.636363636364 0.581993569132 0.587447698745
0.697589481373 0.0 0.666666666667 0.658092175777 0.635146443515
0.696859021183 0.333333333333 0.69696969697 0.658092175777 0.701255230126
0.710737764792 0.0 0.666666666667 0.608788853162 0.597489539749
0.625273922571 0.0 0.575757575758 0.533762057878 0.535564853556
0.721694667641 0.0 0.69696969697 0.676312968917 0.643514644351
0.772096420745 0.0 0.69696969697 0.684887459807 0.702928870293
0.659605551497 0.0 0.636363636364 0.572347266881 0.541422594142
0.844411979547 0.333333333333 0.787878787879 0.607717041801 0.696234309623
0.715850986121 0.333333333333 0.69696969697 0.662379421222 0.722175732218
0.756026296567 0.0 0.666666666667 0.660235798499 0.692887029289
0.829072315559 0.0 0.848484848485 0.893890675241 0.803347280335
0.770635500365 0.333333333333 0.818181818182 0.792068595927 0.77489539749
0.773557341125 0.0 0.757575757576 0.745980707395 0.697071129707
0.731921110299 0.0 0.727272727273 0.700964630225 0.642677824268
0.72972972973 0.0 0.69696969697 0.649517684887 0.620920502092
0.720233747261 0.0 0.636363636364 0.601286173633 0.629288702929
0.781592403214 0.0 0.757575757576 0.713826366559 0.671129707113
0.660336011687 0.333333333333 0.575757575758 0.4640943194 0.594979079498
0.775018261505 0.333333333333 0.727272727273 0.599142550911 0.680334728033
0.831994156318 0.333333333333 0.818181818182 0.831725616292 0.874476987448
0.607742878013 0.333333333333 0.666666666667 0.617363344051 0.597489539749
0.712929145362 0.0 0.727272727273 0.774919614148 0.696234309623
0.693206720234 0.333333333333 0.666666666667 0.50911039657 0.572384937238
0.872169466764 0.0 0.757575757576 0.752411575563 0.799163179916
0.840759678598 0.333333333333 0.787878787879 0.747052518757 0.829288702929
0.747260774288 0.0 0.727272727273 0.75884244373 0.712970711297
0.710737764792 0.0 0.636363636364 0.584137191854 0.598326359833
0.872899926954 0.0 0.848484848485 0.893890675241 0.841841004184
0.751643535427 0.0 0.727272727273 0.759914255091 0.717154811715
0.615047479912 0.333333333333 0.666666666667 0.623794212219 0.608368200837
0.774287801315 0.333333333333 0.727272727273 0.664523043944 0.742259414226
0.707815924032 0.0 0.666666666667 0.652733118971 0.629288702929
0.876552227904 0.333333333333 0.848484848485 0.749196141479 0.796652719665
0.81957633309 0.333333333333 0.818181818182 0.779206859593 0.803347280335
0.748721694668 0.0 0.727272727273 0.745980707395 0.697907949791
0.696859021183 0.333333333333 0.727272727273 0.689174705252 0.687029288703
0.72680788897 0.333333333333 0.727272727273 0.661307609861 0.68870292887
0.792549306063 0.333333333333 0.787878787879 0.679528403001 0.705439330544
0.788897005113 0.333333333333 0.818181818182 0.869239013934 0.860251046025
0.793279766253 0.333333333333 0.818181818182 0.831725616292 0.825941422594
