0.6288239293 0.142857142857 0.677419354839 0.438032166509 0.652622527945
0.6288239293 0.142857142857 0.677419354839 0.438032166509 0.652622527945
0.769544527532 0.428571428571 0.935483870968 0.752128666036 0.938950988822
0.747110808973 0.428571428571 0.838709677419 0.659413434248 0.81513327601
0.643099932019 0.285714285714 0.58064516129 0.333017975402 0.4660361135
0.615227736234 0.0 0.548387096774 0.333017975402 0.4660361135
0.585316111489 0.571428571429 0.774193548387 0.622516556291 0.712811693895
0.585316111489 0.571428571429 0.774193548387 0.622516556291 0.712811693895
0.662134602311 0.142857142857 0.709677419355 0.46357615894 0.686156491831
0.681169272604 0.142857142857 0.774193548387 0.487228003784 0.739466895959
0.770224337186 0.285714285714 0.903225806452 0.767265846736 0.829750644884
0.7423521414 0.0 0.870967741935 0.767265846736 0.829750644884
0.609789259007 0.142857142857 0.612903225806 0.43330179754 0.392089423904
0.609789259007 0.142857142857 0.612903225806 0.43330179754 0.392089423904
0.6288239293 0.142857142857 0.677419354839 0.438032166509 0.652622527945
0.651257647859 0.142857142857 0.774193548387 0.530747398297 0.776440240757
0.462270564242 0.285714285714 0.483870967742 0.343424787133 0.294067067928
0.475866757308 0.428571428571 0.516129032258 0.343424787133 0.294067067928
0.615227736234 0.0 0.548387096774 0.333017975402 0.4660361135
0.693405846363 0.285714285714 0.677419354839 0.427625354778 0.570077386071
0.712440516655 0.428571428571 0.838709677419 0.556291390728 0.809974204643
0.712440516655 0.428571428571 0.838709677419 0.556291390728 0.809974204643
0.554044867437 0.285714285714 0.709677419355 0.553453169347 0.642304385211
0.554044867437 0.285714285714 0.709677419355 0.553453169347 0.642304385211
0.747110808973 0.428571428571 0.838709677419 0.659413434248 0.81513327601
0.632222977566 1.0 0.58064516129 0.391674550615 0.381771281169
0.651257647859 0.142857142857 0.774193548387 0.530747398297 0.776440240757
0.6288239293 0.142857142857 0.677419354839 0.438032166509 0.652622527945
0.838205302515 0.285714285714 0.870967741935 0.684011352886 0.778159931212
0.8660774983 0.571428571429 0.903225806452 0.684011352886 0.778159931212
0.4949014276 0.285714285714 0.58064516129 0.520340586566 0.417884780739
0.508497620666 0.428571428571 0.612903225806 0.520340586566 0.417884780739
0.462270564242 0.285714285714 0.483870967742 0.343424787133 0.294067067928
0.462270564242 0.285714285714 0.483870967742 0.343424787133 0.294067067928
0.523453433039 0.571428571429 0.548387096774 0.368968779565 0.327601031814
0.462270564242 0.285714285714 0.483870967742 0.343424787133 0.294067067928
1.0 1.0 1.0 0.771996215705 0.947549441101
0.535010197145 0.714285714286 0.741935483871 0.752128666036 0.639724849527
0.508497620666 0.428571428571 0.612903225806 0.520340586566 0.417884780739
0.508497620666 0.428571428571 0.612903225806 0.520340586566 0.417884780739
0.857239972808 0.285714285714 0.935483870968 0.707663197729 0.83147033534
0.8660774983 0.571428571429 0.903225806452 0.684011352886 0.778159931212
0.712440516655 0.428571428571 0.838709677419 0.556291390728 0.809974204643
0.707002039429 0.428571428571 0.806451612903 0.532639545885 0.756663800516
0.870836165874 0.571428571429 0.967741935484 1.0 1.0
0.837525492862 0.571428571429 0.935483870968 0.974456007569 0.966466036113
0.588035350102 0.428571428571 0.709677419355 0.511825922422 0.612209802236
0.588035350102 0.428571428571 0.709677419355 0.511825922422 0.612209802236
0.687967369137 0.428571428571 0.741935483871 0.527909176916 0.496130696475
0.609789259007 0.142857142857 0.612903225806 0.43330179754 0.392089423904
0.469748470428 0.428571428571 0.58064516129 0.282876064333 0.391229578676
0.469748470428 0.428571428571 0.58064516129 0.282876064333 0.391229578676
0.681169272604 0.142857142857 0.774193548387 0.487228003784 0.739466895959
0.681169272604 0.142857142857 0.774193548387 0.487228003784 0.739466895959
0.582596872876 0.285714285714 0.58064516129 0.325449385052 0.493551160791
0.577158395649 0.571428571429 0.58064516129 0.299905392621 0.460017196905
0.572399728076 0.714285714286 0.645161290323 0.623462630085 0.441100601892
0.679129843644 0.142857142857 0.774193548387 0.532639545885 0.756663800516
0.679129843644 0.428571428571 0.806451612903 0.530747398297 0.776440240757
0.712440516655 0.428571428571 0.838709677419 0.556291390728 0.809974204643
0.663494221618 0.0 0.806451612903 0.689687795648 0.638005159071
0.663494221618 0.0 0.806451612903 0.689687795648 0.638005159071
0.469748470428 0.428571428571 0.58064516129 0.282876064333 0.391229578676
0.469748470428 0.428571428571 0.58064516129 0.282876064333 0.391229578676
0.480625424881 0.428571428571 0.516129032258 0.215704824976 0.300945829751
0.466349422162 0.428571428571 0.548387096774 0.213812677389 0.320722269991
0.745751189667 0.0 0.903225806452 0.83632923368 0.900257953568
0.745751189667 0.0 0.903225806452 0.83632923368 0.900257953568
0.693405846363 0.285714285714 0.677419354839 0.427625354778 0.570077386071
0.698844323589 0.285714285714 0.709677419355 0.451277199622 0.623387790198
0.7423521414 0.0 0.870967741935 0.767265846736 0.829750644884
0.723317471108 0.0 0.806451612903 0.743614001892 0.776440240757
0.660774983005 0.571428571429 0.774193548387 0.523178807947 0.611349957008
0.63290278722 0.428571428571 0.741935483871 0.523178807947 0.611349957008
0.512576478586 0.714285714286 0.645161290323 0.659413434248 0.515907136715
0.512576478586 0.714285714286 0.645161290323 0.659413434248 0.515907136715
0.580557443916 0.428571428571 0.58064516129 0.280983916746 0.35339638865
0.589394969409 0.285714285714 0.645161290323 0.373699148534 0.477214101462
0.541808293678 0.571428571429 0.677419354839 0.54399243141 0.471195184867
0.522773623385 0.571428571429 0.612903225806 0.520340586566 0.417884780739
