0.317473684211 0.0 0.340909090909 0.320330969267 0.288998357964
0.882947368421 0.75 0.772727272727 0.660165484634 0.691844553914
0.482947368421 1.0 0.522727272727 0.407210401891 0.430760810071
0.557052631579 0.0 0.613636363636 0.486406619385 0.56157635468
0.465684210526 0.0 0.477272727273 0.398936170213 0.428024083196
0.937263157895 0.0 0.840909090909 0.721040189125 0.76135741653
0.929263157895 0.5 0.840909090909 0.776004728132 0.711001642036
0.497684210526 0.0 0.5 0.429078014184 0.40284619595
0.638315789474 0.0 0.613636363636 0.589834515366 0.543513957307
0.770105263158 0.0 0.795454545455 0.777777777778 0.764094143404
0.732631578947 0.0 0.704545454545 0.65780141844 0.624521072797
0.456842105263 0.5 0.477272727273 0.414893617021 0.413245758073
0.788631578947 0.0 0.681818181818 0.6536643026 0.570333880679
0.580210526316 0.75 0.545454545455 0.478723404255 0.399014778325
0.634526315789 0.25 0.522727272727 0.390661938534 0.411056376574
0.470315789474 0.0 0.477272727273 0.336879432624 0.381499726327
0.609263157895 0.0 0.613636363636 0.65780141844 0.593322386426
0.779368421053 0.0 0.772727272727 0.780141843972 0.749863163656
0.645894736842 0.0 0.613636363636 0.557919621749 0.570881226054
0.912842105263 0.0 0.818181818182 0.758865248227 0.698960043788
0.682105263158 0.75 0.613636363636 0.542553191489 0.578544061303
0.835368421053 0.75 0.772727272727 0.729905437352 0.751505199781
0.908631578947 0.0 0.840909090909 0.864657210402 0.742747673782
1.0 0.0 0.886363636364 0.822104018913 0.777230432403
0.585684210526 0.0 0.477272727273 0.39243498818 0.3995621237
0.707789473684 0.0 0.704545454545 0.63829787234 0.532019704433
0.602947368421 0.0 0.545454545455 0.452127659574 0.462506841817
0.449684210526 0.0 0.431818181818 0.321513002364 0.40284619595
0.754526315789 0.0 0.704545454545 0.579787234043 0.605363984674
0.666526315789 0.0 0.681818181818 0.630023640662 0.513957307061
0.719157894737 0.0 0.704545454545 0.593380614657 0.56157635468
0.731368421053 0.0 0.659090909091 0.532505910165 0.52271483306
0.704421052632 0.0 0.636363636364 0.606973995272 0.540777230432
0.481684210526 0.0 0.522727272727 0.511820330969 0.421455938697
0.546105263158 0.0 0.545454545455 0.550236406619 0.448275862069
0.794105263158 0.0 0.727272727273 0.694444444444 0.637657361795
0.595789473684 0.0 0.590909090909 0.602836879433 0.540777230432
0.595789473684 0.0 0.590909090909 0.602836879433 0.540777230432
0.490526315789 0.0 0.5 0.511820330969 0.457033388068
0.704 0.0 0.636363636364 0.573877068558 0.548987411056
0.558315789474 0.0 0.636363636364 0.491134751773 0.505199781062
0.692631578947 0.0 0.727272727273 0.697990543735 0.705528188287
0.470315789474 0.0 0.477272727273 0.336879432624 0.381499726327
0.433684210526 0.0 0.477272727273 0.391843971631 0.410509031199
0.743157894737 0.0 0.704545454545 0.654846335697 0.602079912425
0.689684210526 0.0 0.659090909091 0.571513002364 0.545155993432
0.657263157895 0.0 0.659090909091 0.716903073286 0.632731253421
0.451789473684 0.0 0.386363636364 0.335697399527 0.318007662835
0.664421052632 0.0 0.590909090909 0.47695035461 0.481116584565
0.754105263158 0.0 0.75 0.762411347518 0.664477285167
0.877052631579 0.0 0.727272727273 0.654846335697 0.72249589491
0.624 0.0 0.568181818182 0.449172576832 0.454844006568
0.675368421053 0.0 0.590909090909 0.533687943262 0.52271483306
0.466526315789 0.0 0.590909090909 0.582742316785 0.545703338807
0.447157894737 0.0 0.5 0.472813238771 0.432402846196
0.472421052632 0.0 0.590909090909 0.572104018913 0.471811713191
0.609263157895 0.0 0.659090909091 0.661938534279 0.647509578544
0.654315789474 0.0 0.659090909091 0.651300236407 0.697318007663
0.605894736842 0.0 0.636363636364 0.640661938534 0.587848932677
0.506105263158 0.0 0.454545454545 0.346926713948 0.48166392994
0.329684210526 0.25 0.363636363636 0.294326241135 0.305966064587
0.626947368421 0.5 0.568181818182 0.443853427896 0.460864805692
0.802105263158 0.0 0.772727272727 0.669030732861 0.674876847291
0.514947368421 0.0 0.545454545455 0.536643026005 0.47619047619
0.382315789474 0.75 0.409090909091 0.335106382979 0.27969348659
0.574315789474 0.0 0.568181818182 0.451536643026 0.406677613574
0.794947368421 0.0 0.772727272727 0.700945626478 0.609195402299
0.382315789474 0.75 0.409090909091 0.335106382979 0.27969348659
0.704842105263 0.0 0.659090909091 0.548463356974 0.541324575807
0.705684210526 0.0 0.659090909091 0.629432624113 0.571428571429
0.745263157895 0.25 0.636363636364 0.46926713948 0.452654625068
0.312421052632 0.0 0.409090909091 0.324468085106 0.324028461959
0.973473684211 0.0 1.0 1.0 1.0
0.377684210526 0.25 0.431818181818 0.374704491726 0.394636015326
0.821052631579 0.0 0.886363636364 0.819739952719 0.844006568144
0.718736842105 0.0 0.636363636364 0.547281323877 0.56048166393
0.650947368421 0.5 0.568181818182 0.451536643026 0.393541324576
0.475789473684 0.0 0.5 0.478132387707 0.403393541325
0.538526315789 0.5 0.659090909091 0.674940898345 0.583470169677
0.523368421053 0.5 0.613636363636 0.615839243499 0.5982484948
0.639157894737 0.75 0.545454545455 0.436761229314 0.353037766831
0.283368421053 0.0 0.363636363636 0.331560283688 0.310892172961
0.574315789474 0.0 0.568181818182 0.451536643026 0.406677613574
0.405894736842 0.0 0.454545454545 0.358747044917 0.390257252326
0.413052631579 0.0 0.409090909091 0.349290780142 0.283524904215
0.677052631579 0.0 0.704545454545 0.648936170213 0.730706075534
0.877052631579 0.0 0.727272727273 0.654846335697 0.72249589491
0.297263157895 0.0 0.386363636364 0.345744680851 0.342090859332
0.335157894737 0.0 0.409090909091 0.370567375887 0.310892172961
0.778105263158 0.0 0.681818181818 0.587470449173 0.584017515052
0.578105263158 0.0 0.545454545455 0.471040189125 0.496442255063
0.600421052632 0.0 0.545454545455 0.475768321513 0.468527640941
0.807578947368 0.0 0.795454545455 0.809692671395 0.632183908046
0.802105263158 0.0 0.772727272727 0.669030732861 0.674876847291
0.436210526316 0.0 0.522727272727 0.475177304965 0.471811713191
0.695578947368 0.25 0.636363636364 0.544326241135 0.527640941434
0.494736842105 0.0 0.545454545455 0.546690307329 0.488779419814
0.735157894737 0.0 0.659090909091 0.582742316785 0.686371100164
0.362105263158 0.0 0.431818181818 0.374113475177 0.381499726327
0.252210526316 0.0 0.318181818182 0.254137115839 0.264915161467
