0.135838150289 0.0 0.204545454545 0.146384479718 0.140677966102
0.804913294798 1.0 0.931818181818 0.918283362728 0.938983050847
0.94436416185 0.0 1.0 1.0 0.977401129944
0.217124277457 0.0 0.295454545455 0.141093474427 0.136723163842
1.0 0.0 1.0 0.961787184009 1.0
0.183164739884 1.0 0.272727272727 0.20987654321 0.225988700565
0.897037572254 0.0 0.954545454545 0.893004115226 0.873446327684
0.858020231214 0.0 0.909090909091 0.808935920047 0.858192090395
0.161488439306 0.0 0.204545454545 0.169900058789 0.189265536723
0.856936416185 0.0 0.954545454545 0.936507936508 0.866101694915
0.749638728324 0.0 0.886363636364 0.864785420341 0.919209039548
0.171965317919 0.0 0.227272727273 0.17342739565 0.198870056497
0.252167630058 1.0 0.318181818182 0.252204585538 0.341807909605
0.506502890173 0.0 0.727272727273 0.758965314521 0.733898305085
0.267341040462 1.0 0.272727272727 0.146972369195 0.137853107345
0.766257225434 0.0 0.909090909091 0.867136978248 0.871751412429
0.569725433526 0.0 0.772727272727 0.774838330394 0.826553672316
0.194725433526 0.0 0.295454545455 0.228689006467 0.200564971751
0.376445086705 1.0 0.340909090909 0.188712522046 0.274576271186
0.354768786127 0.0 0.545454545455 0.537330981775 0.438983050847
0.744219653179 1.0 0.840909090909 0.750734861846 0.803389830508
0.324060693642 0.0 0.477272727273 0.434450323339 0.467231638418
0.210260115607 0.0 0.340909090909 0.311581422693 0.234463276836
0.493497109827 0.0 0.704545454545 0.689594356261 0.724293785311
0.279624277457 1.0 0.363636363636 0.2480893592 0.371186440678
0.460260115607 0.0 0.659090909091 0.66607877719 0.673446327684
0.348265895954 1.0 0.409090909091 0.348030570253 0.455367231638
0.843208092486 0.0 0.931818181818 0.884773662551 0.903389830508
0.754335260116 0.0 0.931818181818 0.920047031158 0.885310734463
0.840679190751 0.0 0.886363636364 0.771310993533 0.816949152542
0.791184971098 1.0 0.818181818182 0.721928277484 0.880790960452
0.235187861272 0.0 0.295454545455 0.212228101117 0.221468926554
0.189306358382 0.0 0.25 0.172839506173 0.18418079096
0.65823699422 1.0 0.704545454545 0.581422692534 0.570056497175
0.23338150289 0.0 0.318181818182 0.175778953557 0.167231638418
0.799855491329 0.0 0.863636363636 0.79188712522 0.78813559322
0.285765895954 0.0 0.431818181818 0.36860670194 0.353672316384
0.393063583815 1.0 0.454545454545 0.379188712522 0.383050847458
0.564306358382 1.0 0.613636363636 0.459729570841 0.526553672316
0.307080924855 0.0 0.5 0.45443856555 0.422598870056
0.316835260116 0.0 0.363636363636 0.270429159318 0.290395480226
0.174494219653 0.0 0.25 0.225749559083 0.252542372881
0.703757225434 1.0 0.863636363636 0.851851851852 0.876271186441
0.549855491329 0.0 0.75 0.70429159318 0.765536723164
0.598265895954 1.0 0.727272727273 0.661963550852 0.722033898305
0.652095375723 0.0 0.840909090909 0.840681951793 0.798305084746
0.673771676301 0.0 0.704545454545 0.645502645503 0.758192090395
0.618858381503 1.0 0.659090909091 0.51087595532 0.553672316384
0.513367052023 0.0 0.659090909091 0.567901234568 0.601694915254
0.580924855491 1.0 0.704545454545 0.62962962963 0.627118644068
0.179552023121 0.0 0.272727272727 0.227513227513 0.211299435028
0.251445086705 0.0 0.386363636364 0.298647854203 0.31186440678
0.738800578035 0.0 0.863636363636 0.827748383304 0.793220338983
0.695809248555 0.0 0.772727272727 0.705467372134 0.754237288136
0.532153179191 1.0 0.636363636364 0.465020576132 0.591525423729
0.293713872832 0.0 0.454545454545 0.411522633745 0.387005649718
0.774927745665 0.0 0.75 0.569664902998 0.644632768362
0.709176300578 1.0 0.681818181818 0.564373897707 0.655367231638
0.333453757225 1.0 0.386363636364 0.289241622575 0.320338983051
0.609826589595 0.0 0.795454545455 0.837154614932 0.766666666667
0.30274566474 1.0 0.431818181818 0.339212228101 0.445197740113
0.354407514451 0.0 0.522727272727 0.464432686655 0.488700564972
0.471820809249 0.0 0.636363636364 0.520282186949 0.587005649718
0.781069364162 0.0 0.931818181818 0.949441504997 0.894915254237
0.627167630058 0.0 0.727272727273 0.618459729571 0.747457627119
0.455563583815 0.0 0.613636363636 0.567313345091 0.503389830508
0.61524566474 0.0 0.772727272727 0.73897707231 0.693785310734
0.841401734104 0.0 0.909090909091 0.91416813639 0.938983050847
0.203757225434 0.0 0.272727272727 0.205173427396 0.219774011299
0.449421965318 0.0 0.636363636364 0.593768371546 0.646327683616
0.395592485549 0.0 0.568181818182 0.54379776602 0.486440677966
0.743497109827 0.0 0.863636363636 0.856554967666 0.840677966102
0.411488439306 0.0 0.545454545455 0.469723691946 0.41186440678
0.481213872832 1.0 0.568181818182 0.423868312757 0.549152542373
0.637283236994 0.0 0.772727272727 0.730158730159 0.767796610169
0.233742774566 0.0 0.363636363636 0.314520870076 0.346327683616
0.787933526012 1.0 0.795454545455 0.601410934744 0.767796610169
0.497832369942 1.0 0.477272727273 0.31746031746 0.358192090395
0.218208092486 0.0 0.318181818182 0.301587301587 0.310734463277
0.435693641618 0.0 0.454545454545 0.368018812463 0.434463276836
0.836343930636 0.0 0.931818181818 0.82657260435 0.892655367232
0.573699421965 0.0 0.659090909091 0.599647266314 0.71186440678
0.480852601156 0.0 0.636363636364 0.563198118754 0.637288135593
0.616329479769 0.0 0.818181818182 0.732510288066 0.794915254237
0.397398843931 1.0 0.522727272727 0.409171075838 0.481920903955
0.34573699422 0.0 0.409090909091 0.322163433275 0.304519774011
0.280346820809 0.0 0.409090909091 0.402704291593 0.362146892655
0.221098265896 0.0 0.295454545455 0.279835390947 0.253672316384
0.406069364162 0.0 0.590909090909 0.564373897707 0.542372881356
0.484465317919 0.0 0.522727272727 0.397413286302 0.464971751412
0.422687861272 0.0 0.477272727273 0.405643738977 0.389830508475
0.231936416185 0.0 0.340909090909 0.288653733098 0.243502824859
0.366690751445 1.0 0.454545454545 0.380952380952 0.443502824859
0.441473988439 1.0 0.5 0.403880070547 0.450847457627
0.581286127168 1.0 0.590909090909 0.453262786596 0.567231638418
0.729768786127 0.0 0.818181818182 0.693709582598 0.752542372881
0.42088150289 0.0 0.590909090909 0.549088771311 0.562146892655
0.553106936416 1.0 0.727272727273 0.701940035273 0.780790960452
0.490968208092 0.0 0.681818181818 0.66431510876 0.672316384181
0.531069364162 1.0 0.545454545455 0.480305702528 0.568926553672
