0.790251916758 0.0 0.810810810811 0.715942028986 0.850619699935
0.450164293538 0.0 0.513513513514 0.446376811594 0.529028049576
0.426615553122 0.0 0.486486486486 0.399275362319 0.484670580561
0.743154435926 0.0 0.783783783784 0.747101449275 0.826484018265
0.942497261774 0.0 0.918918918919 0.760869565217 0.892367906067
0.516976998905 0.0 0.648648648649 0.621739130435 0.619699934768
0.807228915663 0.0 0.864864864865 0.869565217391 0.920417482061
0.486856516977 0.0 0.594594594595 0.573188405797 0.590998043053
0.782037239869 0.0 0.810810810811 0.832608695652 0.909328114808
0.676341730559 0.0 0.702702702703 0.610869565217 0.694716242661
0.358159912377 0.0 0.432432432432 0.323913043478 0.378343118069
0.430996714129 0.0 0.513513513514 0.481884057971 0.520547945205
0.599671412924 0.0 0.621621621622 0.542028985507 0.626875407697
0.401423877327 0.0 0.459459459459 0.397826086957 0.454011741683
0.795180722892 0.0 0.783783783784 0.718115942029 0.816046966732
0.515334063527 0.0 0.567567567568 0.511594202899 0.563600782779
0.806681270537 0.0 0.810810810811 0.716666666667 0.794520547945
0.544906900329 0.0 0.594594594595 0.576811594203 0.624918460535
0.600766703176 0.0 0.702702702703 0.670289855072 0.662752772342
0.487404162103 0.0 0.567567567568 0.571014492754 0.590998043053
0.594742606791 0.0 0.675675675676 0.692753623188 0.704500978474
0.54874041621 0.0 0.594594594595 0.499275362319 0.5485975212
0.726725082147 0.0 0.810810810811 0.823913043478 0.82257012394
0.499452354874 0.0 0.567567567568 0.510144927536 0.539465101109
0.487951807229 0.0 0.567567567568 0.595652173913 0.611219830398
0.618291347207 0.0 0.675675675676 0.575362318841 0.606001304631
0.433734939759 0.0 0.486486486486 0.44347826087 0.489236790607
0.447426067908 0.0 0.513513513514 0.447826086957 0.47619047619
0.688937568456 0.0 0.72972972973 0.696376811594 0.73385518591
0.510952902519 0.0 0.567567567568 0.508695652174 0.541422048271
0.529572836802 0.0 0.567567567568 0.492028985507 0.541422048271
0.540525739321 0.0 0.567567567568 0.563043478261 0.621656881931
0.673055859803 0.0 0.72972972973 0.683333333333 0.704500978474
0.828587075575 0.0 0.864864864865 0.836231884058 0.866927592955
0.615553121577 0.0 0.648648648649 0.571014492754 0.618395303327
0.487951807229 0.0 0.567567567568 0.458695652174 0.466405740378
0.728368017525 0.0 0.72972972973 0.671739130435 0.741030658839
0.578860898138 0.0 0.594594594595 0.529710144928 0.592954990215
0.519167579409 0.0 0.594594594595 0.535507246377 0.541422048271
0.445235487404 0.0 0.513513513514 0.451449275362 0.469015003262
0.606790799562 0.0 0.621621621622 0.599275362319 0.658838878017
0.628148959474 0.0 0.621621621622 0.55 0.628180039139
0.653888280394 0.0 0.675675675676 0.624637681159 0.672537508154
0.601314348302 0.0 0.675675675676 0.686956521739 0.684931506849
0.44852135816 0.0 0.513513513514 0.470289855072 0.486627527723
0.633625410734 0.0 0.702702702703 0.639130434783 0.639921722114
0.559145673604 0.0 0.648648648649 0.663768115942 0.644487932159
0.524096385542 0.0 0.621621621622 0.58115942029 0.55642530985
0.782037239869 0.0 0.891891891892 0.952898550725 0.897586431833
0.645673603505 0.0 0.675675675676 0.681884057971 0.714285714286
0.52026286966 0.0 0.621621621622 0.607971014493 0.575342465753
0.406352683461 0.0 0.459459459459 0.322463768116 0.345727332029
0.759036144578 0.0 0.810810810811 0.742753623188 0.743639921722
0.981927710843 0.0 0.945945945946 0.895652173913 0.968688845401
0.518619934283 0.0 0.648648648649 0.665217391304 0.602087410307
0.562979189485 0.0 0.621621621622 0.558695652174 0.563600782779
0.658269441402 0.0 0.72972972973 0.700724637681 0.68558382257
0.774370208105 0.0 0.783783783784 0.691304347826 0.730593607306
0.667031763417 0.0 0.675675675676 0.557246376812 0.604044357469
0.694961664841 0.0 0.72972972973 0.669565217391 0.686236138291
0.972070098576 0.0 0.891891891892 0.804347826087 0.916503587736
0.575027382256 0.0 0.675675675676 0.673188405797 0.626875407697
0.610076670318 0.0 0.594594594595 0.502898550725 0.569471624266
0.460021905805 0.0 0.567567567568 0.583333333333 0.536203522505
0.660460021906 0.0 0.72972972973 0.699275362319 0.676451402479
0.622672508215 0.0 0.648648648649 0.6 0.620352250489
0.664293537788 0.0 0.648648648649 0.605072463768 0.662752772342
0.684008762322 0.0 0.72972972973 0.654347826087 0.650358773646
0.730558598028 0.0 0.72972972973 0.701449275362 0.739726027397
0.492332968237 0.0 0.567567567568 0.58768115942 0.562296151337
0.912376779847 0.0 0.837837837838 0.759420289855 0.856490541422
0.729463307777 0.0 0.783783783784 0.715217391304 0.694716242661
0.747535596933 0.0 0.756756756757 0.757971014493 0.779517286367
0.88882803943 0.0 0.864864864865 0.792028985507 0.838225701239
0.790251916758 0.0 0.810810810811 0.873913043478 0.880626223092
0.382803943045 0.0 0.486486486486 0.442028985507 0.393346379648
0.723439211391 0.0 0.756756756757 0.740579710145 0.738421395956
0.7426067908 0.0 0.756756756757 0.682608695652 0.697977821265
0.614457831325 0.0 0.702702702703 0.666666666667 0.615133724723
0.63143483023 0.0 0.72972972973 0.70652173913 0.641878669276
0.703176341731 0.0 0.72972972973 0.675362318841 0.6771037182
0.449069003286 0.0 0.513513513514 0.461594202899 0.441617742988
0.801204819277 0.0 0.756756756757 0.697826086957 0.763209393346
0.840635268346 0.0 0.864864864865 0.879710144928 0.872146118721
0.663198247536 0.0 0.702702702703 0.666666666667 0.655577299413
0.772727272727 0.0 0.72972972973 0.624637681159 0.686236138291
0.906352683461 0.0 0.810810810811 0.725362318841 0.828440965427
1.0 0.0 1.0 1.0 1.0
0.744249726177 0.0 0.756756756757 0.641304347826 0.645792563601
0.690032858708 0.0 0.72972972973 0.736231884058 0.715590345727
0.613362541073 0.0 0.648648648649 0.642753623188 0.630789302022
0.521905805038 0.0 0.513513513514 0.513768115942 0.549249836921
0.745892661555 0.0 0.72972972973 0.742028985507 0.770384866275
0.875136911281 0.0 0.783783783784 0.700724637681 0.795825179387
0.887185104053 0.0 0.837837837838 0.766666666667 0.818656229615
0.764512595838 0.0 0.837837837838 0.865217391304 0.802348336595
0.807228915663 0.0 0.837837837838 0.838405797101 0.81474233529
0.761774370208 0.0 0.783783783784 0.71231884058 0.700587084149
0.696056955093 0.0 0.72972972973 0.683333333333 0.663405088063
0.743702081051 0.0 0.756756756757 0.797826086957 0.793868232224
