0.416802168022 0.0 0.514285714286 0.362709395484 0.316513761468
0.585365853659 0.0 0.628571428571 0.451565914057 0.409021406728
0.819512195122 0.0 0.914285714286 0.953386744355 0.868501529052
0.790243902439 0.0 0.885714285714 0.919155134741 0.843272171254
0.607046070461 0.0 0.657142857143 0.544064093227 0.687308868502
0.733875338753 0.0 0.742857142857 0.622723962127 0.834097859327
0.594579945799 0.0 0.685714285714 0.579752367079 0.690366972477
0.532249322493 0.0 0.6 0.458849235251 0.536697247706
0.427100271003 0.0 0.457142857143 0.42097596504 0.396024464832
0.330081300813 0.0 0.4 0.386016023307 0.359327217125
0.80433604336 0.0 0.742857142857 0.638018936635 0.795107033639
0.368563685637 0.0 0.485714285714 0.405680990532 0.501529051988
0.620596205962 0.0 0.657142857143 0.60524399126 0.56880733945
0.668292682927 0.0 0.685714285714 0.640203932993 0.622324159021
0.60325203252 0.0 0.742857142857 0.696285506191 0.735474006116
0.879674796748 0.0 1.0 1.0 1.0
0.747967479675 0.0 0.657142857143 0.493080844865 0.589449541284
0.782655826558 0.0 0.685714285714 0.407137654771 0.526758409786
0.60162601626 0.0 0.742857142857 0.68390386016 0.75993883792
0.69918699187 0.0 0.8 0.731245447924 0.870795107034
0.564769647696 0.0 0.628571428571 0.628550619082 0.597094801223
0.90298102981 0.0 0.857142857143 0.772760378733 0.746941896024
0.656368563686 0.0 0.628571428571 0.517115804807 0.484709480122
0.742547425474 0.0 0.857142857143 0.729060451566 0.691896024465
0.533333333333 0.0 0.628571428571 0.517115804807 0.704128440367
1.0 0.0 0.914285714286 0.718863801894 0.951070336391
0.386449864499 0.0 0.457142857143 0.241077931537 0.282110091743
0.593495934959 0.0 0.657142857143 0.483612527312 0.47247706422
0.5972899729 0.0 0.742857142857 0.696285506191 0.776758409786
0.793495934959 0.0 0.885714285714 0.854333576111 0.939602446483
0.250948509485 0.0 0.342857142857 0.308084486526 0.254587155963
0.544173441734 0.0 0.742857142857 0.780043699927 0.659785932722
0.39512195122 0.0 0.485714285714 0.487982520029 0.402905198777
0.39512195122 0.0 0.485714285714 0.487982520029 0.402905198777
0.491598915989 0.0 0.571428571429 0.410779315368 0.443425076453
0.443902439024 0.0 0.542857142857 0.375819373634 0.389908256881
0.589159891599 0.0 0.571428571429 0.391842680262 0.412844036697
0.853658536585 1.0 0.685714285714 0.642388929352 0.661314984709
0.434146341463 0.0 0.457142857143 0.359796067007 0.293577981651
0.680216802168 0.0 0.771428571429 0.665695557174 0.678134556575
0.955555555556 0.0 0.857142857143 0.692643845594 0.82874617737
0.989159891599 0.0 0.914285714286 0.695557174071 0.889908256881
0.412466124661 0.0 0.371428571429 0.309541150765 0.31880733945
0.507859078591 0.0 0.514285714286 0.426074289876 0.481651376147
0.382113821138 0.0 0.4 0.217771303714 0.20871559633
0.562601626016 0.0 0.628571428571 0.451565914057 0.504587155963
0.569647696477 0.0 0.6 0.525127458121 0.503058103976
0.528455284553 0.0 0.6 0.496722505462 0.464831804281
0.585907859079 0.0 0.514285714286 0.307356154406 0.389143730887
0.544173441734 0.0 0.542857142857 0.442825928623 0.463302752294
0.480758807588 0.0 0.571428571429 0.581937363438 0.449541284404
0.480758807588 0.0 0.571428571429 0.581937363438 0.449541284404
0.29864498645 0.0 0.371428571429 0.343044428259 0.308103975535
0.733875338753 0.0 0.685714285714 0.56591405681 0.590214067278
0.806504065041 0.0 0.885714285714 0.914785142025 0.927370030581
0.635230352304 0.0 0.6 0.551347414421 0.635321100917
0.848780487805 0.0 0.8 0.687545520757 0.780581039755
0.842276422764 0.0 0.8 0.707210487983 0.797400611621
0.828184281843 0.0 0.714285714286 0.556445739257 0.721712538226
0.907317073171 0.0 0.771428571429 0.663510560816 0.851681957187
0.40379403794 0.0 0.542857142857 0.573925710124 0.520642201835
0.40379403794 0.0 0.542857142857 0.573925710124 0.520642201835
0.350135501355 0.0 0.4 0.329934450109 0.269877675841
0.350135501355 0.0 0.4 0.329934450109 0.269877675841
0.383739837398 0.0 0.4 0.257101238165 0.306574923547
0.250948509485 0.0 0.285714285714 0.188638018937 0.15749235474
0.331165311653 0.0 0.457142857143 0.47414420976 0.366972477064
0.331165311653 0.0 0.457142857143 0.47414420976 0.366972477064
0.515989159892 0.0 0.571428571429 0.384559359068 0.331804281346
0.369647696477 0.0 0.4 0.269482884195 0.189602446483
0.510027100271 0.0 0.485714285714 0.268754552076 0.282874617737
0.510027100271 0.0 0.485714285714 0.268754552076 0.282874617737
0.516531165312 0.0 0.571428571429 0.466132556446 0.589449541284
0.629268292683 0.0 0.657142857143 0.584122359796 0.707951070336
0.568021680217 0.0 0.657142857143 0.568099053168 0.532874617737
0.542005420054 0.0 0.571428571429 0.444282592862 0.367737003058
0.39512195122 0.0 0.485714285714 0.487982520029 0.402905198777
0.39512195122 0.0 0.485714285714 0.487982520029 0.402905198777
0.331165311653 0.0 0.371428571429 0.306627822287 0.382262996942
0.915989159892 1.0 0.8 0.721777130371 0.599388379205
