0.756476683938 0.0 0.852941176471 0.789122137405 0.909734513274
0.756476683938 0.0 0.852941176471 0.789122137405 0.909734513274
0.663406214039 0.0 0.756097560976 0.703947368421 0.790037831021
0.480437284235 0.0 0.560975609756 0.401315789474 0.475409836066
0.628883774453 0.0 0.707317073171 0.618421052632 0.6815889029
0.71884272997 0.0 0.78125 0.646017699115 0.72213622291
0.887802071346 0.0 0.878048780488 0.799342105263 0.946406052963
0.769275028769 0.0 0.829268292683 0.767269736842 0.840479192938
0.878596087457 0.0 0.853658536585 0.780427631579 0.928121059269
0.795252225519 0.0 0.84375 0.73058013766 0.804179566563
0.713082901554 0.0555555555556 0.794117647059 0.753816793893 0.846017699115
0.697928653625 0.0 0.658536585366 0.518092105263 0.674653215637
0.842729970326 0.0 0.84375 0.715830875123 0.825077399381
0.690652818991 0.0 0.71875 0.578171091445 0.660216718266
0.714391691395 0.0 0.75 0.593903638151 0.667956656347
0.701956271577 0.0 0.682926829268 0.601973684211 0.730138713745
0.676165803109 0.111111111111 0.705882352941 0.523854961832 0.713274336283
0.617951668585 0.0 0.585365853659 0.420230263158 0.559268600252
0.753164556962 0.0 0.80487804878 0.694901315789 0.744010088272
0.657652474108 0.0 0.731707317073 0.695723684211 0.721941992434
0.663204747774 0.0 0.65625 0.447394296952 0.554179566563
0.810830860534 0.0 0.78125 0.557522123894 0.684984520124
0.804896142433 0.0 0.84375 0.758112094395 0.815015479876
0.984421364985 0.0 0.96875 0.867256637168 0.97600619195
0.651335311573 0.0 0.6875 0.498525073746 0.551857585139
0.751483679525 0.0 0.8125 0.729596853491 0.75773993808
0.709198813056 0.0 0.71875 0.58407079646 0.663312693498
0.793768545994 0.0 0.78125 0.581120943953 0.681114551084
0.78412462908 0.0 0.78125 0.5732546706 0.663312693498
0.562140391254 0.0 0.634146341463 0.612664473684 0.616645649433
0.780415430267 0.0 0.8125 0.735496558505 0.779411764706
0.925074183976 0.0 1.0 1.0 1.0
0.842729970326 0.0 0.90625 0.85447394297 0.864551083591
0.782640949555 0.0 0.78125 0.624385447394 0.697368421053
0.78115727003 0.0 0.8125 0.705998033432 0.744582043344
0.804154302671 0.0 0.84375 0.75319567355 0.782507739938
0.783382789318 0.0 0.8125 0.687315634218 0.726780185759
0.723820483314 0.0 0.780487804878 0.815789473684 0.827238335435
0.692878338279 0.0 0.71875 0.529990167158 0.571981424149
0.370540851554 0.0 0.463414634146 0.380756578947 0.354981084489
0.72085492228 0.111111111111 0.764705882353 0.687977099237 0.821238938053
0.356156501726 0.0 0.390243902439 0.282894736842 0.314627994956
0.772997032641 0.0 0.84375 0.800393313668 0.794891640867
0.692174913694 0.0 0.682926829268 0.578947368421 0.653215636822
0.756676557864 0.0 0.75 0.574237954769 0.643962848297
0.56501726122 0.0 0.609756097561 0.560855263158 0.578814627995
0.567318757192 0.0 0.609756097561 0.507401315789 0.52711223203
0.774480712166 0.0 0.78125 0.667649950836 0.72213622291
0.746290801187 0.0 0.78125 0.644051130777 0.670278637771
0.826409495549 0.0 0.78125 0.568338249754 0.674148606811
0.758902077151 0.0 0.8125 0.732546705998 0.739164086687
0.817507418398 0.0 0.84375 0.71878072763 0.751547987616
0.545454545455 0.0 0.585365853659 0.475328947368 0.494325346784
0.711424332344 0.0 0.78125 0.73058013766 0.71826625387
0.649597238205 0.0 0.658536585366 0.592927631579 0.639974779319
0.979228486647 0.0 0.96875 0.907571288102 0.973684210526
0.69881305638 0.0 0.65625 0.51720747296 0.615325077399
0.701038575668 0.0 0.75 0.621435594887 0.627708978328
0.714378238342 0.0 0.735294117647 0.736641221374 0.770796460177
0.657270029674 0.0 0.6875 0.53883972468 0.56346749226
0.686943620178 0.0 0.6875 0.536873156342 0.589783281734
0.790801186944 0.0 0.75 0.557522123894 0.651702786378
0.743958573072 0.0 0.756097560976 0.654605263158 0.695460277427
0.577893175074 0.0 0.625 0.532940019666 0.537925696594
0.816023738872 0.0 0.84375 0.745329400197 0.768575851393
0.847922848665 0.0 0.875 0.780727630285 0.804179566563
0.733679525223 0.0 0.71875 0.580137659784 0.645510835913
0.845697329377 0.0 0.875 0.752212389381 0.773219814241
0.769287833828 0.0 0.8125 0.704031465093 0.710526315789
0.770771513353 0.0 0.78125 0.663716814159 0.702786377709
0.808605341246 0.0 0.8125 0.645034414946 0.69040247678
0.840504451039 0.0 0.8125 0.688298918387 0.765479876161
0.796735905045 0.0 0.75 0.588003933137 0.683436532508
0.827387802071 0.0 0.780487804878 0.666940789474 0.761664564943
0.459723820483 0.0 0.390243902439 0.173519736842 0.289407313997
0.73293768546 0.0 0.78125 0.607669616519 0.605263157895
0.372266973533 0.0 0.439024390244 0.362664473684 0.340479192938
0.42750287687 0.0 0.512195121951 0.447368421053 0.406683480454
0.686201780415 0.0 0.71875 0.61848574238 0.629256965944
0.695845697329 0.0 0.65625 0.491642084562 0.574303405573
0.775222551929 0.0 0.78125 0.700098328417 0.735294117647
0.535097813579 0.0 0.512195121951 0.350328947368 0.412988650694
0.689169139466 0.0 0.6875 0.529006882989 0.570433436533
0.764836795252 0.0 0.75 0.597836774828 0.651702786378
0.475258918297 0.0 0.512195121951 0.431743421053 0.433795712484
0.748516320475 0.0 0.6875 0.544739429695 0.644736842105
0.405063291139 0.0 0.487804878049 0.416118421053 0.371374527112
0.898367952522 0.0 0.875 0.770894788594 0.832043343653
0.759643916914 0.0 0.8125 0.723697148476 0.708204334365
0.658031088083 0.111111111111 0.647058823529 0.5 0.658407079646
0.665430267062 0.0 0.75 0.666666666667 0.618421052632
0.331415420023 0.0 0.365853658537 0.245065789474 0.247162673392
0.8353115727 0.0 0.8125 0.698131760079 0.756965944272
0.724093264249 0.222222222222 0.823529411765 0.75572519084 0.914159292035
0.603857566766 0.0 0.625 0.479842674533 0.494582043344
0.842279108175 0.0 0.806451612903 0.726603575184 0.797962648557
0.842279108175 0.0 0.806451612903 0.726603575184 0.797962648557
0.341772151899 0.0 0.365853658537 0.178453947368 0.188524590164
0.576524741082 0.0 0.609756097561 0.598684210526 0.599621689786
0.439010356732 0.0 0.536585365854 0.509868421053 0.446406052963
