0.682449494949 0.75 0.642857142857 0.436426116838 0.410316529894
0.607323232323 0.5 0.535714285714 0.329896907216 0.226260257913
0.47095959596 0.5 0.428571428571 0.274914089347 0.25674091442
0.585858585859 0.0 0.571428571429 0.632302405498 0.528722157093
0.395833333333 0.5 0.357142857143 0.202749140893 0.152403282532
0.808712121212 0.5 0.892857142857 0.770904925544 0.68815943728
0.765151515152 1.0 0.714285714286 0.627720504009 0.643610785463
0.517045454545 0.25 0.464285714286 0.372279495991 0.392731535756
0.635732323232 1.0 0.571428571429 0.41695303551 0.436107854631
0.541035353535 0.0 0.428571428571 0.317296678121 0.177022274326
0.703282828283 0.75 0.642857142857 0.495990836197 0.37162954279
0.679924242424 0.75 0.607142857143 0.394043528064 0.429073856975
0.446338383838 0.25 0.392857142857 0.36197021764 0.309495896835
0.535984848485 0.25 0.5 0.446735395189 0.415005861665
1.0 0.5 1.0 0.957617411226 1.0
0.926136363636 0.25 0.892857142857 0.79381443299 0.814771395076
0.484848484848 0.0 0.5 0.450171821306 0.438452520516
0.396464646465 0.0 0.357142857143 0.287514318442 0.287221570926
0.549242424242 0.5 0.571428571429 0.600229095074 0.538100820633
0.541035353535 0.0 0.428571428571 0.317296678121 0.177022274326
0.655934343434 0.75 0.607142857143 0.460481099656 0.303634232122
0.628787878788 0.25 0.5 0.349369988545 0.273153575615
0.731060606061 0.0 0.678571428571 0.611683848797 0.51817116061
0.595328282828 0.5 0.535714285714 0.518900343643 0.46776084408
0.551767676768 0.75 0.571428571429 0.600229095074 0.508792497069
0.678661616162 1.0 0.678571428571 0.610538373425 0.654161781946
0.662878787879 0.5 0.535714285714 0.495990836197 0.332942555686
0.550505050505 0.5 0.464285714286 0.408934707904 0.339976553341
0.433080808081 0.5 0.357142857143 0.26116838488 0.205158264947
0.565656565657 0.25 0.5 0.406643757159 0.275498241501
0.527146464646 0.0 0.428571428571 0.353951890034 0.288393903869
0.468434343434 0.25 0.428571428571 0.263459335624 0.243845252052
0.705176767677 0.25 0.75 0.742268041237 0.691676436108
0.559343434343 0.0 0.5 0.421534936999 0.359906213365
0.507575757576 0.25 0.464285714286 0.394043528064 0.363423212192
0.560606060606 0.5 0.535714285714 0.358533791523 0.334114888628
0.518939393939 0.25 0.464285714286 0.516609392898 0.470105509965
0.555555555556 0.5 0.5 0.380297823597 0.420867526377
0.383207070707 0.25 0.357142857143 0.202749140893 0.152403282532
0.536616161616 0.5 0.464285714286 0.335624284078 0.228604923798
0.414141414141 0.0 0.357142857143 0.378006872852 0.304806565064
0.481691919192 0.25 0.428571428571 0.36197021764 0.309495896835
0.689393939394 0.75 0.714285714286 0.797250859107 0.597889800703
0.560606060606 0.5 0.535714285714 0.358533791523 0.334114888628
0.503156565657 0.5 0.464285714286 0.499427262314 0.42203985932
0.345328282828 0.5 0.285714285714 0.202749140893 0.152403282532
0.50946969697 0.0 0.392857142857 0.364261168385 0.171160609613
0.549242424242 0.5 0.571428571429 0.600229095074 0.538100820633
0.412878787879 0.5 0.392857142857 0.512027491409 0.424384525205
0.619949494949 0.75 0.571428571429 0.498281786942 0.464243845252
0.527777777778 0.25 0.428571428571 0.365406643757 0.302461899179
0.409090909091 0.25 0.357142857143 0.270332187858 0.174677608441
0.402777777778 0.5 0.357142857143 0.327605956472 0.283704572098
0.717803030303 0.5 0.642857142857 0.520045819015 0.556858147714
0.549242424242 0.5 0.428571428571 0.26116838488 0.225087924971
0.481691919192 0.25 0.428571428571 0.36197021764 0.309495896835
0.791666666667 0.0 0.785714285714 0.862542955326 0.796014067995
0.921717171717 0.25 0.892857142857 0.918671248568 0.787807737397
0.417929292929 0.25 0.392857142857 0.27147766323 0.212192262603
0.458964646465 0.0 0.392857142857 0.359679266896 0.339976553341
0.376893939394 0.25 0.357142857143 0.337915234822 0.342321219226
0.674242424242 0.5 0.678571428571 0.561282932417 0.569753810082
0.675505050505 0.5 0.714285714286 0.57273768614 0.590855803048
0.446338383838 0.25 0.464285714286 0.422680412371 0.427901524033
0.708964646465 0.25 0.642857142857 0.48224513173 0.451348182884
0.784090909091 0.75 0.821428571429 0.872852233677 0.722157092614
0.97095959596 0.75 1.0 1.0 0.815943728019
0.666035353535 0.25 0.678571428571 0.783505154639 0.712778429074
0.657828282828 0.0 0.607142857143 0.587628865979 0.52754982415
0.65404040404 0.75 0.607142857143 0.54753722795 0.449003516999
0.583333333333 0.0 0.571428571429 0.445589919817 0.385697538101
0.390151515152 0.25 0.321428571429 0.287514318442 0.275498241501
0.481691919192 0.25 0.428571428571 0.36197021764 0.309495896835
0.679924242424 0.75 0.607142857143 0.394043528064 0.429073856975
0.469065656566 0.5 0.428571428571 0.287514318442 0.257913247362
0.489898989899 0.5 0.428571428571 0.31156930126 0.289566236811
0.542929292929 0.75 0.5 0.436426116838 0.444314185229
0.599116161616 0.75 0.571428571429 0.589919816724 0.552168815944
0.36047979798 0.0 0.321428571429 0.248568155785 0.184056271981
0.510101010101 0.25 0.464285714286 0.341351660939 0.233294255569
0.570075757576 0.5 0.535714285714 0.502863688431 0.396248534584
0.417929292929 0.25 0.392857142857 0.27147766323 0.212192262603
0.395833333333 0.5 0.357142857143 0.202749140893 0.152403282532
0.510101010101 0.25 0.464285714286 0.341351660939 0.233294255569
0.664772727273 0.0 0.571428571429 0.556701030928 0.461899179367
0.272095959596 0.0 0.178571428571 0.113402061856 0.0140679953107
0.478535353535 0.25 0.428571428571 0.319587628866 0.233294255569
0.714646464646 0.75 0.714285714286 0.705612829324 0.67409144197
0.438131313131 0.5 0.357142857143 0.312714776632 0.284876905041
0.448863636364 0.25 0.357142857143 0.224513172967 0.20164126612
0.577651515152 0.0 0.5 0.353951890034 0.288393903869
0.576388888889 0.75 0.535714285714 0.412371134021 0.389214536928
0.698863636364 1.0 0.678571428571 0.680412371134 0.670574443142
0.561237373737 0.0 0.535714285714 0.429553264605 0.379835873388
0.412247474747 0.5 0.357142857143 0.312714776632 0.255568581477
0.500631313131 0.5 0.464285714286 0.556701030928 0.468933177022
0.444444444444 0.25 0.428571428571 0.455899198167 0.359906213365
0.635101010101 0.5 0.607142857143 0.656357388316 0.547479484174
0.544823232323 0.25 0.464285714286 0.395189003436 0.384525205158
0.669823232323 0.0 0.607142857143 0.720504009164 0.501758499414
