0.198395721925 0.0 0.114285714286 0.0899182561308 0.01261829653
0.850267379679 1.0 0.8 0.713896457766 0.8738170347
1.0 0.333333333333 1.0 1.0 1.0
0.875935828877 0.666666666667 0.857142857143 0.791099000908 0.933753943218
0.901604278075 0.0 0.885714285714 0.8919164396 0.855941114616
0.239037433155 0.333333333333 0.171428571429 0.11080835604 0.0599369085174
0.433155080214 1.0 0.428571428571 0.436875567666 0.45531019979
0.312299465241 0.666666666667 0.285714285714 0.272479564033 0.284963196635
0.951871657754 0.333333333333 0.885714285714 0.812897366031 0.879074658254
0.897860962567 0.333333333333 0.857142857143 0.956403269755 0.932702418507
0.839037433155 0.0 0.857142857143 0.910990009083 0.788643533123
0.649197860963 1.0 0.6 0.563124432334 0.676130389064
0.572727272727 1.0 0.542857142857 0.481380563124 0.606729758149
0.870588235294 0.666666666667 0.828571428571 0.702089009991 0.674027339642
0.763636363636 0.666666666667 0.685714285714 0.642143505904 0.830704521556
0.312299465241 0.333333333333 0.228571428571 0.149863760218 0.154574132492
0.41871657754 0.0 0.4 0.313351498638 0.376445846477
0.683422459893 0.0 0.714285714286 0.732061762035 0.817034700315
0.84385026738 0.0 0.828571428571 0.77838328792 0.853838065195
0.289304812834 0.0 0.257142857143 0.201634877384 0.148264984227
0.779679144385 0.333333333333 0.771428571429 0.737511353315 0.922187171399
0.734759358289 1.0 0.628571428571 0.376930063579 0.513144058885
0.787165775401 1.0 0.742857142857 0.623069936421 0.802313354364
0.362032085561 0.333333333333 0.257142857143 0.191643960036 0.180862250263
0.561497326203 1.0 0.514285714286 0.506811989101 0.614090431125
0.614438502674 1.0 0.657142857143 0.586739327884 0.542586750789
0.22513368984 0.0 0.171428571429 0.179836512262 0.1650893796
0.739572192513 0.0 0.742857142857 0.751135331517 0.628811777077
0.76577540107 0.666666666667 0.714285714286 0.673932788374 0.776025236593
0.268983957219 0.333333333333 0.2 0.11080835604 0.0599369085174
0.765240641711 0.0 0.771428571429 0.838328792007 0.728706624606
0.759893048128 0.333333333333 0.771428571429 0.870118074478 0.909568874869
0.656684491979 0.0 0.685714285714 0.655767484105 0.638275499474
0.587700534759 1.0 0.571428571429 0.611262488647 0.644584647739
0.472727272727 0.666666666667 0.4 0.36148955495 0.422712933754
0.554010695187 0.0 0.571428571429 0.485921889192 0.542586750789
0.85614973262 0.333333333333 0.885714285714 0.822888283379 0.862250262881
0.422459893048 0.666666666667 0.342857142857 0.170753860127 0.201892744479
0.81871657754 0.0 0.771428571429 0.762034514078 0.713985278654
0.381818181818 0.666666666667 0.314285714286 0.182561307902 0.132492113565
0.30320855615 0.0 0.285714285714 0.241598546776 0.223974763407
0.529946524064 0.0 0.542857142857 0.613987284287 0.581493165089
0.828342245989 0.0 0.8 0.795640326975 0.750788643533
0.590909090909 0.0 0.628571428571 0.564940962761 0.524710830705
0.332085561497 0.0 0.314285714286 0.30881017257 0.300736067298
0.459893048128 0.0 0.457142857143 0.383287920073 0.383806519453
0.209090909091 0.0 0.142857142857 0.13987284287 0.0893796004206
0.707486631016 0.333333333333 0.742857142857 0.855585831063 0.778128286015
0.747593582888 0.333333333333 0.685714285714 0.497729336966 0.690851735016
0.464171122995 0.0 0.485714285714 0.346049046322 0.293375394322
0.809625668449 0.0 0.742857142857 0.537693006358 0.664563617245
0.577540106952 0.0 0.6 0.389645776567 0.382754994742
0.362032085561 0.0 0.342857142857 0.336058128974 0.319663512093
0.51550802139 1.0 0.457142857143 0.345140781108 0.419558359621
0.611764705882 0.0 0.657142857143 0.633969118983 0.561514195584
0.397860962567 0.333333333333 0.285714285714 0.101725703906 0.0725552050473
0.479144385027 0.0 0.371428571429 0.211625794732 0.258675078864
0.52192513369 0.0 0.514285714286 0.424159854678 0.402733964248
0.246524064171 0.0 0.2 0.179836512262 0.1650893796
0.536898395722 0.666666666667 0.485714285714 0.489554950045 0.55730809674
0.635294117647 0.333333333333 0.6 0.405086285195 0.425867507886
0.436898395722 1.0 0.371428571429 0.242506811989 0.274447949527
0.529946524064 1.0 0.485714285714 0.357856494096 0.461619348055
0.219786096257 0.0 0.142857142857 0.0899182561308 0.01261829653
0.257219251337 0.0 0.228571428571 0.179836512262 0.1650893796
0.689839572193 0.333333333333 0.685714285714 0.662125340599 0.782334384858
0.809090909091 0.333333333333 0.828571428571 0.868301544051 0.818086225026
0.62513368984 0.0 0.571428571429 0.458673932788 0.492113564669
0.700534759358 0.333333333333 0.714285714286 0.803814713896 0.849631966351
0.718181818182 0.666666666667 0.714285714286 0.628519527702 0.701366982124
0.604278074866 0.333333333333 0.571428571429 0.44050862852 0.540483701367
0.383422459893 0.0 0.371428571429 0.314259763851 0.336487907466
0.700534759358 0.666666666667 0.657142857143 0.514078110808 0.543638275499
0.778609625668 0.666666666667 0.8 0.788374205268 0.890641430074
0.367914438503 0.0 0.257142857143 0.0899182561308 0.01261829653
0.672727272727 0.0 0.628571428571 0.573115349682 0.566771819138
0.832620320856 0.666666666667 0.828571428571 0.715712988193 0.807570977918
0.43422459893 0.0 0.428571428571 0.380563124432 0.299684542587
0.396256684492 0.333333333333 0.314285714286 0.160762942779 0.136698212408
0.272727272727 0.0 0.171428571429 0.125340599455 0.0525762355415
0.581818181818 0.0 0.542857142857 0.460490463215 0.406940063091
0.490909090909 0.333333333333 0.457142857143 0.273387829246 0.281808622503
0.198395721925 0.0 0.114285714286 0.0899182561308 0.01261829653
0.504812834225 0.0 0.485714285714 0.258855585831 0.319663512093
0.655614973262 0.666666666667 0.6 0.650317892825 0.767613038906
0.629946524064 0.333333333333 0.6 0.528610354223 0.453207150368
0.500534759358 0.0 0.514285714286 0.487738419619 0.482649842271
0.380748663102 0.0 0.342857142857 0.269754768392 0.232386961094
0.353475935829 0.0 0.285714285714 0.138056312443 0.105152471083
0.791978609626 0.0 0.771428571429 0.605812897366 0.666666666667
0.873796791444 0.0 0.828571428571 0.887375113533 0.881177707676
0.731550802139 0.333333333333 0.742857142857 0.83651226158 0.744479495268
0.62192513369 0.333333333333 0.628571428571 0.679382379655 0.657202944269
0.295721925134 0.333333333333 0.257142857143 0.200726612171 0.212407991588
0.477540106952 0.666666666667 0.428571428571 0.432334241599 0.466876971609
0.783422459893 0.0 0.742857142857 0.74931880109 0.730809674027
0.438502673797 0.333333333333 0.4 0.323342415985 0.390115667718
0.452406417112 0.0 0.4 0.318801089918 0.412197686646
0.33743315508 0.0 0.285714285714 0.13987284287 0.0893796004206
0.664705882353 0.333333333333 0.657142857143 0.685740236149 0.754994742376
