0.889417360285 0.0 0.966666666667 0.828918322296 0.948945615982
0.807966706302 0.0 0.833333333333 0.76821192053 0.879023307436
0.813912009512 0.0 0.8 0.573951434879 0.726970033296
0.695600475624 0.0 0.733333333333 0.628035320088 0.725860155383
0.681331747919 0.0 0.7 0.5353200883 0.647058823529
0.702140309156 0.0 0.7 0.622516556291 0.750277469478
0.681331747919 0.0 0.733333333333 0.584988962472 0.652608213097
0.885255648038 0.0 0.9 0.708609271523 0.80910099889
0.588585017836 0.0 0.6 0.453642384106 0.547169811321
0.747324613555 0.0 0.766666666667 0.713024282561 0.789123196448
0.588585017836 0.0 0.6 0.526490066225 0.612652608213
0.722354340071 0.0 0.766666666667 0.766004415011 0.81243063263
0.604637336504 0.0 0.666666666667 0.572847682119 0.592674805771
0.674197384067 0.0 0.666666666667 0.564017660044 0.652608213097
0.799048751486 0.0 0.8 0.662251655629 0.736958934517
0.559453032105 0.0 0.533333333333 0.421633554084 0.522752497225
0.717003567182 0.0 0.766666666667 0.60706401766 0.627081021088
0.696789536266 0.0 0.633333333333 0.401766004415 0.5371809101
0.655766944114 0.0 0.633333333333 0.475717439294 0.566037735849
0.846016646849 0.0 0.9 0.881898454746 0.881243063263
0.718787158145 0.0 0.7 0.710816777042 0.786903440622
0.73305588585 0.0 0.766666666667 0.633554083885 0.658157602664
0.637336504162 0.0 0.633333333333 0.555187637969 0.61820199778
0.546373365042 0.0 0.5 0.426048565121 0.53385127636
0.736623067776 0.0 0.766666666667 0.686534216336 0.710321864595
0.724137931034 0.0 0.766666666667 0.666666666667 0.678135405105
0.750891795482 0.0 0.733333333333 0.443708609272 0.519422863485
0.749108204518 0.0 0.7 0.422737306843 0.530521642619
0.580261593341 0.0 0.6 0.603752759382 0.637069922309
0.576694411415 0.0 0.566666666667 0.365342163355 0.432852386238
0.815101070155 0.0 0.833333333333 0.647902869757 0.679245283019
0.678359096314 0.0 0.7 0.494481236203 0.524972253052
0.665279429251 0.0 0.666666666667 0.498896247241 0.549389567148
0.677764565993 0.0 0.666666666667 0.608167770419 0.665926748058
0.51724137931 0.0 0.5 0.44591611479 0.513873473918
1.0 0.0 1.0 0.956953642384 0.993340732519
0.543400713436 0.0 0.533333333333 0.488962472406 0.548279689234
0.697978596908 0.0 0.733333333333 0.587196467991 0.596004439512
0.608799048751 0.0 0.6 0.44591611479 0.502774694784
0.574316290131 0.0 0.566666666667 0.541942604857 0.594894561598
0.680737217598 0.0 0.633333333333 0.443708609272 0.538290788013
0.581450653983 0.0 0.633333333333 0.565121412804 0.556048834628
0.711652794293 0.0 0.733333333333 0.555187637969 0.57602663707
0.552318668252 0.0 0.533333333333 0.37417218543 0.439511653718
0.656956004756 0.0 0.666666666667 0.679911699779 0.706992230855
0.67598097503 0.0 0.7 0.613686534216 0.628190899001
0.662901307967 0.0 0.633333333333 0.435982339956 0.508324084351
0.681331747919 0.0 0.7 0.622516556291 0.639289678135
0.784780023781 0.0 0.766666666667 0.67880794702 0.730299667037
0.671224732461 0.0 0.633333333333 0.427152317881 0.50499445061
0.876337693222 0.0 0.9 1.0 1.0
0.847205707491 0.0 0.866666666667 0.720750551876 0.732519422863
0.750297265161 0.0 0.766666666667 0.562913907285 0.580466148724
0.696789536266 0.0 0.7 0.679911699779 0.706992230855
0.519619500595 0.0 0.466666666667 0.330022075055 0.422863485017
0.645065398335 0.0 0.633333333333 0.519867549669 0.566037735849
0.945897740785 0.0 0.933333333333 0.859823399558 0.896781354051
0.698573127229 0.0 0.7 0.623620309051 0.652608213097
0.592152199762 0.0 0.633333333333 0.481236203091 0.472807991121
0.749108204518 0.0 0.733333333333 0.608167770419 0.652608213097
0.792508917955 0.0 0.733333333333 0.633554083885 0.720310765816
0.665873959572 0.0 0.6 0.491169977925 0.588235294118
0.5225921522 0.0 0.466666666667 0.344370860927 0.433962264151
0.696195005945 0.0 0.666666666667 0.515452538631 0.571587125416
0.617122473246 0.0 0.6 0.440397350993 0.486126526082
0.841260404281 0.0 0.766666666667 0.58940397351 0.688124306326
0.574316290131 0.0 0.533333333333 0.439293598234 0.507214206437
0.682520808561 0.0 0.666666666667 0.558498896247 0.597114317425
0.670035671819 0.0 0.6 0.583885209713 0.674805771365
0.475624256837 0.0 0.433333333333 0.364238410596 0.432852386238
0.443519619501 0.0 0.4 0.364238410596 0.432852386238
0.51724137931 0.0 0.466666666667 0.341059602649 0.41731409545
0.530915576694 0.0 0.466666666667 0.344370860927 0.433962264151
0.544589774078 0.0 0.533333333333 0.378587196468 0.413984461709
0.492865636147 0.0 0.5 0.380794701987 0.397336293008
0.722354340071 0.0 0.733333333333 0.649006622517 0.65371809101
0.89179548157 0.0 0.9 0.784768211921 0.788013318535
0.479785969084 0.0 0.433333333333 0.364238410596 0.432852386238
0.680142687277 0.0 0.633333333333 0.440397350993 0.507214206437
0.598692033294 0.0 0.566666666667 0.559602649007 0.607103218646
0.460760998811 0.0 0.433333333333 0.387417218543 0.435072142064
0.427467300832 0.0 0.4 0.387417218543 0.435072142064
0.463139120095 0.0 0.466666666667 0.380794701987 0.397336293008
0.606420927467 0.0 0.566666666667 0.4293598234 0.487236403996
0.449464922711 0.0 0.4 0.364238410596 0.432852386238
0.718787158145 0.0 0.766666666667 0.62472406181 0.588235294118
0.496432818074 0.0 0.466666666667 0.387417218543 0.435072142064
0.47146254459 0.0 0.4 0.344370860927 0.433962264151
0.463733650416 0.0 0.466666666667 0.440397350993 0.452830188679
0.484542211653 0.0 0.433333333333 0.364238410596 0.432852386238
0.714030915577 0.0 0.7 0.609271523179 0.633740288568
0.764565992866 0.0 0.766666666667 0.557395143488 0.567147613762
0.67063020214 0.0 0.666666666667 0.565121412804 0.580466148724
0.451843043995 0.0 0.4 0.364238410596 0.432852386238
0.612960760999 0.0 0.6 0.520971302428 0.544950055494
0.507134363853 0.0 0.433333333333 0.344370860927 0.433962264151
0.586206896552 0.0 0.533333333333 0.435982339956 0.50166481687
0.504161712247 0.0 0.466666666667 0.373068432671 0.42397336293
0.700951248514 0.0 0.633333333333 0.568432671082 0.643729189789
0.5225921522 0.0 0.466666666667 0.407284768212 0.475027746948
