0.634278002699 0.4 0.571428571429 0.432518597237 0.492584745763
0.587044534413 0.2 0.5 0.329436769394 0.349576271186
0.612010796221 0.2 0.571428571429 0.443145589798 0.391949152542
0.85290148448 0.2 0.892857142857 0.77045696068 0.684322033898
0.585020242915 0.0 0.571428571429 0.517534537726 0.353813559322
0.705128205128 0.4 0.714285714286 0.638682252922 0.551906779661
0.75371120108 0.0 0.714285714286 0.621679064825 0.542372881356
0.618758434548 0.0 0.607142857143 0.584484590861 0.448093220339
0.811740890688 0.6 0.821428571429 0.657810839532 0.75
0.502024291498 0.4 0.5 0.485653560043 0.476694915254
0.709176788124 0.2 0.75 0.752391073326 0.619703389831
0.827935222672 0.2 0.857142857143 0.868225292242 0.779661016949
0.571524966262 0.4 0.535714285714 0.350690754516 0.332627118644
0.512820512821 0.6 0.5 0.395324123273 0.398305084746
0.504723346829 0.2 0.428571428571 0.38788522848 0.426906779661
0.702429149798 0.2 0.678571428571 0.717321997875 0.643008474576
0.569500674764 0.4 0.5 0.432518597237 0.492584745763
0.448043184885 0.4 0.428571428571 0.453772582359 0.47563559322
0.645748987854 0.2 0.678571428571 0.783209351753 0.691737288136
0.645748987854 0.2 0.678571428571 0.783209351753 0.691737288136
0.744264507422 0.0 0.785714285714 0.820403825717 0.671610169492
0.724021592443 0.0 0.714285714286 0.710945802338 0.522245762712
0.866396761134 0.0 0.785714285714 0.584484590861 0.457627118644
0.71322537112 0.6 0.571428571429 0.214665249734 0.244703389831
0.582995951417 0.2 0.464285714286 0.193411264612 0.129237288136
0.52024291498 0.2 0.428571428571 0.151965993624 0.0889830508475
0.775978407557 0.6 0.678571428571 0.364505844846 0.463983050847
0.738191632928 0.4 0.714285714286 0.47821466525 0.305084745763
0.542510121457 0.0 0.392857142857 0.142401700319 0.106991525424
0.515519568151 0.2 0.357142857143 0.142401700319 0.106991525424
0.632253711201 0.2 0.642857142857 0.724760892667 0.614406779661
0.63697705803 0.4 0.535714285714 0.33049946865 0.327330508475
0.740215924426 0.2 0.821428571429 0.934112646121 0.828389830508
0.645748987854 0.2 0.678571428571 0.783209351753 0.691737288136
1.0 0.6 0.928571428571 0.65037194474 0.755296610169
0.973009446694 0.4 0.964285714286 0.880977683316 0.712923728814
0.790148448043 0.4 0.678571428571 0.522848034006 0.300847457627
0.386639676113 0.2 0.285714285714 0.163655685441 0.0900423728814
0.471659919028 0.0 0.321428571429 0.17215727949 0.0603813559322
0.620107962213 0.2 0.464285714286 0.34962805526 0.224576271186
0.528340080972 0.2 0.464285714286 0.247608926674 0.260593220339
0.526990553306 0.4 0.464285714286 0.395324123273 0.398305084746
0.367071524966 0.2 0.285714285714 0.245483528162 0.179025423729
0.387314439946 0.2 0.321428571429 0.29224229543 0.255296610169
0.489203778677 0.4 0.428571428571 0.29224229543 0.255296610169
0.577597840756 0.2 0.571428571429 0.481402763018 0.305084745763
0.412955465587 0.2 0.321428571429 0.165781083953 0.14936440678
0.42645074224 0.2 0.357142857143 0.224229543039 0.226694915254
0.707152496626 0.6 0.571428571429 0.447396386823 0.261652542373
0.740215924426 0.2 0.821428571429 0.934112646121 0.828389830508
0.898110661269 0.4 1.0 1.0 1.0
0.898110661269 0.4 1.0 1.0 1.0
0.645748987854 0.2 0.678571428571 0.783209351753 0.691737288136
0.632253711201 0.2 0.642857142857 0.724760892667 0.614406779661
0.711201079622 0.0 0.642857142857 0.515409139214 0.378177966102
0.732118758435 0.4 0.714285714286 0.580233793836 0.474576271186
0.888663967611 0.2 0.857142857143 0.839532412327 0.60063559322
0.951417004049 0.4 0.928571428571 0.87991498406 0.734110169492
0.645748987854 0.4 0.678571428571 0.680127523911 0.548728813559
0.699730094467 0.6 0.714285714286 0.680127523911 0.548728813559
0.481781376518 0.6 0.428571428571 0.40701381509 0.39936440678
0.441295546559 0.4 0.428571428571 0.350690754516 0.332627118644
0.617408906883 0.2 0.607142857143 0.5738575983 0.405720338983
0.643049932524 0.4 0.571428571429 0.347502656748 0.364406779661
0.686234817814 0.4 0.75 0.783209351753 0.691737288136
0.661943319838 0.2 0.714285714286 0.831030818278 0.685381355932
0.779352226721 0.0 0.75 0.620616365569 0.552966101695
0.635627530364 0.0 0.571428571429 0.415515409139 0.353813559322
0.737516869096 1.0 0.714285714286 0.467587672689 0.536016949153
0.755060728745 0.4 0.642857142857 0.499468650372 0.540254237288
0.715924426451 0.6 0.607142857143 0.432518597237 0.492584745763
0.668016194332 0.6 0.571428571429 0.385759829968 0.416313559322
0.762483130904 0.6 0.642857142857 0.519659936238 0.409957627119
0.894736842105 0.0 0.75 0.531349628055 0.271186440678
0.603238866397 0.4 0.535714285714 0.444208289054 0.493644067797
0.885290148448 0.4 0.75 0.451647183847 0.506355932203
0.648448043185 0.4 0.678571428571 0.680127523911 0.548728813559
0.567476383266 0.2 0.571428571429 0.680127523911 0.548728813559
0.706477732794 0.4 0.642857142857 0.38788522848 0.426906779661
0.798245614035 0.6 0.714285714286 0.343251859724 0.409957627119
