0.683309557775 0.111111111111 0.741935483871 0.630640083945 0.546304163127
0.785306704708 0.722222222222 0.838709677419 0.712486883526 0.698385726423
0.726105563481 0.333333333333 0.741935483871 0.572927597062 0.558198810535
0.731811697575 0.111111111111 0.741935483871 0.601259181532 0.591333899745
0.645506419401 0.222222222222 0.677419354839 0.552990556139 0.616822429907
0.809557774608 0.166666666667 0.903225806452 0.779643231899 0.92523364486
0.866619115549 0.0 0.935483870968 0.910807974816 0.89634664401
0.86305278174 0.111111111111 0.903225806452 0.834207764953 0.826677994902
0.808131241084 0.833333333333 0.870967741935 0.788037775446 0.677994902294
0.791726105563 0.611111111111 0.870967741935 0.87093389297 0.759558198811
0.82667617689 0.444444444444 0.870967741935 0.848898216159 0.782497875956
0.947931526391 0.0 0.935483870968 0.850996852046 0.905692438403
0.671897289586 0.777777777778 0.709677419355 0.486883525708 0.587085811385
0.69757489301 0.333333333333 0.806451612903 0.720881427072 0.562446898895
1.0 0.722222222222 0.967741935484 0.919202518363 0.965165675446
0.783880171184 0.777777777778 0.741935483871 0.615949632739 0.533559898046
0.800998573466 0.833333333333 0.903225806452 0.882476390346 0.852166525064
0.828102710414 0.0555555555556 0.838709677419 0.788037775446 0.797790994053
0.902995720399 0.722222222222 0.935483870968 1.0 1.0
0.662624821683 0.111111111111 0.612903225806 0.526757607555 0.442650807137
0.783880171184 0.777777777778 0.741935483871 0.615949632739 0.533559898046
0.623395149786 0.222222222222 0.677419354839 0.598111227702 0.561597281223
0.724679029957 0.222222222222 0.709677419355 0.495278069255 0.440101954121
0.724679029957 0.222222222222 0.709677419355 0.495278069255 0.440101954121
0.628388017118 0.333333333333 0.709677419355 0.774396642183 0.61427357689
0.708273894437 0.222222222222 0.709677419355 0.634837355719 0.578589634664
0.708273894437 0.222222222222 0.709677419355 0.634837355719 0.578589634664
0.614122681883 0.444444444444 0.677419354839 0.536201469045 0.403568394223
0.58487874465 0.555555555556 0.548387096774 0.311647429171 0.376380628717
0.639800285307 0.277777777778 0.677419354839 0.429171038825 0.43585386576
0.916547788873 0.777777777778 0.903225806452 0.91185729276 0.707731520816
0.724679029957 0.222222222222 0.709677419355 0.495278069255 0.440101954121
0.64122681883 0.388888888889 0.709677419355 0.676810073452 0.517417162277
0.724679029957 0.222222222222 0.709677419355 0.495278069255 0.440101954121
0.70970042796 0.0555555555556 0.709677419355 0.693599160546 0.552251486831
0.631954350927 0.111111111111 0.612903225806 0.530954879328 0.517417162277
0.803851640514 0.166666666667 0.870967741935 0.753410283316 0.872557349193
0.803851640514 0.166666666667 0.870967741935 0.753410283316 0.872557349193
0.694008559201 0.111111111111 0.838709677419 0.835257082896 0.89634664401
0.645506419401 0.222222222222 0.677419354839 0.552990556139 0.616822429907
0.691155492154 0.222222222222 0.677419354839 0.546694648478 0.505522514868
0.696861626248 0.111111111111 0.709677419355 0.572927597062 0.558198810535
0.562054208274 0.166666666667 0.645161290323 0.589716684155 0.581138487681
0.558487874465 0.166666666667 0.612903225806 0.513116474292 0.511469838573
0.820970042796 0.444444444444 0.838709677419 0.822665267576 0.729821580289
0.699001426534 0.833333333333 0.709677419355 0.615949632739 0.570943075616
0.825249643367 0.611111111111 0.838709677419 0.742917103882 0.683092608326
0.706134094151 0.444444444444 0.677419354839 0.538300104932 0.53950722175
0.79029957204 0.888888888889 0.774193548387 0.650577124869 0.691588785047
0.698288159772 0.166666666667 0.709677419355 0.666316894019 0.650807136788
0.622681883024 0.333333333333 0.709677419355 0.695697796432 0.549702633815
0.620542082739 0.333333333333 0.709677419355 0.746065057712 0.566694987256
0.900142653352 0.0 0.903225806452 0.865687303253 0.844519966015
0.923680456491 0.0 1.0 0.9685204617 0.96686491079
0.761055634807 0.222222222222 0.741935483871 0.726128016789 0.730671197961
0.640513552068 0.111111111111 0.709677419355 0.627492130115 0.559898045879
0.793865905849 0.555555555556 0.774193548387 0.641133263379 0.53950722175
0.783880171184 0.777777777778 0.741935483871 0.615949632739 0.533559898046
0.902995720399 0.722222222222 0.935483870968 1.0 1.0
0.79029957204 0.5 0.774193548387 0.707240293809 0.604078164826
0.720399429387 0.666666666667 0.741935483871 0.650577124869 0.619371282923
0.632667617689 0.111111111111 0.645161290323 0.456453305352 0.532710280374
0.674037089872 0.333333333333 0.709677419355 0.618048268625 0.440101954121
0.61697574893 1.0 0.612903225806 0.455403987408 0.491928632116
0.619828815977 0.277777777778 0.612903225806 0.402938090241 0.383177570093
0.574179743224 0.277777777778 0.612903225806 0.564533053515 0.455395072218
0.724679029957 0.222222222222 0.709677419355 0.495278069255 0.440101954121
0.724679029957 0.222222222222 0.709677419355 0.495278069255 0.440101954121
0.660485021398 0.0 0.645161290323 0.466946484785 0.406966864911
0.680456490728 0.0 0.709677419355 0.493179433368 0.459643160578
0.562054208274 0.166666666667 0.645161290323 0.589716684155 0.581138487681
0.602710413695 0.333333333333 0.645161290323 0.669464847849 0.497026338148
0.761055634807 0.222222222222 0.741935483871 0.726128016789 0.730671197961
0.748216833096 0.722222222222 0.741935483871 0.649527806925 0.587935429057
0.719686162625 0.166666666667 0.677419354839 0.689401888772 0.579439252336
0.754636233951 0.166666666667 0.709677419355 0.717733473242 0.612574341546
0.698288159772 0.222222222222 0.774193548387 0.657922350472 0.719626168224
0.645506419401 0.222222222222 0.677419354839 0.552990556139 0.616822429907
0.809557774608 0.166666666667 0.903225806452 0.779643231899 0.92523364486
0.618402282454 0.111111111111 0.741935483871 0.645330535152 0.67204757859
0.66547788873 0.333333333333 0.709677419355 0.613850996852 0.565845369584
0.647646219686 0.333333333333 0.645161290323 0.537250786988 0.496176720476
0.552781740371 0.277777777778 0.612903225806 0.521511017838 0.359388275276
0.683309557775 0.111111111111 0.741935483871 0.630640083945 0.546304163127
0.898002853067 0.722222222222 0.903225806452 0.731374606506 0.840271877655
0.646219686163 0.555555555556 0.709677419355 0.562434417629 0.626168224299
0.784593437946 0.222222222222 0.774193548387 0.859391395593 0.717077315208
0.80242510699 0.222222222222 0.838709677419 0.935991605456 0.786745964316
0.647646219686 0.333333333333 0.774193548387 0.645330535152 0.67204757859
0.656205420827 0.333333333333 0.709677419355 0.720881427072 0.595581988105
0.691155492154 0.666666666667 0.774193548387 0.737670514166 0.655055225149
0.668330955777 0.166666666667 0.774193548387 0.720881427072 0.562446898895
0.654778887304 0.388888888889 0.612903225806 0.465897166842 0.353440951572
0.625534950071 0.222222222222 0.58064516129 0.465897166842 0.353440951572
0.605563480742 0.222222222222 0.612903225806 0.521511017838 0.491928632116
0.647646219686 0.333333333333 0.774193548387 0.645330535152 0.67204757859
0.570613409415 0.888888888889 0.58064516129 0.409233997901 0.386576040782
0.608416547789 0.555555555556 0.645161290323 0.414480587618 0.498725573492
0.724679029957 0.222222222222 0.709677419355 0.495278069255 0.440101954121
0.713266761769 0.222222222222 0.774193548387 0.569779643232 0.529311809686
