0.696612665685 0.0 0.75 0.620540540541 0.70970464135
0.826215022091 0.0 0.875 0.816216216216 0.899578059072
0.70176730486 1.0 0.8125 0.767567567568 0.875105485232
0.737849779087 0.0 0.75 0.594594594595 0.684388185654
0.59646539028 1.0 0.625 0.462702702703 0.6194092827
0.80706921944 0.0 0.8125 0.631351351351 0.725738396624
0.775405007364 0.0 0.8125 0.755675675676 0.823628691983
0.664212076583 0.0 0.6875 0.593513513514 0.666666666667
0.708394698085 1.0 0.8125 0.700540540541 0.7805907173
0.835051546392 0.0 0.875 0.869189189189 0.929113924051
0.907216494845 1.0 0.90625 0.688648648649 0.86582278481
0.760677466863 0.0 0.78125 0.652972972973 0.717299578059
0.738586156112 0.0 0.71875 0.601081081081 0.702953586498
0.576583210604 1.0 0.59375 0.361081081081 0.495358649789
0.775405007364 0.0 0.875 0.914594594595 0.897890295359
0.777614138439 0.0 0.8125 0.731891891892 0.768776371308
0.742268041237 0.0 0.78125 0.734054054054 0.767088607595
0.696612665685 0.0 0.71875 0.636756756757 0.681856540084
0.640648011782 0.0 0.65625 0.551351351351 0.6
0.727540500736 0.0 0.6875 0.6 0.695358649789
0.60235640648 1.0 0.625 0.432432432432 0.548523206751
0.759204712813 0.0 0.8125 0.837837837838 0.848945147679
0.681885125184 0.0 0.6875 0.566486486486 0.614345991561
0.846097201767 1.0 0.8125 0.583783783784 0.754430379747
0.800441826215 0.0 0.84375 0.814054054054 0.829535864979
0.728276877761 1.0 0.78125 0.731891891892 0.822784810127
0.921207658321 1.0 0.90625 0.838918918919 0.994936708861
0.766568483063 0.0 0.75 0.6 0.658227848101
0.751840942563 1.0 0.78125 0.652972972973 0.755274261603
0.667157584683 1.0 0.6875 0.566486486486 0.675105485232
0.846097201767 1.0 0.875 0.811891891892 0.917299578059
0.695139911635 1.0 0.71875 0.562162162162 0.664135021097
0.665684830633 1.0 0.71875 0.622702702703 0.697890295359
0.681148748159 1.0 0.71875 0.604324324324 0.693670886076
0.886597938144 0.0 0.9375 1.0 1.0
0.79381443299 1.0 0.8125 0.738378378378 0.847257383966
0.785714285714 0.0 0.8125 0.808648648649 0.82447257384
0.675257731959 1.0 0.6875 0.561081081081 0.669198312236
0.628129602356 1.0 0.625 0.415135135135 0.533333333333
0.663475699558 1.0 0.6875 0.496216216216 0.589029535865
0.686303387334 0.0 0.75 0.714594594595 0.688607594937
0.647275405007 0.0 0.6875 0.635675675676 0.630379746835
0.722385861561 0.0 0.84375 0.822702702703 0.739240506329
0.734167893962 0.0 0.71875 0.604324324324 0.64641350211
0.70029455081 1.0 0.71875 0.521081081081 0.614345991561
0.774668630339 0.0 0.78125 0.68972972973 0.71223628692
0.856406480118 1.0 0.875 0.763243243243 0.862447257384
0.803387334315 1.0 0.8125 0.703783783784 0.810970464135
0.705449189985 0.0 0.71875 0.641081081081 0.654852320675
0.807805596465 1.0 0.75 0.497297297297 0.659915611814
0.963181148748 1.0 0.96875 0.775135135135 0.882700421941
0.772459499264 0.0 0.8125 0.776216216216 0.765400843882
0.668630338733 1.0 0.71875 0.598918918919 0.659071729958
0.60824742268 1.0 0.625 0.497297297297 0.587341772152
0.59499263623 1.0 0.59375 0.422702702703 0.525738396624
0.615611192931 1.0 0.59375 0.448648648649 0.571308016878
0.751840942563 0.0 0.75 0.615135135135 0.632911392405
0.733431516937 1.0 0.75 0.685405405405 0.77552742616
0.877761413844 0.0 0.84375 0.766486486486 0.8194092827
0.767304860088 0.0 0.75 0.717837837838 0.754430379747
1.0 1.0 1.0 0.863783783784 0.970464135021
0.829896907216 1.0 0.84375 0.787027027027 0.880168776371
0.59646539028 0.0 0.625 0.568648648649 0.555274261603
0.685567010309 0.0 0.71875 0.623783783784 0.605907172996
0.69587628866 0.0 0.65625 0.564324324324 0.615189873418
0.634020618557 0.0 0.71875 0.698378378378 0.632911392405
0.736377025037 0.0 0.78125 0.766486486486 0.740928270042
0.871870397644 0.0 0.84375 0.87027027027 0.918143459916
0.674521354934 0.0 0.6875 0.542702702703 0.540084388186
0.634020618557 0.0 0.65625 0.513513513514 0.500421940928
0.717231222386 0.0 0.71875 0.676756756757 0.68776371308
0.685567010309 1.0 0.78125 0.751351351351 0.760337552743
0.873343151694 1.0 0.84375 0.83027027027 0.962025316456
0.558910162003 1.0 0.65625 0.574054054054 0.576371308017
0.662002945508 1.0 0.71875 0.596756756757 0.637130801688
0.756259204713 1.0 0.78125 0.717837837838 0.792405063291
0.80117820324 0.0 0.78125 0.751351351351 0.783122362869
0.650957290133 1.0 0.71875 0.651891891892 0.682700421941
0.816642120766 0.0 0.90625 0.928648648649 0.857383966245
0.748895434462 0.0 0.8125 0.8 0.750210970464
0.660530191458 0.0 0.75 0.731891891892 0.654852320675
0.737113402062 0.0 0.75 0.703783783784 0.698734177215
0.673784977909 1.0 0.71875 0.620540540541 0.669198312236
0.701030927835 0.0 0.75 0.732972972973 0.693670886076
0.723858615611 0.0 0.8125 0.852972972973 0.77805907173
0.910898379971 0.0 0.9375 0.899459459459 0.883544303797
0.749631811487 0.0 0.8125 0.869189189189 0.818565400844
0.923416789396 0.0 0.875 0.860540540541 0.915611814346
0.825478645066 0.0 0.84375 0.837837837838 0.827004219409
0.773195876289 1.0 0.84375 0.824864864865 0.849789029536
0.664212076583 1.0 0.71875 0.694054054054 0.73164556962
0.90500736377 0.0 0.90625 0.962162162162 0.970464135021
0.829160530191 0.0 0.9375 0.989189189189 0.893670886076
0.833578792342 0.0 0.84375 0.851891891892 0.84641350211
0.648748159057 1.0 0.75 0.714594594595 0.704641350211
0.80559646539 0.0 0.78125 0.767567567568 0.792405063291
0.79970544919 0.0 0.84375 0.815135135135 0.772151898734
0.946980854197 0.0 0.9375 0.942702702703 0.95358649789
0.80117820324 0.0 0.78125 0.806486486486 0.823628691983
0.898379970545 0.0 0.90625 0.924324324324 0.914767932489
