0.353894080997 0.0 0.342105263158 0.143218197136 0.154870357393
0.735202492212 1.0 0.789473684211 0.781802864364 0.72529782761
1.0 0.666666666667 1.0 1.0 0.975473020322
0.927725856698 0.166666666667 0.947368421053 0.869418702612 1.0
0.40062305296 0.5 0.394736842105 0.284751474305 0.257182901191
0.855451713396 0.833333333333 0.894736842105 0.903117101938 0.869656622285
0.939563862928 0.5 0.921052631579 0.791912384162 0.838822704975
0.967601246106 0.0 0.894736842105 0.765796124684 0.883672039243
0.389408099688 0.333333333333 0.368421052632 0.295703454086 0.170988086896
0.509034267913 0.666666666667 0.605263157895 0.596461668071 0.565522074282
0.718380062305 0.833333333333 0.789473684211 0.837405223252 0.718290119131
0.390654205607 0.166666666667 0.394736842105 0.289806234204 0.199719691661
0.943925233645 0.333333333333 0.947368421053 0.854254422915 0.83391730904
0.897196261682 0.5 0.921052631579 0.923336141533 0.977575332866
0.998753894081 0.666666666667 0.947368421053 0.764953664701 0.836019621584
0.96199376947 0.0 1.0 0.892165122157 0.969866853539
0.373208722741 0.0 0.368421052632 0.240101095198 0.16257883672
0.471651090343 0.0 0.526315789474 0.33698399326 0.437981779958
0.417445482866 0.0 0.342105263158 0.210614995788 0.224246671338
0.454205607477 0.333333333333 0.421052631579 0.251053074979 0.316047652418
0.447352024922 0.0 0.5 0.370682392586 0.381920112123
0.460436137072 0.333333333333 0.447368421053 0.347935973041 0.371408549404
0.80062305296 0.5 0.842105263158 0.754844144903 0.800280308339
0.945794392523 0.0 0.947368421053 0.78601516428 0.948142957253
0.378193146417 0.0 0.447368421053 0.336141533277 0.340574632095
0.830529595016 0.0 0.868421052632 0.826453243471 0.899789768746
0.421806853583 0.0 0.473684210526 0.379949452401 0.390329362299
0.494080996885 0.333333333333 0.473684210526 0.324347093513 0.3728100911
0.739563862928 0.833333333333 0.815789473684 0.875315922494 0.807288016819
0.72523364486 0.0 0.789473684211 0.741364785173 0.688857743518
0.89968847352 0.0 0.921052631579 0.8449873631 0.929922915207
0.526479750779 0.5 0.5 0.449031171019 0.494744218641
0.882866043614 0.0 0.894736842105 0.823083403538 0.831814996496
0.414330218069 0.0 0.394736842105 0.272114574558 0.269796776454
0.752024922118 0.333333333333 0.736842105263 0.594776748104 0.573931324457
0.43738317757 0.0 0.368421052632 0.177759056445 0.212333566924
0.781308411215 0.5 0.763157894737 0.665543386689 0.770847932726
0.388785046729 0.0 0.421052631579 0.304128053917 0.29152067274
0.480373831776 0.0 0.552631578947 0.396798652064 0.402242466713
0.591277258567 0.0 0.684210526316 0.655433866891 0.693763139453
0.634890965732 0.0 0.736842105263 0.597304128054 0.706377014716
0.757632398754 0.833333333333 0.868421052632 0.903117101938 0.879467414156
0.601869158879 0.0 0.710526315789 0.598146588037 0.714786264891
0.685981308411 0.5 0.710526315789 0.548441449031 0.680448493343
0.690965732087 0.333333333333 0.657894736842 0.471777590564 0.456902592852
0.514641744548 0.0 0.473684210526 0.217354675653 0.358093903294
0.957632398754 0.0 0.894736842105 0.766638584667 0.913104414856
0.771339563863 0.0 0.815789473684 0.848357203033 0.836720392432
0.869158878505 0.0 0.763157894737 0.50800336984 0.756131744919
0.78691588785 0.0 0.842105263158 0.765796124684 0.899789768746
0.730218068536 0.333333333333 0.684210526316 0.562763268745 0.68465311843
0.509034267913 0.166666666667 0.552631578947 0.465880370682 0.424667133847
0.909657320872 0.0 0.842105263158 0.641954507161 0.867554309741
0.485981308411 0.166666666667 0.421052631579 0.192080876158 0.272599859846
0.57507788162 0.5 0.526315789474 0.417860151643 0.488437281009
0.542056074766 0.0 0.605263157895 0.603201347936 0.590749824807
0.608099688474 0.5 0.631578947368 0.441449031171 0.41695865452
0.822429906542 0.166666666667 0.868421052632 0.913226621735 0.925718290119
0.636760124611 0.166666666667 0.657894736842 0.557708508846 0.615276804485
0.700934579439 0.0 0.763157894737 0.687447346251 0.834618079888
0.395638629283 0.0 0.342105263158 0.231676495366 0.177995795375
0.545171339564 0.666666666667 0.578947368421 0.443133951137 0.417659425368
0.557009345794 0.0 0.657894736842 0.604043807919 0.585844428872
0.456074766355 0.166666666667 0.394736842105 0.265374894693 0.193412754029
0.772585669782 0.666666666667 0.815789473684 0.67902274642 0.672740014015
0.418691588785 0.0 0.421052631579 0.277169334457 0.243868255081
0.654205607477 0.0 0.631578947368 0.363942712721 0.55921513665
0.727725856698 0.833333333333 0.789473684211 0.880370682393 0.787666433076
0.482242990654 0.0 0.578947368421 0.489469250211 0.458304134548
0.645482866044 0.166666666667 0.684210526316 0.575400168492 0.645409950946
0.578816199377 0.0 0.473684210526 0.176074136479 0.277505255781
0.550778816199 0.0 0.631578947368 0.603201347936 0.564821303434
0.591277258567 0.333333333333 0.552631578947 0.396798652064 0.502452697968
0.424299065421 0.0 0.473684210526 0.288963774221 0.323756131745
0.780685358255 0.166666666667 0.815789473684 0.72451558551 0.762438682551
0.581931464174 0.333333333333 0.578947368421 0.513058129739 0.510861948143
0.836760124611 0.0 0.789473684211 0.686604886268 0.814295725298
0.901557632399 0.5 0.868421052632 0.75400168492 0.855641205326
0.846728971963 0.166666666667 0.763157894737 0.615838247683 0.723195515067
0.621183800623 0.333333333333 0.631578947368 0.481887110362 0.54590049054
0.818068535826 0.0 0.815789473684 0.70598146588 0.74912403644
0.664174454829 0.0 0.684210526316 0.547598989048 0.60686755431
0.421183800623 0.0 0.421052631579 0.331929233361 0.303433777155
0.947663551402 0.0 0.921052631579 0.810446503791 0.961457603364
0.547040498442 0.166666666667 0.5 0.30749789385 0.337070777856
0.51277258567 0.0 0.526315789474 0.441449031171 0.477224947442
0.788161993769 0.166666666667 0.842105263158 0.759056444819 0.87456201822
0.710903426791 0.0 0.710526315789 0.583824768324 0.657323055361
0.555763239875 0.166666666667 0.552631578947 0.422072451559 0.453398738612
0.721495327103 0.166666666667 0.684210526316 0.496208930076 0.635599159075
0.510903426791 0.0 0.473684210526 0.319292333614 0.408549404345
0.623676012461 0.0 0.605263157895 0.411962931761 0.523475823406
0.409345794393 0.166666666667 0.394736842105 0.299915754002 0.280308339173
0.948909657321 0.666666666667 0.894736842105 0.748946925021 0.823405746321
0.804984423676 0.0 0.789473684211 0.696714406066 0.809390329362
0.55015576324 0.0 0.552631578947 0.392586352148 0.365101611773
0.881619937695 0.333333333333 0.815789473684 0.709351305813 0.844428871759
0.76261682243 0.166666666667 0.789473684211 0.606571187869 0.654519971969
0.693457943925 0.166666666667 0.763157894737 0.714406065712 0.822004204625
0.699065420561 0.166666666667 0.684210526316 0.530749789385 0.662929222144
