0.761904761905 0.222222222222 0.666666666667 0.493181818182 0.556537102473
0.777021919879 0.333333333333 0.7 0.493181818182 0.556537102473
0.662887377173 0.222222222222 0.733333333333 0.538636363636 0.666961130742
0.637944066515 0.222222222222 0.633333333333 0.427272727273 0.539752650177
0.45275888133 0.555555555556 0.466666666667 0.461363636364 0.267667844523
0.508692365835 0.555555555556 0.566666666667 0.575 0.374558303887
0.702947845805 0.111111111111 0.7 0.563636363636 0.575088339223
0.746031746032 0.111111111111 0.766666666667 0.622727272727 0.664310954064
0.562358276644 0.222222222222 0.666666666667 0.521590909091 0.492049469965
0.55857898715 0.222222222222 0.633333333333 0.438636363636 0.41961130742
0.556311413454 0.222222222222 0.633333333333 0.493181818182 0.437279151943
0.593348450491 0.222222222222 0.666666666667 0.523863636364 0.471731448763
0.519274376417 0.444444444444 0.533333333333 0.370454545455 0.294169611307
0.519274376417 0.444444444444 0.533333333333 0.370454545455 0.294169611307
0.471655328798 0.555555555556 0.533333333333 0.544318181818 0.340106007067
0.832955404384 0.777777777778 0.833333333333 0.665909090909 0.757950530035
0.628873771731 0.0 0.633333333333 0.564772727273 0.530035335689
0.628873771731 0.0 0.633333333333 0.564772727273 0.530035335689
0.471655328798 0.555555555556 0.533333333333 0.544318181818 0.340106007067
0.904761904762 0.777777777778 0.8 0.5625 0.681978798587
0.55857898715 0.222222222222 0.633333333333 0.438636363636 0.41961130742
0.55857898715 0.222222222222 0.633333333333 0.438636363636 0.41961130742
0.548752834467 0.333333333333 0.666666666667 0.663636363636 0.484982332155
0.52380952381 0.333333333333 0.566666666667 0.552272727273 0.35777385159
0.745275888133 0.111111111111 0.733333333333 0.5125 0.589222614841
0.662887377173 0.222222222222 0.733333333333 0.538636363636 0.666961130742
0.662887377173 0.222222222222 0.733333333333 0.538636363636 0.666961130742
0.662887377173 0.222222222222 0.733333333333 0.538636363636 0.666961130742
0.48828420257 0.222222222222 0.5 0.370454545455 0.294169611307
0.521541950113 0.444444444444 0.533333333333 0.315909090909 0.276501766784
0.662887377173 0.222222222222 0.733333333333 0.538636363636 0.666961130742
0.662887377173 0.222222222222 0.733333333333 0.538636363636 0.666961130742
0.908541194255 0.333333333333 0.9 0.740909090909 0.839222614841
0.871504157218 0.333333333333 0.866666666667 0.710227272727 0.804770318021
0.815570672714 0.111111111111 0.733333333333 0.598863636364 0.677561837456
0.852607709751 0.111111111111 0.766666666667 0.629545454545 0.712014134276
0.469387755102 0.222222222222 0.433333333333 0.2875 0.221731448763
0.469387755102 0.222222222222 0.433333333333 0.2875 0.221731448763
0.971277399849 0.666666666667 1.0 0.856818181818 1.0
0.530612244898 0.555555555556 0.533333333333 0.3625 0.352473498233
0.797430083144 0.111111111111 0.8 0.852272727273 0.840989399293
0.822373393802 0.111111111111 0.9 0.963636363636 0.968197879859
0.711262282691 0.111111111111 0.666666666667 0.530681818182 0.502650176678
0.711262282691 0.111111111111 0.666666666667 0.530681818182 0.502650176678
0.877551020408 0.111111111111 0.866666666667 0.740909090909 0.839222614841
0.831443688587 0.333333333333 0.833333333333 0.689772727273 0.687279151943
0.45275888133 0.555555555556 0.466666666667 0.461363636364 0.267667844523
0.45275888133 0.555555555556 0.466666666667 0.461363636364 0.267667844523
0.653817082389 0.0 0.733333333333 0.676136363636 0.657243816254
0.653817082389 0.0 0.733333333333 0.676136363636 0.657243816254
0.736205593348 0.111111111111 0.766666666667 0.642045454545 0.629858657244
0.742252456538 0.555555555556 0.8 0.581818181818 0.766784452297
0.663643235072 0.666666666667 0.766666666667 0.802272727273 0.606890459364
0.626606198035 0.666666666667 0.733333333333 0.771590909091 0.572438162544
0.803476946334 0.0 0.833333333333 0.796590909091 0.6925795053
0.793650793651 0.111111111111 0.766666666667 0.685227272727 0.565371024735
0.477702191988 0.555555555556 0.566666666667 0.572727272727 0.394876325088
0.45275888133 0.555555555556 0.466666666667 0.461363636364 0.267667844523
0.75888133031 0.555555555556 0.666666666667 0.426136363636 0.513250883392
0.75888133031 0.555555555556 0.666666666667 0.426136363636 0.513250883392
0.78231292517 0.444444444444 0.9 0.734090909091 0.840989399293
0.745275888133 0.444444444444 0.866666666667 0.703409090909 0.806537102473
0.477702191988 0.555555555556 0.566666666667 0.572727272727 0.394876325088
0.477702191988 0.555555555556 0.566666666667 0.572727272727 0.394876325088
0.65910808768 0.222222222222 0.7 0.455681818182 0.594522968198
0.730914588057 1.0 0.8 0.682954545455 0.680212014134
0.61148904006 0.555555555556 0.7 0.771590909091 0.572438162544
0.595616024187 0.555555555556 0.7 0.771590909091 0.572438162544
0.871504157218 0.333333333333 0.866666666667 0.710227272727 0.804770318021
0.908541194255 0.333333333333 0.9 0.740909090909 0.839222614841
0.65306122449 0.333333333333 0.666666666667 0.427272727273 0.539752650177
0.668934240363 0.444444444444 0.666666666667 0.427272727273 0.539752650177
0.519274376417 0.444444444444 0.533333333333 0.370454545455 0.294169611307
0.519274376417 0.444444444444 0.533333333333 0.370454545455 0.294169611307
0.582766439909 0.222222222222 0.7 0.642045454545 0.686395759717
0.582766439909 0.222222222222 0.7 0.642045454545 0.686395759717
0.582766439909 0.222222222222 0.7 0.642045454545 0.686395759717
0.582766439909 0.222222222222 0.7 0.642045454545 0.686395759717
0.637944066515 0.222222222222 0.633333333333 0.427272727273 0.539752650177
1.0 0.666666666667 0.966666666667 1.0 0.933745583039
