0.869093725794 0.266666666667 0.8 0.819057815846 0.688634192932
0.869093725794 0.266666666667 0.8 0.819057815846 0.688634192932
0.80945003873 0.266666666667 0.833333333333 0.70556745182 0.717287488061
0.80945003873 0.266666666667 0.833333333333 0.70556745182 0.717287488061
0.800929512006 0.133333333333 0.766666666667 0.599571734475 0.761222540592
0.862896979086 0.466666666667 0.8 0.790149892934 0.651384909265
0.903175832688 0.133333333333 0.866666666667 0.867237687366 0.889207258835
0.903175832688 0.133333333333 0.866666666667 0.867237687366 0.889207258835
0.733539891557 0.2 0.7 0.663811563169 0.553008595989
0.759101471727 0.2 0.8 0.768736616702 0.690544412607
0.863671572424 0.933333333333 0.966666666667 0.872591006424 0.931232091691
0.972114639814 0.333333333333 0.966666666667 0.896145610278 0.915950334288
0.760650658404 0.133333333333 0.7 0.647751605996 0.579751671442
0.649109217661 0.266666666667 0.6 0.532119914347 0.59694364852
0.972114639814 0.333333333333 0.966666666667 0.896145610278 0.915950334288
0.670797831139 0.333333333333 0.6 0.511777301927 0.422158548233
0.835786212239 0.0 0.833333333333 0.677730192719 0.773638968481
0.814097598761 0.0 0.766666666667 0.65096359743 0.714422158548
0.824167312161 0.2 0.766666666667 0.630620985011 0.702960840497
0.741285824942 0.6 0.7 0.644539614561 0.607449856734
0.721920991479 0.6 0.633333333333 0.566381156317 0.529130850048
0.838884585593 0.466666666667 0.833333333333 0.838329764454 0.800382043935
0.680867544539 0.533333333333 0.633333333333 0.532119914347 0.59694364852
0.879163439194 0.733333333333 0.833333333333 0.785867237687 0.787010506208
0.942680092951 1.0 0.8 0.675588865096 0.65711556829
0.719597211464 0.266666666667 0.633333333333 0.526766595289 0.638013371538
0.81951975213 0.933333333333 0.9 0.805139186296 0.872015281757
0.777691711851 0.0 0.8 0.70556745182 0.717287488061
0.74748257165 0.4 0.7 0.673447537473 0.644699140401
0.662277304415 0.133333333333 0.666666666667 0.561027837259 0.49188156638
0.894655305964 0.266666666667 0.9 0.923982869379 0.826170009551
0.754453911696 0.8 0.733333333333 0.462526766595 0.573065902579
0.830364058869 0.8 0.933333333333 0.827623126338 0.766953199618
0.921766072812 0.8 0.866666666667 0.875802997859 0.713467048711
0.870642912471 0.666666666667 0.866666666667 0.838329764454 0.800382043935
0.915569326104 0.333333333333 0.866666666667 0.885438972163 0.853868194842
0.776142525174 0.0 0.733333333333 0.622055674518 0.677172874881
0.807900852053 0.266666666667 0.766666666667 0.622055674518 0.677172874881
0.824167312161 0.333333333333 0.833333333333 0.91755888651 0.866284622732
0.824167312161 0.333333333333 0.833333333333 0.91755888651 0.866284622732
0.862896979086 0.466666666667 0.8 0.790149892934 0.651384909265
0.869093725794 0.266666666667 0.8 0.819057815846 0.688634192932
0.968241673122 0.933333333333 0.966666666667 0.832976445396 0.958930276982
0.625096824167 0.133333333333 0.6 0.354389721627 0.551098376313
0.796281951975 0.2 0.666666666667 0.593147751606 0.529130850048
0.821843532146 0.2 0.766666666667 0.698072805139 0.666666666667
0.836560805577 0.0666666666667 0.933333333333 0.837259100642 0.859598853868
0.931061192874 0.333333333333 0.966666666667 0.948608137045 0.914995224451
0.772269558482 0.4 0.766666666667 0.745182012848 0.767908309456
0.791634391944 0.266666666667 0.766666666667 0.74625267666 0.687679083095
0.69093725794 0.266666666667 0.666666666667 0.58244111349 0.52435530086
0.843532145624 0.333333333333 0.9 0.995717344754 0.944603629417
0.776142525174 0.0 0.733333333333 0.622055674518 0.677172874881
0.797831138652 0.0 0.8 0.648822269807 0.736389684814
0.940356312936 1.0 0.866666666667 0.779443254818 0.824259789876
0.777691711851 0.0 0.8 0.70556745182 0.717287488061
0.690162664601 0.333333333333 0.666666666667 0.589935760171 0.500477554919
0.728117738187 0.333333333333 0.7 0.618843683084 0.537726838586
0.772269558482 0.4 0.766666666667 0.745182012848 0.767908309456
0.772269558482 0.4 0.766666666667 0.745182012848 0.767908309456
0.777691711851 0.0 0.8 0.70556745182 0.717287488061
0.777691711851 0.0 0.8 0.70556745182 0.717287488061
0.646010844307 0.133333333333 0.7 0.558886509636 0.513849092646
0.969790859799 1.0 1.0 0.97965738758 1.0
0.923315259489 0.133333333333 0.9 0.8147751606 0.879656160458
0.923315259489 0.133333333333 0.9 0.8147751606 0.879656160458
0.810224632068 0.4 0.8 0.77408993576 0.805157593123
0.842757552285 0.6 0.9 0.749464668094 0.821394460363
0.728117738187 0.333333333333 0.7 0.618843683084 0.537726838586
0.906274206042 0.8 0.833333333333 0.718415417559 0.794651384909
0.663051897754 0.2 0.666666666667 0.614561027837 0.466093600764
0.847405112316 0.266666666667 0.866666666667 0.734475374732 0.754536771729
0.780015491867 0.333333333333 0.8 0.827623126338 0.83476599809
0.780015491867 0.333333333333 0.8 0.827623126338 0.83476599809
0.85050348567 0.266666666667 0.833333333333 0.868308351178 0.72970391595
0.888458559256 0.266666666667 0.866666666667 0.89721627409 0.766953199618
0.810224632068 0.4 0.8 0.77408993576 0.805157593123
0.772269558482 0.4 0.766666666667 0.745182012848 0.767908309456
0.838884585593 0.466666666667 0.833333333333 0.838329764454 0.800382043935
0.870642912471 0.666666666667 0.866666666667 0.838329764454 0.800382043935
0.765298218435 0.133333333333 0.8 0.763383297645 0.828080229226
0.859024012393 0.866666666667 0.866666666667 0.747323340471 0.797516714422
0.879163439194 0.733333333333 0.833333333333 0.785867237687 0.787010506208
0.666150271108 0.266666666667 0.7 0.536402569593 0.537726838586
0.815646785438 0.0 0.833333333333 0.734475374732 0.754536771729
0.815646785438 0.0 0.833333333333 0.734475374732 0.754536771729
0.681642137878 0.133333333333 0.733333333333 0.639186295503 0.570200573066
0.919442292796 0.8 0.9 0.694860813704 0.96370582617
0.836560805577 0.8 0.866666666667 0.736616702355 0.817574021012
0.836560805577 0.8 0.866666666667 0.736616702355 0.817574021012
0.780015491867 0.933333333333 0.733333333333 0.629550321199 0.702005730659
0.759876065066 0.6 0.666666666667 0.595289079229 0.566380133715
0.942680092951 1.0 0.8 0.675588865096 0.65711556829
0.928737412858 0.333333333333 0.966666666667 1.0 0.934097421203
0.829589465531 0.266666666667 0.833333333333 0.648822269807 0.736389684814
1.0 0.933333333333 0.9 0.853319057816 0.87106017192
0.847405112316 0.266666666667 0.866666666667 0.734475374732 0.754536771729
0.815646785438 0.0 0.833333333333 0.734475374732 0.754536771729
0.940356312936 0.133333333333 0.933333333333 0.896145610278 0.915950334288
0.972114639814 0.333333333333 0.966666666667 0.896145610278 0.915950334288
