0.655576093654 0.0 0.72972972973 0.775681341719 0.750889679715
0.671595810228 0.0 0.702702702703 0.696016771488 0.691103202847
0.548367221195 0.0 0.594594594595 0.535639412998 0.53024911032
0.661737523105 0.0 0.72972972973 0.780922431866 0.709608540925
0.731361675909 0.0 0.756756756757 0.777777777778 0.746619217082
0.639556377079 0.0 0.702702702703 0.668763102725 0.603558718861
0.553912507702 0.0 0.540540540541 0.461215932914 0.489679715302
0.685767097967 0.0 0.756756756757 0.848008385744 0.738078291815
0.663585951941 0.5 0.702702702703 0.674004192872 0.696085409253
0.515711645102 0.0 0.567567567568 0.534591194969 0.478291814947
0.675908810844 0.0 0.675675675676 0.617400419287 0.600711743772
0.553296364757 0.0 0.594594594595 0.547169811321 0.491103202847
0.631546518792 0.0 0.675675675676 0.601677148847 0.532384341637
0.817621688232 0.5 0.810810810811 0.711740041929 0.761565836299
0.719038817006 0.5 0.810810810811 0.888888888889 0.815658362989
0.661737523105 0.5 0.756756756757 0.82180293501 0.75231316726
1.0 0.5 1.0 1.0 1.0
0.613062230437 0.0 0.675675675676 0.770440251572 0.655516014235
0.621072088725 0.5 0.621621621622 0.577568134172 0.634163701068
0.621072088725 0.0 0.675675675676 0.766247379455 0.659074733096
0.701786814541 0.0 0.756756756757 0.872117400419 0.748042704626
0.803450400493 1.0 0.864864864865 0.745283018868 0.797864768683
0.66112138016 0.0 0.594594594595 0.537735849057 0.576512455516
0.563154651879 0.0 0.594594594595 0.54821802935 0.483274021352
0.638324091189 0.5 0.621621621622 0.616352201258 0.66975088968
0.597042513863 0.5 0.594594594595 0.496855345912 0.548042704626
0.767097966728 0.0 0.756756756757 0.777777777778 0.713879003559
0.593345656192 0.0 0.621621621622 0.598532494759 0.519572953737
0.641404805915 0.0 0.648648648649 0.780922431866 0.696797153025
0.521256931608 0.5 0.567567567568 0.466457023061 0.469039145907
0.644485520641 0.0 0.702702702703 0.776729559748 0.64128113879
0.606900800986 0.0 0.621621621622 0.620545073375 0.549466192171
0.658040665434 0.0 0.675675675676 0.797693920335 0.698932384342
0.539125077018 0.0 0.567567567568 0.538784067086 0.464056939502
0.626001232286 0.5 0.702702702703 0.764150943396 0.693238434164
0.531731361676 0.0 0.513513513514 0.43605870021 0.419217081851
0.612446087492 0.5 0.648648648649 0.663522012579 0.644128113879
0.582871226124 0.0 0.621621621622 0.656184486373 0.551601423488
0.738139248306 0.0 0.702702702703 0.732704402516 0.691814946619
0.563154651879 0.0 0.567567567568 0.56394129979 0.502491103203
0.582871226124 0.5 0.621621621622 0.595387840671 0.57793594306
0.536044362292 0.0 0.540540540541 0.581761006289 0.516725978648
0.688847812693 0.0 0.675675675676 0.684486373166 0.621352313167
0.637707948244 0.0 0.675675675676 0.769392033543 0.643416370107
0.62292051756 0.0 0.621621621622 0.653039832285 0.580782918149
0.589648798521 0.5 0.648648648649 0.617400419287 0.57153024911
0.687615526802 0.0 0.702702702703 0.79035639413 0.679715302491
0.599507085644 0.0 0.594594594595 0.681341719078 0.604270462633
0.595810227973 0.0 0.621621621622 0.724318658281 0.608540925267
0.568083795441 0.0 0.594594594595 0.617400419287 0.515302491103
0.567467652495 0.5 0.621621621622 0.588050314465 0.544483985765
0.566235366605 0.0 0.594594594595 0.553459119497 0.456939501779
0.647566235367 0.0 0.648648648649 0.64570230608 0.562989323843
0.582871226124 0.0 0.567567567568 0.544025157233 0.491103202847
0.651263093038 0.5 0.675675675676 0.670859538784 0.643416370107
0.760936537277 0.5 0.756756756757 0.798742138365 0.782206405694
0.683918669131 0.0 0.648648648649 0.672955974843 0.620640569395
0.560690080099 0.0 0.594594594595 0.633123689727 0.516725978648
0.520640788663 0.0 0.567567567568 0.519916142558 0.405693950178
0.502772643253 0.0 0.594594594595 0.631027253669 0.456227758007
0.707332101047 0.0 0.675675675676 0.668763102725 0.612099644128
0.536044362292 0.5 0.594594594595 0.598532494759 0.544483985765
0.73505853358 0.0 0.675675675676 0.689727463312 0.657651245552
0.712261244609 0.0 0.702702702703 0.723270440252 0.63487544484
0.645101663586 0.0 0.648648648649 0.676100628931 0.580782918149
0.769562538509 0.0 0.756756756757 0.862683438155 0.758007117438
0.682070240296 0.0 0.675675675676 0.77463312369 0.674733096085
0.52988293284 0.0 0.594594594595 0.622641509434 0.471886120996
0.624768946396 0.5 0.675675675676 0.759958071279 0.686120996441
0.652495378928 0.0 0.675675675676 0.719077568134 0.594306049822
0.697473813925 0.5 0.675675675676 0.622641509434 0.638434163701
0.593961799137 0.5 0.621621621622 0.664570230608 0.624911032028
0.683302526186 0.5 0.702702702703 0.621593291405 0.594306049822
0.481823783118 0.5 0.486486486486 0.324947589099 0.35231316726
0.561922365989 0.0 0.594594594595 0.681341719078 0.548754448399
0.632162661738 0.5 0.621621621622 0.587002096436 0.592882562278
0.67898952557 0.5 0.675675675676 0.666666666667 0.65409252669
0.628465804067 0.0 0.675675675676 0.748427672956 0.590035587189
0.54775107825 0.0 0.540540540541 0.520964360587 0.44768683274
0.503388786198 0.5 0.540540540541 0.443396226415 0.419217081851
0.658040665434 0.0 0.648648648649 0.67819706499 0.583629893238
0.582871226124 0.5 0.594594594595 0.520964360587 0.508896797153
0.66112138016 0.5 0.621621621622 0.558700209644 0.592170818505
0.552680221811 0.5 0.594594594595 0.528301886792 0.483274021352
0.464571780653 0.5 0.459459459459 0.314465408805 0.345195729537
0.561306223044 0.0 0.594594594595 0.611111111111 0.479715302491
0.726432532348 0.0 0.648648648649 0.6928721174 0.661209964413
0.639556377079 0.5 0.594594594595 0.536687631027 0.576512455516
0.625385089341 0.0 0.675675675676 0.704402515723 0.542348754448
0.560073937153 0.5 0.621621621622 0.61215932914 0.533807829181
0.550831792976 0.0 0.540540540541 0.511530398323 0.434163701068
0.60505237215 0.0 0.594594594595 0.573375262055 0.487544483986
0.504621072089 0.5 0.540540540541 0.491614255765 0.453380782918
0.652495378928 0.0 0.648648648649 0.585953878407 0.491103202847
0.54528650647 0.5 0.594594594595 0.517819706499 0.461921708185
0.548367221195 0.5 0.594594594595 0.591194968553 0.528113879004
0.580406654344 0.0 0.621621621622 0.667714884696 0.515302491103
0.497227356747 0.5 0.513513513514 0.450733752621 0.43487544484
0.495378927911 0.5 0.513513513514 0.392033542977 0.382206405694
0.609365372766 0.5 0.621621621622 0.560796645702 0.533096085409
