0.276 0.0 0.230769230769 0.0549110595514 0.0296430732002
0.957714285714 0.833333333333 1.0 1.0 0.932849364791
0.861714285714 1.0 0.923076923077 0.874709976798 0.854809437387
1.0 0.333333333333 1.0 0.925754060325 1.0
0.918857142857 0.5 0.974358974359 0.860015467904 0.964912280702
0.331428571429 0.166666666667 0.358974358974 0.176334106729 0.11131276467
0.875428571429 0.666666666667 0.948717948718 0.838360402166 0.835450695705
0.486857142857 1.0 0.615384615385 0.630317092034 0.477918935269
0.944 0.0 0.948717948718 0.781902552204 0.842710223835
0.496571428571 0.833333333333 0.615384615385 0.570765661253 0.50998185118
0.377142857143 0.333333333333 0.410256410256 0.338747099768 0.302480338778
0.450857142857 0.666666666667 0.538461538462 0.453982985305 0.375075620085
0.542285714286 0.5 0.615384615385 0.492652745553 0.434361766485
0.905142857143 0.166666666667 0.923076923077 0.858468677494 0.837265577737
0.294857142857 0.0 0.282051282051 0.105955143078 0.0961887477314
0.326857142857 0.0 0.282051282051 0.0959010054138 0.0883242589232
0.332 0.166666666667 0.307692307692 0.117556071152 0.0562613430127
0.414285714286 0.0 0.512820512821 0.476411446249 0.359346642468
0.885714285714 0.0 0.897435897436 0.813611755607 0.903811252269
0.691428571429 0.166666666667 0.666666666667 0.46713070379 0.517846339988
0.306857142857 0.0 0.307692307692 0.211136890951 0.145190562613
0.719428571429 0.5 0.846153846154 0.745552977572 0.771324863884
0.609714285714 0.833333333333 0.717948717949 0.648878576953 0.636418632789
0.62 0.0 0.717948717949 0.631863882444 0.573502722323
0.633142857143 0.0 0.769230769231 0.664346481052 0.668481548699
0.396571428571 0.166666666667 0.384615384615 0.179427687548 0.177253478524
0.656 0.5 0.589743589744 0.411446249033 0.523895946763
0.850857142857 0.5 0.794871794872 0.61098221191 0.707199032063
0.512571428571 0.166666666667 0.564102564103 0.443155452436 0.440411373261
0.864 0.666666666667 0.974358974359 0.913379737046 0.88868723533
0.792 0.0 0.871794871795 0.77494199536 0.750756200847
0.32 0.0 0.333333333333 0.185614849188 0.124016938899
0.368 0.166666666667 0.333333333333 0.120649651972 0.154264972777
0.821142857143 0.833333333333 0.897435897436 0.811291569992 0.833635813672
0.9 0.166666666667 0.897435897436 0.713070378964 0.863278886872
0.714857142857 1.0 0.820512820513 0.806651198763 0.753176043557
0.334285714286 0.0 0.307692307692 0.133023975251 0.13127646703
0.492 0.0 0.615384615385 0.498839907193 0.447065940714
0.460571428571 0.166666666667 0.487179487179 0.265274555298 0.322444041137
0.813714285714 0.0 0.846153846154 0.688321732405 0.793103448276
0.583428571429 0.0 0.666666666667 0.526682134571 0.547489413188
0.737142857143 0.666666666667 0.794871794872 0.649651972158 0.65335753176
0.321142857143 0.0 0.358974358974 0.218870843001 0.225045372051
0.465714285714 0.0 0.564102564103 0.424593967517 0.427102238355
0.756571428571 0.0 0.846153846154 0.720030935808 0.808227465215
0.351428571429 0.0 0.358974358974 0.127610208817 0.210526315789
0.349142857143 0.0 0.410256410256 0.298530549111 0.255293405929
0.777142857143 0.666666666667 0.871794871795 0.785769528229 0.751361161525
0.764 0.166666666667 0.820512820513 0.763341067285 0.824561403509
0.694285714286 0.0 0.794871794872 0.726991492653 0.739261947973
0.808 0.5 0.897435897436 0.8437741686 0.764065335753
0.486857142857 0.333333333333 0.435897435897 0.264501160093 0.279491833031
0.457142857143 0.666666666667 0.538461538462 0.450889404486 0.416817906836
0.701142857143 0.333333333333 0.74358974359 0.578499613302 0.523290986086
0.585714285714 0.0 0.692307692308 0.583913379737 0.563823351482
0.390857142857 0.333333333333 0.461538461538 0.351121423047 0.318814277072
0.730285714286 0.0 0.820512820513 0.785769528229 0.748336358137
0.870857142857 0.5 0.948717948718 0.894044856922 0.903206291591
0.743428571429 0.0 0.794871794872 0.69528228925 0.733817301875
0.469714285714 0.0 0.538461538462 0.37973704563 0.367211131276
0.710285714286 0.0 0.74358974359 0.551430781129 0.695704779189
0.377714285714 0.333333333333 0.410256410256 0.314771848415 0.280701754386
0.573142857143 0.833333333333 0.692307692308 0.729311678268 0.526920750151
0.627428571429 0.0 0.74358974359 0.653518948183 0.615245009074
0.521714285714 0.333333333333 0.512820512821 0.430781129157 0.464609800363
0.837142857143 0.0 0.923076923077 0.859242072699 0.840290381125
0.547428571429 0.0 0.641025641026 0.53596287703 0.531155474894
0.907428571429 0.0 0.923076923077 0.824439288476 0.882637628554
0.340571428571 0.0 0.358974358974 0.189481825213 0.169388989716
0.566857142857 0.0 0.564102564103 0.377416860015 0.402903811252
0.752571428571 0.0 0.794871794872 0.640371229698 0.59407138536
0.754285714286 0.0 0.794871794872 0.675947409126 0.723532970357
0.905142857143 0.0 0.948717948718 0.861562258314 0.882637628554
0.554857142857 0.0 0.512820512821 0.326372776489 0.293405928615
0.432 0.166666666667 0.410256410256 0.288476411446 0.244404113733
0.394857142857 0.0 0.461538461538 0.296210363496 0.348457350272
0.337714285714 0.0 0.384615384615 0.215003866976 0.250453720508
0.370857142857 0.0 0.435897435897 0.292343387471 0.248638838475
0.485714285714 0.0 0.589743589744 0.522041763341 0.446460980036
0.716 0.666666666667 0.769230769231 0.658932714617 0.528735632184
0.642857142857 0.0 0.692307692308 0.53905645785 0.549304295221
0.76 0.0 0.769230769231 0.602474864656 0.683000604961
0.399428571429 0.0 0.410256410256 0.22815158546 0.234724742892
0.625142857143 0.5 0.641025641026 0.433101314772 0.430127041742
0.836 0.166666666667 0.897435897436 0.819025522042 0.811252268603
0.592 0.166666666667 0.692307692308 0.571539056458 0.617664851785
0.576571428571 0.0 0.641025641026 0.568445475638 0.532970356927
0.360571428571 0.0 0.384615384615 0.22969837587 0.266182698125
0.393142857143 0.0 0.487179487179 0.351121423047 0.38112522686
0.482285714286 0.0 0.512820512821 0.351121423047 0.340592861464
0.530857142857 0.0 0.435897435897 0.204176334107 0.290986085904
0.948571428571 0.333333333333 0.948717948718 0.91724671307 0.896551724138
0.526285714286 0.0 0.512820512821 0.365042536736 0.369630973987
0.665142857143 0.166666666667 0.769230769231 0.740139211137 0.687235329704
0.357714285714 0.166666666667 0.435897435897 0.30471771075 0.27465214761
0.382857142857 0.0 0.410256410256 0.241299303944 0.228675136116
0.787428571429 0.166666666667 0.74358974359 0.589327146172 0.699939503932
0.517142857143 0.333333333333 0.589743589744 0.517401392111 0.458560193587
0.773142857143 0.0 0.769230769231 0.577726218097 0.655172413793
0.784 0.0 0.74358974359 0.53441608662 0.598306110103
