0.491046831956 0.333333333333 0.441176470588 0.250856164384 0.21146953405
0.491046831956 0.333333333333 0.441176470588 0.250856164384 0.21146953405
0.86914600551 0.111111111111 0.852941176471 0.750856164384 0.809318996416
0.854683195592 0.111111111111 0.882352941176 0.749143835616 0.825806451613
0.741046831956 0.444444444444 0.647058823529 0.406678082192 0.53835125448
0.712809917355 0.222222222222 0.617647058824 0.406678082192 0.53835125448
0.890495867769 0.0 0.823529411765 0.717465753425 0.721863799283
0.890495867769 0.0 0.823529411765 0.717465753425 0.721863799283
0.495179063361 0.555555555556 0.588235294118 0.507705479452 0.443010752688
0.495179063361 0.555555555556 0.588235294118 0.507705479452 0.443010752688
0.793388429752 0.111111111111 0.764705882353 0.5625 0.746953405018
0.782369146006 0.111111111111 0.823529411765 0.623287671233 0.822222222222
0.694214876033 0.777777777778 0.676470588235 0.577910958904 0.530465949821
0.491046831956 0.333333333333 0.441176470588 0.250856164384 0.21146953405
0.660468319559 0.444444444444 0.676470588235 0.553938356164 0.480286738351
0.646694214876 0.333333333333 0.647058823529 0.553938356164 0.480286738351
0.566115702479 0.111111111111 0.529411764706 0.432363013699 0.33835125448
0.699724517906 1.0 0.647058823529 0.58647260274 0.421505376344
0.723140495868 0.444444444444 0.705882352941 0.483732876712 0.559856630824
0.723140495868 0.444444444444 0.705882352941 0.483732876712 0.559856630824
0.607438016529 0.111111111111 0.676470588235 0.614726027397 0.555555555556
0.584710743802 0.111111111111 0.588235294118 0.530821917808 0.452329749104
0.607438016529 0.111111111111 0.676470588235 0.614726027397 0.555555555556
0.607438016529 0.111111111111 0.676470588235 0.614726027397 0.555555555556
0.784435261708 0.666666666667 0.705882352941 0.463184931507 0.526164874552
0.547520661157 0.444444444444 0.558823529412 0.391267123288 0.455197132616
0.588154269972 0.888888888889 0.617647058824 0.382705479452 0.404301075269
1.0 0.555555555556 1.0 1.0 1.0
0.509641873278 0.222222222222 0.470588235294 0.227739726027 0.270967741935
0.523415977961 0.333333333333 0.5 0.227739726027 0.270967741935
0.498622589532 0.222222222222 0.529411764706 0.28852739726 0.34623655914
0.498622589532 0.222222222222 0.529411764706 0.28852739726 0.34623655914
0.759641873278 0.111111111111 0.735294117647 0.539383561644 0.718996415771
0.793388429752 0.111111111111 0.764705882353 0.5625 0.746953405018
0.513774104683 0.444444444444 0.529411764706 0.368150684932 0.427240143369
0.513774104683 0.444444444444 0.529411764706 0.368150684932 0.427240143369
0.736225895317 0.0 0.852941176471 0.747431506849 0.802150537634
0.736225895317 0.0 0.852941176471 0.747431506849 0.802150537634
0.459366391185 0.222222222222 0.470588235294 0.332191780822 0.348387096774
0.425619834711 0.222222222222 0.441176470588 0.309075342466 0.320430107527
0.5 0.333333333333 0.5 0.368150684932 0.427240143369
0.5 0.333333333333 0.5 0.368150684932 0.427240143369
0.618457300275 0.111111111111 0.617647058824 0.553938356164 0.480286738351
0.612947658402 0.333333333333 0.617647058824 0.530821917808 0.452329749104
0.448347107438 0.222222222222 0.529411764706 0.392979452055 0.423655913978
0.459366391185 0.222222222222 0.470588235294 0.332191780822 0.348387096774
0.632231404959 0.222222222222 0.647058823529 0.553938356164 0.480286738351
0.626721763085 0.0 0.558823529412 0.394691780822 0.376344086022
0.615013774105 0.111111111111 0.588235294118 0.371575342466 0.336917562724
0.629476584022 0.222222222222 0.588235294118 0.371575342466 0.336917562724
0.532369146006 0.222222222222 0.558823529412 0.311643835616 0.374193548387
0.509641873278 0.222222222222 0.470588235294 0.227739726027 0.270967741935
0.603994490358 0.111111111111 0.647058823529 0.552226027397 0.496774193548
0.603994490358 0.111111111111 0.647058823529 0.552226027397 0.496774193548
0.717630853994 0.222222222222 0.764705882353 0.567636986301 0.663082437276
0.717630853994 0.222222222222 0.764705882353 0.567636986301 0.663082437276
0.498622589532 0.222222222222 0.529411764706 0.28852739726 0.34623655914
0.532369146006 0.222222222222 0.558823529412 0.311643835616 0.374193548387
0.782369146006 0.111111111111 0.823529411765 0.623287671233 0.822222222222
0.782369146006 0.111111111111 0.823529411765 0.623287671233 0.822222222222
0.522727272727 0.333333333333 0.588235294118 0.452054794521 0.530465949821
0.522727272727 0.333333333333 0.588235294118 0.452054794521 0.530465949821
0.759641873278 0.111111111111 0.735294117647 0.539383561644 0.718996415771
0.782369146006 0.111111111111 0.823529411765 0.623287671233 0.822222222222
0.660468319559 0.444444444444 0.676470588235 0.553938356164 0.480286738351
0.660468319559 0.444444444444 0.676470588235 0.553938356164 0.480286738351
0.444903581267 0.222222222222 0.5 0.330479452055 0.364874551971
0.444903581267 0.222222222222 0.5 0.330479452055 0.364874551971
0.646694214876 0.333333333333 0.647058823529 0.553938356164 0.480286738351
0.660468319559 0.444444444444 0.676470588235 0.553938356164 0.480286738351
0.679752066116 0.0 0.735294117647 0.640410958904 0.670967741935
0.679752066116 0.0 0.735294117647 0.640410958904 0.670967741935
0.475895316804 0.222222222222 0.441176470588 0.204623287671 0.243010752688
0.509641873278 0.222222222222 0.470588235294 0.227739726027 0.270967741935
0.551652892562 0.555555555556 0.529411764706 0.227739726027 0.270967741935
0.523415977961 0.333333333333 0.5 0.227739726027 0.270967741935
0.457300275482 0.333333333333 0.411764705882 0.227739726027 0.183512544803
0.504820936639 0.444444444444 0.470588235294 0.250856164384 0.21146953405
0.618457300275 0.111111111111 0.617647058824 0.553938356164 0.480286738351
0.646694214876 0.333333333333 0.647058823529 0.553938356164 0.480286738351
