0.486209964413 0.0 0.512820512821 0.39090309822 0.390131956397
0.753113879004 0.0 0.692307692308 0.57481872116 0.526104417671
0.480871886121 0.0 0.487179487179 0.39090309822 0.356282271945
0.568505338078 0.0 0.615384615385 0.519446275544 0.50430292599
0.197953736655 0.333333333333 0.25641025641 0.0731707317073 0.087205966724
0.503558718861 0.333333333333 0.589743589744 0.429795649308 0.408491107286
0.725533807829 0.0 0.666666666667 0.542518127884 0.530120481928
0.395017793594 0.0 0.461538461538 0.384311140409 0.305794606999
0.65524911032 1.0 0.666666666667 0.541199736322 0.550774526678
0.78603202847 0.0 0.871794871795 0.75280158207 0.664371772806
0.546708185053 0.0 0.615384615385 0.638760711931 0.520367183018
0.488879003559 0.0 0.538461538462 0.539881344759 0.453241537579
0.755338078292 0.0 0.794871794872 0.690837178642 0.658060814687
0.754003558719 0.0 0.794871794872 0.719182597231 0.670109007458
0.370551601423 0.333333333333 0.461538461538 0.400131839156 0.403901319564
0.294039145907 0.0 0.384615384615 0.351351351351 0.249569707401
0.717081850534 0.0 0.641025641026 0.537903757416 0.513482501434
0.347419928826 0.666666666667 0.358974358974 0.319709953856 0.275387263339
0.399466192171 0.0 0.512820512821 0.467369808833 0.451520367183
0.467971530249 0.0 0.512820512821 0.449571522742 0.383820998279
0.717081850534 0.0 0.641025641026 0.537903757416 0.513482501434
0.36165480427 0.333333333333 0.461538461538 0.428477257746 0.370625358577
0.399466192171 0.0 0.512820512821 0.467369808833 0.451520367183
0.467971530249 0.0 0.512820512821 0.449571522742 0.383820998279
0.762455516014 0.0 0.769230769231 0.668424522083 0.710843373494
0.46396797153 0.0 0.538461538462 0.479894528675 0.382099827883
0.532028469751 0.0 0.615384615385 0.5174686882 0.487664945496
0.53024911032 0.333333333333 0.615384615385 0.504943968359 0.590935169248
0.758451957295 0.0 0.846153846154 0.829268292683 0.72346528973
0.768683274021 0.333333333333 0.692307692308 0.559657218194 0.481353987378
0.762010676157 0.0 0.769230769231 0.665128543177 0.726907630522
0.651690391459 0.666666666667 0.641025641026 0.629531970995 0.506597819851
0.618772241993 0.0 0.666666666667 0.593935398813 0.545611015491
0.53603202847 0.0 0.589743589744 0.541199736322 0.496844520941
0.411476868327 0.333333333333 0.487179487179 0.366512854318 0.334480780264
0.874555160142 0.0 0.897435897436 0.761371127225 0.78313253012
0.660587188612 0.0 0.717948717949 0.60316413975 0.547905909352
0.610320284698 0.0 0.538461538462 0.458141067897 0.333907056799
0.267348754448 0.0 0.358974358974 0.301911667765 0.330464716007
0.655693950178 0.0 0.589743589744 0.470006591958 0.440619621343
0.560498220641 0.0 0.692307692308 0.659854976928 0.581755593804
0.893238434164 0.0 0.769230769231 0.727752142386 0.57487091222
0.326957295374 0.333333333333 0.358974358974 0.179301252472 0.178427997705
0.56628113879 0.0 0.692307692308 0.692814765985 0.647160068847
0.77268683274 0.0 0.769230769231 0.705339485827 0.57487091222
0.75 0.0 0.769230769231 0.647330257086 0.549053356282
0.52090747331 0.0 0.589743589744 0.433750823995 0.452667814114
0.824288256228 0.0 0.923076923077 0.832564271589 0.737234652897
0.607206405694 0.666666666667 0.564102564103 0.458141067897 0.473321858864
0.846085409253 0.0 0.897435897436 0.895187870798 0.78198508319
0.511565836299 0.0 0.615384615385 0.586684245221 0.554790590935
0.781138790036 0.666666666667 0.692307692308 0.53460777851 0.483075157774
0.887455516014 0.0 0.74358974359 0.628872775214 0.567986230637
0.673487544484 0.0 0.692307692308 0.599208965063 0.629374641423
0.294928825623 0.0 0.358974358974 0.297956493078 0.261617900172
0.395462633452 0.0 0.564102564103 0.561634805537 0.454962707975
0.637900355872 0.0 0.641025641026 0.528015820699 0.495123350545
0.709519572954 0.0 0.717948717949 0.642715886618 0.515777395295
0.313612099644 0.0 0.435897435897 0.444957152274 0.382673551348
0.326957295374 0.333333333333 0.358974358974 0.179301252472 0.178427997705
0.591192170819 0.0 0.589743589744 0.563612392881 0.537005163511
0.453736654804 0.0 0.461538461538 0.361239288069 0.347676419966
0.417259786477 0.0 0.461538461538 0.38497033619 0.338496844521
0.628558718861 0.333333333333 0.564102564103 0.348714568227 0.298336201951
0.504003558719 0.0 0.461538461538 0.349373764008 0.347676419966
0.267348754448 0.0 0.358974358974 0.301911667765 0.330464716007
0.75 0.0 0.769230769231 0.647330257086 0.549053356282
0.614768683274 0.0 0.589743589744 0.509558338827 0.476764199656
0.56628113879 0.0 0.692307692308 0.692814765985 0.647160068847
0.411921708185 0.666666666667 0.487179487179 0.420566908372 0.364888123924
0.545818505338 0.0 0.666666666667 0.60316413975 0.59323006311
0.787366548043 0.0 0.692307692308 0.599868160844 0.530694205393
0.508451957295 0.0 0.666666666667 0.705339485827 0.693631669535
1.0 0.0 1.0 1.0 1.0
0.680160142349 0.0 0.641025641026 0.623599208965 0.543889845095
0.64768683274 0.0 0.666666666667 0.576796308504 0.572576018359
0.791370106762 0.0 0.820512820513 0.721160184575 0.711417096959
0.364323843416 0.0 0.487179487179 0.421226104153 0.427997705106
0.831850533808 0.0 0.769230769231 0.680949241925 0.636833046472
0.313612099644 0.0 0.435897435897 0.444957152274 0.382673551348
0.387900355872 0.0 0.461538461538 0.358602504944 0.371199082042
0.831850533808 0.0 0.769230769231 0.680949241925 0.636833046472
0.664145907473 0.0 0.820512820513 0.811470006592 0.725760183592
0.658362989324 0.0 0.794871794872 0.755438365194 0.694205393001
0.660587188612 0.333333333333 0.666666666667 0.524060646012 0.457257601836
0.497775800712 0.0 0.589743589744 0.504284772577 0.461273666093
0.537366548043 0.0 0.641025641026 0.601186552406 0.559954102123
0.478202846975 0.0 0.589743589744 0.5174686882 0.469879518072
0.565836298932 0.0 0.589743589744 0.469347396177 0.468732071142
0.338078291815 0.0 0.410256410256 0.294001318392 0.306368330465
0.411476868327 0.0 0.512820512821 0.389584706658 0.391853126793
0.356761565836 0.0 0.435897435897 0.328938694792 0.382099827883
0.64768683274 0.0 0.666666666667 0.576796308504 0.572576018359
0.628558718861 0.333333333333 0.564102564103 0.348714568227 0.298336201951
0.584519572954 0.0 0.641025641026 0.61502966381 0.539300057372
0.520462633452 0.0 0.564102564103 0.496374423204 0.465863453815
0.573398576512 0.0 0.615384615385 0.560975609756 0.479632816982
0.706850533808 0.666666666667 0.589743589744 0.456163480554 0.439472174412
0.67037366548 0.0 0.564102564103 0.480553724456 0.38611589214
0.572508896797 0.0 0.487179487179 0.380355965722 0.419965576592
