0.822921790457 0.0 0.842105263158 0.781370284834 0.861411315957
0.75110673881 0.0 0.842105263158 0.922247882987 0.90527654164
0.779636005903 0.0 0.763157894737 0.658968437259 0.772409408773
0.630103295622 0.0 0.736842105263 0.750577367206 0.750794659886
0.595179537629 0.0 0.710526315789 0.695919938414 0.698664971392
0.560255779636 0.0 0.657894736842 0.605850654349 0.638906547997
0.748155435317 0.0 0.815789473684 0.777521170131 0.791481246027
0.611411706837 0.0 0.657894736842 0.539645881447 0.621741894469
0.726020659124 0.0 0.789473684211 0.85142417244 0.853782581055
0.607476635514 0.0 0.710526315789 0.725943033102 0.722822631914
1.0 0.0 1.0 0.990762124711 1.0
0.599606492868 0.0 0.763157894737 0.8298691301 0.752066115702
0.36645351697 0.0 0.447368421053 0.377213240955 0.464717101081
0.73930152484 0.0 0.815789473684 0.795996920708 0.784488239034
0.551893753074 0.0 0.631578947368 0.618167821401 0.648442466624
0.700442695524 0.0 0.736842105263 0.639722863741 0.692307692308
0.625676340384 0.0 0.736842105263 0.789838337182 0.754609027336
0.649286768323 0.0 0.763157894737 0.751347190146 0.718372536554
0.603541564191 0.0 0.684210526316 0.672055427252 0.685314685315
0.85686178062 0.0 0.842105263158 0.749807544265 0.81055308328
0.715199212986 0.0 0.842105263158 0.953040800616 0.863954227591
0.700442695524 0.0 0.842105263158 1.0 0.890654799746
0.554353172651 0.0 0.657894736842 0.615088529638 0.614113159568
0.657156910969 0.0 0.763157894737 0.822170900693 0.775588048315
0.546483030005 0.0 0.631578947368 0.571208622017 0.594405594406
0.667978357108 0.0 0.736842105263 0.621247113164 0.639542275906
0.515494343335 0.0 0.631578947368 0.655889145497 0.637635092181
0.593212001968 0.0 0.684210526316 0.688991531948 0.680864589955
0.592228234137 0.0 0.631578947368 0.624326404927 0.671328671329
0.86325627152 0.0 0.947368421053 0.9792147806 0.904640813732
0.630595179538 0.0 0.710526315789 0.777521170131 0.758423394787
0.60255779636 0.0 0.657894736842 0.511932255581 0.560076287349
0.665518937531 0.0 0.763157894737 0.785989222479 0.744437380801
0.712247909493 0.0 0.868421052632 0.948421862972 0.821360457724
0.765371372356 0.0 0.763157894737 0.70207852194 0.752066115702
0.945892769306 0.0 0.947368421053 0.966127790608 0.952320406866
0.606492867683 0.0 0.736842105263 0.72363356428 0.663699936427
0.719626168224 0.0 0.763157894737 0.751347190146 0.753973299428
0.605509099852 0.0 0.684210526316 0.716705157814 0.702479338843
0.557304476144 0.0 0.657894736842 0.690531177829 0.664335664336
0.474667978357 0.0 0.526315789474 0.505003849115 0.558804831532
0.551893753074 0.0 0.631578947368 0.595073133179 0.602670057216
0.461878996557 0.0 0.552631578947 0.518090839107 0.534011443102
0.954746679784 0.0 0.947368421053 0.930715935335 0.92180546726
0.710772257747 0.0 0.763157894737 0.754426481909 0.741258741259
0.675356615839 0.0 0.736842105263 0.722863741339 0.709472345836
0.829808165273 0.0 0.815789473684 0.718244803695 0.760330578512
0.702410231185 0.0 0.815789473684 0.890685142417 0.799745708837
0.779144121987 0.0 0.789473684211 0.829099307159 0.833439287985
0.805705853419 0.0 0.815789473684 0.817551963048 0.821360457724
0.547466797836 0.0 0.631578947368 0.594303310239 0.590591226955
0.632070831284 0.0 0.710526315789 0.664357197844 0.646535282899
0.626660108214 0.0 0.736842105263 0.826020015396 0.752701843611
0.62075750123 0.0 0.684210526316 0.561970746728 0.575333757152
0.791933103788 0.0 0.789473684211 0.738260200154 0.76541640178
0.573044761436 0.0 0.684210526316 0.719784449577 0.666242848061
0.737825873094 0.0 0.815789473684 0.820631254811 0.766052129688
0.492867683227 0.0 0.578947368421 0.565819861432 0.565162110617
0.61436301033 0.0 0.684210526316 0.618937644342 0.613477431659
0.641416625676 0.0 0.684210526316 0.647421093149 0.65861411316
0.507132316773 0.0 0.605263157895 0.631254811393 0.605848696758
0.522380718151 0.0 0.578947368421 0.511932255581 0.541640178004
0.662567634038 0.0 0.736842105263 0.789838337182 0.743165924984
0.47860304968 0.0 0.526315789474 0.484218629715 0.527018436109
0.757009345794 0.0 0.842105263158 0.845265588915 0.770502225048
0.51500245942 0.0 0.605263157895 0.549653579677 0.538461538462
0.512543039843 0.0 0.578947368421 0.551193225558 0.560076287349
0.581406787998 0.0 0.684210526316 0.70207852194 0.647171010807
0.575996064929 0.0 0.684210526316 0.756735950731 0.687857596949
0.451549434333 0.0 0.526315789474 0.495765973826 0.51048951049
0.687161829808 0.0 0.710526315789 0.657428791378 0.671328671329
0.690605017216 0.0 0.789473684211 0.813702848345 0.733630006357
0.587801278898 0.0 0.631578947368 0.502694380293 0.531468531469
0.586325627152 0.0 0.657894736842 0.653579676674 0.631277813096
0.507624200689 0.0 0.552631578947 0.544264819092 0.570247933884
0.641416625676 0.0 0.736842105263 0.78752886836 0.715829624921
0.571077225775 0.0 0.657894736842 0.715165511932 0.668150031786
0.451057550418 0.0 0.552631578947 0.494996150885 0.481881754609
0.510083620266 0.0 0.631578947368 0.665896843726 0.60076287349
0.61436301033 0.0 0.631578947368 0.53194765204 0.573426573427
0.645351697 0.0 0.736842105263 0.792147806005 0.720915448188
0.591736350221 0.0 0.684210526316 0.646651270208 0.602670057216
0.425479586818 0.0 0.526315789474 0.548883756736 0.527018436109
0.667486473192 0.0 0.736842105263 0.71285604311 0.671328671329
0.708804722086 0.0 0.763157894737 0.722863741339 0.689129052765
0.54599114609 0.0 0.631578947368 0.655889145497 0.618563254927
0.497786522381 0.0 0.578947368421 0.544264819092 0.532104259377
0.551401869159 0.0 0.631578947368 0.588914549654 0.565797838525
0.530250860797 0.0 0.631578947368 0.619707467283 0.574062301335
0.380718150516 0.0 0.5 0.444957659738 0.424666242848
0.471224790949 0.0 0.552631578947 0.649730561971 0.619834710744
0.832759468765 0.0 0.789473684211 0.706697459584 0.748251748252
0.533202164289 0.0 0.605263157895 0.505773672055 0.502860775588
0.696999508116 0.0 0.710526315789 0.655889145497 0.664971392244
0.659124446631 0.0 0.710526315789 0.672825250192 0.648442466624
0.540088539105 0.0 0.605263157895 0.634334103156 0.612205975842
0.559763895721 0.0 0.605263157895 0.538876058507 0.548633184997
0.661583866208 0.0 0.736842105263 0.658198614319 0.612841703751
0.682242990654 0.0 0.763157894737 0.875288683603 0.782581055308
0.73290703394 0.0 0.815789473684 0.871439568899 0.771773680865
