0.102491103203 1.0 0.148936170213 0.0584988962472 0.0803253685816
0.853736654804 1.0 0.893617021277 0.834988962472 0.890188103711
1.0 0.0 0.936170212766 0.852097130243 0.844941535333
0.103558718861 0.0 0.148936170213 0.0634657836645 0.0508388408744
0.934519572954 0.0 1.0 1.0 1.0
0.818861209964 0.0 0.936170212766 0.975165562914 0.947127605491
0.928825622776 0.0 1.0 0.94701986755 0.909506863244
0.86334519573 0.0 0.957446808511 0.920529801325 0.976614133198
0.96512455516 0.0 0.957446808511 0.901214128035 0.885612608033
0.871886120996 0.0 0.978723404255 0.967439293598 0.842907981698
0.646619217082 0.0 0.68085106383 0.577262693157 0.613116420946
0.948754448399 0.0 0.914893617021 0.885209713024 0.846466700559
0.125266903915 1.0 0.170212765957 0.0855408388521 0.0960854092527
0.171886120996 1.0 0.191489361702 0.114238410596 0.154550076258
0.140213523132 0.0 0.212765957447 0.158388520971 0.069649211998
0.777580071174 0.0 0.893617021277 0.896799116998 0.873919674631
0.183985765125 1.0 0.234042553191 0.129690949227 0.155566853076
0.637366548043 0.0 0.659574468085 0.585540838852 0.70055922725
0.885053380783 0.0 0.893617021277 0.894591611479 0.910523640061
0.609964412811 0.0 0.765957446809 0.763796909492 0.738179969497
0.545195729537 0.0 0.68085106383 0.667218543046 0.633451957295
0.754804270463 0.0 0.872340425532 0.913355408389 0.799694966955
0.370818505338 0.0 0.531914893617 0.547461368653 0.552618200305
0.716014234875 1.0 0.723404255319 0.691501103753 0.750889679715
0.45409252669 0.0 0.617021276596 0.593818984547 0.557702084392
0.796441281139 1.0 0.872340425532 0.826158940397 0.862735129639
0.420284697509 0.0 0.553191489362 0.504415011038 0.460091509914
0.72384341637 0.0 0.744680851064 0.741721854305 0.790543975597
0.250889679715 0.0 0.36170212766 0.289735099338 0.33197763091
0.533096085409 1.0 0.510638297872 0.380242825607 0.397559735638
0.519928825623 1.0 0.574468085106 0.474613686534 0.539908490086
0.362277580071 1.0 0.36170212766 0.243377483444 0.301474326385
0.560142348754 0.0 0.723404255319 0.673841059603 0.688866293849
0.464768683274 1.0 0.489361702128 0.415011037528 0.431621759024
0.12384341637 0.0 0.170212765957 0.150662251656 0.0716827656329
0.948398576512 0.0 0.936170212766 0.809602649007 0.831215048297
0.678647686833 0.0 0.787234042553 0.719646799117 0.672597864769
0.760498220641 0.0 0.765957446809 0.699227373068 0.767666497204
0.73024911032 0.0 0.829787234043 0.772626931567 0.738688357905
0.173309608541 0.0 0.255319148936 0.1793598234 0.167259786477
0.795017793594 1.0 0.744680851064 0.610375275938 0.667005592272
0.840213523132 1.0 0.851063829787 0.775938189845 0.81799694967
0.483274021352 0.0 0.659574468085 0.707505518764 0.652770716828
0.201779359431 0.0 0.297872340426 0.230684326711 0.207422470768
0.488612099644 0.0 0.63829787234 0.630794701987 0.685307574987
0.701423487544 1.0 0.787234042553 0.775386313466 0.728012201322
0.296797153025 1.0 0.31914893617 0.242273730684 0.312150482969
0.219928825623 0.0 0.255319148936 0.192052980132 0.202846975089
0.813167259786 0.0 0.744680851064 0.649006622517 0.622775800712
0.439501779359 1.0 0.531914893617 0.463024282561 0.479918657855
0.381494661922 1.0 0.510638297872 0.447571743929 0.497712252161
0.629181494662 0.0 0.808510638298 0.816225165563 0.796644636502
0.259786476868 0.0 0.276595744681 0.220198675497 0.180986273513
0.709252669039 0.0 0.851063829787 0.830022075055 0.808337569903
0.829537366548 0.0 0.914893617021 0.841611479029 0.793085917641
0.912455516014 0.0 0.914893617021 0.888520971302 0.89069649212
0.173309608541 1.0 0.212765957447 0.150110375276 0.136756481952
0.786120996441 0.0 0.851063829787 0.864790286976 0.864768683274
0.146263345196 0.0 0.191489361702 0.0971302428256 0.0869344178953
0.738790035587 0.0 0.808510638298 0.708057395143 0.818505338078
0.131316725979 0.0 0.191489361702 0.146799116998 0.102694458566
0.831316725979 1.0 0.829787234043 0.727924944812 0.720386375191
0.262277580071 1.0 0.297872340426 0.168874172185 0.171326893747
0.211743772242 0.0 0.31914893617 0.299116997792 0.281647178444
0.152669039146 0.0 0.234042553191 0.191501103753 0.108795119471
0.467615658363 1.0 0.553191489362 0.48289183223 0.558210472801
0.284697508897 0.0 0.425531914894 0.416114790287 0.375699034062
0.600711743772 1.0 0.617021276596 0.469646799117 0.585155058465
0.435231316726 0.0 0.595744680851 0.566777041943 0.543975597356
0.165836298932 0.0 0.191489361702 0.145695364238 0.112862226741
0.807117437722 0.0 0.872340425532 0.784768211921 0.715810879512
0.301067615658 0.0 0.446808510638 0.425496688742 0.34824605999
0.900711743772 0.0 0.957446808511 0.85706401766 0.837315709202
0.476512455516 1.0 0.425531914894 0.298013245033 0.350788002034
0.567615658363 1.0 0.595744680851 0.453642384106 0.529232333503
0.480782918149 1.0 0.468085106383 0.301876379691 0.370615149975
0.270818505338 0.0 0.382978723404 0.343267108168 0.359938993391
0.706049822064 1.0 0.765957446809 0.664459161148 0.713777325877
0.702135231317 1.0 0.702127659574 0.523178807947 0.598881545501
0.223487544484 0.0 0.340425531915 0.269867549669 0.266903914591
0.456583629893 0.0 0.595744680851 0.509381898455 0.523131672598
0.54128113879 0.0 0.744680851064 0.734547461369 0.679715302491
0.396797153025 1.0 0.404255319149 0.307947019868 0.348754448399
0.309252669039 1.0 0.340425531915 0.222958057395 0.225216065074
0.343772241993 0.0 0.468085106383 0.435982339956 0.45754956787
0.388256227758 0.0 0.468085106383 0.39293598234 0.415353329944
0.666903914591 0.0 0.702127659574 0.62527593819 0.572953736655
0.191459074733 0.0 0.255319148936 0.202538631347 0.192170818505
0.168683274021 0.0 0.212765957447 0.136313465784 0.135231316726
0.281138790036 0.0 0.404255319149 0.352097130243 0.337061514997
0.682918149466 0.0 0.787234042553 0.780353200883 0.818505338078
0.344128113879 0.0 0.446808510638 0.346578366446 0.359430604982
0.556939501779 0.0 0.574468085106 0.534216335541 0.560752414845
0.397864768683 0.0 0.489361702128 0.493377483444 0.440264361973
0.625978647687 0.0 0.68085106383 0.559050772627 0.57498729029
0.597508896797 0.0 0.574468085106 0.502759381898 0.447890188104
0.538790035587 0.0 0.63829787234 0.582229580574 0.569903406202
0.195729537367 0.0 0.276595744681 0.220198675497 0.171835282156
0.867259786477 0.0 0.957446808511 0.905077262693 0.985256736146
0.538434163701 0.0 0.702127659574 0.729028697572 0.766141331978
