0.371700562527 0.0 0.47619047619 0.325 0.362884160757
0.457377758546 0.0 0.595238095238 0.503048780488 0.513002364066
0.352228472523 0.0 0.428571428571 0.285365853659 0.261820330969
0.352228472523 0.0 0.428571428571 0.285365853659 0.261820330969
0.472090004327 0.0 0.428571428571 0.201829268293 0.213356973995
0.39420164431 0.0 0.5 0.293292682927 0.363475177305
0.826914755517 1.0 0.761904761905 0.537804878049 0.677895981087
0.849848550411 1.0 0.785714285714 0.562804878049 0.745862884161
0.495456512332 1.0 0.666666666667 0.625 0.687943262411
0.324534833405 1.0 0.452380952381 0.381707317073 0.408983451537
0.47295543055 0.0 0.595238095238 0.545731707317 0.491725768322
0.704024231934 0.0 0.880952380952 0.842073170732 0.88061465721
0.45867589788 0.0 0.619047619048 0.493902439024 0.541962174941
0.395067070532 0.0 0.5 0.303048780488 0.33865248227
0.797057550844 0.0 0.97619047619 1.0 1.0
0.616183470359 0.0 0.761904761905 0.75 0.802600472813
0.758546083946 0.0 0.761904761905 0.724390243902 0.660165484634
0.551276503678 0.0 0.738095238095 0.70243902439 0.655437352246
0.521852012116 1.0 0.5 0.310975609756 0.338061465721
0.370835136305 1.0 0.47619047619 0.333536585366 0.391843971631
0.303331890956 0.0 0.428571428571 0.296951219512 0.345744680851
0.338814366075 0.0 0.5 0.435975609756 0.432624113475
0.421895283427 0.0 0.52380952381 0.517682926829 0.511229314421
0.442665512765 0.0 0.52380952381 0.47743902439 0.49231678487
0.747728256166 0.0 0.714285714286 0.550609756098 0.534278959811
0.407615750757 0.0 0.47619047619 0.37987804878 0.352836879433
0.239290350498 0.0 0.261904761905 0.168902439024 0.126477541371
0.588489831242 0.0 0.571428571429 0.535365853659 0.585106382979
0.202077022934 0.0 0.285714285714 0.301829268293 0.220449172577
0.127217654695 0.0 0.166666666667 0.110365853659 0.0791962174941
0.876676763306 1.0 0.809523809524 0.69512195122 0.70390070922
0.505841627001 0.0 0.690476190476 0.706707317073 0.667257683215
0.706620510601 0.0 0.833333333333 0.801219512195 0.755319148936
0.706620510601 0.0 0.833333333333 0.801219512195 0.755319148936
0.31890956296 0.0 0.404761904762 0.384146341463 0.35401891253
0.464733881437 0.0 0.547619047619 0.464024390244 0.562647754137
0.127217654695 0.0 0.166666666667 0.110365853659 0.0791962174941
0.302899177845 0.0 0.452380952381 0.426829268293 0.38475177305
0.880571181307 1.0 0.952380952381 0.867073170732 0.935579196217
0.647771527477 1.0 0.809523809524 0.763414634146 0.881205673759
0.316313284293 0.0 0.452380952381 0.501219512195 0.431442080378
0.880571181307 0.0 0.833333333333 0.82987804878 0.926713947991
0.577672003462 0.0 0.761904761905 0.745731707317 0.752364066194
0.646040675032 0.0 0.833333333333 0.817073170732 0.830969267139
0.566854175682 0.0 0.571428571429 0.459756097561 0.481087470449
0.347468628299 0.0 0.452380952381 0.326829268293 0.393617021277
0.745997403721 0.0 0.666666666667 0.662195121951 0.596926713948
0.453050627434 0.0 0.428571428571 0.244512195122 0.28073286052
0.282128948507 0.0 0.309523809524 0.189634146341 0.181442080378
0.336650800519 0.0 0.404761904762 0.328658536585 0.268321513002
0.493725659887 1.0 0.547619047619 0.562804878049 0.552600472813
0.672436174816 0.0 0.761904761905 0.62256097561 0.631796690307
0.362613587192 0.0 0.52380952381 0.487195121951 0.508865248227
0.362613587192 0.0 0.52380952381 0.487195121951 0.508865248227
0.809606231069 0.0 0.857142857143 0.77256097561 0.755319148936
0.218952834271 0.0 0.261904761905 0.224390243902 0.244680851064
0.316745997404 0.0 0.357142857143 0.146341463415 0.174940898345
0.365209865859 0.0 0.404761904762 0.207317073171 0.284278959811
0.703591518823 0.0 0.714285714286 0.507317073171 0.605200945626
0.660320207702 0.0 0.690476190476 0.47743902439 0.583333333333
0.392038078754 0.0 0.47619047619 0.442073170732 0.479314420804
0.29381220251 0.0 0.357142857143 0.307926829268 0.213356973995
0.456079619212 1.0 0.571428571429 0.482926829268 0.535460992908
0.4015577672 1.0 0.47619047619 0.343902439024 0.448581560284
0.737775854608 0.0 0.809523809524 0.710365853659 0.745271867612
0.75638251839 0.0 0.833333333333 0.746951219512 0.81914893617
0.790134141064 0.0 0.880952380952 0.833536585366 0.832742316785
0.602336650801 0.0 0.738095238095 0.692073170732 0.793144208038
0.308524448291 0.0 0.380952380952 0.25487804878 0.231678486998
0.352228472523 0.0 0.428571428571 0.285365853659 0.261820330969
0.29035049762 1.0 0.380952380952 0.331707317073 0.328014184397
1.0 0.0 1.0 0.906097560976 0.954491725768
0.528342708784 0.0 0.666666666667 0.664634146341 0.696808510638
0.436174816097 0.0 0.571428571429 0.573170731707 0.557328605201
0.546516659455 1.0 0.52380952381 0.445731707317 0.533096926714
0.397230636088 1.0 0.47619047619 0.431707317073 0.551418439716
0.4517524881 0.0 0.428571428571 0.389024390244 0.412529550827
0.431414971874 0.0 0.452380952381 0.420731707317 0.475177304965
0.254002596279 0.0 0.309523809524 0.158536585366 0.212174940898
0.161834703592 0.0 0.214285714286 0.0670731707317 0.072695035461
