0.581081081081 0.0 0.682926829268 0.500810372771 0.60960591133
0.736342042755 0.125 0.741935483871 0.527968596663 0.83504193849
0.736342042755 0.125 0.741935483871 0.527968596663 0.83504193849
0.736342042755 0.125 0.741935483871 0.527968596663 0.83504193849
0.736342042755 0.125 0.741935483871 0.527968596663 0.83504193849
0.591779279279 0.0 0.731707317073 0.696110210697 0.735837438424
0.716216216216 0.0 0.80487804878 0.72528363047 0.815270935961
0.524774774775 0.0 0.658536585366 0.553484602917 0.591748768473
0.732383214568 0.125 0.709677419355 0.456329735034 0.758620689655
0.732383214568 0.125 0.709677419355 0.456329735034 0.758620689655
0.623310810811 0.0 0.682926829268 0.581847649919 0.661330049261
0.795608108108 0.0 0.780487804878 0.564019448947 0.711206896552
0.601351351351 0.0 0.707317073171 0.622366288493 0.643472906404
0.600935307872 0.0 0.65625 0.491043203372 0.559073359073
0.394144144144 0.0 0.487804878049 0.349270664506 0.378694581281
0.422297297297 0.0 0.536585365854 0.507293354943 0.509236453202
0.743806306306 0.0 0.829268292683 0.756888168558 0.786945812808
0.658220720721 0.0 0.707317073171 0.636952998379 0.698891625616
0.688063063063 0.0 0.780487804878 0.686385737439 0.703201970443
0.660472972973 0.0 0.756097560976 0.662074554295 0.67302955665
0.78305621536 0.0 0.806451612903 0.621197252208 0.700838769804
0.78305621536 0.0 0.806451612903 0.621197252208 0.700838769804
0.768018018018 0.0 0.853658536585 0.748784440843 0.764162561576
0.904130943102 0.0 0.875 0.737618545838 0.865637065637
0.565315315315 0.0 0.658536585366 0.600486223663 0.605911330049
0.848791893998 0.0 0.875 0.804004214963 0.875675675676
0.772522522523 0.0 0.780487804878 0.589951377634 0.677955665025
0.460022522523 0.0 0.560975609756 0.425445705024 0.419334975369
0.81917381138 0.0 0.78125 0.616438356164 0.748262548263
0.338963963964 0.0 0.414634146341 0.334683954619 0.352216748768
0.847233047545 0.0 0.84375 0.694415173867 0.783783783784
0.40259009009 0.0 0.390243902439 0.212317666126 0.309113300493
0.668355855856 0.0 0.634146341463 0.512155591572 0.629926108374
0.681215900234 0.0 0.75 0.619599578504 0.63166023166
0.616554054054 0.0 0.634146341463 0.42868719611 0.491379310345
0.882307092751 0.0 0.875 0.777660695469 0.864864864865
0.720187061574 0.0 0.78125 0.716543730242 0.735135135135
0.629773967264 0.0 0.625 0.383561643836 0.467181467181
0.841779279279 0.0 0.90243902439 0.840356564019 0.858374384236
0.674980514419 0.0 0.75 0.669125395153 0.671814671815
0.506193693694 0.0 0.634146341463 0.631280388979 0.580049261084
0.371058558559 0.0 0.414634146341 0.247974068071 0.28078817734
0.318693693694 0.0 0.365853658537 0.20340356564 0.232142857143
0.813717848792 0.0 0.84375 0.755532139094 0.800772200772
0.830518018018 0.0 0.878048780488 0.80794165316 0.834975369458
0.571654790182 0.25 0.612903225806 0.347399411187 0.630009319664
0.713172252533 0.0 0.71875 0.605900948367 0.674131274131
0.7848791894 0.0 0.875 0.806111696523 0.789189189189
0.739672642245 0.0 0.75 0.614330874605 0.675675675676
0.825409197194 0.0 0.90625 0.86301369863 0.853281853282
0.730319563523 0.0 0.78125 0.699683877766 0.719691119691
0.83865939205 0.0 0.84375 0.742887249737 0.806177606178
0.752143413874 0.0 0.75 0.584826132771 0.654054054054
0.717069368667 0.0 0.6875 0.516332982086 0.608494208494
0.699142634451 0.0 0.6875 0.533192834563 0.60694980695
0.510135135135 0.0 0.609756097561 0.541329011345 0.503694581281
0.83865939205 0.0 0.90625 0.879873551106 0.871042471042
0.40990990991 0.0 0.512195121951 0.482982171799 0.439039408867
0.723304754482 0.0 0.71875 0.5468914647 0.607722007722
0.952455183164 0.0 0.96875 0.943097997893 0.981467181467
0.588464536243 0.0 0.625 0.528977871444 0.545173745174
0.837879968823 0.0 0.84375 0.746048472076 0.789961389961
0.823070927514 0.0 0.84375 0.790305584826 0.819305019305
0.944660950896 0.0 0.90625 0.827186512118 0.914285714286
0.604166666667 0.0 0.682926829268 0.688816855754 0.65763546798
0.487612612613 0.0 0.585365853659 0.539708265802 0.489532019704
0.710833982853 0.0 0.6875 0.538461538462 0.609266409266
0.771628994544 0.0 0.78125 0.628029504742 0.66332046332
0.857365549493 0.0 0.84375 0.690200210748 0.748262548263
0.62353858145 0.0 0.6875 0.579557428872 0.559845559846
0.824324324324 0.0 0.878048780488 0.809562398703 0.799876847291
0.38231981982 0.0 0.463414634146 0.372771474878 0.335591133005
0.567695961995 0.25 0.58064516129 0.275760549558 0.553588070829
0.567695961995 0.25 0.58064516129 0.275760549558 0.553588070829
0.567695961995 0.25 0.58064516129 0.275760549558 0.553588070829
0.6773187841 0.0 0.6875 0.54583772392 0.576061776062
0.780202650039 0.0 0.8125 0.699683877766 0.706563706564
0.657833203429 0.0 0.65625 0.503688092729 0.544401544402
0.692127825409 0.0 0.71875 0.612223393045 0.62471042471
0.850350740452 0.0 0.8125 0.658587987355 0.735135135135
0.790335151988 0.0 0.8125 0.707060063224 0.723552123552
0.320945945946 0.0 0.390243902439 0.303889789303 0.270935960591
0.730319563523 0.0 0.78125 0.689146469968 0.674131274131
0.731878409977 0.0 0.71875 0.547945205479 0.596911196911
0.773967264224 0.0 0.75 0.625922023182 0.68416988417
0.844115354638 0.0 0.78125 0.639620653319 0.73667953668
0.693686671863 0.0 0.71875 0.648050579557 0.657142857143
0.725643024162 0.0 0.78125 0.706006322445 0.68416988417
1.0 0.0 0.96875 0.890410958904 0.955212355212
0.858924395947 0.0 0.875 0.763962065332 0.779922779923
0.759158222915 0.0 0.84375 0.848261327713 0.795366795367
0.802805923617 0.0 0.78125 0.649104320337 0.701930501931
0.984411535464 0.0 0.96875 0.886195995785 0.932818532819
0.855292792793 0.0 0.878048780488 0.833063209076 0.840517241379
0.834762275916 0.0 0.875 0.800842992624 0.790733590734
0.636009353079 0.0 0.71875 0.625922023182 0.572972972973
0.316441441441 0.0 0.341463414634 0.179092382496 0.183497536946
0.728760717069 0.0 0.71875 0.567966280295 0.60694980695
0.795791114575 0.0 0.8125 0.721812434141 0.733590733591
0.708495713172 0.0 0.6875 0.59009483667 0.637837837838
