0.736870897155 0.0 0.813953488372 0.688906128782 0.806581986143
0.757111597374 0.0 0.837209302326 0.749418153607 0.826789838337
0.653662420382 0.0 0.75 0.660899653979 0.705418719212
0.653662420382 0.0 0.75 0.660899653979 0.705418719212
0.829868708972 0.0 0.883720930233 0.78044996121 0.863163972286
0.605579868709 0.0 0.697674418605 0.615981380915 0.658775981524
0.705689277899 0.0 0.790697674419 0.644685802948 0.693418013857
0.74398249453 0.0 0.790697674419 0.641582622188 0.725750577367
0.663019693654 0.0 0.767441860465 0.733126454616 0.757505773672
0.671225382932 0.0 0.744186046512 0.547711404189 0.602771362587
0.554704595186 0.0 0.651162790698 0.592707525213 0.615473441109
0.480306345733 0.0 0.581395348837 0.536074476338 0.548498845266
0.613785557987 0.0 0.720930232558 0.66795965865 0.642609699769
0.834792122538 0.0 0.860465116279 0.844065166796 0.89896073903
0.781181619256 0.0 0.860465116279 0.816912335144 0.810623556582
0.343544857768 0.0 0.441860465116 0.400310318076 0.374133949192
0.785159620362 0.0 0.766666666667 0.606674612634 0.695268644747
0.861597374179 0.0 0.906976744186 0.865787432118 0.886836027714
0.536652078775 0.0 0.627906976744 0.605896043445 0.579099307159
0.716134598792 0.0 0.733333333333 0.582836710369 0.629510825982
0.515317286652 0.0 0.604651162791 0.577967416602 0.551963048499
0.704918032787 0.0 0.7 0.506555423123 0.572574178027
0.803278688525 0.0 0.8 0.626936829559 0.689655172414
0.796974522293 0.133333333333 0.857142857143 0.756632064591 0.887684729064
0.796974522293 0.133333333333 0.857142857143 0.756632064591 0.887684729064
0.796974522293 0.133333333333 0.857142857143 0.756632064591 0.887684729064
0.796974522293 0.133333333333 0.857142857143 0.756632064591 0.887684729064
0.796974522293 0.133333333333 0.857142857143 0.756632064591 0.887684729064
0.307986870897 0.0 0.348837209302 0.190069821567 0.206697459584
0.754098360656 0.0 0.733333333333 0.573301549464 0.64875701684
0.456783369803 0.0 0.558139534884 0.544608223429 0.49480369515
0.782571182053 0.0 0.766666666667 0.615017878427 0.681635926223
0.7670405522 0.0 0.766666666667 0.632896305125 0.681635926223
0.577680525164 0.0 0.674418604651 0.66640806827 0.617205542725
0.781708369284 0.0 0.733333333333 0.514898688915 0.610264635124
0.603938730853 0.0 0.697674418605 0.66175329713 0.614318706697
0.502735229759 0.0 0.627906976744 0.650116369279 0.571016166282
0.781708369284 0.0 0.766666666667 0.593563766389 0.652766639936
0.724762726488 0.0 0.7 0.526817640048 0.595028067362
0.798964624676 0.0 0.833333333333 0.747318235995 0.755412991179
0.811906816221 0.0 0.766666666667 0.609058402861 0.696070569366
0.788610871441 0.0 0.733333333333 0.519666269368 0.616680032077
0.365973741794 0.0 0.46511627907 0.425135764158 0.367205542725
0.654814004376 0.0 0.697674418605 0.517455391777 0.51558891455
0.745470232959 0.0 0.766666666667 0.671036948749 0.690457097033
0.725625539258 0.0 0.766666666667 0.674612634088 0.673616680032
0.348468271335 0.0 0.418604651163 0.364623739333 0.333140877598
0.731665228645 0.0 0.733333333333 0.61620977354 0.652766639936
0.693701466782 0.0 0.733333333333 0.580452920143 0.578187650361
0.732528041415 0.0 0.733333333333 0.617401668653 0.653568564555
0.72044866264 0.0 0.666666666667 0.439809296782 0.529270248597
0.290481400438 0.0 0.325581395349 0.179208688906 0.178406466513
0.874892148404 0.0 0.833333333333 0.678188319428 0.753809141941
0.710094909405 0.0 0.666666666667 0.425506555423 0.502806736167
0.867989646247 0.0 0.866666666667 0.73420738975 0.768243785084
0.958584987058 0.0 0.933333333333 0.805721096544 0.863672814755
0.723899913719 0.0 0.666666666667 0.436233611442 0.52606255012
0.828300258844 0.0 0.833333333333 0.724672228844 0.752205292702
0.901531728665 0.0 0.93023255814 0.904577191621 0.908198614319
0.935289042278 0.0 0.933333333333 0.88200238379 0.914995990377
0.787748058671 0.0 0.8 0.703218116806 0.721732157177
0.787748058671 0.0 0.8 0.703218116806 0.721732157177
0.955142231947 0.0 0.976744186047 0.946470131885 0.954965357968
0.407002188184 0.0 0.511627906977 0.506594259116 0.431870669746
0.887855579869 0.0 0.883720930233 0.837858805275 0.870669745958
0.777394305436 0.0 0.8 0.69725864124 0.703287890938
0.787748058671 0.0 0.766666666667 0.635280095352 0.684843624699
0.634573304158 0.0 0.627906976744 0.415050426687 0.449769053118
0.826574633305 0.0 0.833333333333 0.737783075089 0.758620689655
0.826574633305 0.0 0.833333333333 0.737783075089 0.758620689655
0.807592752373 0.0 0.833333333333 0.759237187128 0.761026463512
0.781708369284 0.0 0.766666666667 0.595947556615 0.638331996792
0.797238999137 0.0 0.766666666667 0.581644815256 0.638331996792
0.755823986195 0.0 0.8 0.73063170441 0.712109061748
0.820534943917 0.0 0.766666666667 0.588796185936 0.667201283079
0.778257118205 0.0 0.733333333333 0.576877234803 0.645549318364
0.333150984683 0.0 0.418604651163 0.382467028704 0.320438799076
0.763589301122 0.0 0.766666666667 0.609058402861 0.629510825982
0.83606557377 0.0 0.866666666667 0.806912991657 0.799518845229
0.304157549234 0.0 0.372093023256 0.265321955004 0.220554272517
0.287746170678 0.0 0.302325581395 0.122575640031 0.131062355658
0.634026258206 0.111111111111 0.720930232558 0.648564778898 0.695150115473
0.818809318378 0.0 0.8 0.698450536353 0.738572574178
0.828300258844 0.0 0.8 0.669845053635 0.71932638332
0.822260569456 0.0 0.733333333333 0.524433849821 0.634322373697
0.83779119931 0.0 0.8 0.668653158522 0.727345629511
0.743630573248 0.0666666666667 0.821428571429 0.829296424452 0.83842364532
0.387855579869 0.0 0.488372093023 0.475562451513 0.395496535797
0.710094909405 0.0 0.733333333333 0.671036948749 0.668003207698
0.843830888697 0.0 0.8 0.644815256257 0.707297514034
0.800690250216 0.0 0.766666666667 0.618593563766 0.671210906175
0.95340811044 0.0 0.966666666667 0.9189511323 0.923817161187
0.95340811044 0.0 0.966666666667 0.9189511323 0.923817161187
0.300875273523 0.0 0.302325581395 0.130333591932 0.146651270208
0.437089715536 0.0 0.395348837209 0.22187742436 0.281177829099
0.796376186368 0.0 0.8 0.666269368296 0.680032076985
0.759275237274 0.0 0.766666666667 0.692491060787 0.702485966319
0.835202761001 0.0 0.8 0.703218116806 0.755412991179
0.770491803279 0.0 0.733333333333 0.570917759237 0.623897353649
0.7670405522 0.0 0.766666666667 0.659117997616 0.67522052927
