0.67592033796 0.0 0.74358974359 0.548770816812 0.692110327133
0.5515992758 0.0 0.641025641026 0.499603489294 0.616420782553
0.835847917924 0.0 0.871794871795 0.663758921491 0.783194355356
0.924562462281 0.0 0.871794871795 0.626486915147 0.817190506735
0.908871454436 0.0 0.871794871795 0.684377478192 0.857601026299
0.899215449608 0.0 0.923076923077 0.827121332276 0.925593329057
0.805672902836 0.0 0.769230769231 0.639968279144 0.79409878127
0.47917923959 0.0 0.564102564103 0.451229183188 0.477870429763
0.385033192517 0.0 0.435897435897 0.227597145123 0.28159076331
0.644538322269 0.0 0.717948717949 0.602696272799 0.631815266196
0.620398310199 0.0 0.666666666667 0.542426645519 0.592687620269
0.656004828002 0.0 0.641025641026 0.440919904837 0.550994227069
0.561858780929 0.0 0.666666666667 0.613798572561 0.60102629891
0.714712471994 0.0 0.75 0.687356321839 0.742978723404
0.821967410984 0.0 0.846153846154 0.667724028549 0.726106478512
0.544357272179 0.0 0.564102564103 0.392545598731 0.454778704298
0.725914861837 0.0 0.78125 0.74367816092 0.765957446809
0.840926064227 0.0 0.875 0.872413793103 0.915744680851
0.683162341581 0.0 0.769230769231 0.659793814433 0.65105837075
0.514182257091 0.0 0.615384615385 0.523394131642 0.497113534317
0.887748943874 0.0 0.897435897436 0.839809674861 0.904425914047
0.771876885938 0.0 0.820512820513 0.622521808089 0.646568313021
0.856609410007 0.0 0.875 0.826436781609 0.88
0.825989544436 0.0 0.875 0.851724137931 0.872340425532
0.728902165795 0.0 0.71875 0.620689655172 0.697872340426
0.59324079662 0.0 0.564102564103 0.377478191911 0.470814624759
0.729631864816 0.0 0.794871794872 0.770816812054 0.76459268762
0.606517803259 0.0 0.692307692308 0.647898493259 0.618986529827
0.861837191934 0.0 0.90625 0.93908045977 0.951489361702
0.45866022933 0.0 0.487179487179 0.367168913561 0.39512508018
0.882001493652 0.0 0.96875 0.995402298851 0.965106382979
0.904406273338 0.0 0.9375 0.97816091954 1.0
0.692307692308 0.0 0.6875 0.532183908046 0.591489361702
0.732636295743 0.0 0.8125 0.848275862069 0.822978723404
0.725407362704 0.0 0.692307692308 0.546391752577 0.633739576652
0.500301750151 0.0 0.589743589744 0.560666137986 0.524053880693
0.772964899178 0.0 0.75 0.686206896552 0.76170212766
0.422450211225 0.0 0.487179487179 0.363203806503 0.350865939705
0.447797223899 0.0 0.512820512821 0.359238699445 0.345734445157
0.506336753168 0.0 0.538461538462 0.440919904837 0.454778704298
0.42426071213 0.0 0.435897435897 0.28628072958 0.317511225144
0.759203379602 0.0 0.74358974359 0.530531324346 0.588838999359
0.569704284852 0.0 0.589743589744 0.487708168121 0.509942270686
0.664453832227 0.0 0.666666666667 0.568596352102 0.607440667094
0.414604707302 0.0 0.461538461538 0.314036478985 0.307889672867
0.640917320459 0.0 0.615384615385 0.463917525773 0.529185375241
0.463488231744 0.0 0.538461538462 0.425852498017 0.388710711995
0.450814725407 0.0 0.410256410256 0.137192704203 0.213598460552
0.726661687827 0.0 0.8125 0.816091954023 0.764255319149
0.467712733856 0.0 0.435897435897 0.212529738303 0.277742142399
0.698249849125 0.0 0.717948717949 0.527359238699 0.538806927518
0.780433159074 0.0 0.75 0.713793103448 0.774468085106
0.797971918877 0.125 0.933333333333 0.939119170984 0.952006980803
0.647425897036 0.0 0.633333333333 0.445595854922 0.477312390925
0.647425897036 0.0 0.633333333333 0.445595854922 0.477312390925
0.637789395071 0.0 0.6875 0.641379310345 0.607659574468
0.519010259505 0.0 0.512820512821 0.318794607454 0.339961513791
0.895444361464 0.0 0.90625 0.987356321839 0.991489361702
0.663928304705 0.0 0.65625 0.527586206897 0.548936170213
0.485214242607 0.0 0.435897435897 0.176843774782 0.239255933291
0.698282300224 0.0 0.71875 0.666666666667 0.657872340426
0.735623599701 0.0 0.6875 0.547126436782 0.605957446809
0.412794206397 0.0 0.384615384615 0.22125297383 0.258499037845
0.931292008962 0.0 0.90625 0.933333333333 0.966808510638
0.876773711725 0.0 0.84375 0.850574712644 0.891914893617
0.403741701871 0.0 0.358974358974 0.144329896907 0.195638229634
0.679611650485 0.0 0.6875 0.633333333333 0.631489361702
0.529873264937 0.0 0.538461538462 0.406026962728 0.402822322001
0.759522031367 0.0 0.8125 0.82183908046 0.773617021277
0.695294996266 0.0 0.75 0.713793103448 0.663829787234
0.338563669282 0.0 0.384615384615 0.307692307692 0.266196279666
0.896938013443 0.0 0.875 0.924137931034 0.949787234043
0.730395817774 0.0 0.78125 0.785057471264 0.737872340426
0.528666264333 0.0 0.487179487179 0.253766851705 0.29826812059
0.598068799034 0.0 0.512820512821 0.329896907216 0.417575368826
0.345202172601 0.0 0.358974358974 0.199841395718 0.185375240539
0.799103808813 0.0 0.78125 0.701149425287 0.715744680851
0.719193427931 0.0 0.75 0.797701149425 0.76
0.764002987304 0.0 0.71875 0.620689655172 0.657872340426
0.808812546677 0.0 0.8125 0.866666666667 0.853617021277
0.767737117252 0.0 0.8125 0.822988505747 0.766808510638
0.691560866318 0.0 0.59375 0.452873563218 0.538723404255
0.860343539955 0.0 0.84375 0.81724137931 0.820425531915
0.675130694548 0.0 0.6875 0.670114942529 0.644255319149
0.657953696789 0.0 0.6875 0.620689655172 0.577021276596
0.780433159074 0.0 0.75 0.762068965517 0.777872340426
0.657953696789 0.0 0.625 0.541379310345 0.55914893617
0.749813293503 0.0 0.75 0.720689655172 0.703829787234
0.780433159074 0.0 0.75 0.671264367816 0.684255319149
0.765841882921 0.0 0.769230769231 0.714512291832 0.692751763951
0.890216579537 0.0 0.90625 0.947126436782 0.912340425532
0.82001493652 0.0 0.78125 0.690804597701 0.710638297872
0.539529269765 0.0 0.487179487179 0.401268834259 0.434252726106
0.926811053025 0.0 0.90625 0.975862068966 0.973617021277
0.68782673637 0.0 0.71875 0.671264367816 0.617021276596
0.7214339059 0.0 0.71875 0.61724137931 0.595744680851
0.808065720687 0.0 0.78125 0.672413793103 0.674042553191
0.826736370426 0.0 0.84375 0.947126436782 0.903829787234
0.727408513816 0.0 0.78125 0.814942528736 0.734468085106
0.779686333084 0.0 0.78125 0.791954022989 0.763404255319
