0.872787610619 0.0 0.848484848485 0.565059144677 0.714424007744
0.934734513274 0.0 0.969696969697 0.818926296633 0.909002904163
0.723441108545 0.0 0.75 0.700408997955 0.790697674419
0.737297921478 0.0 0.6875 0.542944785276 0.709302325581
0.882794457275 0.0 0.875 0.862985685072 0.986257928118
0.636836027714 0.0 0.625 0.58282208589 0.698731501057
0.71766743649 0.0 0.65625 0.503067484663 0.665961945032
0.746535796767 0.0 0.6875 0.59918200409 0.748414376321
0.483997387329 0.0 0.481481481481 0.393788819876 0.478753541076
0.603926096998 0.0 0.53125 0.448875255624 0.601479915433
0.819284064665 0.0 0.75 0.618609406953 0.766384778013
0.722898230088 0.0 0.757575757576 0.589626933576 0.632139399806
0.703233256351 0.0 0.6875 0.635991820041 0.72621564482
0.642609699769 0.0 0.59375 0.414110429448 0.533826638478
0.676028739386 0.0 0.666666666667 0.64099378882 0.715297450425
0.603348729792 0.0 0.59375 0.559304703476 0.633192389006
0.75 0.0 0.757575757576 0.611464968153 0.666989351404
0.680715935335 0.0 0.65625 0.632924335378 0.719873150106
0.631062355658 0.0 0.59375 0.507157464213 0.603594080338
0.508083140878 0.0 0.5 0.482617586912 0.548625792812
0.523094688222 0.0 0.5 0.41308793456 0.489429175476
0.546189376443 0.0 0.53125 0.482617586912 0.548625792812
0.627041149575 0.0 0.62962962963 0.586335403727 0.634560906516
0.630530973451 0.0 0.606060606061 0.417652411283 0.490803484995
0.569284064665 0.0 0.5 0.394683026585 0.508456659619
0.488452655889 0.0 0.4375 0.41308793456 0.507399577167
0.509815242494 0.0 0.46875 0.38854805726 0.472515856237
0.573903002309 0.0 0.5625 0.406952965235 0.46088794926
0.648383371824 0.0 0.625 0.533742331288 0.599365750529
0.580831408776 0.0 0.5 0.373210633947 0.49577167019
0.710739030023 0.0 0.65625 0.522494887526 0.618393234672
0.588337182448 0.0 0.5625 0.522494887526 0.588794926004
0.439159292035 0.0 0.454545454545 0.424931756142 0.449177153921
0.562355658199 0.0 0.53125 0.452965235174 0.522198731501
0.496535796767 0.0 0.46875 0.41308793456 0.478858350951
0.669800884956 0.0 0.727272727273 0.516833484986 0.496611810261
0.566397228637 0.0 0.5 0.391615541922 0.494714587738
0.629330254042 0.0 0.625 0.522494887526 0.563424947146
0.644919168591 0.0 0.59375 0.450920245399 0.538054968288
0.647228637413 0.0 0.625 0.553169734151 0.610993657505
0.490184757506 0.0 0.46875 0.434560327198 0.491543340381
0.548498845266 0.0 0.5 0.38854805726 0.472515856237
0.528868360277 0.0 0.5 0.426380368098 0.489429175476
0.546189376443 0.0 0.53125 0.474437627812 0.523255813953
0.711316397229 0.0 0.65625 0.60327198364 0.69133192389
0.767699115044 0.0 0.727272727273 0.631483166515 0.704743465634
0.688221709007 0.0 0.625 0.546012269939 0.641649048626
0.653579676674 0.0 0.65625 0.60736196319 0.636363636364
0.603348729792 0.0 0.53125 0.438650306748 0.542283298097
0.627020785219 0.0 0.5625 0.394683026585 0.490486257928
0.591801385681 0.0 0.5 0.373210633947 0.49577167019
0.540415704388 0.0 0.53125 0.577709611452 0.61733615222
0.576327433628 0.0 0.545454545455 0.394904458599 0.455953533398
0.630484988453 0.0 0.59375 0.507157464213 0.57399577167
0.461893764434 0.0 0.4375 0.406952965235 0.46088794926
0.722863741339 0.0 0.71875 0.596114519427 0.628964059197
0.756351039261 0.0 0.78125 0.730061349693 0.733615221987
0.587182448037 0.0 0.5625 0.437627811861 0.490486257928
0.725750577367 0.0 0.625 0.401840490798 0.530655391121
0.575057736721 0.0 0.5625 0.577709611452 0.61733615222
0.804272517321 0.0 0.71875 0.593047034765 0.704016913319
0.632217090069 0.0 0.625 0.59918200409 0.631078224101
0.742494226328 0.0 0.71875 0.61554192229 0.663847780127
0.540376106195 0.0 0.484848484848 0.288444040036 0.367860600194
0.56351039261 0.0 0.53125 0.472392638037 0.528541226216
0.640300230947 0.0 0.5625 0.411042944785 0.512684989429
0.78233256351 0.0 0.75 0.643149284254 0.698731501057
0.481194690265 0.0 0.515151515152 0.451319381256 0.43949661181
0.525146962769 0.0 0.518518518519 0.488198757764 0.515580736544
0.672632794457 0.0 0.65625 0.593047034765 0.628964059197
0.556004618938 0.0 0.53125 0.429447852761 0.473572938689
0.430715935335 0.0 0.375 0.337423312883 0.412262156448
0.762702078522 0.0 0.75 0.642126789366 0.673361522199
0.546189376443 0.0 0.5 0.437627811861 0.502114164905
0.590069284065 0.0 0.59375 0.669734151329 0.683932346723
0.686479425212 0.0 0.62962962963 0.580124223602 0.654390934844
0.61143187067 0.0 0.5625 0.452965235174 0.519027484144
0.602771362587 0.0 0.5625 0.474437627812 0.531712473573
0.847345132743 0.0 0.848484848485 0.715195632393 0.730880929332
0.605658198614 0.0 0.59375 0.493865030675 0.522198731501
0.672632794457 0.0 0.59375 0.5 0.595137420719
0.642032332564 0.0 0.5625 0.498977505112 0.594080338266
0.415127020785 0.0 0.375 0.358895705521 0.414376321353
0.714203233256 0.0 0.6875 0.58282208589 0.624735729387
0.516743648961 0.0 0.4375 0.319018404908 0.413319238901
0.580831408776 0.0 0.53125 0.437627811861 0.502114164905
0.40415704388 0.0 0.34375 0.337423312883 0.412262156448
0.447459584296 0.0 0.40625 0.358895705521 0.414376321353
0.562933025404 0.0 0.53125 0.468302658487 0.513742071882
0.43648960739 0.0 0.375 0.337423312883 0.412262156448
0.490762124711 0.0 0.46875 0.437627811861 0.472515856237
0.449769053118 0.0 0.40625 0.358895705521 0.414376321353
0.449769053118 0.0 0.40625 0.358895705521 0.414376321353
0.449769053118 0.0 0.40625 0.358895705521 0.414376321353
0.5207852194 0.0 0.46875 0.359918200409 0.423890063425
0.599307159353 0.0 0.53125 0.358895705521 0.438689217759
0.527136258661 0.0 0.5 0.428425357873 0.467230443975
0.418013856813 0.0 0.40625 0.407975460123 0.431289640592
0.457852193995 0.0 0.375 0.319018404908 0.413319238901
0.457852193995 0.0 0.375 0.319018404908 0.413319238901
0.505773672055 0.0 0.46875 0.432515337423 0.480972515856
0.463625866051 0.0 0.4375 0.358895705521 0.396405919662
0.463625866051 0.0 0.4375 0.358895705521 0.396405919662
0.684180138568 0.0 0.65625 0.624744376278 0.663847780127
0.438799076212 0.0 0.375 0.337423312883 0.412262156448
0.438799076212 0.0 0.375 0.337423312883 0.412262156448
0.482101616628 0.0 0.4375 0.358895705521 0.414376321353
0.668013856813 0.0 0.6875 0.671779141104 0.662790697674
0.490184757506 0.0 0.40625 0.319018404908 0.413319238901
0.602771362587 0.0 0.59375 0.568507157464 0.587737843552
0.618362831858 0.0 0.666666666667 0.552320291174 0.51403678606
0.48441108545 0.0 0.46875 0.352760736196 0.37843551797
0.471131639723 0.0 0.40625 0.337423312883 0.412262156448
0.565819861432 0.0 0.5 0.38445807771 0.459830866808
0.546189376443 0.0 0.5 0.356850715746 0.412262156448
0.478060046189 0.0 0.4375 0.377300613497 0.427061310782
0.68648960739 0.0 0.65625 0.600204498978 0.639534883721
0.721709006928 0.0 0.71875 0.69018404908 0.701902748414
0.647806004619 0.0 0.625 0.581799591002 0.61310782241
0.540415704388 0.0 0.5 0.432515337423 0.480972515856
0.726905311778 0.0 0.6875 0.548057259714 0.595137420719
0.392032332564 0.0 0.34375 0.358895705521 0.414376321353
0.513279445727 0.0 0.4375 0.349693251534 0.432346723044
0.490184757506 0.0 0.5 0.441717791411 0.438689217759
0.56870669746 0.0 0.5625 0.533742331288 0.546511627907
0.5207852194 0.0 0.5 0.428425357873 0.455602536998
0.424364896074 0.0 0.375 0.358895705521 0.414376321353
0.526558891455 0.0 0.46875 0.368098159509 0.431289640592
0.557736720554 0.0 0.46875 0.319018404908 0.413319238901
0.692840646651 0.0 0.65625 0.644171779141 0.686046511628
0.632794457275 0.0 0.625 0.480572597137 0.493657505285
0.474595842956 0.0 0.40625 0.356850715746 0.43023255814
0.540415704388 0.0 0.5 0.426380368098 0.471458773784
0.488452655889 0.0 0.4375 0.358895705521 0.414376321353
0.860854503464 0.0 0.84375 0.816973415133 0.838266384778
0.646073903002 0.0 0.625 0.614519427403 0.639534883721
0.557736720554 0.0 0.46875 0.338445807771 0.431289640592
0.426674364896 0.0 0.375 0.358895705521 0.414376321353
0.566974595843 0.0 0.53125 0.537832310838 0.577167019027
0.529445727483 0.0 0.46875 0.337423312883 0.401691331924
0.440531177829 0.0 0.40625 0.358895705521 0.396405919662
0.476905311778 0.0 0.40625 0.356850715746 0.43023255814
0.459006928406 0.0 0.40625 0.358895705521 0.414376321353
0.501732101617 0.0 0.46875 0.426380368098 0.461945031712
0.569284064665 0.0 0.5 0.463190184049 0.53488372093
0.630484988453 0.0 0.53125 0.316973415133 0.418604651163
0.498267898383 0.0 0.4375 0.332310838446 0.395348837209
0.498267898383 0.0 0.4375 0.332310838446 0.395348837209
0.424364896074 0.0 0.40625 0.38036809816 0.400634249471
0.681870669746 0.0 0.625 0.456032719836 0.514799154334
0.449769053118 0.0 0.4375 0.383435582822 0.397463002114
0.509237875289 0.0 0.4375 0.356850715746 0.43023255814
0.732101616628 0.0 0.65625 0.537832310838 0.615221987315
0.698614318707 0.0 0.65625 0.472392638037 0.515856236786
0.523094688222 0.0 0.46875 0.356850715746 0.412262156448
0.570438799076 0.0 0.53125 0.498977505112 0.53911205074
0.690531177829 0.0 0.6875 0.679959100204 0.683932346723
0.681870669746 0.0 0.65625 0.596114519427 0.622621564482
0.713048498845 0.0 0.65625 0.459100204499 0.515856236786
0.641454965358 0.0 0.59375 0.471370143149 0.519027484144
0.575057736721 0.0 0.5 0.338445807771 0.413319238901
1.0 0.0 1.0 1.0 1.0
0.486143187067 0.0 0.4375 0.432515337423 0.480972515856
0.430715935335 0.0 0.375 0.358895705521 0.414376321353
0.515011547344 0.0 0.46875 0.294478527607 0.340380549683
0.752765486726 0.0 0.818181818182 0.648771610555 0.582768635044
0.59584295612 0.0 0.5 0.358895705521 0.453488372093
0.59584295612 0.0 0.5 0.358895705521 0.453488372093
0.490184757506 0.0 0.40625 0.349693251534 0.432346723044
0.659930715935 0.0 0.59375 0.5081799591 0.572938689218
0.822170900693 0.0 0.8125 0.759713701431 0.767441860465
0.409930715935 0.0 0.34375 0.337423312883 0.401691331924
0.432448036952 0.0 0.40625 0.372188139059 0.396405919662
0.484988452656 0.0 0.4375 0.368098159509 0.413319238901
0.577944572748 0.0 0.53125 0.429447852761 0.473572938689
0.609122401848 0.0 0.5625 0.390593047035 0.434460887949
0.545612009238 0.0 0.46875 0.39672801636 0.470401691332
0.582563510393 0.0 0.53125 0.471370143149 0.519027484144
0.576212471132 0.0 0.5625 0.477505112474 0.487315010571
0.698614318707 0.0 0.625 0.492842535787 0.562367864693
0.415127020785 0.0 0.375 0.283231083845 0.319238900634
0.780023094688 0.0 0.78125 0.708588957055 0.702959830867
0.46766743649 0.0 0.4375 0.352760736196 0.37843551797
0.608545034642 0.0 0.625 0.658486707566 0.637420718816
0.533487297921 0.0 0.53125 0.482617586912 0.479915433404
0.592378752887 0.0 0.53125 0.403885480573 0.459830866808
0.467090069284 0.0 0.4375 0.372188139059 0.396405919662
0.666859122402 0.0 0.625 0.541922290389 0.57822410148
0.851769911504 0.0 0.787878787879 0.622383985441 0.680542110358
0.642609699769 0.0 0.59375 0.584867075665 0.627906976744
0.530600461894 0.0 0.46875 0.405930470348 0.461945031712
0.912610619469 0.0 0.939393939394 0.774340309372 0.741529525653
0.588914549654 0.0 0.53125 0.368098159509 0.419661733615
0.510969976905 0.0 0.46875 0.378323108384 0.414376321353
0.573903002309 0.0 0.5 0.470347648262 0.538054968288
0.49480369515 0.0 0.40625 0.335378323108 0.41754756871
0.426674364896 0.0 0.40625 0.383435582822 0.397463002114
0.519053117783 0.0 0.4375 0.377300613497 0.452431289641
0.519053117783 0.0 0.4375 0.377300613497 0.452431289641
0.674942263279 0.0 0.625 0.59918200409 0.642706131078
