0.65243902439 0.428571428571 0.615384615385 0.487208008899 0.458741258741
0.705284552846 0.571428571429 0.730769230769 0.592880978865 0.605594405594
0.490514905149 0.571428571429 0.423076923077 0.344827586207 0.314685314685
0.418699186992 0.428571428571 0.346153846154 0.259176863181 0.215384615385
0.415989159892 0.142857142857 0.384615384615 0.279199110122 0.307692307692
0.65243902439 0.285714285714 0.576923076923 0.516129032258 0.448951048951
0.837398373984 0.428571428571 0.769230769231 0.421579532814 0.559440559441
0.439024390244 0.142857142857 0.423076923077 0.308120133482 0.316083916084
0.675474254743 0.0 0.615384615385 0.388209121246 0.420979020979
0.670731707317 0.142857142857 0.615384615385 0.452725250278 0.467132867133
0.615853658537 0.0 0.576923076923 0.373748609566 0.425174825175
0.602303523035 0.0 0.538461538462 0.312569521691 0.323076923077
0.470189701897 0.428571428571 0.384615384615 0.301446051168 0.204195804196
0.483739837398 0.142857142857 0.461538461538 0.46829810901 0.532867132867
0.397696476965 0.285714285714 0.307692307692 0.171301446051 0.118881118881
0.489837398374 0.0 0.384615384615 0.256952169077 0.148251748252
0.649051490515 0.428571428571 0.615384615385 0.34149054505 0.398601398601
0.566395663957 0.428571428571 0.461538461538 0.398220244716 0.302097902098
0.476964769648 0.428571428571 0.384615384615 0.254727474972 0.239160839161
0.612466124661 0.428571428571 0.615384615385 0.440489432703 0.52027972028
0.605013550136 0.0 0.576923076923 0.542825361513 0.598601398601
0.603658536585 0.428571428571 0.538461538462 0.364849833148 0.446153846154
0.474254742547 0.285714285714 0.384615384615 0.26362625139 0.272727272727
0.706639566396 0.428571428571 0.653846153846 0.400444938821 0.496503496503
0.571138211382 0.571428571429 0.538461538462 0.373748609566 0.370629370629
0.378048780488 0.142857142857 0.307692307692 0.197997775306 0.113286713287
0.718834688347 0.285714285714 0.576923076923 0.432703003337 0.296503496503
0.566395663957 0.285714285714 0.461538461538 0.32703003337 0.223776223776
0.613821138211 0.285714285714 0.538461538462 0.414905450501 0.373426573427
0.634146341463 0.285714285714 0.615384615385 0.497219132369 0.41958041958
0.735094850949 0.714285714286 0.730769230769 0.591768631813 0.700699300699
0.516260162602 0.428571428571 0.423076923077 0.179087875417 0.132867132867
0.40243902439 0.142857142857 0.384615384615 0.39043381535 0.441958041958
0.397696476965 0.285714285714 0.307692307692 0.213570634038 0.107692307692
0.422764227642 0.285714285714 0.346153846154 0.283648498331 0.212587412587
0.726964769648 0.428571428571 0.769230769231 0.664071190211 0.608391608392
0.733739837398 0.0 0.615384615385 0.51724137931 0.444755244755
0.641598915989 0.142857142857 0.576923076923 0.467185761958 0.432167832168
0.445799457995 0.428571428571 0.384615384615 0.259176863181 0.215384615385
0.532520325203 0.0 0.423076923077 0.381535038932 0.201398601399
0.544715447154 0.142857142857 0.423076923077 0.234705228031 0.240559440559
0.69918699187 0.428571428571 0.615384615385 0.460511679644 0.523076923077
0.638888888889 0.428571428571 0.615384615385 0.451612903226 0.478321678322
0.617208672087 0.142857142857 0.615384615385 0.688542825362 0.625174825175
0.646341463415 0.571428571429 0.615384615385 0.505005561735 0.622377622378
0.422086720867 0.142857142857 0.384615384615 0.360400444939 0.309090909091
0.478319783198 0.0 0.384615384615 0.375973303671 0.324475524476
0.445799457995 0.428571428571 0.384615384615 0.259176863181 0.215384615385
0.868563685637 0.428571428571 0.807692307692 0.505005561735 0.495104895105
0.726964769648 0.285714285714 0.615384615385 0.484983314794 0.353846153846
0.629403794038 0.285714285714 0.576923076923 0.587319243604 0.51048951049
0.663279132791 0.428571428571 0.576923076923 0.442714126808 0.455944055944
0.64972899729 0.285714285714 0.615384615385 0.542825361513 0.560839160839
0.523712737127 0.142857142857 0.538461538462 0.424916573971 0.434965034965
0.636178861789 0.285714285714 0.576923076923 0.384872080089 0.395804195804
0.594173441734 0.285714285714 0.538461538462 0.304783092325 0.283916083916
0.762872628726 0.857142857143 0.692307692308 0.466073414905 0.474125874126
0.590785907859 0.285714285714 0.5 0.360400444939 0.239160839161
0.663956639566 0.428571428571 0.576923076923 0.340378197998 0.328671328671
0.930894308943 0.857142857143 0.884615384615 0.756395995551 0.594405594406
0.613143631436 0.0 0.576923076923 0.364849833148 0.351048951049
0.50406504065 0.285714285714 0.423076923077 0.218020022247 0.240559440559
0.855013550136 0.714285714286 0.884615384615 0.625139043382 0.570629370629
0.518970189702 0.142857142857 0.461538461538 0.420467185762 0.391608391608
0.603658536585 0.428571428571 0.538461538462 0.364849833148 0.446153846154
0.846883468835 0.142857142857 0.769230769231 0.664071190211 0.664335664336
0.808265582656 0.571428571429 0.769230769231 0.665183537264 0.73006993007
0.589430894309 0.428571428571 0.576923076923 0.434927697442 0.509090909091
0.548780487805 0.0 0.5 0.458286985539 0.344055944056
0.532520325203 0.142857142857 0.461538461538 0.447163515017 0.402797202797
0.438346883469 0.428571428571 0.346153846154 0.244716351502 0.216783216783
0.424796747967 0.428571428571 0.346153846154 0.348164627364 0.307692307692
0.739159891599 0.142857142857 0.692307692308 0.583982202447 0.625174825175
0.34756097561 0.0 0.269230769231 0.110122358176 0.0167832167832
0.921409214092 0.428571428571 0.846153846154 0.713014460512 0.777622377622
0.613143631436 0.0 0.576923076923 0.364849833148 0.351048951049
0.804200542005 0.0 0.807692307692 0.651835372636 0.66013986014
0.521680216802 0.285714285714 0.423076923077 0.333704115684 0.335664335664
0.726287262873 0.285714285714 0.653846153846 0.447163515017 0.474125874126
0.853658536585 0.714285714286 0.884615384615 0.808676307008 0.923076923077
1.0 0.285714285714 1.0 1.0 1.0
0.99593495935 0.857142857143 0.923076923077 0.573971078977 0.553846153846
0.89566395664 0.428571428571 0.846153846154 0.684093437152 0.904895104895
0.598238482385 0.0 0.576923076923 0.484983314794 0.48951048951
0.765582655827 0.142857142857 0.653846153846 0.592880978865 0.586013986014
0.580623306233 0.428571428571 0.5 0.388209121246 0.401398601399
0.531165311653 0.428571428571 0.538461538462 0.39043381535 0.418181818182
0.474254742547 0.428571428571 0.384615384615 0.244716351502 0.216783216783
0.675474254743 0.285714285714 0.615384615385 0.522803114572 0.514685314685
0.50406504065 0.142857142857 0.384615384615 0.234705228031 0.240559440559
0.692411924119 0.285714285714 0.576923076923 0.420467185762 0.332867132867
0.420054200542 0.0 0.307692307692 0.22914349277 0.18041958042
0.717479674797 0.714285714286 0.653846153846 0.509454949944 0.482517482517
0.532520325203 0.142857142857 0.5 0.426028921023 0.439160839161
0.505420054201 0.285714285714 0.423076923077 0.220244716352 0.21958041958
0.618563685637 0.142857142857 0.538461538462 0.454949944383 0.33006993007
0.528455284553 0.142857142857 0.461538461538 0.33147942158 0.302097902098
0.924796747967 0.714285714286 0.923076923077 0.599555061179 0.66993006993
0.432249322493 0.142857142857 0.346153846154 0.249165739711 0.176223776224
0.773035230352 0.285714285714 0.653846153846 0.536151279199 0.387412587413
0.474254742547 0.142857142857 0.461538461538 0.387096774194 0.531468531469
0.680894308943 0.142857142857 0.653846153846 0.438264738598 0.337062937063
0.552845528455 0.285714285714 0.423076923077 0.27808676307 0.11048951049
0.693766937669 0.142857142857 0.692307692308 0.456062291435 0.474125874126
0.932926829268 0.428571428571 0.961538461538 0.849833147942 0.911888111888
0.825880758808 0.714285714286 0.730769230769 0.6829810901 0.588811188811
0.528455284553 0.0 0.5 0.458286985539 0.381818181818
0.676151761518 0.714285714286 0.615384615385 0.476084538376 0.467132867133
0.65243902439 0.0 0.653846153846 0.473859844271 0.412587412587
0.49864498645 0.285714285714 0.461538461538 0.379310344828 0.40979020979
0.432249322493 0.0 0.346153846154 0.222469410456 0.181818181818
0.325880758808 0.285714285714 0.230769230769 0.159065628476 0.117482517483
0.764905149051 0.571428571429 0.730769230769 0.626251390434 0.727272727273
0.44512195122 0.428571428571 0.384615384615 0.266963292547 0.306293706294
0.735094850949 0.428571428571 0.653846153846 0.478309232481 0.486713286713
0.641598915989 1.0 0.653846153846 0.417130144605 0.395804195804
0.521680216802 0.285714285714 0.423076923077 0.333704115684 0.335664335664
0.773035230352 0.285714285714 0.653846153846 0.536151279199 0.387412587413
0.422764227642 0.285714285714 0.346153846154 0.283648498331 0.212587412587
0.797425474255 0.571428571429 0.730769230769 0.38042269188 0.404195804196
0.930216802168 0.428571428571 0.961538461538 0.806451612903 0.858741258741
0.627371273713 0.285714285714 0.576923076923 0.442714126808 0.415384615385
0.39837398374 0.142857142857 0.346153846154 0.305895439377 0.337062937063
0.689701897019 0.0 0.653846153846 0.424916573971 0.538461538462
0.594850948509 0.0 0.538461538462 0.339265850945 0.467132867133
0.855691056911 0.428571428571 0.884615384615 0.745272525028 0.734265734266
0.822493224932 0.142857142857 0.807692307692 0.630700778643 0.657342657343
0.786585365854 0.428571428571 0.730769230769 0.569521690768 0.555244755245
0.682249322493 0.142857142857 0.653846153846 0.417130144605 0.502097902098
0.741192411924 0.285714285714 0.769230769231 0.57063403782 0.58041958042
0.739159891599 0.142857142857 0.692307692308 0.583982202447 0.625174825175
0.65243902439 0.285714285714 0.576923076923 0.516129032258 0.448951048951
0.452574525745 0.285714285714 0.384615384615 0.220244716352 0.21958041958
0.393631436314 0.285714285714 0.307692307692 0.159065628476 0.117482517483
0.69512195122 0.285714285714 0.653846153846 0.50723025584 0.422377622378
0.848238482385 0.571428571429 0.807692307692 0.589543937709 0.548251748252
0.533875338753 0.285714285714 0.461538461538 0.269187986652 0.206993006993
0.422764227642 0.285714285714 0.346153846154 0.283648498331 0.212587412587
0.756775067751 0.0 0.730769230769 0.585094549499 0.511888111888
0.672086720867 0.428571428571 0.576923076923 0.279199110122 0.296503496503
0.920054200542 0.714285714286 0.923076923077 0.73637374861 0.74965034965
0.638888888889 0.857142857143 0.615384615385 0.354838709677 0.379020979021
0.584688346883 0.0 0.5 0.388209121246 0.325874125874
0.657859078591 0.428571428571 0.653846153846 0.626251390434 0.699300699301
0.894308943089 0.857142857143 0.846153846154 0.814238042269 0.888111888112
0.538617886179 0.0 0.423076923077 0.321468298109 0.163636363636
0.634146341463 0.285714285714 0.615384615385 0.497219132369 0.41958041958
0.744579945799 0.714285714286 0.692307692308 0.72191323693 0.709090909091
0.669376693767 0.0 0.576923076923 0.374860956618 0.376223776224
0.49864498645 0.285714285714 0.423076923077 0.261401557286 0.26013986014
0.802845528455 0.857142857143 0.730769230769 0.42936596218 0.551048951049
0.646341463415 0.0 0.615384615385 0.45383759733 0.46013986014
0.492547425474 0.285714285714 0.461538461538 0.30255839822 0.345454545455
0.602303523035 0.285714285714 0.538461538462 0.343715239155 0.341258741259
0.452574525745 0.428571428571 0.423076923077 0.367074527253 0.439160839161
0.707994579946 0.857142857143 0.692307692308 0.451612903226 0.528671328671
0.692411924119 0.285714285714 0.576923076923 0.420467185762 0.332867132867
0.609756097561 0.285714285714 0.576923076923 0.500556173526 0.433566433566
0.697154471545 0.571428571429 0.615384615385 0.587319243604 0.51048951049
0.839430894309 0.571428571429 0.769230769231 0.79532814238 0.756643356643
0.388888888889 0.142857142857 0.307692307692 0.244716351502 0.216783216783
0.453929539295 0.0 0.384615384615 0.21468298109 0.172027972028
0.819105691057 0.571428571429 0.769230769231 0.42936596218 0.496503496503
0.613143631436 0.0 0.576923076923 0.364849833148 0.351048951049
0.756775067751 0.571428571429 0.730769230769 0.447163515017 0.546853146853
0.521680216802 0.285714285714 0.423076923077 0.333704115684 0.335664335664
0.65108401084 0.0 0.653846153846 0.430478309232 0.457342657343
0.710704607046 0.142857142857 0.769230769231 0.616240266963 0.74965034965
0.614498644986 0.0 0.5 0.38042269188 0.272727272727
0.686314363144 0.142857142857 0.615384615385 0.454949944383 0.436363636364
0.490514905149 0.571428571429 0.423076923077 0.173526140156 0.197202797203
0.528455284553 0.142857142857 0.461538461538 0.33147942158 0.302097902098
0.525745257453 0.0 0.461538461538 0.338153503893 0.26013986014
0.418021680217 0.0 0.384615384615 0.2680756396 0.197202797203
0.598238482385 0.142857142857 0.576923076923 0.431590656285 0.474125874126
0.663279132791 0.285714285714 0.576923076923 0.333704115684 0.335664335664
0.856368563686 0.571428571429 0.846153846154 0.680756395996 0.987412587413
0.848238482385 0.857142857143 0.884615384615 0.790878754171 0.80979020979
0.70325203252 0.571428571429 0.692307692308 0.488320355951 0.572027972028
0.730352303523 0.285714285714 0.692307692308 0.540600667408 0.595804195804
0.857046070461 0.142857142857 0.923076923077 0.84872080089 0.848951048951
0.589430894309 0.428571428571 0.576923076923 0.434927697442 0.509090909091
0.532520325203 0.0 0.423076923077 0.381535038932 0.201398601399
0.490514905149 0.571428571429 0.423076923077 0.173526140156 0.197202797203
0.422764227642 0.285714285714 0.346153846154 0.283648498331 0.212587412587
0.485094850949 0.285714285714 0.346153846154 0.223581757508 0.132867132867
0.366531165312 0.0 0.307692307692 0.159065628476 0.117482517483
0.35298102981 0.285714285714 0.269230769231 0.159065628476 0.117482517483
0.517615176152 0.571428571429 0.461538461538 0.403781979978 0.437762237762
0.584010840108 0.428571428571 0.5 0.300333704116 0.271328671329
0.644308943089 0.571428571429 0.538461538462 0.212458286986 0.321678321678
0.449864498645 0.428571428571 0.346153846154 0.195773081201 0.116083916084
0.813685636856 0.571428571429 0.846153846154 0.700778642937 0.648951048951
0.485094850949 0.142857142857 0.423076923077 0.392658509455 0.423776223776
0.563685636856 0.142857142857 0.461538461538 0.489432703003 0.388811188811
0.588753387534 0.428571428571 0.5 0.265850945495 0.18041958042
0.868563685637 0.571428571429 0.846153846154 0.648498331479 0.685314685315
0.846883468835 0.714285714286 0.807692307692 0.540600667408 0.54965034965
0.378048780488 0.0 0.307692307692 0.171301446051 0.118881118881
0.485772357724 0.0 0.384615384615 0.300333704116 0.304895104895
