0.95004995005 1.0 0.971428571429 0.995904995905 1.0
1.0 1.0 0.971428571429 0.843570843571 0.983156028369
0.998001998002 1.0 1.0 0.842751842752 0.927304964539
0.185314685315 0.0 0.114285714286 0.0810810810811 0.0106382978723
0.955544455544 0.0 1.0 1.0 0.827127659574
0.969030969031 0.666666666667 1.0 0.938574938575 0.867907801418
0.895104895105 0.333333333333 0.942857142857 0.783783783784 0.835106382979
0.331668331668 0.666666666667 0.314285714286 0.373464373464 0.335106382979
0.223276723277 0.333333333333 0.171428571429 0.0999180999181 0.0505319148936
0.364635364635 1.0 0.371428571429 0.308763308763 0.303191489362
0.919080919081 0.666666666667 0.971428571429 0.92628992629 0.927304964539
0.878121878122 0.333333333333 0.971428571429 0.873054873055 0.839539007092
0.959040959041 0.666666666667 0.914285714286 0.822276822277 0.894503546099
0.837162837163 1.0 0.885714285714 0.81162981163 0.832446808511
0.887112887113 0.0 0.942857142857 0.82800982801 0.692375886525
0.821678321678 0.0 0.885714285714 0.744471744472 0.703014184397
0.812187812188 0.666666666667 0.914285714286 0.935298935299 0.936170212766
0.872127872128 0.666666666667 0.971428571429 0.861588861589 0.921985815603
0.862137862138 0.0 0.914285714286 0.751023751024 0.712765957447
0.294705294705 0.333333333333 0.228571428571 0.0917280917281 0.061170212766
0.593906093906 1.0 0.685714285714 0.638001638002 0.643617021277
0.515484515485 0.0 0.6 0.564291564292 0.455673758865
0.788211788212 0.666666666667 0.828571428571 0.670761670762 0.720744680851
0.790709290709 1.0 0.771428571429 0.660933660934 0.758865248227
0.711288711289 0.0 0.8 0.722358722359 0.757092198582
0.661838161838 1.0 0.714285714286 0.641277641278 0.751773049645
0.482017982018 0.0 0.542857142857 0.426699426699 0.399822695035
0.35964035964 0.666666666667 0.314285714286 0.153972153972 0.170212765957
0.689310689311 0.0 0.771428571429 0.667485667486 0.556737588652
0.21028971029 0.0 0.171428571429 0.162162162162 0.139184397163
0.744755244755 0.0 0.828571428571 0.621621621622 0.539893617021
0.848151848152 0.666666666667 0.857142857143 0.794430794431 0.878546099291
0.333666333666 0.333333333333 0.285714285714 0.123669123669 0.0824468085106
0.666333666334 0.666666666667 0.657142857143 0.414414414414 0.446808510638
0.40959040959 0.0 0.457142857143 0.310401310401 0.280141843972
0.195304695305 0.0 0.142857142857 0.126126126126 0.0753546099291
0.559440559441 0.0 0.657142857143 0.548730548731 0.502659574468
0.776223776224 0.0 0.857142857143 0.743652743653 0.689716312057
0.373626373626 0.0 0.4 0.395577395577 0.374113475177
0.323176823177 0.333333333333 0.257142857143 0.128583128583 0.129432624113
0.622377622378 0.0 0.714285714286 0.665028665029 0.577127659574
0.225274725275 0.0 0.2 0.126126126126 0.0753546099291
0.829170829171 1.0 0.857142857143 0.826371826372 0.895390070922
0.537962037962 1.0 0.542857142857 0.352989352989 0.439716312057
0.601398601399 0.0 0.685714285714 0.511056511057 0.583333333333
0.66983016983 1.0 0.628571428571 0.584766584767 0.663120567376
0.91008991009 0.666666666667 0.885714285714 0.695331695332 0.816489361702
0.56043956044 0.0 0.628571428571 0.523341523342 0.564716312057
0.384615384615 0.0 0.428571428571 0.27846027846 0.268617021277
0.24025974026 0.0 0.228571428571 0.181818181818 0.125
0.510989010989 1.0 0.485714285714 0.387387387387 0.460106382979
0.275224775225 0.0 0.285714285714 0.217854217854 0.188829787234
0.504495504496 0.0 0.571428571429 0.545454545455 0.493794326241
0.396103896104 0.666666666667 0.342857142857 0.252252252252 0.272163120567
0.745754245754 1.0 0.742857142857 0.511875511876 0.61524822695
0.659340659341 0.0 0.742857142857 0.668304668305 0.580673758865
0.49000999001 0.666666666667 0.457142857143 0.340704340704 0.404255319149
0.255244755245 0.0 0.257142857143 0.217854217854 0.188829787234
0.816183816184 1.0 0.8 0.495495495495 0.51329787234
0.205294705295 0.0 0.142857142857 0.0810810810811 0.0106382978723
0.185314685315 0.0 0.114285714286 0.0810810810811 0.0106382978723
0.528971028971 1.0 0.514285714286 0.387387387387 0.517730496454
0.664835164835 1.0 0.6 0.289107289107 0.390070921986
0.326173826174 0.0 0.342857142857 0.217854217854 0.188829787234
0.423576423576 0.0 0.485714285714 0.364455364455 0.357269503546
0.458541458541 0.0 0.514285714286 0.404586404586 0.300531914894
0.428571428571 0.0 0.371428571429 0.0810810810811 0.0106382978723
0.601398601399 1.0 0.571428571429 0.387387387387 0.515070921986
0.416083916084 1.0 0.4 0.279279279279 0.320035460993
0.811688311688 1.0 0.885714285714 0.90171990172 0.932624113475
0.834165834166 0.333333333333 0.914285714286 0.831285831286 0.898936170213
0.447052947053 1.0 0.428571428571 0.279279279279 0.311170212766
0.364635364635 1.0 0.371428571429 0.369369369369 0.382978723404
0.690809190809 0.666666666667 0.771428571429 0.752661752662 0.778368794326
0.351148851149 0.0 0.371428571429 0.298935298935 0.276595744681
0.298201798202 0.0 0.314285714286 0.217854217854 0.188829787234
0.251248751249 0.333333333333 0.2 0.0999180999181 0.0505319148936
0.806193806194 0.666666666667 0.857142857143 0.689598689599 0.853723404255
0.716783216783 0.666666666667 0.742857142857 0.72972972973 0.783687943262
0.223276723277 0.333333333333 0.171428571429 0.0999180999181 0.0505319148936
0.70979020979 0.666666666667 0.8 0.774774774775 0.794326241135
0.822177822178 0.333333333333 0.857142857143 0.897624897625 0.818262411348
0.782717282717 0.333333333333 0.857142857143 0.785421785422 0.794326241135
0.860639360639 0.333333333333 0.914285714286 0.779688779689 0.847517730496
0.617382617383 0.333333333333 0.685714285714 0.481572481572 0.553191489362
0.765734265734 0.333333333333 0.742857142857 0.556101556102 0.595744680851
0.282717282717 0.0 0.228571428571 0.156429156429 0.101063829787
0.695804195804 0.666666666667 0.771428571429 0.679770679771 0.741134751773
0.801198801199 0.666666666667 0.771428571429 0.570024570025 0.677304964539
0.49000999001 0.666666666667 0.542857142857 0.529074529075 0.415780141844
0.577922077922 0.0 0.542857142857 0.33579033579 0.251773049645
0.855144855145 0.333333333333 0.857142857143 0.71334971335 0.809397163121
0.835164835165 0.0 0.885714285714 0.834561834562 0.735815602837
0.730769230769 0.333333333333 0.8 0.692874692875 0.746453900709
0.238261738262 0.0 0.2 0.186732186732 0.155141843972
0.865634365634 0.333333333333 0.914285714286 0.735462735463 0.815602836879
0.287712287712 0.0 0.228571428571 0.113022113022 0.031914893617
0.641858141858 0.666666666667 0.685714285714 0.556920556921 0.616134751773
0.747752247752 0.333333333333 0.828571428571 0.633087633088 0.625886524823
0.816183816184 0.333333333333 0.828571428571 0.853398853399 0.817375886525
0.751248751249 0.666666666667 0.771428571429 0.818181818182 0.871453900709
0.68031968032 0.0 0.628571428571 0.45864045864 0.562056737589
0.585414585415 1.0 0.628571428571 0.569205569206 0.647163120567
0.638861138861 0.666666666667 0.685714285714 0.606060606061 0.765070921986
0.652847152847 0.0 0.628571428571 0.408681408681 0.421985815603
0.770729270729 0.333333333333 0.857142857143 0.690417690418 0.793439716312
0.73976023976 0.0 0.742857142857 0.589680589681 0.604609929078
0.84015984016 0.333333333333 0.828571428571 0.536445536446 0.527482269504
0.734265734266 0.333333333333 0.828571428571 0.742833742834 0.778368794326
0.649350649351 0.0 0.657142857143 0.502047502048 0.521276595745
0.673826173826 0.666666666667 0.742857142857 0.651924651925 0.727836879433
0.702797202797 0.333333333333 0.771428571429 0.581490581491 0.545212765957
0.582917082917 0.333333333333 0.571428571429 0.419328419328 0.516843971631
0.717782217782 0.333333333333 0.742857142857 0.54135954136 0.593085106383
0.676823176823 0.333333333333 0.742857142857 0.618345618346 0.603723404255
0.271228771229 0.333333333333 0.228571428571 0.0999180999181 0.0505319148936
0.814685314685 0.333333333333 0.885714285714 0.886977886978 0.803191489362
0.597402597403 0.666666666667 0.542857142857 0.321867321867 0.349290780142
0.703296703297 0.666666666667 0.714285714286 0.485667485667 0.585992907801
0.25024975025 0.0 0.228571428571 0.136773136773 0.0602836879433
0.465534465534 0.333333333333 0.428571428571 0.212121212121 0.216312056738
0.53046953047 0.333333333333 0.514285714286 0.38493038493 0.429964539007
0.368631368631 0.0 0.285714285714 0.109746109746 0.0895390070922
0.413586413586 0.0 0.4 0.23751023751 0.179964539007
0.795204795205 0.333333333333 0.771428571429 0.624078624079 0.685283687943
0.657342657343 0.0 0.685714285714 0.432432432432 0.54609929078
0.2002997003 0.0 0.142857142857 0.117117117117 0.0744680851064
0.849150849151 0.333333333333 0.914285714286 0.742014742015 0.804078014184
0.375124875125 0.666666666667 0.371428571429 0.313677313677 0.325354609929
0.479020979021 0.666666666667 0.457142857143 0.517608517609 0.480496453901
0.66033966034 0.333333333333 0.628571428571 0.594594594595 0.670212765957
0.828671328671 0.333333333333 0.857142857143 0.882063882064 0.813829787234
0.666333666334 0.666666666667 0.714285714286 0.597870597871 0.570035460993
0.811188811189 0.0 0.8 0.674856674857 0.741134751773
0.406593406593 0.666666666667 0.428571428571 0.36036036036 0.382978723404
0.78971028971 0.333333333333 0.8 0.607698607699 0.63475177305
0.626373626374 0.333333333333 0.6 0.404586404586 0.462765957447
0.573426573427 0.0 0.6 0.447993447993 0.494680851064
0.512987012987 0.666666666667 0.571428571429 0.4914004914 0.436170212766
0.651848151848 0.666666666667 0.628571428571 0.465192465192 0.535460992908
0.451048951049 0.0 0.428571428571 0.247338247338 0.160460992908
0.747252747253 0.333333333333 0.8 0.687141687142 0.654255319149
0.707792207792 0.0 0.771428571429 0.708435708436 0.585106382979
0.756743256743 0.0 0.828571428571 0.687960687961 0.801418439716
0.446053946054 0.666666666667 0.428571428571 0.369369369369 0.453014184397
0.846153846154 0.333333333333 0.857142857143 0.602784602785 0.689716312057
0.842157842158 0.333333333333 0.885714285714 0.714987714988 0.646276595745
0.753246753247 0.333333333333 0.714285714286 0.614250614251 0.725177304965
0.62987012987 0.0 0.685714285714 0.637182637183 0.673758865248
0.245254745255 0.0 0.228571428571 0.172809172809 0.124113475177
0.381618381618 0.333333333333 0.371428571429 0.252252252252 0.228723404255
0.328671328671 0.0 0.342857142857 0.261261261261 0.266843971631
0.713286713287 0.0 0.742857142857 0.647010647011 0.681737588652
0.488511488511 0.0 0.485714285714 0.373464373464 0.40780141844
0.622377622378 1.0 0.628571428571 0.469287469287 0.575354609929
0.434065934066 0.0 0.4 0.264537264537 0.307624113475
0.568931068931 0.0 0.571428571429 0.461916461916 0.433510638298
0.553446553447 0.0 0.571428571429 0.472563472563 0.484929078014
0.707292707293 0.0 0.742857142857 0.628173628174 0.656914893617
0.507992007992 0.666666666667 0.542857142857 0.437346437346 0.493794326241
0.308191808192 0.0 0.285714285714 0.238329238329 0.196808510638
0.501998001998 0.0 0.428571428571 0.230958230958 0.192375886525
0.459040959041 0.0 0.428571428571 0.3276003276 0.370567375887
0.546953046953 0.333333333333 0.6 0.443898443898 0.514184397163
0.482517482517 0.0 0.485714285714 0.439803439803 0.425531914894
0.760739260739 0.666666666667 0.685714285714 0.496314496314 0.66134751773
0.645854145854 0.333333333333 0.657142857143 0.40131040131 0.386524822695
0.344155844156 0.0 0.314285714286 0.201474201474 0.188829787234
0.634865134865 0.666666666667 0.685714285714 0.610974610975 0.610815602837
0.722777222777 0.666666666667 0.771428571429 0.652743652744 0.663120567376
0.723776223776 0.666666666667 0.714285714286 0.448812448812 0.483156028369
0.342657342657 0.0 0.285714285714 0.113022113022 0.031914893617
0.533966033966 0.0 0.571428571429 0.457821457821 0.392730496454
0.254745254745 0.0 0.171428571429 0.113022113022 0.0443262411348
0.298201798202 0.333333333333 0.285714285714 0.241605241605 0.258865248227
0.503996003996 0.333333333333 0.514285714286 0.464373464373 0.468971631206
0.571928071928 0.666666666667 0.628571428571 0.430794430794 0.508865248227
0.522477522478 0.666666666667 0.542857142857 0.498771498771 0.528368794326
0.248251748252 0.333333333333 0.228571428571 0.180999180999 0.179078014184
0.366633366633 0.0 0.314285714286 0.118755118755 0.0505319148936
0.614385614386 0.333333333333 0.628571428571 0.474201474201 0.612588652482
0.424575424575 0.0 0.371428571429 0.1638001638 0.11524822695
0.797202797203 0.333333333333 0.771428571429 0.606060606061 0.629432624113
0.557942057942 0.333333333333 0.542857142857 0.318591318591 0.317375886525
0.614885114885 0.0 0.571428571429 0.40131040131 0.474290780142
0.547952047952 0.0 0.485714285714 0.297297297297 0.291666666667
0.343156843157 0.0 0.285714285714 0.206388206388 0.233156028369
0.828171828172 0.0 0.857142857143 0.709254709255 0.681737588652
0.391108891109 0.0 0.342857142857 0.149058149058 0.0957446808511
0.42007992008 0.0 0.371428571429 0.168714168714 0.0939716312057
0.700799200799 0.333333333333 0.714285714286 0.588042588043 0.679964539007
0.561938061938 0.333333333333 0.485714285714 0.398034398034 0.443262411348
0.548451548452 0.333333333333 0.571428571429 0.378378378378 0.336879432624
0.384615384615 0.0 0.342857142857 0.172809172809 0.133865248227
0.352647352647 0.333333333333 0.314285714286 0.176904176904 0.148936170213
0.403096903097 0.333333333333 0.4 0.280917280917 0.322695035461
0.313186813187 0.333333333333 0.285714285714 0.301392301392 0.25975177305
0.22027972028 0.0 0.171428571429 0.117117117117 0.0744680851064
0.721278721279 0.0 0.714285714286 0.506961506962 0.493794326241
0.30969030969 0.333333333333 0.257142857143 0.152334152334 0.140957446809
