0.677399756987 0.833333333333 0.703703703704 0.323882224646 0.44009489917
0.756379100851 0.166666666667 0.851851851852 0.747001090513 0.755634638197
0.225394896719 0.0 0.148148148148 0.107960741549 0.0142348754448
0.237545565006 0.0 0.185185185185 0.167938931298 0.100830367734
0.786148238153 0.166666666667 0.814814814815 0.492911668484 0.329774614472
0.798906439854 0.166666666667 0.925925925926 0.852780806979 0.915776986951
0.516403402187 0.5 0.592592592593 0.651035986914 0.693950177936
0.753948967193 0.333333333333 0.925925925926 1.0 0.97153024911
0.243620899149 0.0 0.185185185185 0.155943293348 0.0996441281139
0.225394896719 0.0 0.148148148148 0.107960741549 0.0142348754448
0.38517618469 0.166666666667 0.37037037037 0.299890948746 0.285883748517
0.452004860267 0.166666666667 0.407407407407 0.290076335878 0.306049822064
0.225394896719 0.0 0.148148148148 0.107960741549 0.0142348754448
0.46780072904 0.0 0.481481481481 0.339149400218 0.317912218268
0.6609963548 0.5 0.666666666667 0.330425299891 0.313167259786
0.594775212637 0.333333333333 0.555555555556 0.251908396947 0.279952550415
0.359052247874 0.0 0.296296296296 0.206106870229 0.20640569395
0.308019441069 0.166666666667 0.296296296296 0.273718647764 0.260972716489
0.38517618469 0.166666666667 0.37037037037 0.401308615049 0.347568208778
0.458080194411 0.333333333333 0.481481481481 0.545256270447 0.533807829181
0.826245443499 0.666666666667 0.851851851852 0.440567066521 0.578884934757
0.933171324423 0.166666666667 0.925925925926 0.661941112323 0.544483985765
0.751518833536 0.5 0.740740740741 0.571428571429 0.505338078292
0.640947752126 0.166666666667 0.777777777778 0.814612868048 0.810201660735
0.826852976914 0.0 0.925925925926 0.697928026172 0.635824436536
0.790400972053 0.5 0.962962962963 0.940021810251 0.884934756821
0.565613608748 0.0 0.592592592593 0.416575790622 0.174377224199
0.531591737546 0.0 0.555555555556 0.416575790622 0.174377224199
0.478736330498 0.666666666667 0.481481481481 0.285714285714 0.334519572954
0.490886998785 0.666666666667 0.518518518519 0.345692475463 0.421115065243
0.537667071689 0.333333333333 0.518518518519 0.251908396947 0.200474495848
0.708383961118 0.166666666667 0.740740740741 0.758996728462 0.58956109134
0.420413122722 0.166666666667 0.407407407407 0.215921483097 0.186239620403
0.488456865128 0.166666666667 0.481481481481 0.359869138495 0.451957295374
0.391251518834 0.166666666667 0.37037037037 0.261723009815 0.259786476868
0.391251518834 0.166666666667 0.37037037037 0.261723009815 0.259786476868
0.778250303767 0.166666666667 0.888888888889 0.80479825518 0.830367734282
0.82077764277 0.166666666667 0.925925925926 0.79280261723 0.829181494662
0.826852976914 0.333333333333 0.962962962963 0.93893129771 0.780545670225
0.760024301337 0.333333333333 0.851851851852 0.832061068702 0.712930011862
0.814094775213 0.833333333333 0.777777777778 0.286804798255 0.333333333333
1.0 0.333333333333 1.0 0.709923664122 0.629893238434
0.417982989064 0.0 0.37037037037 0.254089422028 0.291814946619
0.447752126367 0.166666666667 0.444444444444 0.359869138495 0.451957295374
0.640947752126 0.166666666667 0.777777777778 0.814612868048 0.810201660735
0.604495747266 0.0 0.703703703704 0.67066521265 0.623962040332
0.500607533414 0.166666666667 0.444444444444 0.286804798255 0.313167259786
0.38517618469 0.0 0.37037037037 0.215921483097 0.186239620403
0.826852976914 0.333333333333 0.962962962963 0.936750272628 1.0
0.741798298906 0.833333333333 0.777777777778 0.569247546347 0.688018979834
0.82077764277 1.0 0.925925925926 0.701199563795 0.873072360617
0.82077764277 1.0 0.925925925926 0.701199563795 0.873072360617
0.668894289186 0.666666666667 0.666666666667 0.218102508179 0.279952550415
0.70170109356 0.833333333333 0.703703703704 0.383860414395 0.526690391459
0.531591737546 0.666666666667 0.555555555556 0.345692475463 0.421115065243
0.574119076549 0.666666666667 0.62962962963 0.477644492912 0.606168446026
0.467193195626 0.166666666667 0.407407407407 0.107960741549 0.0142348754448
0.467193195626 0.166666666667 0.407407407407 0.107960741549 0.0142348754448
0.552247873633 0.166666666667 0.481481481481 0.14612868048 0.119810201661
0.511543134872 0.166666666667 0.444444444444 0.14612868048 0.119810201661
0.622721749696 0.166666666667 0.555555555556 0.14612868048 0.119810201661
0.622721749696 0.166666666667 0.555555555556 0.14612868048 0.119810201661
0.814094775213 0.833333333333 0.777777777778 0.286804798255 0.333333333333
0.808626974484 0.5 0.888888888889 0.639040348964 0.583629893238
0.397326852977 0.166666666667 0.37037037037 0.213740458015 0.174377224199
0.34872417983 0.0 0.296296296296 0.155943293348 0.0996441281139
0.391251518834 0.333333333333 0.37037037037 0.437295528899 0.361803084223
0.32077764277 0.166666666667 0.296296296296 0.299890948746 0.285883748517
0.741798298906 0.333333333333 0.888888888889 0.940021810251 0.884934756821
0.620291616039 0.166666666667 0.703703703704 0.648854961832 0.563463819692
0.840826245443 0.166666666667 0.925925925926 0.873500545256 0.8837485172
0.88092345079 0.0 0.925925925926 0.717557251908 0.696322657177
0.5042527339 0.0 0.444444444444 0.194111232279 0.20521945433
0.336573511543 0.166666666667 0.296296296296 0.251908396947 0.200474495848
0.586269744836 0.666666666667 0.666666666667 0.537622682661 0.692763938316
0.776427703524 0.166666666667 0.888888888889 0.665212649945 0.655990510083
0.253341433779 0.0 0.185185185185 0.107960741549 0.0142348754448
0.30255164034 0.166666666667 0.259259259259 0.251908396947 0.200474495848
0.225394896719 0.0 0.148148148148 0.107960741549 0.0142348754448
0.225394896719 0.0 0.148148148148 0.107960741549 0.0142348754448
