0.601869158879 0.0 0.710526315789 0.598146588037 0.714786264891
0.634890965732 0.0 0.736842105263 0.597304128054 0.706377014716
0.700934579439 0.0 0.763157894737 0.687447346251 0.834618079888
0.78691588785 0.0 0.842105263158 0.765796124684 0.899789768746
0.654205607477 0.0 0.631578947368 0.363942712721 0.55921513665
0.945794392523 0.0 0.947368421053 0.78601516428 0.948142957253
0.909657320872 0.0 0.842105263158 0.641954507161 0.867554309741
0.471651090343 0.0 0.526315789474 0.33698399326 0.437981779958
0.696612665685 0.0 0.75 0.620540540541 0.70970464135
0.869158878505 0.0 0.763157894737 0.50800336984 0.756131744919
0.826215022091 0.0 0.875 0.816216216216 0.899578059072
0.591277258567 0.0 0.684210526316 0.655433866891 0.693763139453
0.947663551402 0.0 0.921052631579 0.810446503791 0.961457603364
0.96199376947 0.0 1.0 0.892165122157 0.969866853539
0.830529595016 0.0 0.868421052632 0.826453243471 0.899789768746
0.89968847352 0.0 0.921052631579 0.8449873631 0.929922915207
0.775405007364 0.0 0.8125 0.755675675676 0.823628691983
0.737849779087 0.0 0.75 0.594594594595 0.684388185654
0.514641744548 0.0 0.473684210526 0.217354675653 0.358093903294
0.835051546392 0.0 0.875 0.869189189189 0.929113924051
0.80706921944 0.0 0.8125 0.631351351351 0.725738396624
0.804984423676 0.0 0.789473684211 0.696714406066 0.809390329362
0.664212076583 0.0 0.6875 0.593513513514 0.666666666667
0.694008559201 0.111111111111 0.838709677419 0.835257082896 0.89634664401
0.623676012461 0.0 0.605263157895 0.411962931761 0.523475823406
0.760677466863 0.0 0.78125 0.652972972973 0.717299578059
0.424299065421 0.0 0.473684210526 0.288963774221 0.323756131745
0.957632398754 0.0 0.894736842105 0.766638584667 0.913104414856
0.775405007364 0.0 0.875 0.914594594595 0.897890295359
0.557009345794 0.0 0.657894736842 0.604043807919 0.585844428872
0.738586156112 0.0 0.71875 0.601081081081 0.702953586498
0.836760124611 0.0 0.789473684211 0.686604886268 0.814295725298
0.664174454829 0.0 0.684210526316 0.547598989048 0.60686755431
0.480373831776 0.0 0.552631578947 0.396798652064 0.402242466713
0.923680456491 0.0 1.0 0.9685204617 0.96686491079
0.378193146417 0.0 0.447368421053 0.336141533277 0.340574632095
0.710903426791 0.0 0.710526315789 0.583824768324 0.657323055361
0.809557774608 0.166666666667 0.903225806452 0.779643231899 0.92523364486
0.809557774608 0.166666666667 0.903225806452 0.779643231899 0.92523364486
0.742268041237 0.0 0.78125 0.734054054054 0.767088607595
0.777614138439 0.0 0.8125 0.731891891892 0.768776371308
0.696612665685 0.0 0.71875 0.636756756757 0.681856540084
0.482242990654 0.0 0.578947368421 0.489469250211 0.458304134548
0.759204712813 0.0 0.8125 0.837837837838 0.848945147679
0.640648011782 0.0 0.65625 0.551351351351 0.6
0.447352024922 0.0 0.5 0.370682392586 0.381920112123
0.421806853583 0.0 0.473684210526 0.379949452401 0.390329362299
0.653817082389 0.0 0.733333333333 0.676136363636 0.657243816254
0.653817082389 0.0 0.733333333333 0.676136363636 0.657243816254
0.800441826215 0.0 0.84375 0.814054054054 0.829535864979
0.727540500736 0.0 0.6875 0.6 0.695358649789
0.866619115549 0.0 0.935483870968 0.910807974816 0.89634664401
0.681885125184 0.0 0.6875 0.566486486486 0.614345991561
0.510903426791 0.0 0.473684210526 0.319292333614 0.408549404345
0.886597938144 0.0 0.9375 1.0 1.0
0.542056074766 0.0 0.605263157895 0.603201347936 0.590749824807
0.51277258567 0.0 0.526315789474 0.441449031171 0.477224947442
0.967601246106 0.0 0.894736842105 0.765796124684 0.883672039243
0.785714285714 0.0 0.8125 0.808648648649 0.82447257384
0.550778816199 0.0 0.631578947368 0.603201347936 0.564821303434
0.947931526391 0.0 0.935483870968 0.850996852046 0.905692438403
0.766568483063 0.0 0.75 0.6 0.658227848101
0.818068535826 0.0 0.815789473684 0.70598146588 0.74912403644
0.618402282454 0.111111111111 0.741935483871 0.645330535152 0.67204757859
0.722385861561 0.0 0.84375 0.822702702703 0.739240506329
0.686303387334 0.0 0.75 0.714594594595 0.688607594937
0.647275405007 0.0 0.6875 0.635675675676 0.630379746835
0.771339563863 0.0 0.815789473684 0.848357203033 0.836720392432
0.772459499264 0.0 0.8125 0.776216216216 0.765400843882
0.774668630339 0.0 0.78125 0.68972972973 0.71223628692
0.705449189985 0.0 0.71875 0.641081081081 0.654852320675
0.734167893962 0.0 0.71875 0.604324324324 0.64641350211
0.882866043614 0.0 0.894736842105 0.823083403538 0.831814996496
0.871870397644 0.0 0.84375 0.87027027027 0.918143459916
0.803851640514 0.166666666667 0.870967741935 0.753410283316 0.872557349193
0.803851640514 0.166666666667 0.870967741935 0.753410283316 0.872557349193
0.388785046729 0.0 0.421052631579 0.304128053917 0.29152067274
0.736377025037 0.0 0.78125 0.766486486486 0.740928270042
0.767304860088 0.0 0.75 0.717837837838 0.754430379747
0.634020618557 0.0 0.71875 0.698378378378 0.632911392405
0.877761413844 0.0 0.84375 0.766486486486 0.8194092827
0.816642120766 0.0 0.90625 0.928648648649 0.857383966245
0.751840942563 0.0 0.75 0.615135135135 0.632911392405
0.685567010309 0.0 0.71875 0.623783783784 0.605907172996
0.59646539028 0.0 0.625 0.568648648649 0.555274261603
0.748895434462 0.0 0.8125 0.8 0.750210970464
0.723858615611 0.0 0.8125 0.852972972973 0.77805907173
0.829160530191 0.0 0.9375 0.989189189189 0.893670886076
0.717231222386 0.0 0.71875 0.676756756757 0.68776371308
0.660530191458 0.0 0.75 0.731891891892 0.654852320675
0.749631811487 0.0 0.8125 0.869189189189 0.818565400844
0.80117820324 0.0 0.78125 0.751351351351 0.783122362869
0.72523364486 0.0 0.789473684211 0.741364785173 0.688857743518
0.69587628866 0.0 0.65625 0.564324324324 0.615189873418
0.910898379971 0.0 0.9375 0.899459459459 0.883544303797
0.693457943925 0.166666666667 0.763157894737 0.714406065712 0.822004204625
0.674521354934 0.0 0.6875 0.542702702703 0.540084388186
0.701030927835 0.0 0.75 0.732972972973 0.693670886076
0.90500736377 0.0 0.90625 0.962162162162 0.970464135021
0.634020618557 0.0 0.65625 0.513513513514 0.500421940928
