0.563199336925 0.0 0.690476190476 0.609498680739 0.770207080828
0.418980522172 0.0 0.547619047619 0.568601583113 0.662658650635
0.558518518519 0.0 0.65 0.545772187282 0.658679135009
0.558518518519 0.0 0.65 0.545772187282 0.658679135009
0.607407407407 0.0 0.725 0.654786862334 0.728813559322
0.735607675906 0.0 0.885714285714 0.852827265686 0.893698281349
0.489766606822 0.0 0.591836734694 0.627919911012 0.70088128564
0.680066307501 0.0 0.809523809524 0.826517150396 0.87040748163
0.36460554371 0.0 0.457142857143 0.333849728892 0.412476129854
0.4944053046 0.0 0.666666666667 0.754617414248 0.752171008684
0.636966431828 0.0 0.761904761905 0.734168865435 0.77755511022
0.655117270789 0.0 0.714285714286 0.580170410534 0.68809675366
0.416079569001 0.0 0.47619047619 0.476253298153 0.580494321977
0.627398720682 0.0 0.742857142857 0.632068164214 0.669000636537
0.316337522442 0.0 0.448979591837 0.447719688543 0.46500777605
0.536296296296 0.0 0.625 0.602375960867 0.663354763296
0.475479744136 0.0 0.542857142857 0.47405112316 0.553787396563
0.52315978456 0.0 0.673469387755 0.689655172414 0.686365992742
0.41631130064 0.0 0.542857142857 0.477924089853 0.49267982177
0.661513859275 0.0 0.771428571429 0.693261037955 0.720560152769
0.442430703625 0.0 0.571428571429 0.487993803253 0.495862507957
0.670042643923 0.0 0.771428571429 0.718822618125 0.753660089115
0.539162867799 0.0 0.547619047619 0.484168865435 0.611890447562
0.787654320988 0.0 0.775 0.627533193571 0.775569842198
0.424416517056 0.0 0.571428571429 0.585094549499 0.572835666148
0.296947935368 0.0 0.408163265306 0.325361512792 0.344738206325
0.549040511727 0.0 0.714285714286 0.6700232378 0.633991088479
0.364093357271 0.0 0.489795918367 0.456062291435 0.458786936236
0.445095948827 0.0 0.6 0.545313710302 0.518141311267
0.635555555556 0.0 0.775 0.800838574423 0.789012273524
0.616157989228 0.0 0.65306122449 0.57786429366 0.666666666667
0.391214256113 0.0 0.47619047619 0.488126649077 0.52839011356
0.486673773987 0.0 0.542857142857 0.459333849729 0.528325907066
0.403646912557 0.0 0.5 0.469656992084 0.49832999332
0.403646912557 0.0 0.5 0.469656992084 0.49832999332
0.746140035907 0.0 0.734693877551 0.657397107898 0.792638672888
0.65618336887 0.0 0.8 0.770720371805 0.749840865691
0.647121535181 0.0 0.771428571429 0.752130131681 0.749840865691
0.338240574506 0.0 0.428571428571 0.391546162403 0.422498703992
0.509594882729 0.0 0.6 0.524399690163 0.555060471038
0.434728553668 0.0 0.5 0.379947229551 0.435537742151
0.539445628998 0.0 0.657142857143 0.501161890008 0.504137492043
0.420223787816 0.0 0.452380952381 0.387203166227 0.4749498998
0.420223787816 0.0 0.452380952381 0.387203166227 0.4749498998
0.535714285714 0.0 0.628571428571 0.584043377227 0.611075747931
0.454620803978 0.0 0.595238095238 0.619393139842 0.59786239145
0.454620803978 0.0 0.595238095238 0.619393139842 0.59786239145
0.586886993603 0.0 0.742857142857 0.762199845081 0.725015913431
0.447990053875 0.0 0.547619047619 0.500659630607 0.519706078824
0.571961620469 0.0 0.657142857143 0.557707203718 0.590070019096
0.46908315565 0.0 0.6 0.522075910147 0.508593252705
0.673086419753 0.0 0.8 0.853249475891 0.842781998831
0.728553667634 0.0 0.833333333333 0.912928759894 0.924515698063
0.371736427683 0.0 0.452380952381 0.431398416887 0.466933867735
0.610874200426 0.0 0.742857142857 0.732765298218 0.71546785487
0.537846481876 0.0 0.657142857143 0.612703330751 0.607893061744
0.598614072495 0.0 0.685714285714 0.578621223857 0.605346912794
0.353580246914 0.0 0.45 0.43605870021 0.452951490357
0.598024691358 0.0 0.675 0.535290006988 0.571595558153
0.682835820896 0.0 0.828571428571 0.849728892332 0.816677275621
0.803837953092 0.0 0.914285714286 0.831913245546 0.833227243794
0.900319829424 0.0 1.0 0.907823392719 0.919796308084
0.493162038956 0.0 0.619047619048 0.64709762533 0.63126252505
0.511194029851 0.0 0.6 0.555383423703 0.575429662635
0.399502693742 0.0 0.47619047619 0.483509234828 0.51503006012
0.597596353087 0.0 0.619047619048 0.645778364116 0.732130928524
0.686567164179 0.0 0.771428571429 0.70100697134 0.723742838956
0.564498933902 0.0 0.685714285714 0.6599535244 0.64608529599
0.577292110874 0.0 0.714285714286 0.727343144849 0.697644812222
0.639856373429 0.0 0.755102040816 0.790878754171 0.782270606532
0.569296375267 0.0 0.628571428571 0.488768396592 0.535964353915
0.543176972281 0.0 0.628571428571 0.522075910147 0.542966263526
0.543710021322 0.0 0.657142857143 0.611928737413 0.604710375557
0.554904051173 0.0 0.685714285714 0.687838884586 0.662635264163
0.57302771855 0.0 0.685714285714 0.652207591015 0.64353914704
0.560767590618 0.0 0.657142857143 0.629744384198 0.634627625716
0.591151385928 0.0 0.714285714286 0.621223857475 0.59898154042
0.526652452026 0.0 0.714285714286 0.704105344694 0.616804583068
0.654051172708 0.0 0.714285714286 0.58249419055 0.622533418205
0.20933572711 0.0 0.265306122449 0.196329254727 0.240020736133
0.901728395062 0.0 0.9 0.837875611461 0.939216832262
0.421903052065 0.0 0.530612244898 0.559510567297 0.550025920166
0.543710021322 0.0 0.657142857143 0.640588690937 0.62635264163
0.57249466951 0.0 0.714285714286 0.618900077459 0.576066199873
0.594882729211 0.0 0.685714285714 0.602633617351 0.610439210694
0.567164179104 0.0 0.714285714286 0.659178931061 0.610439210694
0.514711976792 0.0 0.571428571429 0.591688654354 0.631930527722
0.438043928719 0.0 0.47619047619 0.435356200528 0.493653974616
0.203590664273 0.0 0.285714285714 0.248053392659 0.261275272162
0.526119402985 0.0 0.685714285714 0.669248644462 0.60407383832
0.813827160494 0.0 0.825 0.671558350804 0.754529514904
0.715061728395 0.0 0.775 0.738644304682 0.772647574518
0.508438061041 0.0 0.65306122449 0.701334816463 0.650596163815
0.779850746269 0.0 0.914285714286 0.852827265686 0.812221514959
0.55170575693 0.0 0.657142857143 0.59256390395 0.580521960535
0.568230277186 0.0 0.742857142857 0.745158791634 0.663908338638
0.330700179533 0.0 0.469387755102 0.462736373749 0.416277864178
0.259964093357 0.0 0.34693877551 0.318687430478 0.323483670295
0.670575692964 0.0 0.8 0.800929512006 0.763208147677
0.321591380025 0.0 0.380952380952 0.360158311346 0.39211756847
