0.582412914189 0.0 0.619047619048 0.548689138577 0.564676616915
0.65165675446 0.0 0.642857142857 0.486267166042 0.595149253731
0.589209855565 0.0 0.619047619048 0.585518102372 0.598258706468
0.463466440102 0.0 0.47619047619 0.438202247191 0.460199004975
0.756584536958 0.0 0.666666666667 0.643570536829 0.685323383085
0.719626168224 0.0 0.714285714286 0.740948813983 0.648631840796
0.541206457094 0.0 0.595238095238 0.539950062422 0.59328358209
0.66992353441 0.0 0.690476190476 0.656054931336 0.59328358209
0.38997451147 0.25 0.452380952381 0.34456928839 0.374378109453
0.620645709431 0.25 0.642857142857 0.568664169788 0.622512437811
0.568819031436 0.0 0.571428571429 0.508114856429 0.576492537313
0.486406117247 0.5 0.571428571429 0.513108614232 0.580223880597
0.585811384877 0.0 0.619047619048 0.523720349563 0.626243781095
0.551826677995 0.0 0.619047619048 0.561797752809 0.528606965174
0.506796941376 0.0 0.47619047619 0.370786516854 0.373756218905
0.6367884452 0.0 0.595238095238 0.568039950062 0.548507462687
0.747663551402 0.0 0.738095238095 0.578027465668 0.728233830846
0.654205607477 0.0 0.690476190476 0.507490636704 0.656094527363
0.689889549703 0.5 0.642857142857 0.53620474407 0.569029850746
0.696261682243 0.0 0.690476190476 0.60986267166 0.659825870647
0.508920985556 0.0 0.5 0.507490636704 0.497512437811
0.546304163127 0.0 0.619047619048 0.500624219725 0.528606965174
0.374256584537 0.25 0.357142857143 0.272784019975 0.216417910448
0.415463041631 0.0 0.404761904762 0.349563046192 0.231343283582
0.387000849618 0.0 0.47619047619 0.483146067416 0.453980099502
0.386576040782 0.0 0.47619047619 0.480024968789 0.471393034826
0.353016142736 0.0 0.404761904762 0.405118601748 0.312189054726
0.395921835174 1.0 0.5 0.386392009988 0.499378109453
0.655904842821 0.0 0.666666666667 0.564918851436 0.680348258706
0.706457094308 0.0 0.761904761905 0.744069912609 0.82960199005
0.529311809686 0.5 0.642857142857 0.624219725343 0.693407960199
0.504672897196 0.0 0.52380952381 0.424469413233 0.432213930348
0.509345794393 0.5 0.547619047619 0.521847690387 0.478855721393
0.663976210705 0.5 0.642857142857 0.611111111111 0.592039800995
0.505097706032 0.0 0.619047619048 0.551810237203 0.685323383085
0.646559048428 0.0 0.666666666667 0.633583021223 0.641169154229
0.825403568394 0.0 0.833333333333 0.795880149813 0.856965174129
0.39634664401 0.0 0.428571428571 0.388264669164 0.381218905473
0.556074766355 0.0 0.595238095238 0.539950062422 0.588308457711
0.727697536109 0.0 0.690476190476 0.621722846442 0.648009950249
0.486406117247 0.0 0.547619047619 0.44506866417 0.530472636816
0.706457094308 0.0 0.690476190476 0.596754057428 0.688432835821
0.847068819031 0.0 0.785714285714 0.694756554307 0.75684079602
0.654630416313 0.0 0.714285714286 0.68102372035 0.699626865672
0.427782497876 0.0 0.47619047619 0.354556803995 0.412935323383
0.401444350042 0.0 0.5 0.441947565543 0.524253731343
0.43372982158 0.0 0.47619047619 0.457553058677 0.429726368159
0.851741716228 0.0 0.785714285714 0.760299625468 0.777985074627
0.745539507222 0.0 0.761904761905 0.68102372035 0.780472636816
0.596856414613 0.0 0.666666666667 0.68102372035 0.662935323383
0.453695836873 0.0 0.47619047619 0.393882646692 0.391169154229
0.420135938828 0.0 0.452380952381 0.393258426966 0.365049751244
0.643585386576 0.0 0.714285714286 0.696004993758 0.733830845771
0.546304163127 0.0 0.619047619048 0.500624219725 0.528606965174
0.522090059473 0.0 0.642857142857 0.618601747815 0.710820895522
0.924808836024 0.0 0.880952380952 0.83645443196 0.774875621891
0.649957519116 0.5 0.595238095238 0.557428214732 0.570273631841
0.498300764656 0.5 0.5 0.470037453184 0.511194029851
0.581988105353 0.0 0.619047619048 0.553058676654 0.61131840796
0.469838572642 0.0 0.452380952381 0.404494382022 0.416044776119
0.794392523364 0.5 0.690476190476 0.609238451935 0.564676616915
0.464316057774 0.0 0.47619047619 0.363920099875 0.402985074627
0.340271877655 0.0 0.357142857143 0.334581772784 0.279228855721
0.564995751912 0.0 0.547619047619 0.462546816479 0.546019900498
0.402718776551 0.5 0.452380952381 0.453807740325 0.427860696517
0.598980458794 0.5 0.666666666667 0.641697877653 0.646766169154
0.519541206457 0.0 0.595238095238 0.556803995006 0.573383084577
0.57264231096 0.0 0.595238095238 0.615480649189 0.595771144279
0.847068819031 0.0 0.785714285714 0.694756554307 0.75684079602
0.844095157179 0.0 0.880952380952 0.873907615481 0.901741293532
0.688190314359 0.0 0.690476190476 0.649188514357 0.684701492537
0.525913338997 0.0 0.571428571429 0.523096129838 0.54539800995
0.566694987256 0.0 0.619047619048 0.599875156055 0.582711442786
0.8525913339 0.0 0.833333333333 0.785892634207 0.797885572139
0.415038232795 0.0 0.452380952381 0.435081148564 0.363184079602
0.587935429057 0.0 0.547619047619 0.455680399501 0.514925373134
0.609175870858 0.5 0.666666666667 0.644194756554 0.703358208955
0.488954970263 0.0 0.571428571429 0.448189762797 0.52052238806
0.525913338997 0.0 0.571428571429 0.523096129838 0.54539800995
0.621495327103 0.0 0.642857142857 0.550561797753 0.643034825871
0.692863211555 0.25 0.690476190476 0.642322097378 0.70460199005
0.806287170773 0.25 0.738095238095 0.679151061174 0.838930348259
0.446049277825 0.0 0.452380952381 0.451310861423 0.428482587065
0.658453695837 0.0 0.619047619048 0.530586766542 0.52052238806
0.648258283772 0.0 0.595238095238 0.529338327091 0.600746268657
0.560747663551 0.25 0.571428571429 0.477528089888 0.601990049751
0.847068819031 0.0 0.785714285714 0.694756554307 0.75684079602
0.471537807986 0.0 0.547619047619 0.557428214732 0.608208955224
0.580288870008 0.0 0.595238095238 0.541822721598 0.623134328358
0.703483432455 0.0 0.642857142857 0.60861423221 0.63868159204
0.583262531861 0.0 0.52380952381 0.469413233458 0.547885572139
0.837723024639 0.0 0.833333333333 0.825842696629 0.869402985075
0.708581138488 0.0 0.738095238095 0.715980024969 0.706467661692
0.565845369584 0.5 0.571428571429 0.441323345818 0.502487562189
0.572217502124 0.0 0.619047619048 0.516229712859 0.535447761194
0.569243840272 0.25 0.547619047619 0.480024968789 0.534825870647
0.346644010195 0.0 0.380952380952 0.301498127341 0.289179104478
0.404418011895 0.0 0.380952380952 0.288389513109 0.25684079602
0.628717077315 0.0 0.666666666667 0.594881398252 0.634950248756
0.632965165675 0.0 0.619047619048 0.561173533084 0.570895522388
0.696261682243 0.0 0.690476190476 0.60986267166 0.659825870647
0.469838572642 0.0 0.452380952381 0.404494382022 0.416044776119
0.795666949873 0.0 0.833333333333 0.69163545568 0.89552238806
0.872132540357 0.0 0.833333333333 0.675405742821 0.865671641791
0.760832625319 0.0 0.690476190476 0.586766541823 0.542288557214
0.644435004248 0.5 0.714285714286 0.639200998752 0.651741293532
0.534834324554 0.0 0.547619047619 0.48127340824 0.485074626866
0.782922684792 0.0 0.666666666667 0.58177278402 0.616293532338
0.507646559048 0.0 0.547619047619 0.401373283396 0.374378109453
0.449022939677 0.0 0.52380952381 0.459425717853 0.401741293532
0.871707731521 0.0 0.904761904762 0.847690387016 0.963930348259
0.688190314359 0.0 0.690476190476 0.649188514357 0.684701492537
0.507646559048 0.0 0.571428571429 0.544943820225 0.46144278607
0.668649107901 0.0 0.619047619048 0.573033707865 0.513059701493
0.643585386576 0.5 0.642857142857 0.495006242197 0.587686567164
0.519966015293 0.5 0.571428571429 0.463171036205 0.549129353234
0.646983857264 0.0 0.547619047619 0.432584269663 0.501865671642
0.893797790994 0.0 0.785714285714 0.701622971286 0.793532338308
0.681393372982 0.0 0.714285714286 0.74531835206 0.759328358209
0.604927782498 0.0 0.666666666667 0.668539325843 0.680348258706
0.50424808836 0.0 0.571428571429 0.503745318352 0.546641791045
0.625743415463 0.0 0.619047619048 0.541822721598 0.615049751244
0.621495327103 0.5 0.595238095238 0.502496878901 0.562189054726
0.578164825828 0.0 0.571428571429 0.495630461923 0.559701492537
0.437128292268 0.25 0.452380952381 0.329588014981 0.421641791045
0.583687340697 0.25 0.52380952381 0.485642946317 0.504975124378
0.703483432455 0.0 0.642857142857 0.60861423221 0.63868159204
0.593033135089 0.0 0.642857142857 0.575530586767 0.542288557214
0.440951571793 0.0 0.47619047619 0.376404494382 0.424129353234
0.390399320306 0.5 0.428571428571 0.408239700375 0.382462686567
0.657179269329 0.0 0.619047619048 0.483770287141 0.501865671642
0.373406966865 0.0 0.428571428571 0.302122347066 0.368781094527
0.683942225998 0.0 0.761904761905 0.77215980025 0.754353233831
0.660577740017 0.0 0.595238095238 0.584269662921 0.551616915423
0.547153780799 0.25 0.619047619048 0.532459425718 0.643034825871
0.658878504673 0.0 0.690476190476 0.609238451935 0.713308457711
0.204333050127 0.0 0.261904761905 0.252808988764 0.274253731343
0.638487680544 0.0 0.738095238095 0.668539325843 0.685323383085
0.720900594732 0.0 0.666666666667 0.543695380774 0.625621890547
0.702633814783 0.0 0.642857142857 0.557428214732 0.636815920398
0.553101104503 0.0 0.52380952381 0.495630461923 0.428482587065
0.544604927782 0.0 0.619047619048 0.567415730337 0.528606965174
0.500849617672 0.0 0.595238095238 0.536828963795 0.555348258706
0.584112149533 0.0 0.642857142857 0.541822721598 0.61131840796
0.513169073917 0.0 0.52380952381 0.543695380774 0.496268656716
0.646983857264 0.0 0.690476190476 0.729712858926 0.677860696517
0.531860662702 0.75 0.547619047619 0.426966292135 0.473880597015
0.923534409516 0.75 0.857142857143 0.705368289638 0.714552238806
0.731096006797 0.0 0.666666666667 0.588014981273 0.558457711443
0.668224299065 0.25 0.547619047619 0.411360799001 0.35447761194
0.330501274427 0.5 0.357142857143 0.330212234707 0.374378109453
0.546304163127 0.0 0.571428571429 0.544319600499 0.575870646766
0.463466440102 0.0 0.5 0.453183520599 0.414800995025
0.348768054376 0.0 0.380952380952 0.385143570537 0.338308457711
0.609175870858 0.5 0.666666666667 0.644194756554 0.703358208955
0.374256584537 0.25 0.357142857143 0.272784019975 0.216417910448
0.412064570943 0.0 0.428571428571 0.397627965044 0.365671641791
0.566694987256 0.0 0.571428571429 0.520599250936 0.529850746269
0.688190314359 0.0 0.690476190476 0.649188514357 0.684701492537
0.564995751912 0.0 0.571428571429 0.475031210986 0.475124378109
0.589634664401 0.0 0.547619047619 0.51872659176 0.445273631841
0.50849617672 0.0 0.47619047619 0.39138576779 0.417288557214
0.395497026338 0.0 0.5 0.450062421973 0.457711442786
0.667374681393 0.0 0.642857142857 0.513732833958 0.5342039801
0.622344944775 0.5 0.666666666667 0.588639200999 0.652985074627
0.609175870858 0.5 0.666666666667 0.644194756554 0.703358208955
0.436703483432 0.5 0.452380952381 0.403870162297 0.378109452736
0.702209005947 0.0 0.714285714286 0.609238451935 0.696517412935
0.39209855565 0.75 0.404761904762 0.33645443196 0.435323383085
0.807136788445 0.0 0.761904761905 0.760923845194 0.7157960199
0.628292268479 0.0 0.642857142857 0.485018726592 0.599502487562
0.28844519966 0.0 0.309523809524 0.323970037453 0.315298507463
0.517417162277 0.5 0.52380952381 0.376404494382 0.414800995025
0.448173322005 0.0 0.5 0.529338327091 0.521766169154
0.67841971113 0.0 0.619047619048 0.544319600499 0.608830845771
1.0 0.0 1.0 1.0 0.983208955224
0.762531860663 0.0 0.666666666667 0.56304619226 0.692164179104
0.534834324554 0.0 0.619047619048 0.631086142322 0.761194029851
0.35683942226 0.0 0.428571428571 0.352059925094 0.368781094527
0.736193712829 0.5 0.714285714286 0.719101123596 0.597014925373
0.626168224299 0.0 0.690476190476 0.641073657928 0.695895522388
0.802463891249 0.0 0.809523809524 0.7265917603 0.797263681592
0.663126593033 0.25 0.642857142857 0.511860174782 0.580845771144
0.737892948173 0.25 0.690476190476 0.576154806492 0.566542288557
0.313933729822 0.0 0.404761904762 0.376404494382 0.399253731343
0.509345794393 0.5 0.547619047619 0.521847690387 0.478855721393
0.562446898895 0.0 0.666666666667 0.724094881398 0.685323383085
0.725573491929 0.0 0.690476190476 0.618601747815 0.625621890547
0.88572642311 0.0 0.904761904762 0.882646691635 1.0
0.307986406117 0.5 0.333333333333 0.303995006242 0.33644278607
0.626593033135 0.0 0.595238095238 0.468164794007 0.46828358209
0.397196261682 0.0 0.380952380952 0.294631710362 0.307213930348
0.486406117247 0.5 0.571428571429 0.513108614232 0.580223880597
0.795666949873 0.0 0.833333333333 0.69163545568 0.89552238806
0.2158028887 0.5 0.238095238095 0.215355805243 0.246890547264
0.762531860663 0.0 0.666666666667 0.56304619226 0.692164179104
0.485981308411 0.0 0.547619047619 0.520599250936 0.485074626866
0.88997451147 0.5 0.809523809524 0.706616729089 0.773631840796
0.584112149533 0.0 0.547619047619 0.412609238452 0.404850746269
0.655055225149 0.0 0.619047619048 0.501248439451 0.472014925373
