0.659124446631 0.0 0.783783783784 0.747178329571 0.733050847458
0.636497786522 0.0 0.783783783784 0.769751693002 0.730629539952
0.582882439744 0.0 0.675675675676 0.663656884876 0.694915254237
0.632562715199 0.0 0.756756756757 0.772761474793 0.747578692494
0.476635514019 0.0 0.594594594595 0.556809631302 0.575665859564
0.57156910969 0.0 0.72972972973 0.674191121144 0.63014527845
0.72110181997 0.0 0.756756756757 0.645598194131 0.707021791768
0.604525332022 0.0 0.756756756757 0.667419112114 0.624092009685
0.661091982292 0.0 0.783783783784 0.730624529722 0.701573849879
0.63994097393 0.0 0.756756756757 0.663656884876 0.648305084746
0.6773241515 0.0 0.72972972973 0.494356659142 0.556295399516
0.642400393507 0.0 0.810810810811 0.788562829195 0.704600484262
0.681751106739 0.0 0.810810810811 0.706546275395 0.665254237288
0.590260698475 0.0 0.702702702703 0.585402558315 0.582929782082
0.528775209051 0.0 0.648648648649 0.525959367946 0.52784503632
0.797835710772 0.0 0.891891891892 0.846501128668 0.80205811138
0.585833743237 0.0 0.72972972973 0.751693002257 0.691888619855
0.470241023119 0.0 0.567567567568 0.515425131678 0.541162227603
0.476143630103 0.0 0.567567567568 0.494356659142 0.527239709443
0.665027053615 0.0 0.756756756757 0.748683220467 0.728208232446
0.598130841121 0.0 0.702702702703 0.700526711813 0.679176755448
0.744712247909 0.0 0.837837837838 0.856282919488 0.811138014528
1.0 0.0 1.0 1.0 1.0
0.54058042302 0.0 0.675675675676 0.663656884876 0.620460048426
0.506148548942 0.0 0.621621621622 0.592927012792 0.579297820823
0.487456960157 0.0 0.621621621622 0.586155003762 0.556900726392
0.677816035416 0.0 0.756756756757 0.750188111362 0.734261501211
0.539104771274 0.0 0.675675675676 0.686982693755 0.636803874092
0.486965076242 0.0 0.621621621622 0.53122648608 0.507869249395
0.71470732907 0.0 0.756756756757 0.706546275395 0.726392251816
0.828824397442 0.0 0.891891891892 0.803611738149 0.779661016949
0.441711756026 0.0 0.513513513514 0.471783295711 0.517554479419
0.730939498278 0.0 0.837837837838 0.702784048157 0.65799031477
0.647811116576 0.0 0.756756756757 0.712565838977 0.67191283293
0.737825873094 0.0 0.810810810811 0.729119638826 0.710653753027
0.60895228726 0.0 0.702702702703 0.657637321294 0.640435835351
0.696015740285 0.0 0.783783783784 0.782543265613 0.746368038741
0.789965568126 0.0 0.891891891892 0.88863807374 0.81598062954
0.760452533202 0.0 0.783783783784 0.745673438676 0.768765133172
0.477619281849 0.0 0.594594594595 0.641083521445 0.614406779661
0.579439252336 0.0 0.648648648649 0.613995485327 0.625907990315
0.633054599115 0.0 0.72972972973 0.708803611738 0.676150121065
0.530250860797 0.0 0.621621621622 0.48532731377 0.494552058111
0.58435809149 0.0 0.756756756757 0.807373965388 0.691283292978
0.55336940482 0.0 0.675675675676 0.714070729872 0.660411622276
0.420560747664 0.0 0.513513513514 0.417607223476 0.442493946731
0.756025577964 0.0 0.864864864865 0.776523702032 0.707627118644
0.388096409247 0.0 0.513513513514 0.443942814146 0.436440677966
0.411706837186 0.0 0.513513513514 0.480812641084 0.488498789346
0.507624200689 0.0 0.621621621622 0.612490594432 0.582324455206
0.443679291687 0.0 0.540540540541 0.488337095561 0.495157384988
0.754549926217 0.0 0.810810810811 0.686230248307 0.676755447942
0.470732907034 0.0 0.621621621622 0.59668924003 0.535108958838
0.516478111166 0.0 0.621621621622 0.583897667419 0.562953995157
0.741760944417 0.0 0.864864864865 0.830699774266 0.739104116223
0.592720118052 0.0 0.648648648649 0.577878103837 0.596246973366
0.746187899656 0.0 0.810810810811 0.759969902182 0.731840193705
0.398425971471 0.0 0.513513513514 0.396538750941 0.400121065375
0.624692572553 0.0 0.72972972973 0.729872084274 0.678571428571
0.63994097393 0.0 0.783783783784 0.870579382995 0.762711864407
0.673880964092 0.0 0.702702702703 0.662904439428 0.686440677966
0.566158386621 0.0 0.648648648649 0.614747930775 0.603510895884
0.927201180521 0.0 0.891891891892 0.64258841234 0.705811138015
0.727988194786 0.0 0.837837837838 0.790820165538 0.715496368039
0.464338416134 0.0 0.567567567568 0.534988713318 0.523607748184
0.500737825873 0.0 0.594594594595 0.592927012792 0.579297820823
0.85046728972 0.0 0.837837837838 0.741158765989 0.776634382567
0.789473684211 0.0 0.864864864865 0.872836719338 0.812953995157
0.824397442204 0.0 0.837837837838 0.884875846501 0.878934624697
0.50319724545 0.0 0.594594594595 0.579382994733 0.566585956416
0.466305951795 0.0 0.540540540541 0.38374717833 0.415859564165
0.54599114609 0.0 0.675675675676 0.638073739654 0.576876513317
0.642892277423 0.0 0.783783783784 0.832204665162 0.725786924939
0.723069355632 0.0 0.837837837838 0.836719337848 0.746973365617
0.550909985243 0.0 0.648648648649 0.651617757713 0.61803874092
0.94441711756 0.0 0.918918918919 0.840481565087 0.862590799031
0.91342843089 0.0 0.918918918919 0.820165537998 0.818401937046
0.6517461879 0.0 0.648648648649 0.546275395034 0.612590799031
0.376783079193 0.0 0.459459459459 0.384499623777 0.415859564165
0.847024102312 0.0 0.918918918919 0.919488337096 0.846852300242
0.363994097393 0.0 0.486486486486 0.413844996238 0.403753026634
0.836202656173 0.0 0.918918918919 0.93453724605 0.849878934625
0.619281849484 0.0 0.675675675676 0.601956358164 0.604721549637
0.57156910969 0.0 0.702702702703 0.634311512415 0.56598062954
0.826856861781 0.0 0.945945945946 0.95410082769 0.831719128329
0.394982784063 0.0 0.513513513514 0.532731376975 0.505447941889
0.440727988195 0.0 0.513513513514 0.43942814146 0.463075060533
0.387604525332 0.0 0.486486486486 0.410082768999 0.417675544794
0.448598130841 0.0 0.540540540541 0.473288186606 0.473365617433
0.425971470733 0.0 0.540540540541 0.519187358916 0.493946731235
0.427447122479 0.0 0.540540540541 0.502633559067 0.480629539952
0.528775209051 0.0 0.567567567568 0.492851768247 0.532687651332
0.489424495819 0.0 0.567567567568 0.425884123401 0.440072639225
0.800787014265 0.0 0.837837837838 0.807373965388 0.781476997579
0.52139695032 0.0 0.621621621622 0.588412340105 0.556900726392
0.547466797836 0.0 0.648648648649 0.550037622272 0.519975786925
0.641416625676 0.0 0.756756756757 0.75094055681 0.672518159806
0.565666502705 0.0 0.702702702703 0.7539503386 0.661622276029
0.705853418593 0.0 0.810810810811 0.751693002257 0.676755447942
0.512543039843 0.0 0.621621621622 0.565838976674 0.529055690073
0.70831283817 0.0 0.837837837838 0.835214446953 0.725786924939
0.597638957206 0.0 0.621621621622 0.544018058691 0.582324455206
0.376291195278 0.0 0.486486486486 0.473288186606 0.459443099274
0.685686178062 0.0 0.702702702703 0.645598194131 0.668886198547
0.540088539105 0.0 0.648648648649 0.547780285929 0.510290556901
0.572060993606 0.0 0.648648648649 0.540255831452 0.530871670702
0.479586817511 0.0 0.594594594595 0.615500376223 0.568401937046
0.614854894245 0.0 0.648648648649 0.586155003762 0.607142857143
0.558288243974 0.0 0.621621621622 0.574115876599 0.573244552058
0.68912936547 0.0 0.756756756757 0.802859292701 0.755447941889
0.644859813084 0.0 0.783783783784 0.728367193378 0.627118644068
0.446138711264 0.0 0.567567567568 0.544018058691 0.50181598063
0.382193802263 0.0 0.459459459459 0.418359668924 0.440072639225
0.498770290212 0.0 0.567567567568 0.425884123401 0.443704600484
0.506640432858 0.0 0.648648648649 0.666666666667 0.582929782082
0.841121495327 0.0 0.891891891892 0.813393528969 0.765133171913
0.551401869159 0.0 0.648648648649 0.644845748683 0.601089588378
0.51500245942 0.0 0.621621621622 0.50489089541 0.473365617433
0.675356615839 0.0 0.756756756757 0.712565838977 0.662832929782
0.696015740285 0.0 0.72972972973 0.61625282167 0.622276029056
0.63994097393 0.0 0.702702702703 0.668171557562 0.644673123487
0.486473192327 0.0 0.540540540541 0.428141459744 0.458232445521
0.430398425971 0.0 0.513513513514 0.447705041384 0.452784503632
0.531726512543 0.0 0.648648648649 0.658389766742 0.594430992736
0.651254303984 0.0 0.72972972973 0.715575620767 0.669491525424
0.520905066404 0.0 0.621621621622 0.576373212942 0.538740920097
0.687653713724 0.0 0.756756756757 0.747178329571 0.701573849879
0.469749139203 0.0 0.540540540541 0.353649360421 0.377723970944
0.693556320708 0.0 0.756756756757 0.672686230248 0.641646489104
0.633054599115 0.0 0.648648648649 0.599699021821 0.628329297821
0.435317265125 0.0 0.567567567568 0.51467268623 0.46186440678
0.513034923758 0.0 0.594594594595 0.568096313017 0.549031476998
0.440236104279 0.0 0.513513513514 0.40331075997 0.4200968523
0.68912936547 0.0 0.783783783784 0.762979683973 0.689467312349
0.692080668962 0.0 0.702702702703 0.601203912716 0.627723970944
0.719134284309 0.0 0.837837837838 0.810383747178 0.704600484262
0.554353172651 0.0 0.648648648649 0.601956358164 0.561743341404
0.697491392031 0.0 0.810810810811 0.768246802107 0.674939467312
0.634038366945 0.0 0.72972972973 0.673438675696 0.615012106538
0.482046237088 0.0 0.567567567568 0.508653122649 0.495157384988
0.579439252336 0.0 0.594594594595 0.418359668924 0.47397094431
0.655189375307 0.0 0.72972972973 0.762227238525 0.709443099274
0.690113133301 0.0 0.783783783784 0.722347629797 0.653147699758
0.561731431382 0.0 0.675675675676 0.645598194131 0.578692493947
0.627643876045 0.0 0.675675675676 0.610985703536 0.60411622276
0.463354648303 0.0 0.567567567568 0.605718585403 0.561138014528
0.651254303984 0.0 0.702702702703 0.618510158014 0.604721549637
0.613379242499 0.0 0.702702702703 0.690744920993 0.634987893462
0.434333497295 0.0 0.486486486486 0.422121896163 0.452784503632
0.659616330546 0.0 0.756756756757 0.761474793078 0.68401937046
0.478111165765 0.0 0.621621621622 0.613995485327 0.528450363196
0.483030004919 0.0 0.567567567568 0.510158013544 0.493341404358
0.450565666503 0.0 0.540540540541 0.443190368698 0.432808716707
0.516969995081 0.0 0.594594594595 0.473288186606 0.464285714286
0.530742744712 0.0 0.594594594595 0.627539503386 0.610169491525
0.36645351697 0.0 0.486486486486 0.419112114372 0.390435835351
0.518445646827 0.0 0.621621621622 0.576373212942 0.528450363196
0.596655189375 0.0 0.675675675676 0.55079006772 0.521791767554
0.696999508116 0.0 0.675675675676 0.452972159518 0.521791767554
0.751598622725 0.0 0.810810810811 0.748683220467 0.697336561743
0.31726512543 0.0 0.432432432432 0.359668924003 0.346246973366
0.446138711264 0.0 0.513513513514 0.462001504891 0.468523002421
0.482538121003 0.0 0.567567567568 0.428141459744 0.418886198547
0.580914904083 0.0 0.675675675676 0.671933784801 0.612590799031
0.718150516478 0.0 0.702702702703 0.607223476298 0.647699757869
0.81947860305 0.0 0.810810810811 0.689992475546 0.703389830508
0.557796360059 0.0 0.648648648649 0.555304740406 0.515738498789
0.73290703394 0.0 0.783783783784 0.743416102333 0.700968523002
0.676340383669 0.0 0.783783783784 0.771256583898 0.676755447942
0.691588785047 0.0 0.72972972973 0.659894657637 0.64406779661
0.578455484506 0.0 0.702702702703 0.676448457487 0.587167070218
0.75110673881 0.0 0.837837837838 0.740406320542 0.662227602906
0.585341859321 0.0 0.702702702703 0.666666666667 0.584140435835
0.707329070339 0.0 0.756756756757 0.644093303236 0.617433414044
0.631578947368 0.0 0.72972972973 0.705793829947 0.63196125908
0.568617806198 0.0 0.702702702703 0.726862302483 0.621670702179
0.754058042302 0.0 0.72972972973 0.677200902935 0.710653753027
0.605017215937 0.0 0.675675675676 0.658389766742 0.61803874092
0.575504181013 0.0 0.648648648649 0.671181339353 0.629539951574
0.633054599115 0.0 0.72972972973 0.67870579383 0.608353510896
0.599606492868 0.0 0.675675675676 0.528216704289 0.5
0.570093457944 0.0 0.648648648649 0.59668924003 0.559927360775
0.554845056567 0.0 0.594594594595 0.543265613243 0.551452784504
0.459911460895 0.0 0.540540540541 0.5410082769 0.519370460048
0.358091490408 0.0 0.432432432432 0.364936042137 0.381355932203
0.433841613379 0.0 0.540540540541 0.484574868322 0.447336561743
0.499262174127 0.0 0.567567567568 0.568096313017 0.550242130751
0.459911460895 0.0 0.540540540541 0.47554552295 0.461259079903
0.606492867683 0.0 0.675675675676 0.629044394281 0.59200968523
0.462862764388 0.0 0.594594594595 0.604966139955 0.524818401937
0.564190850959 0.0 0.621621621622 0.591422121896 0.573849878935
0.464338416134 0.0 0.567567567568 0.572610985704 0.523002421308
0.548942449582 0.0 0.621621621622 0.530474040632 0.507263922518
0.591736350221 0.0 0.648648648649 0.604213694507 0.582324455206
0.754549926217 0.0 0.702702702703 0.541760722348 0.615617433414
0.655189375307 0.0 0.702702702703 0.611738148984 0.591404358354
0.404328578455 0.0 0.486486486486 0.450714823175 0.441283292978
0.685686178062 0.0 0.72972972973 0.609480812641 0.588983050847
0.496310870635 0.0 0.594594594595 0.534988713318 0.487288135593
0.432365961633 0.0 0.486486486486 0.459744168548 0.46186440678
