0.114672364672 0.0 0.145833333333 0.0414232607541 0.0502283105023
1.0 0.0 1.0 0.985130111524 0.991882293252
0.0925925925926 0.0 0.125 0.0499203398832 0.0243531202435
0.897435897436 0.0 0.916666666667 0.889537971322 1.0
0.923076923077 0.0 0.979166666667 1.0 0.986808726535
0.0876068376068 0.0 0.125 0.0754115772703 0.0512430238458
0.893874643875 1.0 0.916666666667 0.801380775358 0.798579401319
0.0925925925926 1.0 0.125 0.0472650026553 0.0350076103501
0.963675213675 0.0 0.979166666667 0.900690387679 0.884322678843
0.884259259259 0.0 0.895833333333 0.837493361657 0.934043632674
0.88603988604 0.0 0.958333333333 0.952734997345 0.9066463724
0.980769230769 0.0 1.0 0.950610727562 0.918822932522
0.932336182336 0.0 0.9375 0.77482740308 0.915271435819
0.606125356125 0.0 0.770833333333 0.757833244822 0.682394723491
0.275641025641 0.0 0.416666666667 0.456718003186 0.395230847286
0.835113960114 0.0 0.833333333333 0.704726500266 0.847285641806
0.163817663818 0.0 0.25 0.191715347849 0.123795027905
0.86396011396 0.0 0.916666666667 0.936271906532 0.862506341958
0.876068376068 0.0 0.9375 0.878916622411 0.872653475393
0.74358974359 0.0 0.854166666667 0.776951672862 0.762049720954
0.576923076923 1.0 0.520833333333 0.362719065321 0.396752917301
0.116452991453 0.0 0.166666666667 0.0987785448752 0.0832064941654
0.65349002849 0.0 0.8125 0.817843866171 0.837645865043
0.294515669516 0.0 0.4375 0.466277217207 0.434804667681
0.953347578348 0.0 0.979166666667 0.945831120552 0.930999492643
0.144943019943 0.0 0.208333333333 0.126394052045 0.108574327752
0.680911680912 0.0 0.791666666667 0.727031332979 0.713850837139
0.103988603989 0.0 0.145833333333 0.102496016994 0.0963977676306
0.828703703704 0.0 0.895833333333 0.865108868826 0.889903602232
0.718660968661 0.0 0.708333333333 0.621879978757 0.686453576865
0.244658119658 1.0 0.270833333333 0.135953266065 0.197361745307
0.827991452991 1.0 0.8125 0.682421667552 0.708777270421
0.928062678063 0.0 0.958333333333 0.950610727562 0.898528665652
0.480056980057 1.0 0.583333333333 0.521508231545 0.617453069508
0.49358974359 1.0 0.479166666667 0.365905469995 0.430745814307
0.138532763533 1.0 0.166666666667 0.0897503983006 0.0903094875698
0.724715099715 0.0 0.875 0.852894317578 0.862506341958
0.449074074074 1.0 0.4375 0.322889006904 0.409944190766
0.534188034188 1.0 0.541666666667 0.40839086564 0.494672754947
0.78311965812 1.0 0.770833333333 0.599575146044 0.727549467275
0.661324786325 1.0 0.666666666667 0.53531598513 0.706240487062
0.413817663818 0.0 0.583333333333 0.569835369092 0.525114155251
0.70584045584 0.0 0.833333333333 0.849707912905 0.865550481989
0.12962962963 0.0 0.1875 0.114179500797 0.0974124809741
0.178062678063 0.0 0.270833333333 0.23473181094 0.181126331811
0.350071225071 0.0 0.520833333333 0.492299522039 0.499746321664
0.423789173789 1.0 0.354166666667 0.208709506107 0.286149162861
0.368233618234 0.0 0.5 0.467870419543 0.392694063927
0.236823361823 0.0 0.354166666667 0.325013276686 0.280568239472
0.169515669516 1.0 0.229166666667 0.140732873075 0.147640791476
0.461894586895 0.0 0.625 0.580456718003 0.575342465753
0.799501424501 1.0 0.791666666667 0.706319702602 0.852359208524
0.850783475783 1.0 0.854166666667 0.74137015401 0.830542871639
0.162393162393 1.0 0.1875 0.122676579926 0.142059868087
0.596866096866 0.0 0.75 0.676048858205 0.783358701167
0.461894586895 1.0 0.458333333333 0.304832713755 0.443429731101
0.254985754986 1.0 0.25 0.132766861391 0.162354134957
0.319088319088 0.0 0.458333333333 0.423260754116 0.395738203957
0.615740740741 1.0 0.625 0.53531598513 0.630644342973
0.910256410256 0.0 0.9375 0.886882634095 0.911212582445
0.574786324786 0.0 0.729166666667 0.715878916622 0.64434297311
0.174857549858 1.0 0.208333333333 0.170472650027 0.228817858955
0.390313390313 0.0 0.541666666667 0.496016994158 0.447995941147
0.702635327635 0.0 0.791666666667 0.75092936803 0.773211567732
0.848290598291 0.0 0.916666666667 0.946362187998 0.867072552004
0.55235042735 0.0 0.708333333333 0.669676048858 0.654490106545
0.605056980057 1.0 0.645833333333 0.48858204992 0.60629122273
0.385327635328 1.0 0.333333333333 0.194901752523 0.280568239472
0.39707977208 0.0 0.5625 0.562400424854 0.46930492136
0.722934472934 1.0 0.75 0.672331386086 0.780821917808
0.490740740741 0.0 0.645833333333 0.620286776421 0.598680872653
0.842592592593 1.0 0.854166666667 0.74614976102 0.81938102486
0.325498575499 1.0 0.375 0.25862984599 0.269913749366
0.198717948718 0.0 0.291666666667 0.217206585236 0.241501775748
0.442663817664 0.0 0.604166666667 0.55443441317 0.54236428209
0.445156695157 1.0 0.416666666667 0.255974508763 0.278538812785
0.111111111111 0.0 0.145833333333 0.0600106213489 0.0385591070523
0.355769230769 1.0 0.3125 0.18321826872 0.224759005581
0.316951566952 0.0 0.479166666667 0.48858204992 0.440892947742
0.512820512821 0.0 0.666666666667 0.665958576739 0.688483003551
0.682692307692 0.0 0.708333333333 0.587891662241 0.628107559614
0.518162393162 0.0 0.5625 0.409453000531 0.500253678336
0.105056980057 1.0 0.145833333333 0.0780669144981 0.0969051243024
0.752492877493 0.0 0.791666666667 0.717472118959 0.757483510908
0.223290598291 0.0 0.333333333333 0.293680297398 0.235413495687
0.702635327635 1.0 0.6875 0.562400424854 0.657534246575
0.737535612536 0.0 0.791666666667 0.711099309612 0.744292237443
0.617165242165 1.0 0.604166666667 0.472118959108 0.51902587519
0.470797720798 1.0 0.395833333333 0.234200743494 0.30035514967
0.200142450142 0.0 0.3125 0.287307488051 0.261288685946
0.760683760684 0.0 0.875 0.825278810409 0.815322171487
0.202635327635 1.0 0.25 0.149229952204 0.167935058346
0.264957264957 0.0 0.395833333333 0.32819968136 0.298325722983
0.34188034188 1.0 0.291666666667 0.184811471057 0.249619482496
0.256054131054 0.0 0.375 0.329261816251 0.33231861999
0.149572649573 0.0 0.229166666667 0.182156133829 0.142567224759
0.513532763533 1.0 0.5 0.344662772172 0.476407914764
0.67094017094 0.0 0.729166666667 0.663303239511 0.721968543886
0.813034188034 0.0 0.854166666667 0.782262347318 0.840690005074
0.648148148148 0.0 0.75 0.630908125332 0.671740233384
0.56339031339 0.0 0.6875 0.613913967074 0.671232876712
0.516381766382 0.0 0.6875 0.705788635157 0.707255200406
0.637108262108 0.0 0.75 0.793414763675 0.799594114663
0.527065527066 0.0 0.6875 0.695698353691 0.733637747336
0.489316239316 0.0 0.583333333333 0.446627721721 0.529173008625
0.300925925926 0.0 0.375 0.369622942114 0.360223236936
0.898504273504 0.0 0.9375 0.80722251726 0.890410958904
0.735754985755 1.0 0.729166666667 0.561338289963 0.62962962963
0.851851851852 1.0 0.875 0.708443972384 0.799594114663
0.882478632479 0.0 0.916666666667 0.861391396707 0.927447995941
0.378205128205 0.0 0.4375 0.429633563463 0.423135464231
0.540598290598 0.0 0.604166666667 0.578332448221 0.557077625571
0.85933048433 1.0 0.916666666667 0.841741901221 0.849822425165
0.623575498575 0.0 0.645833333333 0.512480084971 0.637239979706
0.799857549858 0.0 0.8125 0.690387679235 0.785388127854
0.770299145299 0.0 0.791666666667 0.681890600106 0.777777777778
0.372507122507 0.0 0.479166666667 0.414763674987 0.334855403349
0.632478632479 0.0 0.666666666667 0.527881040892 0.552004058853
0.500712250712 0.0 0.5625 0.527881040892 0.56570268899
0.610754985755 1.0 0.625 0.488050982475 0.58599695586
0.600427350427 0.0 0.583333333333 0.438661710037 0.505327245053
0.676638176638 0.0 0.770833333333 0.643653744025 0.726534753932
0.120014245014 0.0 0.166666666667 0.129580456718 0.157280568239
0.107905982906 0.0 0.125 0.064790228359 0.0578386605784
0.420227920228 0.0 0.375 0.242697822623 0.341451040081
0.114672364672 0.0 0.145833333333 0.0679766330324 0.0715372907154
0.168803418803 1.0 0.208333333333 0.10780669145 0.113140537798
0.125356125356 0.0 0.166666666667 0.0754115772703 0.064434297311
0.105769230769 0.0 0.145833333333 0.0855018587361 0.0786402841197
0.791310541311 0.0 0.791666666667 0.653744025491 0.690512430238
0.919515669516 0.0 0.875 0.730217737653 0.803145611365
0.283831908832 0.0 0.354166666667 0.331917153478 0.351090816844
0.214031339031 0.0 0.270833333333 0.2156133829 0.206494165398
0.399216524217 0.0 0.458333333333 0.387679235263 0.365804160325
0.623575498575 0.0 0.708333333333 0.585236325013 0.614408929477
0.727207977208 0.0 0.729166666667 0.642591609134 0.675291730086
0.172008547009 0.0 0.208333333333 0.15932023367 0.188229325216
0.794871794872 0.0 0.8125 0.735528412108 0.727549467275
0.508547008547 0.0 0.541666666667 0.40361125863 0.387113140538
0.554487179487 0.0 0.666666666667 0.619224641529 0.696600710299
0.712606837607 0.0 0.8125 0.812533191715 0.803145611365
0.729700854701 0.0 0.791666666667 0.771640998407 0.799594114663
0.43660968661 0.0 0.541666666667 0.475836431227 0.51598173516
0.819088319088 0.0 0.854166666667 0.740839086564 0.770167427702
0.559116809117 0.0 0.645833333333 0.505576208178 0.599695585997
0.190883190883 0.0 0.229166666667 0.16887944769 0.132927447996
0.757834757835 0.0 0.8125 0.788635156665 0.8132927448
0.865028490028 0.0 0.916666666667 0.873605947955 0.867072552004
0.257834757835 0.0 0.3125 0.250132766861 0.247082699137
0.595085470085 1.0 0.604166666667 0.496016994158 0.603754439371
0.666666666667 0.0 0.75 0.654806160382 0.69101978691
0.266025641026 0.0 0.354166666667 0.259691980882 0.21562658549
0.252492877493 0.0 0.291666666667 0.22039298991 0.259766615931
0.774216524217 0.0 0.791666666667 0.706319702602 0.792491121258
0.154558404558 0.0 0.208333333333 0.204460966543 0.151192288179
0.138888888889 0.0 0.1875 0.146043547531 0.144596651446
0.661324786325 0.0 0.708333333333 0.59160913436 0.677828513445
0.383903133903 0.0 0.4375 0.442910249602 0.480466768138
0.714743589744 0.0 0.770833333333 0.67180031864 0.737189244039
0.646367521368 0.0 0.6875 0.559214020181 0.573820395738
0.554843304843 1.0 0.604166666667 0.550185873606 0.622526636225
0.333333333333 0.0 0.354166666667 0.297928836962 0.350076103501
0.405982905983 0.0 0.520833333333 0.471587891662 0.416539827499
0.156695156695 0.0 0.208333333333 0.172065852363 0.176052765094
0.184472934473 0.0 0.25 0.21083377589 0.200405885337
0.853276353276 0.0 0.875 0.822623473181 0.896499238965
0.870014245014 0.0 0.875 0.777482740308 0.89497716895
0.428774928775 0.0 0.520833333333 0.460966542751 0.488077118214
0.181267806268 0.0 0.25 0.161975570898 0.0908168442415
0.872150997151 0.0 0.875 0.738714816782 0.831050228311
0.157051282051 0.0 0.208333333333 0.176845459373 0.190766108574
0.735754985755 0.0 0.791666666667 0.719065321296 0.789446981228
0.87962962963 0.0 0.9375 0.852363250133 0.883815322171
0.426282051282 0.0 0.520833333333 0.519915029209 0.512430238458
0.284544159544 1.0 0.333333333333 0.268720127456 0.239472349061
0.709401709402 0.0 0.770833333333 0.70897503983 0.8132927448
0.504273504274 0.0 0.645833333333 0.613913967074 0.591070522577
0.253917378917 1.0 0.333333333333 0.282527881041 0.290715372907
0.470085470085 0.0 0.583333333333 0.552841210834 0.573313039066
0.574074074074 0.0 0.6875 0.665427509294 0.692034500254
0.361111111111 1.0 0.4375 0.336165693043 0.341958396753
0.452279202279 0.0 0.520833333333 0.406797663303 0.466768138001
0.780982905983 0.0 0.770833333333 0.604354753054 0.657534246575
0.711894586895 0.0 0.833333333333 0.81678173128 0.875697615424
0.308760683761 0.0 0.3125 0.192246415295 0.208016235413
0.150641025641 1.0 0.208333333333 0.115772703133 0.140537798072
0.298076923077 0.0 0.375 0.302177376527 0.233384069001
0.429843304843 1.0 0.479166666667 0.39405204461 0.475393201421
0.459757834758 0.0 0.5625 0.46468401487 0.474885844749
0.711182336182 0.0 0.6875 0.57249070632 0.635210553019
0.47792022792 0.0 0.604166666667 0.541688794477 0.535768645358
0.514245014245 0.0 0.4375 0.338821030271 0.32369355657
0.409544159544 0.0 0.520833333333 0.395645246946 0.455606291223
0.13603988604 0.0 0.166666666667 0.100902814657 0.101471334348
0.45584045584 0.0 0.541666666667 0.515666489644 0.587011669203
0.464743589744 0.0 0.5625 0.502920870951 0.487569761542
0.54594017094 0.0 0.625 0.611789697292 0.649923896499
0.532051282051 0.0 0.479166666667 0.381837493362 0.427194317605
0.808048433048 0.0 0.8125 0.664365374403 0.692034500254
0.472934472934 0.0 0.416666666667 0.35209771641 0.372399797057
