0.427210365854 0.0 0.489795918367 0.492618917441 0.509903504317
0.452743902439 0.0 0.530612244898 0.525423728814 0.601828339259
0.579268292683 1.0 0.489795918367 0.326407873155 0.406297613002
0.579268292683 1.0 0.489795918367 0.326407873155 0.406297613002
0.413109756098 1.0 0.428571428571 0.365226899945 0.332148298629
0.237423780488 1.0 0.265306122449 0.151448879169 0.191975622143
0.593368902439 0.0 0.673469387755 0.622744669218 0.55967496191
0.685975609756 0.0 0.755102040816 0.700929469656 0.66531234129
0.436356707317 0.0 0.551020408163 0.448879168945 0.521076688674
0.383384146341 0.0 0.530612244898 0.533624931657 0.496190959878
0.442073170732 1.0 0.448979591837 0.303444505194 0.280345352971
0.374237804878 1.0 0.448979591837 0.342810278841 0.390553580498
0.295731707317 0.0 0.367346938776 0.376161837069 0.362112747588
0.432164634146 0.0 0.510204081633 0.565882996173 0.508379888268
0.73818597561 0.5 0.632653061224 0.516675779114 0.569324530218
0.342606707317 0.0 0.408163265306 0.304537998907 0.369222955815
0.549161585366 0.0 0.632653061224 0.523236741389 0.583544946673
0.846798780488 0.0 0.877551020408 0.822307271733 0.873031995937
1.0 0.0 1.0 1.0 1.0
0.511432926829 0.0 0.530612244898 0.483324220886 0.553580497715
0.475609756098 1.0 0.408163265306 0.314379442318 0.343829355003
0.576600609756 1.0 0.530612244898 0.481137233461 0.46470289487
0.483231707317 0.0 0.489795918367 0.411153635867 0.455561198578
0.141006097561 1.0 0.163265306122 0.0486604702023 0.0350431691214
0.392911585366 0.5 0.326530612245 0.27665390924 0.270695784662
0.794969512195 0.0 0.755102040816 0.756150902132 0.712544438801
0.342987804878 0.0 0.448979591837 0.493712411154 0.416455053327
0.442073170732 0.0 0.551020408163 0.575177692728 0.54342305739
0.652057926829 0.0 0.612244897959 0.45106615637 0.458608430675
0.522103658537 0.0 0.571428571429 0.456533624932 0.457592686643
0.496570121951 0.0 0.510204081633 0.448879168945 0.445403758253
0.50381097561 0.0 0.510204081633 0.404592673592 0.498222447943
0.342606707317 1.0 0.30612244898 0.214871514489 0.210259014728
0.309070121951 1.0 0.285714285714 0.188627665391 0.174707973591
0.296493902439 1.0 0.265306122449 0.167851284855 0.146267140681
0.330030487805 1.0 0.285714285714 0.194095133953 0.181818181818
0.586890243902 0.0 0.591836734694 0.434663750683 0.591670898933
0.586890243902 0.0 0.591836734694 0.434663750683 0.591670898933
0.392149390244 0.0 0.428571428571 0.42646254784 0.385982732351
0.442835365854 0.0 0.510204081633 0.566976489885 0.471305231082
0.486280487805 0.0 0.612244897959 0.626025150355 0.656678517014
0.393673780488 0.0 0.551020408163 0.591033351558 0.521584560691
0.598704268293 0.0 0.551020408163 0.470749043193 0.532249873032
0.551829268293 0.0 0.551020408163 0.503007107709 0.522600304723
0.260289634146 1.0 0.367346938776 0.333515582285 0.272219400711
0.260289634146 1.0 0.367346938776 0.333515582285 0.272219400711
0.633765243902 0.0 0.714285714286 0.776927282668 0.751650584053
0.434070121951 0.0 0.591836734694 0.670311645708 0.603859827324
0.306402439024 0.5 0.285714285714 0.279387643521 0.205180294566
0.431402439024 0.0 0.530612244898 0.472936030618 0.543930929406
0.18368902439 1.0 0.224489795918 0.0656096227447 0.0909090909091
0.237423780488 1.0 0.265306122449 0.151448879169 0.191975622143
0.435975609756 0.0 0.551020408163 0.462001093494 0.510411376333
0.435975609756 0.0 0.551020408163 0.462001093494 0.510411376333
0.452362804878 0.0 0.530612244898 0.440131219245 0.447435246318
0.346798780488 0.0 0.367346938776 0.266812465828 0.264601320467
0.579268292683 1.0 0.489795918367 0.326407873155 0.406297613002
0.441692073171 1.0 0.387755102041 0.232367413887 0.323006602336
0.378429878049 0.0 0.489795918367 0.559322033898 0.453021838497
0.332317073171 1.0 0.367346938776 0.340623291416 0.332148298629
0.627667682927 1.0 0.673469387755 0.619464188081 0.586084306755
0.301067073171 1.0 0.34693877551 0.282121377802 0.260538344337
0.393292682927 0.0 0.489795918367 0.445051940951 0.454545454545
0.393292682927 0.0 0.489795918367 0.445051940951 0.454545454545
0.614710365854 1.0 0.510204081633 0.349371241115 0.431691213814
0.457698170732 1.0 0.367346938776 0.223619464188 0.24936515998
0.314786585366 0.0 0.428571428571 0.346090759978 0.364144235653
0.256478658537 0.0 0.30612244898 0.2247129579 0.237684103606
0.288109756098 1.0 0.34693877551 0.291962821214 0.277298120874
0.166539634146 1.0 0.224489795918 0.189174412247 0.120365667852
0.141006097561 1.0 0.163265306122 0.0486604702023 0.0350431691214
0.285442073171 1.0 0.387755102041 0.333515582285 0.272219400711
0.373856707317 1.0 0.367346938776 0.299617277201 0.213814118842
0.373856707317 1.0 0.367346938776 0.299617277201 0.213814118842
0.489710365854 0.0 0.591836734694 0.518862766539 0.593194514982
0.489710365854 0.0 0.591836734694 0.518862766539 0.593194514982
0.158536585366 1.0 0.204081632653 0.0656096227447 0.0909090909091
0.305259146341 1.0 0.34693877551 0.168398031711 0.247841543931
0.686737804878 0.0 0.714285714286 0.709677419355 0.59624174708
0.715320121951 0.0 0.65306122449 0.636413340623 0.574911122397
