0.736305732484 0.0 0.825 0.687458526875 0.888539042821
0.736305732484 0.0 0.825 0.687458526875 0.888539042821
0.736305732484 0.0 0.825 0.687458526875 0.888539042821
0.31932059448 0.0 0.45 0.36695421367 0.500629722922
0.43028024607 0.0 0.588235294118 0.528095238095 0.615048543689
0.3995215311 0.0 0.549019607843 0.449047619048 0.544174757282
0.475393028025 0.0 0.607843137255 0.543333333333 0.64854368932
0.554682159945 0.0 0.666666666667 0.600476190476 0.707281553398
0.48110403397 0.0 0.575 0.497677504977 0.617128463476
0.48110403397 0.0 0.575 0.497677504977 0.617128463476
0.48110403397 0.0 0.575 0.497677504977 0.617128463476
0.504101161996 0.0 0.627450980392 0.537142857143 0.621844660194
0.602529049897 0.0 0.745098039216 0.722380952381 0.778640776699
0.343472317157 0.0 0.450980392157 0.372857142857 0.461650485437
0.812030075188 0.0 0.823529411765 0.675714285714 0.859223300971
0.63978127136 0.0 0.764705882353 0.7 0.765048543689
0.643540669856 0.0 0.78431372549 0.745714285714 0.793203883495
0.896445659604 0.0 0.921568627451 0.838095238095 1.0
0.590658174098 0.0 0.725 0.675514266755 0.727959697733
0.497360703812 0.0 0.571428571429 0.425547445255 0.538175046555
0.406698564593 0.0 0.529411764706 0.439047619048 0.493689320388
0.588269794721 0.0 0.628571428571 0.473722627737 0.608938547486
0.598826979472 0.0 0.685714285714 0.598540145985 0.686530105525
0.352016985138 0.0 0.5 0.478433974784 0.505037783375
0.515542521994 0.0 0.6 0.42700729927 0.517070142768
0.648093841642 0.0 0.714285714286 0.591240875912 0.695841092489
0.447937131631 0.0 0.564102564103 0.502170767004 0.554094441124
0.398821218075 0.0 0.512820512821 0.409551374819 0.46264196055
0.55366568915 0.0 0.628571428571 0.484671532847 0.575418994413
0.810663021189 0.0 0.862745098039 0.765238095238 0.877184466019
0.381740976645 0.0 0.475 0.43795620438 0.508186397985
0.567669172932 0.0 0.647058823529 0.545714285714 0.629611650485
0.596480938416 0.0 0.714285714286 0.626277372263 0.671632526381
0.637047163363 0.0 0.725490196078 0.629523809524 0.703883495146
0.397876857749 0.0 0.475 0.411413404114 0.49685138539
0.397876857749 0.0 0.475 0.411413404114 0.49685138539
0.557184750733 0.0 0.628571428571 0.486131386861 0.576660459342
0.696774193548 0.0 0.771428571429 0.662773722628 0.749844816884
0.631671554252 0.0 0.714285714286 0.580291970803 0.658597144631
0.701982228298 0.0 0.823529411765 0.781904761905 0.820873786408
0.729618768328 0.0 0.771428571429 0.635766423358 0.751707014277
0.642228739003 0.0 0.714285714286 0.565693430657 0.651148355059
0.557184750733 0.0 0.6 0.472262773723 0.586592178771
0.632258064516 0.0 0.714285714286 0.630656934307 0.704531346989
0.570674486804 0.0 0.628571428571 0.448905109489 0.545003103662
0.68211143695 0.0 0.714285714286 0.6 0.720670391061
0.606451612903 0.0 0.685714285714 0.497810218978 0.571073867163
0.317840054682 0.0 0.43137254902 0.366666666667 0.404854368932
0.311688311688 0.0 0.470588235294 0.440476190476 0.431553398058
0.483651804671 0.0 0.525 0.392833443928 0.5
0.6357771261 0.0 0.714285714286 0.544525547445 0.613283674736
0.661583577713 0.0 0.714285714286 0.644525547445 0.737430167598
0.612903225806 0.0 0.657142857143 0.511678832117 0.612662942272
0.668789808917 0.0 0.775 0.692767086928 0.731738035264
0.827565982405 0.0 0.914285714286 0.825547445255 0.883923029174
0.704398826979 0.0 0.742857142857 0.675182481752 0.781502172564
0.639296187683 0.0 0.742857142857 0.600729927007 0.641837368094
0.634017595308 0.0 0.657142857143 0.570802919708 0.692116697703
0.777712609971 0.0 0.828571428571 0.717518248175 0.810676598386
0.691495601173 0.0 0.8 0.654744525547 0.69025450031
0.739002932551 0.0 0.742857142857 0.53503649635 0.674736188703
0.641642228739 0.0 0.657142857143 0.497080291971 0.624456859094
0.66862170088 0.0 0.714285714286 0.57299270073 0.669770328988
0.584164222874 0.0 0.657142857143 0.540875912409 0.606455617629
0.548872180451 0.0 0.607843137255 0.52 0.599029126214
0.59872611465 0.0 0.65 0.58195089582 0.668136020151
0.502050580998 0.0 0.56862745098 0.493333333333 0.56359223301
0.726686217009 0.0 0.771428571429 0.513868613139 0.605834885164
0.768914956012 0.0 0.828571428571 0.688321167883 0.765363128492
0.640469208211 0.0 0.742857142857 0.556204379562 0.590316573557
0.663343108504 0.0 0.685714285714 0.538686131387 0.652389819988
0.719061583578 0.0 0.771428571429 0.606569343066 0.69025450031
0.411464968153 0.0 0.55 0.519575315196 0.51637279597
0.662170087977 0.0 0.742857142857 0.671532846715 0.725636250776
0.200615174299 0.0 0.294117647059 0.222380952381 0.263106796117
0.658651026393 0.0 0.714285714286 0.571532846715 0.64990689013
0.572795625427 0.0 0.705882352941 0.724761904762 0.725242718447
0.618181818182 0.0 0.685714285714 0.589051094891 0.654872749845
0.710263929619 0.0 0.8 0.684671532847 0.728119180633
0.634017595308 0.0 0.657142857143 0.489051094891 0.598386095593
0.629325513196 0.0 0.714285714286 0.584671532847 0.631905648665
0.82991202346 0.0 0.857142857143 0.678102189781 0.782743637492
0.637536656891 0.0 0.714285714286 0.648905109489 0.703910614525
0.887976539589 0.0 0.914285714286 0.729197080292 0.83426443203
0.827565982405 0.0 0.828571428571 0.602919708029 0.733085040348
0.771847507331 0.0 0.771428571429 0.577372262774 0.70887647424
0.652785923754 0.0 0.742857142857 0.665693430657 0.705772811918
0.7642228739 0.0 0.828571428571 0.687591240876 0.751707014277
0.633431085044 0.0 0.714285714286 0.597080291971 0.644320297952
0.893255131965 0.0 0.971428571429 0.843065693431 0.890130353818
0.665102639296 0.0 0.685714285714 0.598540145985 0.702048417132
0.699120234604 0.0 0.8 0.68102189781 0.703910614525
0.66275659824 0.0 0.742857142857 0.710948905109 0.75356921167
0.752492668622 0.0 0.8 0.687591240876 0.76225946617
0.732551319648 0.0 0.742857142857 0.564233576642 0.675977653631
0.66275659824 0.0 0.714285714286 0.567883211679 0.638112973309
0.639882697947 0.0 0.685714285714 0.597080291971 0.67287399131
0.751906158358 0.0 0.885714285714 0.833576642336 0.821229050279
0.721407624633 0.0 0.771428571429 0.667883211679 0.738050900062
0.801173020528 0.0 0.828571428571 0.707299270073 0.799503414029
