0.788864786696 0.857142857143 0.774193548387 0.7 0.746687451286
0.562545191612 0.428571428571 0.645161290323 0.482978723404 0.342166796571
0.804772234273 0.428571428571 0.838709677419 0.674468085106 0.621200311769
0.810556760665 0.142857142857 0.838709677419 0.703191489362 0.651597817615
0.648590021692 0.357142857143 0.677419354839 0.682978723404 0.474668745129
0.734634851772 0.142857142857 0.741935483871 0.709574468085 0.522213561964
0.69992769342 0.285714285714 0.677419354839 0.575531914894 0.561184723305
0.759219088937 0.428571428571 0.741935483871 0.717021276596 0.540919719408
0.743311641359 0.214285714286 0.709677419355 0.591489361702 0.573655494934
0.710050614606 0.285714285714 0.645161290323 0.562765957447 0.405300077942
0.572668112798 0.142857142857 0.645161290323 0.513829787234 0.399844115355
0.59291395517 0.571428571429 0.612903225806 0.409574468085 0.287607170694
0.655097613883 0.5 0.645161290323 0.586170212766 0.395167575994
0.625451916124 0.285714285714 0.612903225806 0.586170212766 0.395167575994
0.733911785973 0.285714285714 0.774193548387 0.590425531915 0.628215120811
0.577729573391 0.357142857143 0.58064516129 0.601063829787 0.397505845674
0.700650759219 0.214285714286 0.645161290323 0.591489361702 0.473109898675
0.729573391179 0.571428571429 0.709677419355 0.575531914894 0.561184723305
0.684743311641 0.357142857143 0.741935483871 0.573404255319 0.523772408418
0.720173535792 0.357142857143 0.774193548387 0.602127659574 0.554169914263
0.800433839479 0.785714285714 0.870967741935 0.702127659574 0.6773187841
0.600867678959 0.285714285714 0.612903225806 0.532978723404 0.467653936087
0.731019522777 0.928571428571 0.806451612903 0.690425531915 0.565081839439
1.0 0.785714285714 0.967741935484 0.978723404255 0.844115354638
0.807664497469 0.428571428571 0.903225806452 0.907446808511 0.660950896337
0.770065075922 0.428571428571 0.870967741935 0.929787234043 0.646141855027
0.898047722343 0.571428571429 0.967741935484 1.0 0.810600155885
0.892263195951 0.571428571429 0.935483870968 0.973404255319 0.762275915822
0.658712942878 1.0 0.548387096774 0.404255319149 0.304754481684
0.77151120752 0.357142857143 0.774193548387 0.765957446809 0.671862821512
0.711496746204 0.0714285714286 0.741935483871 0.703191489362 0.58690568979
0.954446854664 0.714285714286 1.0 0.926595744681 1.0
0.836587129429 0.357142857143 0.774193548387 0.764893617021 0.504286827747
0.566160520607 0.428571428571 0.58064516129 0.553191489362 0.434918160561
0.750542299349 0.714285714286 0.774193548387 0.68829787234 0.71161340608
0.750542299349 0.714285714286 0.774193548387 0.68829787234 0.71161340608
0.669558929863 0.5 0.741935483871 0.645744680851 0.440374123149
0.669558929863 0.5 0.741935483871 0.645744680851 0.440374123149
0.702096890817 0.285714285714 0.741935483871 0.6 0.459859703819
0.65726681128 0.428571428571 0.677419354839 0.714893617021 0.515198752923
0.767172812726 0.214285714286 0.774193548387 0.821276595745 0.621979734996
0.820679681851 0.214285714286 0.870967741935 0.927659574468 0.71628994544
0.792480115691 0.357142857143 0.870967741935 0.840425531915 0.639127045986
0.738973246565 0.357142857143 0.774193548387 0.734042553191 0.544816835542
0.668835864064 0.0 0.677419354839 0.573404255319 0.41075604053
0.852494577007 0.785714285714 0.935483870968 0.809574468085 0.717848791894
0.619667389732 0.285714285714 0.612903225806 0.640425531915 0.407638347623
0.610267534346 0.5 0.612903225806 0.512765957447 0.297739672642
0.840202458424 0.5 0.806451612903 0.798936170213 0.583787996882
0.718727404194 0.571428571429 0.774193548387 0.737234042553 0.745128604832
0.731742588576 0.357142857143 0.741935483871 0.610638297872 0.44738893219
0.671005061461 0.785714285714 0.645161290323 0.548936170213 0.42790335152
0.668835864064 0.0 0.677419354839 0.573404255319 0.41075604053
0.892263195951 0.571428571429 0.935483870968 0.973404255319 0.762275915822
0.919739696312 0.428571428571 0.903225806452 0.937234042553 0.860483242401
0.751988430947 0.357142857143 0.774193548387 0.660638297872 0.603273577553
0.849602313811 0.785714285714 0.903225806452 0.801063829787 0.793452844895
0.669558929863 0.285714285714 0.645161290323 0.643617021277 0.463756819953
0.699204627621 0.571428571429 0.677419354839 0.643617021277 0.463756819953
0.498192335503 0.142857142857 0.516129032258 0.374468085106 0.315666406859
0.616775126537 0.0 0.612903225806 0.544680851064 0.381137957911
0.786695589299 0.142857142857 0.741935483871 0.637234042553 0.687451286048
0.537237888648 0.142857142857 0.612903225806 0.485106382979 0.369446609509
0.634128705712 0.142857142857 0.645161290323 0.565957446809 0.386593920499
0.566883586406 0.0 0.645161290323 0.509574468085 0.519875292284
0.566883586406 0.0 0.645161290323 0.509574468085 0.519875292284
0.840202458424 0.5 0.806451612903 0.798936170213 0.583787996882
0.715112075199 0.428571428571 0.677419354839 0.575531914894 0.561184723305
0.792480115691 0.357142857143 0.870967741935 0.840425531915 0.639127045986
0.793926247289 0.857142857143 0.774193548387 0.577659574468 0.682774746687
0.895155459147 0.571428571429 0.806451612903 0.720212765957 0.60639127046
0.610990600145 0.428571428571 0.548387096774 0.46914893617 0.367108339829
0.791033984093 0.928571428571 0.838709677419 0.68085106383 0.692127825409
0.793926247289 0.857142857143 0.774193548387 0.577659574468 0.682774746687
0.566883586406 0.142857142857 0.612903225806 0.487234042553 0.351519875292
0.563268257411 0.285714285714 0.58064516129 0.409574468085 0.287607170694
0.596529284165 0.285714285714 0.709677419355 0.725531914894 0.607170693687
0.590744757773 0.571428571429 0.709677419355 0.696808510638 0.576773187841
0.54302241504 0.428571428571 0.548387096774 0.38085106383 0.257209664848
0.513376717281 0.142857142857 0.516129032258 0.38085106383 0.257209664848
0.686912509038 0.142857142857 0.709677419355 0.631914893617 0.572876071707
0.686912509038 0.142857142857 0.709677419355 0.631914893617 0.572876071707
0.686912509038 0.285714285714 0.709677419355 0.665957446809 0.526890101325
0.710050614606 0.285714285714 0.645161290323 0.562765957447 0.405300077942
0.537237888648 0.142857142857 0.612903225806 0.485106382979 0.369446609509
0.566883586406 0.428571428571 0.645161290323 0.485106382979 0.369446609509
0.643528561099 0.5 0.645161290323 0.504255319149 0.413873733437
0.765726681128 0.214285714286 0.838709677419 0.795744680851 0.715510522214
0.686912509038 0.285714285714 0.677419354839 0.502127659574 0.511301636789
0.722342733189 0.285714285714 0.709677419355 0.53085106383 0.541699142634
0.667389732466 0.5 0.741935483871 0.608510638298 0.526110678098
0.643528561099 0.5 0.645161290323 0.504255319149 0.413873733437
0.796095444685 0.285714285714 0.741935483871 0.605319148936 0.544037412315
0.810556760665 0.428571428571 0.774193548387 0.605319148936 0.544037412315
0.967462039046 0.642857142857 0.935483870968 0.912765957447 0.812159002338
0.524945770065 0.285714285714 0.612903225806 0.546808510638 0.476227591582
0.765726681128 0.214285714286 0.838709677419 0.795744680851 0.715510522214
0.712219812003 0.714285714286 0.741935483871 0.613829787234 0.519875292284
0.729573391179 0.571428571429 0.709677419355 0.575531914894 0.561184723305
0.686912509038 0.285714285714 0.709677419355 0.665957446809 0.526890101325
