0.950091296409 0.428571428571 0.948717948718 0.916734033953 1.0
1.0 0.857142857143 1.0 0.92077607114 0.991978609626
0.332318928789 0.0 0.333333333333 0.231204527082 0.221256684492
0.532562385879 1.0 0.641025641026 0.64025869038 0.479278074866
0.326841144248 0.142857142857 0.282051282051 0.1341956346 0.0969251336898
0.337188070603 0.0 0.282051282051 0.105901374293 0.0848930481283
1.0 0.142857142857 0.923076923077 0.844785772029 0.953877005348
0.954960438223 0.714285714286 0.974358974359 1.0 0.982620320856
0.954351795496 0.571428571429 0.974358974359 0.900565885206 0.961898395722
0.49908703591 0.428571428571 0.538461538462 0.445432497979 0.436497326203
0.905051734632 0.714285714286 0.923076923077 0.780113177041 0.848262032086
0.478393183201 0.571428571429 0.564102564103 0.552950687146 0.436497326203
0.374923919659 0.285714285714 0.410256410256 0.285367825384 0.215909090909
0.969567863664 0.0 0.923076923077 0.776071139854 0.936497326203
0.958612294583 0.285714285714 0.923076923077 0.742118027486 0.886363636364
0.877054169203 0.428571428571 0.923076923077 0.936135812449 0.861631016043
0.348143639684 0.0 0.384615384615 0.241713823767 0.200534759358
0.659768715764 0.0 0.769230769231 0.641875505255 0.766711229947
0.787583688375 0.142857142857 0.794871794872 0.663702506063 0.798128342246
0.676202069385 0.285714285714 0.717948717949 0.617623282134 0.616978609626
0.834449178332 0.428571428571 0.897435897436 0.74696847211 0.863636363636
0.81071211199 0.428571428571 0.846153846154 0.691188358933 0.835561497326
0.372489348752 0.0 0.333333333333 0.111560226354 0.177807486631
0.909312233719 0.142857142857 0.948717948718 0.878738884398 0.911764705882
0.374923919659 0.0 0.358974358974 0.197251414713 0.141042780749
0.442483262325 0.0 0.538461538462 0.495553759095 0.544117647059
0.724893487523 0.285714285714 0.74358974359 0.5974130962 0.726604278075
0.391357273281 0.142857142857 0.358974358974 0.30476960388 0.235294117647
0.755325623859 0.0 0.820512820513 0.685529506871 0.687834224599
0.69567863664 0.0 0.794871794872 0.70735650768 0.733288770053
0.853925745587 0.0 0.897435897436 0.823767178658 0.933155080214
0.536822884967 0.571428571429 0.615384615385 0.52142279709 0.516711229947
0.359707851491 0.142857142857 0.358974358974 0.182700080841 0.109625668449
0.455264759586 0.285714285714 0.461538461538 0.388035569927 0.388368983957
0.482045039562 0.0 0.564102564103 0.531123686338 0.504010695187
0.433962264151 0.0 0.487179487179 0.445432497979 0.41577540107
0.511259890444 0.0 0.461538461538 0.21341956346 0.256684491979
0.533779671333 0.571428571429 0.512820512821 0.334680679062 0.31885026738
0.618989653074 0.0 0.717948717949 0.69199676637 0.717245989305
0.590383444918 0.0 0.692307692308 0.616814874697 0.656417112299
0.65489957395 0.428571428571 0.692307692308 0.556992724333 0.512700534759
0.939744370055 0.0 0.923076923077 0.729183508488 0.885026737968
0.376749847839 0.0 0.435897435897 0.354082457559 0.282754010695
0.364576993305 0.0 0.333333333333 0.169765561843 0.172459893048
0.390139987827 0.0 0.410256410256 0.310428455942 0.239973262032
0.573950091296 0.0 0.666666666667 0.504446240905 0.607620320856
0.554473524041 0.0 0.641025641026 0.58852061439 0.508021390374
0.726110772976 0.285714285714 0.666666666667 0.529506871463 0.640374331551
0.410833840536 0.0 0.384615384615 0.28051738076 0.30949197861
0.850882531954 0.0 0.871794871795 0.693613581245 0.82820855615
0.617163724893 0.0 0.74358974359 0.632983023444 0.673796791444
0.482653682288 0.0 0.589743589744 0.538399353274 0.533422459893
0.887401095557 0.0 0.897435897436 0.713823767179 0.872994652406
0.516129032258 0.0 0.615384615385 0.470493128537 0.446524064171
0.457699330493 0.285714285714 0.435897435897 0.318512530315 0.395053475936
0.979914790018 0.142857142857 0.948717948718 0.789814066289 0.909090909091
0.516737674985 0.285714285714 0.589743589744 0.558609539208 0.586229946524
0.763237979306 0.571428571429 0.820512820513 0.76232821342 0.772058823529
0.856360316494 0.142857142857 0.897435897436 0.799514955538 0.859625668449
0.936092513694 0.142857142857 0.948717948718 0.848019401778 0.914438502674
0.796713329276 0.0 0.846153846154 0.78658043654 0.844919786096
0.45830797322 0.0 0.435897435897 0.152789005659 0.288101604278
0.420572124163 0.142857142857 0.384615384615 0.194826192401 0.308823529412
0.523432744979 0.285714285714 0.487179487179 0.37510105093 0.32820855615
0.385270846013 0.0 0.461538461538 0.37510105093 0.35628342246
0.884357881923 0.142857142857 0.923076923077 0.867421180275 0.889037433155
0.335970785149 0.0 0.333333333333 0.168148746968 0.13435828877
0.763237979306 0.428571428571 0.769230769231 0.64025869038 0.741310160428
0.438831405965 0.0 0.512820512821 0.44219886823 0.45320855615
0.835057821059 0.285714285714 0.871794871795 0.697655618432 0.824197860963
0.632379793061 0.142857142857 0.717948717949 0.574777687955 0.596256684492
0.68654899574 0.0 0.74358974359 0.563459983832 0.698529411765
0.925136944614 0.0 0.820512820513 0.670169765562 0.822192513369
0.740109555691 0.285714285714 0.769230769231 0.632983023444 0.672459893048
0.642118076689 0.0 0.666666666667 0.415521422797 0.536764705882
0.898965307365 0.0 0.897435897436 0.730800323363 0.929144385027
0.789409616555 0.142857142857 0.871794871795 0.764753435732 0.810828877005
0.462568472307 0.0 0.461538461538 0.223120452708 0.30013368984
0.863055386488 0.0 0.820512820513 0.578819725141 0.731951871658
0.726719415703 0.0 0.717948717949 0.614389652385 0.705213903743
0.566037735849 0.0 0.641025641026 0.487469684721 0.633021390374
0.496652465003 0.0 0.461538461538 0.269199676637 0.383689839572
0.900791235545 0.142857142857 0.923076923077 0.834276475344 0.939171122995
0.383444917833 0.0 0.358974358974 0.187550525465 0.19050802139
0.941570298235 0.0 0.923076923077 0.873080032336 0.904411764706
0.782105903834 0.142857142857 0.794871794872 0.633791430881 0.752005347594
0.427267194157 0.0 0.410256410256 0.346806790622 0.271390374332
0.561168594035 0.0 0.487179487179 0.251414713015 0.330213903743
0.804017041996 0.142857142857 0.846153846154 0.62813257882 0.821524064171
0.76445526476 0.142857142857 0.74358974359 0.679062247373 0.776069518717
0.597687157638 0.0 0.564102564103 0.441390460792 0.521390374332
0.682288496652 0.0 0.692307692308 0.461600646726 0.556818181818
0.713937918442 0.0 0.692307692308 0.463217461601 0.575534759358
0.611077297626 0.0 0.538461538462 0.434114793856 0.473930481283
0.778454047474 0.0 0.692307692308 0.558609539208 0.592914438503
0.471089470481 0.0 0.435897435897 0.293451899757 0.338235294118
0.837492391966 0.0 0.769230769231 0.66774454325 0.777406417112
0.84236153378 0.142857142857 0.897435897436 0.704931285368 0.844919786096
0.529519172246 0.0 0.487179487179 0.302344381568 0.342914438503
0.524650030432 0.0 0.461538461538 0.404203718674 0.459893048128
