0.857250755287 0.0 0.909090909091 0.842253521127 0.896306818182
0.876132930514 0.0 0.878787878788 0.698591549296 0.791193181818
0.892749244713 0.0 0.878787878788 0.708920187793 0.809659090909
0.788519637462 0.0 0.818181818182 0.661971830986 0.722301136364
0.895770392749 0.0 0.848484848485 0.62441314554 0.747869318182
0.749244712991 0.0 0.757575757576 0.559624413146 0.623579545455
0.780211480363 0.0 0.818181818182 0.664788732394 0.692471590909
0.68580060423 0.0 0.69696969697 0.498591549296 0.556107954545
0.764350453172 0.0 0.727272727273 0.56338028169 0.659801136364
0.745468277946 0.0 0.727272727273 0.535211267606 0.609375
0.638972809668 0.0 0.666666666667 0.4779342723 0.513494318182
0.700906344411 0.0 0.757575757576 0.669483568075 0.670454545455
0.783987915408 0.0 0.878787878788 0.800938967136 0.758522727273
0.727341389728 0.0 0.757575757576 0.652582159624 0.673295454545
0.732628398792 0.0 0.727272727273 0.556807511737 0.606534090909
0.65332326284 0.0 0.666666666667 0.422535211268 0.456676136364
0.783987915408 1.0 0.727272727273 0.483568075117 0.665482954545
0.775679758308 1.0 0.757575757576 0.560563380282 0.705965909091
0.626132930514 1.0 0.636363636364 0.411267605634 0.538352272727
0.972054380665 0.0 0.909090909091 0.769014084507 0.850142045455
0.896525679758 0.0 0.878787878788 0.725821596244 0.769176136364
0.691842900302 0.0 0.727272727273 0.577464788732 0.583096590909
0.787764350453 0.0 0.818181818182 0.698591549296 0.702414772727
0.785498489426 0.0 0.787878787879 0.610328638498 0.635653409091
0.78247734139 0.0 0.69696969697 0.495774647887 0.602272727273
0.85498489426 0.0 0.787878787879 0.643192488263 0.727272727273
0.797583081571 0.0 0.757575757576 0.572769953052 0.634943181818
0.929003021148 0.0 0.878787878788 0.753051643192 0.814630681818
0.814954682779 1.0 0.818181818182 0.644131455399 0.752840909091
0.804380664653 0.0 0.818181818182 0.667605633803 0.675426136364
0.76586102719 0.0 0.787878787879 0.646009389671 0.6484375
0.885951661631 0.0 0.848484848485 0.725821596244 0.774857954545
0.737160120846 0.0 0.757575757576 0.62441314554 0.628551136364
0.833081570997 1.0 0.848484848485 0.733333333333 0.823863636364
0.676737160121 0.0 0.606060606061 0.379342723005 0.468039772727
1.0 0.0 1.0 1.0 1.0
0.795317220544 1.0 0.818181818182 0.663849765258 0.746448863636
0.787764350453 0.0 0.727272727273 0.572769953052 0.643465909091
0.847432024169 0.0 0.878787878788 0.820657276995 0.800426136364
0.772658610272 0.0 0.727272727273 0.50985915493 0.566761363636
0.783987915408 0.0 0.787878787879 0.68544600939 0.694602272727
0.580060422961 0.0 0.575757575758 0.425352112676 0.454545454545
0.83081570997 1.0 0.878787878788 0.71455399061 0.767045454545
0.589879154079 0.0 0.575757575758 0.369953051643 0.405539772727
0.743957703927 0.0 0.757575757576 0.655399061033 0.654119318182
0.70996978852 0.0 0.666666666667 0.408450704225 0.461647727273
0.760574018127 0.0 0.757575757576 0.615962441315 0.627130681818
0.715256797583 0.0 0.666666666667 0.491079812207 0.548295454545
0.740936555891 0.0 0.69696969697 0.5220657277 0.573153409091
0.70996978852 0.0 0.69696969697 0.530516431925 0.552556818182
0.841389728097 0.0 0.848484848485 0.721126760563 0.715198863636
0.781722054381 0.0 0.787878787879 0.654460093897 0.652698863636
0.865558912387 0.0 0.818181818182 0.659154929577 0.700284090909
0.796827794562 0.0 0.757575757576 0.662910798122 0.700994318182
0.842900302115 0.0 0.818181818182 0.712676056338 0.733664772727
0.833836858006 0.0 0.787878787879 0.655399061033 0.696732954545
0.796827794562 0.0 0.757575757576 0.601877934272 0.639204545455
0.823262839879 0.0 0.818181818182 0.663849765258 0.666903409091
0.743957703927 0.0 0.69696969697 0.540845070423 0.588778409091
0.73413897281 0.0 0.69696969697 0.606572769953 0.645596590909
0.818731117825 0.0 0.818181818182 0.735211267606 0.732954545455
0.533987915408 1.0 0.545454545455 0.27323943662 0.369318181818
0.619335347432 1.0 0.636363636364 0.394366197183 0.479403409091
0.656344410876 0.0 0.666666666667 0.518309859155 0.515625
0.793806646526 0.0 0.757575757576 0.628169014085 0.659801136364
0.680513595166 0.0 0.727272727273 0.619718309859 0.578835227273
0.667673716012 0.0 0.69696969697 0.584037558685 0.560369318182
0.88746223565 1.0 0.969696969697 0.77558685446 0.777698863636
0.718277945619 0.0 0.69696969697 0.597183098592 0.6171875
0.734894259819 1.0 0.727272727273 0.481690140845 0.578125
0.698640483384 0.0 0.666666666667 0.513615023474 0.544034090909
0.735649546828 0.0 0.727272727273 0.608450704225 0.613636363636
0.682779456193 0.0 0.636363636364 0.470422535211 0.514204545455
0.904833836858 0.0 0.848484848485 0.713615023474 0.751420454545
0.808912386707 0.0 0.818181818182 0.757746478873 0.740056818182
0.723564954683 0.0 0.727272727273 0.554929577465 0.547585227273
0.800604229607 1.0 0.818181818182 0.539906103286 0.605113636364
0.61253776435 1.0 0.69696969697 0.55117370892 0.566051136364
0.85498489426 0.0 0.909090909091 0.895774647887 0.831676136364
0.725075528701 0.0 0.69696969697 0.501408450704 0.5234375
0.662386706949 1.0 0.636363636364 0.420657276995 0.535511363636
0.747734138973 0.0 0.666666666667 0.420657276995 0.490056818182
0.769637462236 1.0 0.727272727273 0.592488262911 0.713068181818
0.811933534743 0.0 0.787878787879 0.591549295775 0.600852272727
0.866314199396 0.0 0.848484848485 0.797183098592 0.796875
0.679758308157 1.0 0.727272727273 0.595305164319 0.636363636364
0.847432024169 0.0 0.787878787879 0.611267605634 0.650568181818
0.70996978852 0.0 0.727272727273 0.605633802817 0.581676136364
0.663141993958 0.0 0.636363636364 0.453521126761 0.473721590909
0.808157099698 0.0 0.818181818182 0.724882629108 0.700284090909
0.726586102719 0.0 0.69696969697 0.57558685446 0.593039772727
0.795317220544 0.0 0.727272727273 0.540845070423 0.589488636364
0.801359516616 1.0 0.818181818182 0.627230046948 0.685369318182
0.723564954683 0.0 0.69696969697 0.492957746479 0.506392045455
0.7416918429 0.0 0.727272727273 0.607511737089 0.607954545455
0.694864048338 0.0 0.666666666667 0.531455399061 0.547585227273
0.735649546828 0.0 0.757575757576 0.621596244131 0.587357954545
0.65332326284 0.0 0.69696969697 0.598122065728 0.547585227273
0.719788519637 0.0 0.787878787879 0.75117370892 0.672585227273
0.804380664653 0.0 0.818181818182 0.70985915493 0.676136363636
