0.572347266881 0.444444444444 0.689655172414 0.515570934256 0.629202689721
0.572347266881 0.444444444444 0.689655172414 0.515570934256 0.629202689721
0.513665594855 0.333333333333 0.551724137931 0.297577854671 0.349663784822
0.546623794212 0.555555555556 0.586206896552 0.297577854671 0.349663784822
0.614147909968 0.666666666667 0.586206896552 0.313725490196 0.419788664745
0.610128617363 0.666666666667 0.551724137931 0.22952710496 0.341018251681
0.840032154341 0.111111111111 0.931034482759 0.845444059977 1.0
0.840032154341 0.111111111111 0.931034482759 0.845444059977 1.0
0.722668810289 0.333333333333 0.862068965517 0.817762399077 0.922190201729
0.618167202572 0.111111111111 0.758620689655 0.61937716263 0.675312199808
0.741961414791 0.111111111111 0.724137931034 0.549019607843 0.546589817483
0.741961414791 0.111111111111 0.724137931034 0.549019607843 0.546589817483
0.786173633441 0.555555555556 0.758620689655 0.764705882353 0.643611911623
0.904340836013 0.0 0.896551724138 0.83044982699 0.821325648415
0.572347266881 0.444444444444 0.689655172414 0.515570934256 0.629202689721
0.572347266881 0.444444444444 0.689655172414 0.515570934256 0.629202689721
0.66961414791 0.222222222222 0.724137931034 0.416378316032 0.59269932757
0.741961414791 0.444444444444 0.793103448276 0.447520184544 0.630163304515
0.649517684887 0.666666666667 0.586206896552 0.260668973472 0.378482228626
0.577170418006 0.444444444444 0.51724137931 0.22952710496 0.341018251681
0.51768488746 0.333333333333 0.586206896552 0.381776239908 0.428434197887
0.49115755627 0.333333333333 0.48275862069 0.268742791234 0.290105667627
0.51768488746 0.333333333333 0.586206896552 0.381776239908 0.428434197887
0.51768488746 0.333333333333 0.586206896552 0.381776239908 0.428434197887
0.737942122186 0.111111111111 0.689655172414 0.464821222607 0.467819404419
0.737942122186 0.111111111111 0.689655172414 0.464821222607 0.467819404419
0.611736334405 0.444444444444 0.724137931034 0.546712802768 0.666666666667
0.512861736334 0.222222222222 0.551724137931 0.402537485582 0.490874159462
0.829581993569 0.444444444444 0.862068965517 0.62860438293 0.720461095101
0.790192926045 0.444444444444 0.827586206897 0.597462514418 0.682997118156
0.715434083601 0.111111111111 0.620689655172 0.43598615917 0.408261287224
1.0 0.111111111111 0.965517241379 0.820069204152 0.975984630163
0.736334405145 0.111111111111 0.758620689655 0.519031141869 0.690682036503
0.769292604502 0.333333333333 0.793103448276 0.519031141869 0.690682036503
0.729903536977 0.111111111111 0.793103448276 0.695501730104 0.662824207493
0.773311897106 0.111111111111 0.862068965517 0.810841983852 0.779058597502
0.836012861736 0.111111111111 0.896551724138 0.76124567474 0.921229586936
0.908360128617 0.222222222222 0.965517241379 0.792387543253 0.958693563881
0.651125401929 0.333333333333 0.793103448276 0.61937716263 0.675312199808
0.622186495177 0.111111111111 0.793103448276 0.703575547866 0.754082612872
0.781350482315 0.111111111111 0.758620689655 0.580161476355 0.584053794428
0.777331189711 0.111111111111 0.724137931034 0.495963091119 0.505283381364
0.96463022508 1.0 0.896551724138 0.916955017301 0.785782901057
0.554662379421 0.444444444444 0.448275862069 0.200692041522 0.281460134486
0.725080385852 0.222222222222 0.724137931034 0.748558246828 0.69260326609
0.649517684887 0.666666666667 0.586206896552 0.260668973472 0.378482228626
0.737942122186 0.444444444444 0.758620689655 0.363321799308 0.551392891451
0.737942122186 0.444444444444 0.758620689655 0.363321799308 0.551392891451
0.933279742765 0.222222222222 0.896551724138 0.746251441753 0.742555235351
0.897909967846 0.222222222222 0.896551724138 0.799307958478 0.78386167147
0.801446945338 0.222222222222 0.862068965517 0.944636678201 0.777137367915
0.649517684887 0.666666666667 0.586206896552 0.260668973472 0.378482228626
0.736334405145 0.111111111111 0.758620689655 0.519031141869 0.690682036503
0.736334405145 0.111111111111 0.758620689655 0.519031141869 0.690682036503
0.513665594855 0.333333333333 0.551724137931 0.297577854671 0.349663784822
0.513665594855 0.333333333333 0.551724137931 0.297577854671 0.349663784822
0.816720257235 0.0 0.965517241379 0.968858131488 0.959654178674
0.849678456592 0.222222222222 1.0 0.968858131488 0.959654178674
0.665594855305 0.222222222222 0.689655172414 0.332179930796 0.513928914505
0.665594855305 0.222222222222 0.689655172414 0.332179930796 0.513928914505
0.856109324759 0.0 1.0 1.0 0.99711815562
0.852090032154 0.0 0.965517241379 0.915801614764 0.918347742555
0.795819935691 0.222222222222 0.896551724138 0.880046136101 0.904899135447
0.756430868167 0.222222222222 0.862068965517 0.848904267589 0.867435158501
0.688906752412 0.222222222222 0.655172413793 0.449826989619 0.578290105668
0.657556270096 0.111111111111 0.793103448276 0.650519031142 0.712776176753
0.513665594855 0.333333333333 0.551724137931 0.297577854671 0.349663784822
0.513665594855 0.333333333333 0.551724137931 0.297577854671 0.349663784822
0.51768488746 0.333333333333 0.586206896552 0.381776239908 0.428434197887
0.513665594855 0.333333333333 0.551724137931 0.297577854671 0.349663784822
0.93729903537 0.222222222222 0.931034482759 0.83044982699 0.821325648415
0.933279742765 0.222222222222 0.896551724138 0.746251441753 0.742555235351
0.665594855305 0.222222222222 0.689655172414 0.332179930796 0.513928914505
0.665594855305 0.222222222222 0.689655172414 0.332179930796 0.513928914505
0.546623794212 0.555555555556 0.586206896552 0.297577854671 0.349663784822
0.513665594855 0.333333333333 0.551724137931 0.297577854671 0.349663784822
0.740353697749 0.111111111111 0.793103448276 0.603229527105 0.769452449568
0.81270096463 0.333333333333 0.862068965517 0.634371395617 0.806916426513
0.748392282958 0.222222222222 0.862068965517 0.845444059977 0.66762728146
0.748392282958 0.222222222222 0.862068965517 0.845444059977 0.66762728146
