1077.0 0.0 19.0 396.0 525.0
1053.0 0.0 19.0 411.0 503.0
1150.0 0.0 22.0 495.0 564.0
1029.0 0.0 18.0 401.0 477.0
988.0 0.0 19.0 451.0 485.0
946.0 0.0 16.0 398.0 457.0
891.0 0.0 15.0 330.0 390.0
847.0 0.0 15.0 351.0 375.0
846.0 0.0 14.0 330.0 390.0
846.0 0.0 14.0 330.0 390.0
990.0 0.0 17.0 401.0 478.0
970.0 0.0 16.0 378.0 462.0
963.0 0.0 16.0 386.0 464.0
950.0 0.0 16.0 398.0 457.0
917.0 0.0 16.0 407.0 452.0
809.0 0.0 15.0 419.0 448.0
800.0 0.0 13.0 330.0 390.0
775.0 0.0 13.0 351.0 392.0
740.0 0.0 12.0 330.0 390.0
1071.0 0.0 19.0 486.0 583.0
1009.0 0.0 17.0 405.0 456.0
973.0 2.0 17.0 418.0 333.0
952.0 1.0 17.0 420.0 329.0
952.0 1.0 17.0 420.0 329.0
940.0 0.0 17.0 425.0 438.0
856.0 0.0 15.0 404.0 463.0
833.0 0.0 15.0 419.0 431.0
779.0 0.0 13.0 351.0 392.0
1222.0 0.0 23.0 653.0 733.0
1186.0 0.0 21.0 510.0 592.0
1168.0 0.0 20.0 469.0 578.0
1140.0 0.0 19.0 382.0 461.0
1134.0 0.0 18.0 425.0 519.0
1097.0 0.0 20.0 523.0 651.0
1079.0 0.0 19.0 462.0 500.0
1059.0 0.0 18.0 452.0 508.0
1036.0 0.0 18.0 452.0 495.0
1026.0 0.0 18.0 498.0 531.0
1020.0 0.0 18.0 472.0 509.0
991.0 0.0 16.0 413.0 486.0
987.0 0.0 16.0 383.0 468.0
983.0 0.0 18.0 494.0 521.0
916.0 0.0 16.0 423.0 455.0
892.0 1.0 15.0 348.0 289.0
866.0 0.0 15.0 404.0 463.0
826.0 0.0 14.0 404.0 480.0
784.0 1.0 12.0 254.0 306.0
756.0 0.0 12.0 330.0 390.0
756.0 0.0 12.0 330.0 390.0
747.0 0.0 12.0 304.0 216.0
727.0 1.0 12.0 310.0 222.0
654.0 1.0 10.0 272.0 247.0
1268.0 0.0 23.0 546.0 612.0
1267.0 0.0 23.0 574.0 601.0
1261.0 0.0 22.0 564.0 649.0
1248.0 0.0 23.0 651.0 678.0
1242.0 0.0 22.0 559.0 621.0
1229.0 0.0 23.0 579.0 604.0
1219.0 0.0 24.0 692.0 689.0
1197.0 0.0 22.0 673.0 715.0
1190.0 0.0 20.0 474.0 557.0
1166.0 0.0 21.0 525.0 557.0
1127.0 0.0 20.0 515.0 588.0
1098.0 0.0 19.0 503.0 554.0
1075.0 0.0 19.0 511.0 574.0
1061.0 0.0 19.0 531.0 631.0
1030.0 0.0 17.0 378.0 462.0
1012.0 0.0 18.0 548.0 574.0
984.0 2.0 17.0 360.0 300.0
940.0 0.0 17.0 442.0 459.0
910.0 0.0 16.0 443.0 494.0
910.0 0.0 16.0 443.0 494.0
903.0 0.0 15.0 386.0 464.0
898.0 1.0 15.0 303.0 286.0
880.0 1.0 13.0 283.0 240.0
866.0 0.0 15.0 417.0 446.0
864.0 1.0 16.0 510.0 435.0
853.0 1.0 13.0 340.0 290.0
844.0 2.0 13.0 361.0 263.0
837.0 2.0 13.0 288.0 222.0
837.0 2.0 13.0 288.0 222.0
829.0 0.0 15.0 425.0 465.0
786.0 0.0 13.0 404.0 480.0
760.0 0.0 12.0 330.0 390.0
751.0 1.0 12.0 315.0 187.0
750.0 1.0 13.0 368.0 306.0
748.0 2.0 13.0 314.0 252.0
738.0 2.0 12.0 286.0 242.0
1630.0 2.0 29.0 673.0 656.0
1582.0 0.0 31.0 789.0 788.0
1529.0 0.0 29.0 750.0 767.0
1462.0 0.0 26.0 695.0 757.0
1419.0 0.0 26.0 700.0 763.0
1414.0 0.0 27.0 713.0 719.0
1401.0 0.0 25.0 543.0 589.0
1371.0 0.0 24.0 639.0 700.0
1367.0 0.0 26.0 642.0 683.0
1345.0 0.0 25.0 806.0 869.0
1296.0 1.0 20.0 574.0 511.0
1281.0 0.0 25.0 754.0 779.0
