0.482019363762 0.0 0.65306122449 0.639250390422 0.754736842105
0.601423487544 0.0 0.658536585366 0.667525773196 0.870206489676
0.731673582296 0.0 0.836734693878 0.695991671005 0.848421052632
0.545500762583 0.0 0.631578947368 0.586630286494 0.75
0.521606507372 0.0 0.605263157895 0.527967257844 0.689790575916
0.596473029046 0.0 0.734693877551 0.632483081728 0.726842105263
0.646797153025 0.0 0.731707317073 0.723582474227 0.870943952802
0.458185053381 0.0 0.536585365854 0.449742268041 0.602507374631
0.36652835408 0.0 0.510204081633 0.41592920354 0.501578947368
0.593797661413 0.0 0.657894736842 0.592769440655 0.75719895288
0.605871886121 0.0 0.682926829268 0.637242268041 0.786135693215
0.716459197787 0.0 0.795918367347 0.729307652264 0.873157894737
0.631742738589 0.0 0.755102040816 0.656949505466 0.755789473684
0.423038229376 0.0 0.583333333333 0.521998508576 0.581699346405
0.790456431535 0.0 0.836734693878 0.755335762624 0.927894736842
0.699542450432 0.0 0.736842105263 0.600272851296 0.778795811518
0.382780082988 0.0 0.530612244898 0.503904216554 0.571052631579
0.671263345196 0.0 0.731707317073 0.739690721649 0.893067846608
0.46277665996 0.0 0.583333333333 0.486950037286 0.578431372549
0.447381799695 0.0 0.605263157895 0.594815825375 0.646596858639
0.862173038229 0.0 0.916666666667 0.762863534676 0.916993464052
0.50756227758 0.0 0.560975609756 0.462628865979 0.616519174041
0.59708249497 0.0 0.694444444444 0.606263982103 0.714379084967
0.643683274021 0.0 0.682926829268 0.621134020619 0.786135693215
0.498490945674 0.0 0.611111111111 0.502609992543 0.594117647059
0.42907444668 0.0 0.555555555556 0.461595824012 0.537908496732
0.473720608575 0.0 0.632653061224 0.63404476835 0.676842105263
0.372140315201 0.0 0.447368421053 0.408594815825 0.534685863874
0.752515090543 0.0 0.861111111111 0.693512304251 0.783660130719
0.636820925553 0.0 0.777777777778 0.754660700969 0.812418300654
0.450201207243 0.0 0.583333333333 0.486950037286 0.551633986928
0.384850025419 0.0 0.473684210526 0.448158253752 0.556282722513
0.60814889336 0.0 0.694444444444 0.525727069351 0.635947712418
0.3540802213 0.0 0.489795918367 0.486725663717 0.546842105263
0.85409252669 0.0 0.815789473684 0.740791268759 0.973821989529
0.475855130785 0.0 0.638888888889 0.607755406413 0.639215686275
0.538701067616 0.0 0.658536585366 0.683634020619 0.757374631268
0.538701067616 0.0 0.658536585366 0.683634020619 0.757374631268
0.413983903421 0.0 0.555555555556 0.51677852349 0.567973856209
0.496441281139 0.0 0.536585365854 0.478092783505 0.626843657817
0.60409252669 0.0 0.609756097561 0.606958762887 0.789085545723
0.628772635815 0.0 0.777777777778 0.646532438479 0.684967320261
0.542253521127 0.0 0.694444444444 0.65249813572 0.687581699346
0.626210235131 0.0 0.714285714286 0.67100468506 0.77
0.575955734406 0.0 0.694444444444 0.580164056674 0.645751633987
0.68661971831 0.0 0.75 0.665920954512 0.786274509804
0.660965794769 0.0 0.777777777778 0.657718120805 0.724183006536
0.540744466801 0.0 0.666666666667 0.609246830723 0.666013071895
0.583501006036 0.0 0.694444444444 0.607755406413 0.67908496732
0.710764587525 0.0 0.833333333333 0.7956748695 0.854901960784
0.508007117438 0.0 0.560975609756 0.506443298969 0.634955752212
0.558350100604 0.0 0.694444444444 0.580909768829 0.62614379085
0.609430604982 0.0 0.634146341463 0.581829896907 0.738200589971
0.656941649899 0.0 0.777777777778 0.703952274422 0.764052287582
0.477869986169 0.0 0.612244897959 0.606454971369 0.651578947368
0.685110663984 0.0 0.861111111111 0.814317673378 0.817647058824
0.301601423488 0.0 0.365853658537 0.314432989691 0.428466076696
0.734406438632 0.0 0.833333333333 0.76062639821 0.839215686275
0.502224199288 0.0 0.487804878049 0.45618556701 0.647492625369
0.502224199288 0.0 0.487804878049 0.45618556701 0.647492625369
0.692615658363 0.0 0.80487804878 0.854381443299 0.91814159292
0.658450704225 0.0 0.777777777778 0.728560775541 0.783006535948
0.469818913481 0.0 0.611111111111 0.609246830723 0.641176470588
0.29979253112 0.0 0.428571428571 0.417490890161 0.461578947368
0.586016096579 0.0 0.694444444444 0.651752423565 0.71568627451
0.618712273642 0.0 0.722222222222 0.664429530201 0.732026143791
0.893360160966 0.0 0.972222222222 0.872483221477 0.964705882353
0.436197254703 0.0 0.473684210526 0.401773533424 0.535340314136
0.484406438632 0.0 0.666666666667 0.621178225205 0.608496732026
0.521629778672 0.0 0.666666666667 0.622669649515 0.647058823529
0.591549295775 0.0 0.722222222222 0.648769574944 0.686274509804
0.588028169014 0.0 0.694444444444 0.631618195377 0.692810457516
0.396378269618 0.0 0.555555555556 0.525727069351 0.533986928105
0.64590747331 0.0 0.658536585366 0.601804123711 0.756637168142
0.832494969819 0.0 0.888888888889 0.847129008203 0.958169934641
0.606136820926 0.0 0.722222222222 0.663683818046 0.715032679739
0.918741355463 0.0 0.897959183673 0.787090057262 0.975263157895
0.855633802817 0.0 0.861111111111 0.711409395973 0.873202614379
0.55985915493 0.0 0.638888888889 0.544369873229 0.632026143791
0.504024144869 0.0 0.694444444444 0.717375093214 0.692156862745
0.758644536653 0.0 0.857142857143 0.832899531494 0.899473684211
0.739939637827 0.0 0.805555555556 0.683818046234 0.782352941176
0.584507042254 0.0 0.75 0.802386278896 0.800653594771
0.548289738431 0.0 0.638888888889 0.498881431767 0.571895424837
0.428423236515 0.0 0.591836734694 0.585632483082 0.585789473684
0.444329183956 0.0 0.530612244898 0.485684539302 0.562631578947
0.578973843058 0.0 0.694444444444 0.672632363908 0.720261437908
0.532193158954 0.0 0.666666666667 0.627143922446 0.654901960784
0.426348547718 0.0 0.571428571429 0.530973451327 0.547894736842
0.667505030181 0.0 0.777777777778 0.679343773304 0.730065359477
0.706237424547 0.0 0.861111111111 0.840417598807 0.845751633987
0.528672032193 0.0 0.666666666667 0.604772557793 0.62614379085
0.592052313883 0.0 0.75 0.736017897092 0.73660130719
0.647384305835 0.0 0.777777777778 0.721849366145 0.749673202614
0.650905432596 0.0 0.75 0.65398956003 0.713071895425
0.758048289738 0.0 0.916666666667 0.892617449664 0.88954248366
0.510060362173 0.0 0.638888888889 0.630872483221 0.656862745098
0.724849094567 0.0 0.833333333333 0.772557792692 0.818300653595
0.607645875252 0.0 0.722222222222 0.668903803132 0.708496732026
0.501006036217 0.0 0.611111111111 0.625652498136 0.669281045752
