0.593406593407 0.235294117647 0.612903225806 0.458888888889 0.433774834437
0.98315018315 0.647058823529 1.0 0.926666666667 1.0
0.814652014652 0.235294117647 0.838709677419 0.714444444444 0.644867549669
0.814652014652 0.235294117647 0.838709677419 0.714444444444 0.644867549669
0.597802197802 0.117647058824 0.58064516129 0.472222222222 0.427152317881
0.94652014652 0.470588235294 1.0 0.991111111111 0.959437086093
0.731868131868 0.117647058824 0.677419354839 0.543333333333 0.49917218543
0.731868131868 0.117647058824 0.677419354839 0.543333333333 0.49917218543
0.704761904762 0.117647058824 0.612903225806 0.48 0.489238410596
0.673992673993 0.705882352941 0.612903225806 0.432222222222 0.385761589404
0.785347985348 0.352941176471 0.774193548387 0.638888888889 0.576158940397
0.770695970696 0.235294117647 0.741935483871 0.638888888889 0.576158940397
0.755311355311 0.0588235294118 0.709677419355 0.707777777778 0.538907284768
0.892307692308 0.470588235294 0.870967741935 0.715555555556 0.827814569536
0.679853479853 0.588235294118 0.645161290323 0.46 0.437086092715
0.679853479853 0.588235294118 0.645161290323 0.46 0.437086092715
0.69304029304 0.352941176471 0.677419354839 0.502222222222 0.448675496689
0.739194139194 0.176470588235 0.806451612903 0.774444444444 0.673841059603
0.889377289377 0.0 0.903225806452 0.995555555556 0.927152317881
0.671794871795 0.529411764706 0.677419354839 0.661111111111 0.399834437086
0.81978021978 0.235294117647 0.741935483871 0.722222222222 0.609271523179
0.717948717949 0.176470588235 0.709677419355 0.696666666667 0.581125827815
0.860073260073 0.117647058824 0.870967741935 0.834444444444 0.800496688742
0.681318681319 0.117647058824 0.677419354839 0.665555555556 0.546357615894
0.704761904762 0.235294117647 0.677419354839 0.583333333333 0.508278145695
0.783882783883 0.117647058824 0.806451612903 0.73 0.623344370861
0.81978021978 0.411764705882 0.806451612903 0.726666666667 0.595198675497
0.890842490842 0.235294117647 0.903225806452 1.0 0.774006622517
0.739194139194 0.176470588235 0.806451612903 0.774444444444 0.673841059603
0.698901098901 0.352941176471 0.677419354839 0.618888888889 0.504966887417
0.846886446886 0.176470588235 0.870967741935 0.897777777778 0.73178807947
0.652014652015 0.470588235294 0.741935483871 0.737777777778 0.673841059603
0.731868131868 0.117647058824 0.677419354839 0.543333333333 0.49917218543
0.731868131868 0.117647058824 0.677419354839 0.543333333333 0.49917218543
0.718681318681 0.235294117647 0.709677419355 0.732222222222 0.692880794702
0.718681318681 0.235294117647 0.709677419355 0.732222222222 0.692880794702
0.704761904762 0.117647058824 0.612903225806 0.48 0.489238410596
0.720146520147 0.470588235294 0.677419354839 0.507777777778 0.490894039735
0.738461538462 0.352941176471 0.709677419355 0.672222222222 0.599337748344
0.805860805861 0.294117647059 0.838709677419 0.718888888889 0.756622516556
0.672527472527 0.117647058824 0.645161290323 0.642222222222 0.567052980132
0.871794871795 0.294117647059 0.838709677419 0.753333333333 0.73261589404
0.994139194139 0.0588235294118 0.903225806452 0.931111111111 0.846854304636
0.783882783883 0.117647058824 0.806451612903 0.73 0.623344370861
0.713553113553 0.117647058824 0.677419354839 0.666666666667 0.557119205298
0.713553113553 0.117647058824 0.677419354839 0.666666666667 0.557119205298
0.855677655678 0.823529411765 0.806451612903 0.584444444444 0.674668874172
0.842490842491 0.352941176471 0.774193548387 0.625555555556 0.704470198675
0.940659340659 0.647058823529 0.903225806452 0.834444444444 0.822847682119
0.752380952381 0.588235294118 0.677419354839 0.617777777778 0.402317880795
0.753113553114 0.470588235294 0.741935483871 0.672222222222 0.599337748344
0.720879120879 0.588235294118 0.677419354839 0.485555555556 0.455298013245
0.806593406593 0.647058823529 0.741935483871 0.568888888889 0.569536423841
0.665934065934 0.470588235294 0.645161290323 0.438888888889 0.461092715232
0.713553113553 0.117647058824 0.677419354839 0.666666666667 0.557119205298
0.689377289377 0.352941176471 0.645161290323 0.503333333333 0.485927152318
0.679853479853 0.294117647059 0.612903225806 0.597777777778 0.371688741722
0.710622710623 0.117647058824 0.677419354839 0.656666666667 0.543046357616
0.643956043956 0.470588235294 0.645161290323 0.43 0.441225165563
0.643956043956 0.470588235294 0.645161290323 0.43 0.441225165563
0.812454212454 0.235294117647 0.774193548387 0.623333333333 0.723509933775
0.734065934066 0.117647058824 0.645161290323 0.598888888889 0.587748344371
0.90989010989 0.352941176471 0.903225806452 0.83 0.906456953642
0.90989010989 0.352941176471 0.903225806452 0.83 0.906456953642
0.648351648352 0.352941176471 0.612903225806 0.517777777778 0.405629139073
0.748717948718 0.705882352941 0.774193548387 0.593333333333 0.648178807947
0.791208791209 0.352941176471 0.741935483871 0.636666666667 0.538907284768
0.791208791209 0.352941176471 0.741935483871 0.636666666667 0.538907284768
0.74358974359 0.352941176471 0.709677419355 0.666666666667 0.557119205298
0.738461538462 0.352941176471 0.709677419355 0.672222222222 0.599337748344
0.736996336996 0.705882352941 0.677419354839 0.544444444444 0.510761589404
0.738461538462 0.352941176471 0.709677419355 0.672222222222 0.599337748344
0.711355311355 0.117647058824 0.741935483871 0.695555555556 0.620033112583
0.950915750916 0.647058823529 0.967741935484 0.96 0.817880794702
0.786080586081 0.176470588235 0.774193548387 0.718888888889 0.701158940397
0.679853479853 0.470588235294 0.612903225806 0.505555555556 0.400662251656
0.686446886447 0.588235294118 0.677419354839 0.45 0.471854304636
0.892307692308 0.352941176471 0.870967741935 0.814444444444 0.69701986755
0.627838827839 0.705882352941 0.709677419355 0.554444444444 0.502483443709
0.737728937729 0.470588235294 0.741935483871 0.614444444444 0.552152317881
0.751648351648 0.352941176471 0.774193548387 0.802222222222 0.584437086093
0.782417582418 0.352941176471 0.838709677419 0.915555555556 0.668874172185
0.762637362637 0.764705882353 0.806451612903 0.791111111111 0.783940397351
0.704029304029 0.352941176471 0.709677419355 0.645555555556 0.586092715232
0.69304029304 0.352941176471 0.677419354839 0.502222222222 0.448675496689
0.871794871795 0.294117647059 0.838709677419 0.753333333333 0.73261589404
0.673992673993 0.705882352941 0.612903225806 0.432222222222 0.385761589404
0.733333333333 0.588235294118 0.774193548387 0.62 0.577814569536
0.805860805861 0.294117647059 0.838709677419 0.718888888889 0.756622516556
0.872527472527 0.588235294118 0.806451612903 0.625555555556 0.704470198675
0.835897435897 0.294117647059 0.806451612903 0.723333333333 0.700331125828
0.871794871795 0.294117647059 0.838709677419 0.753333333333 0.73261589404
0.709157509158 0.235294117647 0.677419354839 0.612222222222 0.462748344371
0.739194139194 0.411764705882 0.709677419355 0.612222222222 0.462748344371
0.871794871795 0.294117647059 0.838709677419 0.753333333333 0.73261589404
0.821245421245 0.352941176471 0.838709677419 0.62 0.766556291391
0.617582417582 0.588235294118 0.612903225806 0.431111111111 0.382450331126
0.617582417582 0.588235294118 0.612903225806 0.431111111111 0.382450331126
1.0 0.411764705882 0.935483870968 0.907777777778 0.836920529801
0.984615384615 0.411764705882 0.967741935484 0.905555555556 0.855960264901
0.647619047619 0.529411764706 0.741935483871 0.774444444444 0.562913907285
0.739926739927 0.352941176471 0.741935483871 0.675555555556 0.618377483444
0.627106227106 0.294117647059 0.645161290323 0.656666666667 0.506622516556
0.599267399267 0.294117647059 0.58064516129 0.585555555556 0.308774834437
0.679120879121 0.411764705882 0.741935483871 0.726666666667 0.501655629139
0.847619047619 0.470588235294 0.870967741935 0.791111111111 0.753311258278
0.855677655678 0.235294117647 0.870967741935 0.791111111111 0.723509933775
0.855677655678 0.235294117647 0.870967741935 0.791111111111 0.723509933775
0.708424908425 0.117647058824 0.677419354839 0.672222222222 0.599337748344
0.738461538462 0.352941176471 0.709677419355 0.672222222222 0.599337748344
0.734065934066 0.117647058824 0.677419354839 0.571111111111 0.548841059603
0.821245421245 0.352941176471 0.838709677419 0.62 0.766556291391
0.63956043956 0.411764705882 0.677419354839 0.712222222222 0.435430463576
0.821978021978 0.176470588235 0.806451612903 0.748888888889 0.733443708609
0.903296703297 0.823529411765 0.838709677419 0.734444444444 0.668874172185
0.849816849817 0.0 0.806451612903 0.774444444444 0.709437086093
0.737728937729 0.470588235294 0.741935483871 0.614444444444 0.552152317881
0.724542124542 0.647058823529 0.709677419355 0.562222222222 0.515728476821
0.89010989011 0.529411764706 0.870967741935 0.773333333333 0.735927152318
0.704761904762 0.235294117647 0.677419354839 0.583333333333 0.508278145695
0.956043956044 0.470588235294 0.870967741935 0.776666666667 0.789735099338
0.771428571429 0.352941176471 0.741935483871 0.592222222222 0.566225165563
0.791208791209 0.235294117647 0.741935483871 0.702222222222 0.631622516556
0.914285714286 0.705882352941 0.935483870968 0.977777777778 0.831125827815
0.769230769231 0.411764705882 0.741935483871 0.734444444444 0.540562913907
0.769230769231 0.411764705882 0.741935483871 0.734444444444 0.540562913907
0.842490842491 0.352941176471 0.774193548387 0.625555555556 0.704470198675
0.857875457875 0.470588235294 0.774193548387 0.625555555556 0.704470198675
0.805860805861 0.470588235294 0.806451612903 0.728888888889 0.567052980132
0.772893772894 0.647058823529 0.774193548387 0.668888888889 0.677152317881
0.695238095238 0.411764705882 0.645161290323 0.676666666667 0.5
0.913553113553 0.294117647059 0.870967741935 0.851111111111 0.841887417219
0.627106227106 0.176470588235 0.612903225806 0.661111111111 0.399834437086
0.621245421245 0.411764705882 0.612903225806 0.631111111111 0.367549668874
0.613919413919 0.647058823529 0.645161290323 0.495555555556 0.412251655629
0.519413919414 0.764705882353 0.548387096774 0.392222222222 0.221026490066
0.778021978022 0.235294117647 0.774193548387 0.702222222222 0.57201986755
0.880586080586 0.0 0.838709677419 0.816666666667 0.717715231788
0.709157509158 1.0 0.677419354839 0.365555555556 0.562913907285
0.650549450549 0.352941176471 0.677419354839 0.553333333333 0.559602649007
0.892307692308 0.352941176471 0.870967741935 0.814444444444 0.69701986755
0.886446886447 0.470588235294 0.838709677419 0.786666666667 0.645695364238
0.825641025641 0.117647058824 0.806451612903 0.845555555556 0.633278145695
0.738461538462 0.352941176471 0.709677419355 0.672222222222 0.599337748344
0.663003663004 0.352941176471 0.645161290323 0.588888888889 0.472682119205
0.698901098901 0.352941176471 0.677419354839 0.618888888889 0.504966887417
0.801465201465 0.823529411765 0.741935483871 0.683333333333 0.581953642384
0.83663003663 0.588235294118 0.806451612903 0.697777777778 0.727649006623
0.769230769231 0.117647058824 0.774193548387 0.726666666667 0.781456953642
0.738461538462 0.352941176471 0.709677419355 0.672222222222 0.599337748344
0.751648351648 0.0588235294118 0.806451612903 0.747777777778 0.69701986755
0.769230769231 0.411764705882 0.741935483871 0.734444444444 0.540562913907
0.868864468864 0.647058823529 0.838709677419 0.735555555556 0.712748344371
0.862271062271 0.176470588235 0.838709677419 0.814444444444 0.69701986755
0.711355311355 0.117647058824 0.741935483871 0.695555555556 0.620033112583
0.89010989011 0.941176470588 0.838709677419 0.786666666667 0.747516556291
0.723076923077 0.352941176471 0.741935483871 0.67 0.618377483444
0.672527472527 0.117647058824 0.645161290323 0.642222222222 0.567052980132
0.72673992674 0.117647058824 0.741935483871 0.753333333333 0.667218543046
0.690842490842 0.117647058824 0.709677419355 0.723333333333 0.634933774834
0.871794871795 0.294117647059 0.838709677419 0.753333333333 0.73261589404
0.871794871795 0.294117647059 0.838709677419 0.753333333333 0.73261589404
0.732600732601 0.117647058824 0.774193548387 0.781111111111 0.718543046358
0.648351648352 0.117647058824 0.677419354839 0.663333333333 0.556291390728
0.649816849817 0.352941176471 0.612903225806 0.46 0.437086092715
0.679853479853 0.470588235294 0.612903225806 0.462222222222 0.418046357616
0.872527472527 0.352941176471 0.870967741935 0.841111111111 0.87417218543
0.736996336996 0.705882352941 0.677419354839 0.544444444444 0.510761589404
0.838095238095 0.235294117647 0.870967741935 0.84 0.75082781457
0.666666666667 0.235294117647 0.709677419355 0.7 0.493377483444
0.650549450549 0.352941176471 0.677419354839 0.553333333333 0.559602649007
0.791941391941 0.235294117647 0.709677419355 0.595555555556 0.672185430464
0.791941391941 0.705882352941 0.709677419355 0.511111111111 0.46357615894
0.70989010989 0.705882352941 0.645161290323 0.462222222222 0.418046357616
0.897435897436 0.411764705882 0.967741935484 0.913333333333 0.879139072848
0.861538461538 0.411764705882 0.935483870968 0.883333333333 0.846854304636
0.739194139194 0.176470588235 0.806451612903 0.774444444444 0.673841059603
0.969963369963 0.235294117647 0.903225806452 0.907777777778 0.836920529801
0.851282051282 0.117647058824 0.838709677419 0.882222222222 0.823675496689
0.802197802198 0.411764705882 0.838709677419 0.777777777778 0.630794701987
0.805860805861 0.294117647059 0.774193548387 0.654444444444 0.619205298013
0.826373626374 0.294117647059 0.838709677419 0.682222222222 0.670529801325
0.826373626374 0.294117647059 0.838709677419 0.682222222222 0.670529801325
0.796336996337 0.117647058824 0.806451612903 0.682222222222 0.670529801325
0.663003663004 0.352941176471 0.645161290323 0.588888888889 0.472682119205
0.663003663004 0.352941176471 0.645161290323 0.588888888889 0.472682119205
0.846886446886 0.529411764706 0.838709677419 0.841111111111 0.688741721854
0.906227106227 0.235294117647 0.838709677419 0.902222222222 0.690397350993
0.74358974359 0.352941176471 0.774193548387 0.642222222222 0.603476821192
0.74358974359 0.352941176471 0.774193548387 0.642222222222 0.603476821192
0.757509157509 0.117647058824 0.806451612903 0.756666666667 0.716059602649
0.654945054945 0.470588235294 0.645161290323 0.516666666667 0.492549668874
0.806593406593 0.235294117647 0.774193548387 0.735555555556 0.725993377483
0.849816849817 0.470588235294 0.774193548387 0.67 0.667218543046
0.971428571429 0.470588235294 0.967741935484 0.973333333333 0.891556291391
0.872527472527 0.588235294118 0.806451612903 0.625555555556 0.704470198675
0.623443223443 0.470588235294 0.645161290323 0.458888888889 0.433774834437
0.786080586081 0.176470588235 0.774193548387 0.718888888889 0.701158940397
0.783882783883 0.294117647059 0.838709677419 0.776666666667 0.757450331126
0.698168498168 0.411764705882 0.677419354839 0.644444444444 0.430463576159
