0.786982248521 0.0 0.862068965517 0.719901719902 0.77539223782
0.727810650888 0.0 0.793103448276 0.636363636364 0.703550784476
0.677937447168 0.0 0.758620689655 0.608108108108 0.653179190751
0.841081994928 0.0 0.931034482759 0.821867321867 0.845582163501
0.810650887574 0.0 0.862068965517 0.674447174447 0.737407101569
0.734573119189 0.0 0.793103448276 0.627764127764 0.685383980182
0.736263736264 0.0 0.793103448276 0.669533169533 0.725846407927
0.814877430262 0.0 0.827586206897 0.609336609337 0.703550784476
0.775993237532 0.0 0.827586206897 0.660933660934 0.717588769612
0.877430262046 0.0 0.896551724138 0.740786240786 0.821635012386
0.740490278952 0.0 0.758620689655 0.550368550369 0.639966969447
0.740490278952 0.0 0.758620689655 0.550368550369 0.639966969447
0.819949281488 0.0 0.862068965517 0.72972972973 0.790255986788
0.693998309383 1.0 0.758620689655 0.546683046683 0.689512799339
0.792899408284 0.0 0.827586206897 0.608108108108 0.677126341866
0.631445477599 1.0 0.689655172414 0.449631449631 0.601156069364
0.754015215554 0.0 0.793103448276 0.667076167076 0.729975227085
0.864750633981 0.0 0.931034482759 0.830466830467 0.859620148637
0.640743871513 1.0 0.724137931034 0.520884520885 0.643270024773
0.788672865596 0.0 0.862068965517 0.72972972973 0.755573905863
0.788672865596 0.0 0.862068965517 0.72972972973 0.755573905863
0.817413355875 1.0 0.896551724138 0.765356265356 0.880264244426
0.726120033812 0.0 0.793103448276 0.632678132678 0.667217175888
0.790363482671 0.0 0.862068965517 0.771498771499 0.796036333609
0.773457311919 0.0 0.793103448276 0.613022113022 0.690338563171
0.832628909552 0.0 0.896551724138 0.798525798526 0.828241123039
0.788672865596 0.0 0.862068965517 0.757985257985 0.780346820809
0.716821639899 0.0 0.758620689655 0.561425061425 0.617671345995
0.94674556213 0.0 1.0 0.945945945946 0.976878612717
0.94674556213 0.0 1.0 0.945945945946 0.976878612717
0.769230769231 0.0 0.793103448276 0.579852579853 0.649876135425
0.859678782756 0.0 0.931034482759 0.847665847666 0.864574731627
0.859678782756 0.0 0.931034482759 0.847665847666 0.864574731627
0.761622992392 0.0 0.827586206897 0.716216216216 0.744013212221
0.782755705833 0.0 0.896551724138 0.840294840295 0.819157720892
0.706677937447 0.0 0.827586206897 0.739557739558 0.715111478117
0.74809805579 0.0 0.793103448276 0.662162162162 0.710156895128
0.794590025359 0.0 0.862068965517 0.759213759214 0.781998348472
0.793744716822 0.0 0.827586206897 0.678132678133 0.734104046243
0.814877430262 0.0 0.896551724138 0.802211302211 0.809248554913
0.757396449704 0.0 0.862068965517 0.757985257985 0.745664739884
0.704987320372 0.0 0.793103448276 0.673218673219 0.679603633361
0.721893491124 0.0 0.758620689655 0.542997542998 0.599504541701
0.733727810651 0.0 0.827586206897 0.780098280098 0.777869529315
0.786136939983 0.0 0.827586206897 0.681818181818 0.728323699422
0.828402366864 0.0 0.862068965517 0.708845208845 0.760528488852
0.785291631445 0.0 0.862068965517 0.733415233415 0.744838976053
0.748943364328 0.0 0.758620689655 0.583538083538 0.662262592898
0.748943364328 0.0 0.758620689655 0.583538083538 0.662262592898
0.782755705833 0.0 0.862068965517 0.77027027027 0.777869529315
0.661031276416 0.0 0.758620689655 0.643734643735 0.639966969447
0.83347421809 0.0 0.896551724138 0.788697788698 0.808422791082
0.65595942519 0.0 0.689655172414 0.480343980344 0.539223781998
0.720202874049 0.0 0.758620689655 0.619164619165 0.668042939719
0.757396449704 0.0 0.793103448276 0.626535626536 0.676300578035
0.944209636517 0.0 0.965517241379 0.812039312039 0.864574731627
0.764158918005 0.0 0.758620689655 0.551597051597 0.640792733278
0.760777683855 0.0 0.827586206897 0.730958230958 0.748142031379
0.760777683855 0.0 0.827586206897 0.730958230958 0.748142031379
0.694843617921 0.0 0.724137931034 0.529484029484 0.587943848059
0.716821639899 0.0 0.793103448276 0.707616707617 0.717588769612
0.716821639899 0.0 0.793103448276 0.707616707617 0.717588769612
0.807269653423 0.0 0.896551724138 0.82800982801 0.819983484723
0.794590025359 0.0 0.793103448276 0.608108108108 0.690338563171
0.899408284024 0.0 0.896551724138 0.726044226044 0.803468208092
0.723584108199 0.0 0.758620689655 0.632678132678 0.682080924855
0.647506339814 0.0 0.689655172414 0.482800982801 0.530140379851
0.769230769231 0.0 0.793103448276 0.648648648649 0.70602807597
0.876584953508 0.0 0.931034482759 0.823095823096 0.843930635838
0.72696534235 0.0 0.758620689655 0.62285012285 0.67382328654
0.701606086221 0.0 0.758620689655 0.624078624079 0.651527663088
0.776838546069 0.0 0.827586206897 0.692874692875 0.72171758877
0.8157227388 0.0 0.862068965517 0.79484029484 0.824938067713
0.766694843618 0.0 0.827586206897 0.751842751843 0.770437654831
0.967878275571 0.0 1.0 0.923832923833 0.959537572254
0.736263736264 0.0 0.793103448276 0.653562653563 0.677952105698
0.803888419273 0.0 0.827586206897 0.679361179361 0.73245251858
0.869822485207 0.0 0.965517241379 0.909090909091 0.886870355078
0.776838546069 0.0 0.862068965517 0.797297297297 0.790255986788
0.761622992392 0.0 0.793103448276 0.588452088452 0.635838150289
0.896027049873 0.0 0.965517241379 0.931203931204 0.932287365813
0.951817413356 0.0 1.0 0.965601965602 0.984310487201
1.0 0.0 1.0 0.885749385749 0.949628406276
0.848689771767 0.0 0.931034482759 0.861179361179 0.852188274154
0.699915469146 0.0 0.724137931034 0.528255528256 0.585466556565
0.704142011834 0.0 0.758620689655 0.581081081081 0.607762180017
0.710904480135 0.0 0.793103448276 0.695331695332 0.693641618497
0.699070160609 0.0 0.758620689655 0.635135135135 0.656482246078
0.896872358411 0.0 0.896551724138 0.748157248157 0.817506193229
0.758241758242 0.0 0.827586206897 0.679361179361 0.687861271676
0.796280642434 0.0 0.862068965517 0.739557739558 0.748967795211
0.846153846154 0.0 0.931034482759 0.837837837838 0.824938067713
0.979712595097 0.0 1.0 0.929975429975 0.971924029727
0.624683009298 0.0 0.689655172414 0.535626535627 0.554087530966
0.76246830093 0.0 0.793103448276 0.616707616708 0.661436829067
0.844463229079 0.0 0.896551724138 0.808353808354 0.826589595376
0.915469146238 0.0 1.0 0.943488943489 0.925681255161
0.935756551141 0.0 1.0 1.0 1.0
0.952662721893 0.0 0.965517241379 0.864864864865 0.914946325351
0.96449704142 0.0 1.0 0.933660933661 0.960363336086
0.736263736264 0.0 0.793103448276 0.701474201474 0.720066061107
0.782755705833 0.0 0.862068965517 0.798525798526 0.791907514451
0.884192730347 0.0 0.931034482759 0.839066339066 0.858794384806
0.814032121724 0.0 0.793103448276 0.601965601966 0.692815854666
0.814032121724 0.0 0.793103448276 0.601965601966 0.692815854666
0.798816568047 0.0 0.931034482759 0.902948402948 0.843104872007
0.786136939983 0.0 0.758620689655 0.506142506143 0.605284888522
0.857142857143 0.0 0.862068965517 0.685503685504 0.748142031379
0.835164835165 0.0 0.862068965517 0.700245700246 0.742361684558
0.835164835165 0.0 0.862068965517 0.700245700246 0.742361684558
0.835164835165 0.0 0.862068965517 0.700245700246 0.742361684558
0.876584953508 0.0 0.827586206897 0.62285012285 0.737407101569
0.924767540152 0.0 1.0 0.972972972973 0.961189099917
0.945054945055 0.0 0.931034482759 0.829238329238 0.904211395541
0.819949281488 0.0 0.862068965517 0.792383292383 0.81833195706
0.976331360947 0.0 0.965517241379 0.879606879607 0.948802642444
0.811496196112 0.0 0.827586206897 0.70515970516 0.757225433526
0.939983093829 0.0 0.931034482759 0.813267813268 0.882741535921
0.68808114962 0.0 0.793103448276 0.713759213759 0.68455821635
0.761622992392 0.0 0.827586206897 0.675675675676 0.681255161024
0.83685545224 0.0 0.862068965517 0.742014742015 0.782824112304
0.775993237532 0.0 0.827586206897 0.733415233415 0.751445086705
0.857142857143 0.0 0.896551724138 0.797297297297 0.822460776218
0.711749788673 0.0 0.758620689655 0.624078624079 0.649876135425
0.806424344886 0.0 0.862068965517 0.769041769042 0.780346820809
0.805579036348 0.0 0.862068965517 0.703931203931 0.715111478117
0.921386306002 0.0 0.896551724138 0.675675675676 0.760528488852
0.827557058326 0.0 0.827586206897 0.718673218673 0.782824112304
0.858833474218 0.0 0.896551724138 0.812039312039 0.837324525186
0.737109044801 0.0 0.793103448276 0.702702702703 0.71676300578
0.769230769231 0.0 0.827586206897 0.756756756757 0.766308835673
0.892645815723 0.0 0.896551724138 0.786240786241 0.842279108175
0.683009298394 0.0 0.724137931034 0.542997542998 0.574731626755
0.870667793745 0.0 0.862068965517 0.659705159705 0.729975227085
0.956889264582 0.0 0.965517241379 0.820638820639 0.868703550784
0.669484361792 0.0 0.724137931034 0.585995085995 0.60445912469
0.759087066779 0.0 0.827586206897 0.730958230958 0.729975227085
0.739644970414 0.0 0.827586206897 0.751842751843 0.73245251858
0.737954353339 0.0 0.758620689655 0.572481572482 0.62014863749
0.885883347422 0.0 0.931034482759 0.85257985258 0.867052023121
0.766694843618 0.0 0.793103448276 0.613022113022 0.653179190751
0.814032121724 0.0 0.896551724138 0.81941031941 0.800990916598
0.843617920541 0.0 0.862068965517 0.7457002457 0.788604459125
0.830938292477 0.0 0.827586206897 0.620393120393 0.686209744013
0.861369399831 0.0 0.896551724138 0.825552825553 0.850536746491
0.725274725275 0.0 0.758620689655 0.624078624079 0.658959537572
0.725274725275 0.0 0.758620689655 0.624078624079 0.658959537572
0.755705832629 0.0 0.793103448276 0.628992628993 0.658133773741
0.718512256974 0.0 0.758620689655 0.627764127764 0.655656482246
0.683009298394 0.0 0.724137931034 0.568796068796 0.597853014038
0.866441251057 0.0 0.931034482759 0.851351351351 0.846407927333
0.94674556213 0.0 0.965517241379 0.891891891892 0.927332782824
0.880811496196 0.0 0.862068965517 0.713759213759 0.790255986788
0.879966187658 0.0 0.896551724138 0.749385749386 0.791081750619
0.763313609467 0.0 0.827586206897 0.702702702703 0.703550784476
0.800507185123 0.0 0.896551724138 0.813267813268 0.780346820809
0.877430262046 0.0 0.931034482759 0.864864864865 0.868703550784
0.945054945055 0.0 0.896551724138 0.70515970516 0.805945499587
0.732037193576 0.0 0.793103448276 0.67199017199 0.676300578035
0.810650887574 0.0 0.862068965517 0.789926289926 0.798513625103
0.823330515638 0.0 0.862068965517 0.738329238329 0.758876961189
0.823330515638 0.0 0.862068965517 0.738329238329 0.758876961189
0.721048182587 0.0 0.827586206897 0.756756756757 0.715937241949
0.721048182587 0.0 0.827586206897 0.756756756757 0.715937241949
0.85460693153 0.0 0.896551724138 0.818181818182 0.833195706028
0.832628909552 0.0 0.896551724138 0.825552825553 0.819983484723
0.867286559594 0.0 0.862068965517 0.739557739558 0.800165152766
0.89010989011 0.0 0.931034482759 0.850122850123 0.863748967795
0.812341504649 0.0 0.827586206897 0.675675675676 0.719240297275
0.806424344886 0.0 0.862068965517 0.759213759214 0.763005780347
0.898562975486 0.0 0.862068965517 0.700245700246 0.789430222956
0.789518174134 0.0 0.827586206897 0.717444717445 0.739058629232
0.92899408284 0.0 0.931034482759 0.835380835381 0.884393063584
0.719357565511 0.0 0.758620689655 0.615479115479 0.639966969447
0.728655959425 0.0 0.862068965517 0.805896805897 0.736581337737
0.924767540152 0.0 0.965517241379 0.834152334152 0.845582163501
0.786982248521 0.0 0.827586206897 0.681818181818 0.701073492981
0.900253592561 0.0 0.965517241379 0.874692874693 0.862923203964
0.811496196112 0.0 0.896551724138 0.850122850123 0.82328654005
0.743026204565 0.0 0.793103448276 0.658476658477 0.670520231214
0.863060016906 0.0 0.896551724138 0.809582309582 0.830718414533
0.759932375317 0.0 0.793103448276 0.654791154791 0.682080924855
0.83685545224 0.0 0.931034482759 0.878378378378 0.840627580512
0.852916314455 0.0 0.931034482759 0.829238329238 0.806771263419
0.888419273035 0.0 0.931034482759 0.858722358722 0.868703550784
0.852916314455 0.0 0.896551724138 0.824324324324 0.834847233691
0.794590025359 0.0 0.862068965517 0.743243243243 0.734104046243
0.750633981403 0.0 0.862068965517 0.832923832924 0.781998348472
0.750633981403 0.0 0.862068965517 0.832923832924 0.781998348472
0.72696534235 0.0 0.827586206897 0.739557739558 0.701073492981
0.687235841082 0.0 0.758620689655 0.674447174447 0.666391412056
0.863060016906 0.0 0.931034482759 0.86855036855 0.853839801817
0.848689771767 0.0 0.896551724138 0.787469287469 0.793559042114
0.787827557058 0.0 0.862068965517 0.733415233415 0.71676300578
0.836010143702 0.0 0.862068965517 0.767813267813 0.794384805945
0.787827557058 0.0 0.862068965517 0.788697788698 0.770437654831
0.681318681319 0.0 0.793103448276 0.706388206388 0.657308009909
0.689771766695 0.0 0.793103448276 0.723587223587 0.682080924855
0.689771766695 0.0 0.793103448276 0.723587223587 0.682080924855
0.791208791209 0.0 0.896551724138 0.896805896806 0.846407927333
