0.265134529148 0.0 0.209302325581 0.0187646598905 0.0193953223046
1.0 0.125 1.0 0.970289288507 1.0
0.988789237668 0.0 0.976744186047 1.0 0.952082144894
0.738228699552 1.0 0.813953488372 0.910086004691 0.752994865944
0.90134529148 0.625 0.906976744186 0.978107896794 0.934968625214
0.948430493274 0.5 0.953488372093 0.951524628616 0.930405019966
0.325112107623 0.125 0.279069767442 0.105551211884 0.150028522533
0.658071748879 0.875 0.744186046512 0.835027365129 0.684540787222
0.586322869955 0.625 0.697674418605 0.765441751368 0.63605248146
0.357062780269 0.25 0.372093023256 0.223612197029 0.256132344552
0.813340807175 0.75 0.883720930233 0.956997654418 0.827153451226
0.513452914798 0.5 0.558139534884 0.516810007819 0.484883057616
0.948430493274 0.375 0.953488372093 0.939796716185 0.907586993725
0.888452914798 0.25 0.883720930233 0.78342455043 0.776953793497
0.64966367713 0.875 0.744186046512 0.838936669273 0.679406731318
0.769058295964 0.75 0.837209302326 0.87255668491 0.660011409013
0.484865470852 0.375 0.558139534884 0.512900703675 0.452367370222
0.288677130045 0.0 0.209302325581 0.0375293197811 0.0353679406731
0.97533632287 0.125 0.953488372093 0.920250195465 0.977752424415
0.315022421525 0.0 0.255813953488 0.0844409695074 0.094124358243
0.289237668161 0.0 0.232558139535 0.0594214229867 0.0821448944666
0.285874439462 0.0 0.232558139535 0.0469116497263 0.0656018254421
0.364910313901 0.125 0.302325581395 0.143080531665 0.185396463206
0.781950672646 0.75 0.860465116279 0.908522283034 0.822019395322
0.275224215247 0.0 0.255813953488 0.131352619234 0.102110667427
0.265134529148 0.0 0.232558139535 0.0852228303362 0.0718767826583
0.961883408072 0.0 0.953488372093 0.918686473808 0.972618368511
0.77298206278 0.75 0.837209302326 0.932759968726 0.802053622362
0.609304932735 0.5 0.674418604651 0.634089132134 0.585282373075
0.299887892377 0.0 0.325581395349 0.180609851446 0.17341699943
0.412556053812 0.0 0.511627906977 0.476935105551 0.420992584141
0.752242152466 0.375 0.720930232558 0.537138389367 0.556759840274
0.534753363229 0.5 0.581395348837 0.569194683346 0.409583571021
0.925448430493 0.0 0.953488372093 0.956215793589 0.896177980605
0.326233183857 0.0 0.395348837209 0.332290852228 0.266400456361
0.896860986547 0.0 0.93023255814 0.868647380766 0.917284654877
0.803251121076 0.0 0.860465116279 0.813917122752 0.80946948089
0.474215246637 0.25 0.488372093023 0.314308053167 0.387335995436
0.724775784753 0.0 0.790697674419 0.777951524629 0.770678836281
0.513452914798 0.0 0.627906976744 0.648162627052 0.600114090131
0.390695067265 0.0 0.488372093023 0.431587177482 0.393610952653
0.284192825112 0.0 0.302325581395 0.161845191556 0.127780946948
0.67432735426 0.0 0.767441860465 0.728694292416 0.699372504278
0.608183856502 0.0 0.697674418605 0.682564503518 0.639475185396
0.398542600897 0.125 0.418604651163 0.239249413604 0.262977752424
0.478139013453 0.25 0.46511627907 0.398749022674 0.416428978893
0.871076233184 0.0 0.906976744186 0.881157154027 0.875641756988
0.425448430493 0.0 0.53488372093 0.487881157154 0.442099258414
0.486547085202 0.0 0.604651162791 0.627052384676 0.531089560753
0.746076233184 0.0 0.813953488372 0.760750586396 0.755847119224
0.481502242152 0.0 0.581395348837 0.570758405004 0.495151169424
0.638452914798 0.0 0.720930232558 0.685691946833 0.650313747861
0.831838565022 0.0 0.883720930233 0.811571540266 0.872219053052
0.568946188341 0.375 0.604651162791 0.544956997654 0.528237307473
0.35201793722 0.0 0.441860465116 0.397185301016 0.342270393611
0.659192825112 0.0 0.744186046512 0.795152462862 0.718197375927
0.381165919283 0.125 0.325581395349 0.177482408131 0.200228180262
0.547085201794 0.25 0.511627906977 0.35652853792 0.452937820878
0.314461883408 0.0 0.372093023256 0.31196247068 0.241300627496
0.553811659193 0.0 0.651162790698 0.632525410477 0.620650313748
0.729820627803 0.625 0.790697674419 0.768569194683 0.661152310325
0.642937219731 0.375 0.627906976744 0.524628616106 0.555048488306
0.583520179372 0.0 0.674418604651 0.704456606724 0.653736451797
0.391816143498 0.125 0.395348837209 0.247849882721 0.273816314889
0.796524663677 0.125 0.837209302326 0.892103205629 0.857387335995
0.562219730942 0.5 0.651162790698 0.610633307271 0.515116942384
0.335762331839 0.0 0.325581395349 0.189210320563 0.19338277239
0.447869955157 0.0 0.558139534884 0.547302580141 0.482030804335
0.335762331839 0.0 0.418604651163 0.378420641126 0.322875071306
0.309977578475 0.0 0.348837209302 0.212666145426 0.201369081574
0.400224215247 0.0 0.348837209302 0.135261923378 0.18767826583
0.377242152466 0.0 0.46511627907 0.397185301016 0.342270393611
0.280829596413 0.0 0.279069767442 0.104769351056 0.107244723331
0.77634529148 0.0 0.837209302326 0.836591086787 0.824871648602
0.430493273543 0.25 0.441860465116 0.265050820954 0.360524814604
0.874439461883 0.25 0.906976744186 0.826426896013 0.848260125499
0.512892376682 0.25 0.53488372093 0.409695074277 0.471762692527
0.691704035874 0.625 0.767441860465 0.836591086787 0.771819737593
0.860986547085 0.0 0.860465116279 0.742767787334 0.797490017114
0.379484304933 0.0 0.372093023256 0.201720093823 0.24358243012
0.50168161435 0.125 0.511627906977 0.442533229085 0.434683399886
0.758968609865 0.0 0.767441860465 0.594214229867 0.690815744438
0.708520179372 0.125 0.720930232558 0.737294761532 0.726754135767
0.336322869955 0.0 0.279069767442 0.0719311962471 0.116942384484
0.889573991031 0.625 0.93023255814 0.909304143862 0.824301197946
0.653587443946 0.125 0.697674418605 0.5543393276 0.560752994866
0.57567264574 0.0 0.53488372093 0.370602032838 0.463205932687
0.818385650224 0.5 0.860465116279 0.924941360438 0.860810039932
0.959641255605 0.125 0.953488372093 0.933541829554 0.948659440958
0.362107623318 0.125 0.325581395349 0.121970289289 0.170564746149
0.306053811659 0.0 0.325581395349 0.259577795152 0.210496292071
0.502242152466 0.125 0.46511627907 0.225175918686 0.289788933257
0.919282511211 0.125 0.953488372093 0.964034401876 0.926411865374
0.496076233184 0.25 0.53488372093 0.402658326818 0.426126640046
0.372197309417 0.0 0.418604651163 0.286161063331 0.328579577867
0.273542600897 0.0 0.232558139535 0.0672400312744 0.108956075299
0.462443946188 0.0 0.46511627907 0.343236903831 0.376497432972
0.281390134529 0.0 0.255813953488 0.103987490227 0.0912721049629
0.32567264574 0.0 0.279069767442 0.0906958561376 0.136337706788
0.910313901345 0.0 0.906976744186 0.802971071149 0.856816885339
0.599215246637 0.25 0.558139534884 0.326817826427 0.411294922989
0.765695067265 0.0 0.790697674419 0.756841282252 0.790074158585
0.64798206278 0.0 0.674418604651 0.621579358874 0.543639475185
0.429372197309 0.25 0.441860465116 0.294761532447 0.340559041643
0.74831838565 0.25 0.744186046512 0.705238467553 0.692527096406
0.291479820628 0.0 0.279069767442 0.150117279124 0.121505989732
0.666479820628 0.0 0.744186046512 0.764659890539 0.719338277239
0.847533632287 0.0 0.813953488372 0.599687255668 0.740444951512
0.940022421525 0.125 0.953488372093 0.969507427678 0.940673131774
0.85369955157 0.125 0.883720930233 0.804534792807 0.85966913862
0.47365470852 0.0 0.511627906977 0.40734949179 0.403308613805
0.933295964126 0.0 0.93023255814 0.873338545739 0.938961779806
0.620515695067 0.0 0.581395348837 0.461297888976 0.533371363377
0.44730941704 0.0 0.418604651163 0.211102423769 0.155162578437
0.737107623318 0.0 0.720930232558 0.578577013292 0.579007415859
0.531950672646 0.0 0.441860465116 0.27365129007 0.351968054763
0.699551569507 0.125 0.744186046512 0.646598905395 0.590416428979
0.895179372197 0.0 0.883720930233 0.842064112588 0.905305191101
0.914237668161 0.0 0.93023255814 0.867083659109 0.909868796349
0.869955156951 0.375 0.860465116279 0.881939014855 0.897889332573
0.421524663677 0.0 0.488372093023 0.414386239249 0.367940673132
0.311659192825 0.0 0.279069767442 0.114151681001 0.162007986309
0.296524663677 0.0 0.302325581395 0.183737294762 0.159155733029
0.942825112108 0.0 0.906976744186 0.810007818608 0.888762122076
0.369955156951 0.0 0.418604651163 0.363565285379 0.298916143754
0.538116591928 0.125 0.581395348837 0.585613760751 0.533941814033
0.520739910314 0.125 0.558139534884 0.493354182955 0.448944666286
0.557735426009 0.375 0.651162790698 0.697419859265 0.626354820308
0.641816143498 0.125 0.651162790698 0.530883502737 0.553337136338
0.929932735426 0.0 0.906976744186 0.820953870211 0.926411865374
0.882286995516 0.125 0.906976744186 0.846755277561 0.913291500285
0.866031390135 0.0 0.883720930233 0.855355746677 0.87963491158
0.346412556054 0.0 0.395348837209 0.301016419077 0.278379920137
0.394058295964 0.0 0.372093023256 0.155590304926 0.231602966343
0.350896860987 0.0 0.325581395349 0.175136825645 0.144324015973
0.345291479821 0.0 0.348837209302 0.214229867084 0.227039361095
0.435538116592 0.125 0.441860465116 0.318999218139 0.330861380491
0.767376681614 0.375 0.813953488372 0.797498045348 0.815744438106
0.836322869955 0.0 0.837209302326 0.73260359656 0.831146605819
0.889573991031 0.0 0.883720930233 0.727130570758 0.837992013691
0.781390134529 0.25 0.767441860465 0.716966379984 0.750142612664
0.392376681614 0.0 0.325581395349 0.163408913213 0.221334854535
0.701793721973 0.5 0.767441860465 0.852228303362 0.774101540217
0.652466367713 0.0 0.697674418605 0.573885848319 0.649743297205
0.878923766816 0.0 0.906976744186 0.817044566067 0.891043924701
0.718049327354 0.0 0.720930232558 0.691164972635 0.706788362807
0.401905829596 0.0 0.441860465116 0.380766223612 0.397033656589
0.340246636771 0.0 0.348837209302 0.220484753714 0.242441528808
0.510650224215 0.0 0.441860465116 0.233776387803 0.207644038791
0.622197309417 0.25 0.697674418605 0.695856137608 0.676554478038
0.82230941704 0.375 0.744186046512 0.508991399531 0.601825442099
0.613228699552 0.0 0.651162790698 0.616106333073 0.622361665716
0.279147982063 0.0 0.255813953488 0.112587959343 0.131203650884
0.82567264574 0.125 0.837209302326 0.779515246286 0.851112378779
0.730941704036 0.0 0.767441860465 0.77091477717 0.746719908728
0.742713004484 0.375 0.744186046512 0.750586395622 0.781517398745
0.389013452915 0.0 0.441860465116 0.347928068804 0.292641186537
0.828475336323 0.0 0.860465116279 0.772478498827 0.869366799772
0.615470852018 0.0 0.604651162791 0.473807662236 0.521962350257
0.384529147982 0.0 0.372093023256 0.175136825645 0.254420992584
0.544282511211 0.125 0.511627906977 0.49022673964 0.501996577296
0.451233183857 0.0 0.53488372093 0.419859265051 0.399885909869
0.465246636771 0.0 0.53488372093 0.507427677873 0.472333143183
0.30100896861 0.0 0.302325581395 0.136043784206 0.134055904164
0.42264573991 0.0 0.395348837209 0.166536356529 0.270393610953
0.434417040359 0.0 0.441860465116 0.359655981235 0.317170564746
0.813901345291 0.0 0.813953488372 0.745895230649 0.760981175128
0.620515695067 0.0 0.53488372093 0.268178264269 0.334284084427
0.530269058296 0.0 0.558139534884 0.45191555903 0.484883057616
0.308856502242 0.0 0.255813953488 0.0672400312744 0.0787221905305
0.463565022422 0.0 0.488372093023 0.277560594214 0.357102110667
0.349775784753 0.0 0.302325581395 0.125097732604 0.120935539076
0.442264573991 0.25 0.46511627907 0.383111806099 0.371933827724
0.381726457399 0.125 0.418604651163 0.265050820954 0.280091272105
0.455156950673 0.0 0.441860465116 0.351837372948 0.306332002282
0.593049327354 0.0 0.604651162791 0.474589523065 0.568168853394
0.840246636771 0.5 0.860465116279 0.936669272869 0.873359954364
0.367152466368 0.0 0.395348837209 0.25488663018 0.268111808329
0.546524663677 0.125 0.511627906977 0.309616888194 0.306902452938
0.792040358744 0.0 0.767441860465 0.59890539484 0.711351968055
0.593049327354 0.0 0.558139534884 0.411258795934 0.466628636623
0.627242152466 0.375 0.651162790698 0.610633307271 0.609241300627
0.885089686099 0.0 0.860465116279 0.720875684128 0.825442099258
0.57735426009 0.0 0.604651162791 0.486317435496 0.519110096977
0.900784753363 0.125 0.93023255814 0.858483189992 0.883057615516
0.839686098655 0.125 0.906976744186 0.859265050821 0.834569309755
0.682174887892 0.125 0.697674418605 0.677091477717 0.749572162008
0.679372197309 0.0 0.674418604651 0.419859265051 0.576155162578
0.631726457399 0.0 0.651162790698 0.536356528538 0.608100399315
0.808856502242 0.125 0.720930232558 0.47771696638 0.607529948659
0.679932735426 0.125 0.767441860465 0.78967943706 0.767256132345
0.355941704036 0.0 0.348837209302 0.155590304926 0.188248716486
0.431614349776 0.0 0.441860465116 0.281469898358 0.275527666857
0.659192825112 0.25 0.627906976744 0.505863956216 0.535082715345
0.67264573991 0.25 0.744186046512 0.660672400313 0.589845978323
0.687219730942 0.125 0.720930232558 0.677873338546 0.618368511124
0.483744394619 0.0 0.511627906977 0.387802971071 0.392470051341
0.439461883408 0.0 0.53488372093 0.497263487099 0.457501426127
0.409753363229 0.0 0.46511627907 0.409695074277 0.343411294923
0.544282511211 0.0 0.53488372093 0.327599687256 0.452367370222
