0.875855327468 0.142857142857 0.888888888889 0.750915750916 0.924257932446
0.875855327468 0.142857142857 0.888888888889 0.750915750916 0.924257932446
0.792766373412 0.428571428571 0.666666666667 0.407814407814 0.419651995906
0.784946236559 0.142857142857 0.740740740741 0.527472527473 0.5670419652
0.873900293255 0.285714285714 0.888888888889 0.912087912088 0.940634595701
0.873900293255 0.285714285714 0.888888888889 0.912087912088 0.940634595701
0.894428152493 0.428571428571 0.777777777778 0.516483516484 0.741044012282
0.88954056696 0.428571428571 0.740740740741 0.42735042735 0.657113613101
0.975562072336 0.285714285714 0.888888888889 0.702075702076 0.744114636643
0.927663734115 0.285714285714 0.851851851852 0.669108669109 0.704196519959
0.83284457478 0.142857142857 0.740740740741 0.578754578755 0.617195496418
0.827956989247 0.142857142857 0.703703703704 0.489621489621 0.533265097236
0.745845552297 0.285714285714 0.777777777778 0.693528693529 0.805527123849
0.697947214076 0.285714285714 0.740740740741 0.660561660562 0.765609007165
0.697947214076 0.285714285714 0.740740740741 0.660561660562 0.765609007165
0.738025415445 0.571428571429 0.777777777778 0.660561660562 0.765609007165
0.634408602151 0.571428571429 0.703703703704 0.648351648352 0.590583418628
0.674486803519 0.857142857143 0.740740740741 0.648351648352 0.590583418628
0.650048875855 0.714285714286 0.592592592593 0.247863247863 0.46878198567
0.650048875855 0.714285714286 0.592592592593 0.247863247863 0.46878198567
0.80156402737 0.142857142857 0.666666666667 0.394383394383 0.617195496418
0.947214076246 0.285714285714 0.851851851852 0.742368742369 0.85363357216
0.629521016618 0.857142857143 0.62962962963 0.363858363858 0.522006141249
0.739980449658 0.714285714286 0.666666666667 0.445665445665 0.53428863869
0.837732160313 0.571428571429 0.851851851852 0.886446886447 0.78812691914
0.805474095797 0.571428571429 0.740740740741 0.766788766789 0.640736949846
0.697947214076 0.285714285714 0.740740740741 0.660561660562 0.765609007165
0.998044965787 1.0 0.888888888889 0.821733821734 0.974411463664
0.66568914956 0.285714285714 0.62962962963 0.540903540904 0.618219037871
0.697947214076 0.285714285714 0.740740740741 0.660561660562 0.765609007165
0.566959921799 0.428571428571 0.555555555556 0.304029304029 0.512794268168
0.607038123167 0.714285714286 0.592592592593 0.304029304029 0.512794268168
0.704789833822 0.142857142857 0.592592592593 0.374847374847 0.379733879222
0.752688172043 0.142857142857 0.62962962963 0.407814407814 0.419651995906
0.589442815249 0.571428571429 0.592592592593 0.363858363858 0.522006141249
0.541544477028 0.571428571429 0.555555555556 0.330891330891 0.482088024565
0.938416422287 1.0 0.925925925926 0.802197802198 1.0
0.697947214076 0.285714285714 0.740740740741 0.660561660562 0.765609007165
0.697947214076 0.285714285714 0.740740740741 0.660561660562 0.765609007165
0.697947214076 0.285714285714 0.740740740741 0.660561660562 0.765609007165
0.654936461388 0.714285714286 0.62962962963 0.336996336996 0.552712384852
0.748778103617 1.0 0.592592592593 0.307692307692 0.527123848516
0.71945259042 0.428571428571 0.703703703704 0.610500610501 0.657113613101
0.797653958944 0.428571428571 0.814814814815 0.886446886447 0.78812691914
0.581622678397 0.857142857143 0.592592592593 0.330891330891 0.482088024565
0.589442815249 0.571428571429 0.592592592593 0.363858363858 0.522006141249
0.918866080156 0.714285714286 0.851851851852 0.909645909646 0.685772773797
0.845552297165 0.428571428571 0.851851851852 0.919413919414 0.828045035824
0.664711632454 0.428571428571 0.62962962963 0.616605616606 0.505629477994
0.664711632454 0.428571428571 0.62962962963 0.616605616606 0.505629477994
0.827956989247 0.142857142857 0.703703703704 0.489621489621 0.533265097236
0.827956989247 0.142857142857 0.703703703704 0.489621489621 0.533265097236
0.733137829912 0.571428571429 0.740740740741 0.571428571429 0.681678607984
0.781036168133 0.571428571429 0.777777777778 0.604395604396 0.721596724667
0.797653958944 0.428571428571 0.814814814815 0.886446886447 0.78812691914
0.765395894428 0.428571428571 0.703703703704 0.766788766789 0.640736949846
0.602150537634 0.571428571429 0.592592592593 0.528693528694 0.443193449335
0.669599217986 0.857142857143 0.703703703704 0.559218559219 0.506653019447
0.936461388074 0.428571428571 0.888888888889 0.644688644689 0.664278403275
0.848484848485 0.142857142857 0.814814814815 0.611721611722 0.624360286592
0.913978494624 0.571428571429 0.925925925926 0.912087912088 0.940634595701
0.913978494624 0.571428571429 0.925925925926 0.912087912088 0.940634595701
0.967741935484 0.571428571429 0.888888888889 0.669108669109 0.704196519959
1.0 0.571428571429 1.0 0.788766788767 0.851586489253
0.784946236559 0.142857142857 0.740740740741 0.527472527473 0.5670419652
0.825024437928 0.428571428571 0.777777777778 0.527472527473 0.5670419652
0.744868035191 0.714285714286 0.666666666667 0.349206349206 0.510747185261
0.650048875855 0.714285714286 0.592592592593 0.247863247863 0.46878198567
0.737047898338 0.142857142857 0.703703703704 0.494505494505 0.527123848516
0.737047898338 0.142857142857 0.703703703704 0.494505494505 0.527123848516
0.841642228739 0.428571428571 0.703703703704 0.394383394383 0.617195496418
0.854349951124 0.142857142857 0.740740740741 0.516483516484 0.741044012282
0.854349951124 0.142857142857 0.740740740741 0.516483516484 0.741044012282
0.806451612903 0.142857142857 0.703703703704 0.483516483516 0.701125895599
0.880742913001 0.571428571429 0.851851851852 0.830280830281 0.744114636643
0.797653958944 0.428571428571 0.814814814815 0.886446886447 0.78812691914
0.895405669599 0.571428571429 0.888888888889 1.0 0.78812691914
0.69696969697 0.428571428571 0.740740740741 0.736263736264 0.653019447288
0.824046920821 0.428571428571 0.703703703704 0.31746031746 0.503582395087
0.824046920821 0.428571428571 0.703703703704 0.31746031746 0.503582395087
