0.890252707581 0.25 0.866666666667 0.76393442623 0.74649122807
0.860649819495 0.0625 0.833333333333 0.76393442623 0.74649122807
0.678700361011 0.1875 0.7 0.612021857923 0.571052631579
0.771119133574 0.125 0.8 0.698360655738 0.621929824561
0.642599277978 0.25 0.6 0.52131147541 0.425438596491
0.670758122744 0.0625 0.766666666667 0.648087431694 0.636842105263
0.610108303249 0.3125 0.6 0.664480874317 0.421052631579
0.653429602888 0.5625 0.633333333333 0.530054644809 0.397368421053
0.649097472924 0.25 0.7 0.68087431694 0.531578947368
0.633935018051 0.25 0.733333333333 0.67868852459 0.551754385965
0.758122743682 0.25 0.833333333333 0.853551912568 0.695614035088
0.818772563177 0.1875 0.9 0.856830601093 0.906140350877
0.638267148014 0.4375 0.633333333333 0.530054644809 0.397368421053
0.638267148014 0.4375 0.633333333333 0.530054644809 0.397368421053
0.640433212996 0.5 0.633333333333 0.608743169399 0.459649122807
0.640433212996 0.5 0.633333333333 0.608743169399 0.459649122807
0.796389891697 0.125 0.766666666667 0.75956284153 0.658771929825
0.796389891697 0.125 0.766666666667 0.75956284153 0.658771929825
0.891696750903 0.4375 0.966666666667 0.781420765027 0.972807017544
0.891696750903 0.4375 0.966666666667 0.781420765027 0.972807017544
0.670036101083 0.25 0.766666666667 0.742076502732 0.645614035088
0.805054151625 0.125 0.866666666667 0.728961748634 0.75
0.738628158845 0.0625 0.7 0.613114754098 0.548245614035
0.919855595668 0.8125 0.933333333333 0.798907103825 0.741228070175
0.735018050542 0.375 0.733333333333 0.570491803279 0.618421052632
0.664981949458 0.4375 0.633333333333 0.473224043716 0.34298245614
0.640433212996 0.5 0.633333333333 0.608743169399 0.459649122807
0.738628158845 0.0625 0.7 0.613114754098 0.548245614035
0.826714801444 0.125 0.9 0.754098360656 0.802631578947
0.730685920578 0.5 0.766666666667 0.630601092896 0.648245614035
0.662815884477 0.25 0.666666666667 0.548633879781 0.479824561404
0.642599277978 0.25 0.6 0.52131147541 0.425438596491
0.545848375451 0.3125 0.566666666667 0.499453551913 0.332456140351
0.718411552347 0.25 0.833333333333 0.828415300546 0.775438596491
0.657761732852 0.3125 0.633333333333 0.453551912568 0.550877192982
0.949458483755 0.1875 1.0 0.932240437158 0.986842105263
0.568231046931 0.1875 0.666666666667 0.587978142077 0.514912280702
0.615884476534 1.0 0.7 0.499453551913 0.649122807018
0.761010830325 0.3125 0.766666666667 0.698360655738 0.567543859649
0.875812274368 0.875 0.833333333333 0.737704918033 0.727192982456
0.545848375451 0.3125 0.566666666667 0.499453551913 0.332456140351
0.528519855596 0.375 0.466666666667 0.383606557377 0.201754385965
0.641155234657 0.0625 0.633333333333 0.590163934426 0.423684210526
0.686642599278 0.125 0.733333333333 0.622950819672 0.587719298246
0.762454873646 0.125 0.8 0.72131147541 0.647368421053
0.842599277978 0.1875 0.966666666667 0.927868852459 0.872807017544
0.623826714801 0.5 0.633333333333 0.507103825137 0.494736842105
0.774729241877 0.375 0.866666666667 0.801092896175 0.667543859649
0.779783393502 0.1875 0.866666666667 0.956284153005 0.785087719298
0.925631768953 0.1875 0.9 0.825136612022 0.860526315789
0.545848375451 0.3125 0.566666666667 0.499453551913 0.332456140351
0.836101083032 0.9375 0.966666666667 0.874316939891 0.933333333333
0.602888086643 0.4375 0.6 0.500546448087 0.363157894737
0.618050541516 0.5625 0.6 0.500546448087 0.363157894737
0.737184115523 0.25 0.9 0.774863387978 0.817543859649
0.737184115523 0.25 0.9 0.774863387978 0.817543859649
0.703249097473 0.125 0.733333333333 0.685245901639 0.685087719298
0.703249097473 0.125 0.733333333333 0.685245901639 0.685087719298
0.838989169675 0.375 0.933333333333 0.897267759563 0.772807017544
0.782671480144 0.5625 0.833333333333 0.654644808743 0.625438596491
0.61083032491 0.5625 0.666666666667 0.655737704918 0.544736842105
0.632490974729 0.1875 0.7 0.72131147541 0.577192982456
0.796389891697 0.125 0.8 0.783606557377 0.663157894737
0.716967509025 0.25 0.8 0.704918032787 0.721052631579
0.727797833935 0.1875 0.733333333333 0.712568306011 0.65350877193
0.888086642599 0.625 0.933333333333 0.732240437158 0.705263157895
0.678700361011 0.4375 0.633333333333 0.544262295082 0.401754385965
0.714079422383 0.4375 0.666666666667 0.573770491803 0.435964912281
0.798555956679 0.375 0.8 0.80218579235 0.774561403509
0.5559566787 0.5 0.666666666667 0.39781420765 0.425438596491
0.607220216606 0.3125 0.6 0.383606557377 0.434210526316
0.62238267148 0.3125 0.7 0.606557377049 0.570175438596
0.563898916968 0.3125 0.633333333333 0.579234972678 0.404385964912
0.540072202166 0.5625 0.566666666667 0.469945355191 0.298245614035
1.0 0.875 1.0 1.0 0.94298245614
0.719855595668 0.9375 0.733333333333 0.528961748634 0.589473684211
0.706137184116 0.1875 0.766666666667 0.691803278689 0.561403508772
0.807220216606 0.375 0.833333333333 0.775956284153 0.814912280702
0.662093862816 0.375 0.766666666667 0.621857923497 0.669298245614
0.703249097473 0.375 0.833333333333 0.67868852459 0.757894736842
0.748736462094 0.375 0.766666666667 0.690710382514 0.451754385965
0.739350180505 0.375 0.833333333333 0.771584699454 0.633333333333
0.807220216606 0.375 0.833333333333 0.775956284153 0.814912280702
0.875812274368 0.3125 0.933333333333 0.856830601093 0.895614035088
0.728519855596 0.125 0.733333333333 0.700546448087 0.743859649123
0.723465703971 0.875 0.866666666667 0.833879781421 0.739473684211
0.583393501805 0.25 0.633333333333 0.507103825137 0.570175438596
0.828158844765 0.75 0.9 0.843715846995 0.705263157895
0.798555956679 0.125 0.833333333333 0.877595628415 0.650877192982
0.602888086643 0.4375 0.6 0.500546448087 0.363157894737
0.863537906137 1.0 0.9 0.848087431694 0.885964912281
0.758122743682 0.25 0.833333333333 0.853551912568 0.695614035088
0.664981949458 0.4375 0.633333333333 0.473224043716 0.34298245614
0.664981949458 0.4375 0.633333333333 0.473224043716 0.34298245614
0.516967509025 0.3125 0.5 0.406557377049 0.232456140351
0.69963898917 0.3125 0.7 0.703825136612 0.542105263158
0.516967509025 0.3125 0.5 0.406557377049 0.232456140351
0.828158844765 0.75 0.9 0.843715846995 0.705263157895
0.825270758123 0.0625 0.8 0.734426229508 0.712280701754
0.825270758123 0.0625 0.8 0.734426229508 0.712280701754
0.872924187726 0.0 0.9 0.909289617486 0.794736842105
0.545848375451 0.3125 0.566666666667 0.499453551913 0.332456140351
0.769675090253 0.125 0.833333333333 0.699453551913 0.715789473684
0.851985559567 0.8125 0.9 0.786885245902 0.841228070175
0.737906137184 0.125 0.8 0.747540983607 0.740350877193
0.773285198556 0.125 0.833333333333 0.777049180328 0.774561403509
0.516967509025 0.3125 0.5 0.406557377049 0.232456140351
0.640433212996 0.5 0.633333333333 0.608743169399 0.459649122807
0.751624548736 0.125 0.766666666667 0.619672131148 0.643859649123
0.653429602888 0.25 0.7 0.750819672131 0.566666666667
0.726353790614 0.9375 0.733333333333 0.68087431694 0.576315789474
0.528519855596 0.375 0.466666666667 0.383606557377 0.201754385965
0.572563176895 0.25 0.633333333333 0.479781420765 0.471929824561
0.787725631769 0.1875 0.866666666667 0.75737704918 0.702631578947
0.5559566787 0.5 0.666666666667 0.39781420765 0.425438596491
0.780505415162 0.125 0.8 0.753005464481 0.781578947368
0.615884476534 0.25 0.733333333333 0.592349726776 0.607894736842
0.592057761733 0.25 0.633333333333 0.485245901639 0.481578947368
0.58916967509 0.25 0.666666666667 0.534426229508 0.624561403509
0.583393501805 0.25 0.633333333333 0.507103825137 0.570175438596
0.72202166065 0.25 0.733333333333 0.677595628415 0.520175438596
0.779061371841 0.125 0.833333333333 0.798907103825 0.722807017544
0.71119133574 0.125 0.833333333333 0.849180327869 0.74649122807
0.71119133574 0.125 0.833333333333 0.849180327869 0.74649122807
0.656317689531 0.5 0.866666666667 0.979234972678 0.789473684211
0.909025270758 0.9375 0.9 0.828415300546 0.789473684211
0.631046931408 0.375 0.766666666667 0.582513661202 0.651754385965
0.943682310469 0.375 1.0 0.902732240437 0.952631578947
0.727797833935 0.3125 0.9 0.849180327869 0.782456140351
0.734296028881 0.875 0.766666666667 0.771584699454 0.676315789474
0.767509025271 0.75 0.9 0.821857923497 0.811403508772
0.571119133574 0.5 0.633333333333 0.4 0.405263157895
0.752346570397 0.125 0.833333333333 0.807650273224 0.870175438596
0.728519855596 0.125 0.733333333333 0.700546448087 0.743859649123
0.697472924188 0.375 0.8 0.651366120219 0.70350877193
0.703249097473 0.375 0.833333333333 0.67868852459 0.757894736842
0.813718411552 0.125 0.733333333333 0.709289617486 0.621052631579
0.592779783394 0.125 0.533333333333 0.460109289617 0.336842105263
0.647653429603 0.125 0.733333333333 0.614207650273 0.595614035088
0.602888086643 0.4375 0.6 0.500546448087 0.363157894737
0.597833935018 0.125 0.7 0.502732240437 0.579824561404
0.627436823105 0.375 0.733333333333 0.502732240437 0.579824561404
0.728519855596 0.125 0.733333333333 0.700546448087 0.743859649123
0.558122743682 0.1875 0.533333333333 0.393442622951 0.312280701754
0.939350180505 0.875 0.966666666667 0.791256830601 1.0
0.602888086643 0.4375 0.6 0.500546448087 0.363157894737
0.849819494585 0.5625 0.8 0.730054644809 0.645614035088
0.71119133574 0.125 0.766666666667 0.750819672131 0.781578947368
0.561010830325 0.375 0.533333333333 0.453551912568 0.366666666667
0.78916967509 0.375 0.8 0.720218579235 0.745614035088
0.672202166065 0.125 0.7 0.662295081967 0.522807017544
0.672202166065 0.125 0.7 0.662295081967 0.522807017544
0.84476534296 0.5 0.9 0.738797814208 0.894736842105
0.813718411552 0.125 0.733333333333 0.709289617486 0.621052631579
0.671480144404 0.375 0.766666666667 0.722404371585 0.659649122807
0.6 0.6875 0.633333333333 0.420765027322 0.482456140351
0.949458483755 0.1875 1.0 0.932240437158 0.986842105263
0.745848375451 0.9375 0.866666666667 0.828415300546 0.763157894737
0.77761732852 0.8125 0.766666666667 0.722404371585 0.684210526316
0.818772563177 0.1875 0.9 0.856830601093 0.906140350877
0.765342960289 0.1875 0.733333333333 0.768306010929 0.641228070175
0.67797833935 0.875 0.7 0.656830601093 0.528070175439
0.628158844765 0.125 0.666666666667 0.513661202186 0.533333333333
0.821660649819 0.0 0.9 0.877595628415 0.851754385965
0.737906137184 0.625 0.833333333333 0.714754098361 0.693859649123
0.738628158845 0.0625 0.7 0.613114754098 0.548245614035
0.801444043321 0.125 0.9 0.88306010929 0.941228070175
0.801444043321 0.125 0.9 0.88306010929 0.941228070175
0.70036101083 0.0 0.7 0.52131147541 0.649122807018
0.672202166065 0.9375 0.733333333333 0.701639344262 0.685087719298
0.728519855596 0.125 0.733333333333 0.700546448087 0.743859649123
0.596389891697 0.1875 0.7 0.662295081967 0.552631578947
0.776173285199 0.875 0.8 0.685245901639 0.615789473684
0.545848375451 0.3125 0.566666666667 0.499453551913 0.332456140351
0.672202166065 0.9375 0.733333333333 0.701639344262 0.685087719298
0.631046931408 0.375 0.766666666667 0.582513661202 0.651754385965
0.727075812274 0.25 0.733333333333 0.554098360656 0.609649122807
0.707581227437 0.25 0.733333333333 0.671038251366 0.709649122807
0.828158844765 0.75 0.9 0.843715846995 0.705263157895
0.847653429603 0.8125 0.833333333333 0.685245901639 0.717543859649
0.735018050542 0.0 0.8 0.656830601093 0.651754385965
0.535740072202 0.5 0.6 0.370491803279 0.371052631579
0.664981949458 0.4375 0.633333333333 0.473224043716 0.34298245614
0.70036101083 0.4375 0.666666666667 0.502732240437 0.377192982456
0.826714801444 0.25 0.9 0.831693989071 0.664035087719
0.826714801444 0.25 0.9 0.831693989071 0.664035087719
0.669314079422 0.3125 0.733333333333 0.801092896175 0.581578947368
0.633935018051 0.3125 0.7 0.771584699454 0.547368421053
0.859927797834 0.25 0.933333333333 0.913661202186 0.715789473684
0.854151624549 0.4375 0.933333333333 0.884153005464 0.681578947368
0.697472924188 0.0625 0.7 0.554098360656 0.609649122807
0.721299638989 0.0625 0.8 0.661202185792 0.735964912281
0.886642599278 0.8125 0.9 0.726775956284 0.751754385965
0.776173285199 0.375 0.9 0.87868852459 0.780701754386
0.825270758123 0.75 0.833333333333 0.702732240437 0.709649122807
0.752346570397 0.125 0.833333333333 0.807650273224 0.870175438596
0.870758122744 0.25 0.866666666667 0.742076502732 0.69649122807
0.870758122744 0.6875 0.933333333333 0.731147540984 0.840350877193
0.727075812274 0.125 0.766666666667 0.650273224044 0.707894736842
0.818772563177 0.3125 0.9 0.955191256831 0.808771929825
