0.764172335601 0.0 0.8125 0.61961961962 0.71032357473
0.890400604686 0.0 0.9375 0.810810810811 0.885978428351
0.712773998488 0.0 0.78125 0.64964964965 0.707241910632
0.775510204082 0.0 0.75 0.532532532533 0.67719568567
0.867724867725 0.0 0.875 0.731731731732 0.831278890601
0.718820861678 0.0 0.78125 0.665665665666 0.717257318952
0.610733182162 0.0 0.65625 0.495495495495 0.557010785824
0.725623582766 0.0 0.75 0.607607607608 0.681047765794
0.675736961451 0.0 0.75 0.626626626627 0.654853620955
0.781557067271 0.0 0.8125 0.692692692693 0.752696456086
0.903250188964 0.0 0.90625 0.806806806807 0.882126348228
0.675736961451 0.0 0.6875 0.491491491491 0.572419106317
0.678760393046 1.0 0.75 0.654654654655 0.759630200308
0.733182161754 0.0 0.78125 0.690690690691 0.728813559322
0.801209372638 1.0 0.8125 0.627627627628 0.781201848998
1.0 0.0 0.96875 0.858858858859 0.956086286595
0.694633408919 0.0 0.75 0.585585585586 0.618644067797
0.958427815571 0.0 0.9375 0.848848848849 0.935285053929
0.808012093726 0.0 0.8125 0.66966966967 0.738828967643
0.743764172336 0.0 0.71875 0.565565565566 0.666409861325
0.707482993197 0.0 0.75 0.627627627628 0.664098613251
0.743008314437 0.0 0.8125 0.734734734735 0.740369799692
0.84731670446 0.0 0.8125 0.631631631632 0.729583975347
0.728647014361 0.0 0.8125 0.758758758759 0.747303543914
0.613000755858 1.0 0.71875 0.593593593594 0.651771956857
0.586545729403 1.0 0.625 0.421421421421 0.54468412943
0.653817082389 1.0 0.6875 0.493493493493 0.617103235747
0.797430083144 0.0 0.84375 0.746746746747 0.763482280431
0.768707482993 0.0 0.75 0.64964964965 0.729583975347
0.873771730915 0.0 0.875 0.746746746747 0.801232665639
0.624338624339 1.0 0.65625 0.501501501502 0.624807395994
0.82917611489 0.0 0.8125 0.696696696697 0.768104776579
0.798185941043 0.0 0.78125 0.566566566567 0.641756548536
0.739229024943 0.0 0.75 0.640640640641 0.690292758089
0.795162509448 0.0 0.84375 0.72972972973 0.738828967643
0.715797430083 1.0 0.75 0.614614614615 0.725731895223
0.78231292517 0.0 0.8125 0.711711711712 0.735747303544
0.662887377173 0.0 0.71875 0.636636636637 0.642526964561
0.860922146636 0.0 0.875 0.726726726727 0.761171032357
0.667422524565 1.0 0.6875 0.421421421421 0.546995377504
0.643235071807 1.0 0.71875 0.527527527528 0.59938366718
0.615268329554 0.0 0.65625 0.479479479479 0.502311248074
0.806500377929 0.0 0.84375 0.744744744745 0.758089368259
0.798185941043 0.0 0.78125 0.583583583584 0.651001540832
0.84126984127 0.0 0.8125 0.645645645646 0.721109399076
0.904006046863 1.0 0.84375 0.623623623624 0.809707241911
0.991685563114 0.0 0.9375 0.835835835836 0.925269645609
0.780801209373 1.0 0.78125 0.564564564565 0.699537750385
0.662131519274 0.0 0.75 0.644644644645 0.617103235747
0.694633408919 0.0 0.65625 0.522522522523 0.614021571649
0.649281934996 0.0 0.71875 0.640640640641 0.630200308166
0.821617535903 0.0 0.8125 0.723723723724 0.7781201849
0.930461073318 0.0 0.9375 0.801801801802 0.833590138675
0.736961451247 1.0 0.75 0.483483483483 0.606317411402
0.761148904006 0.0 0.75 0.561561561562 0.620955315871
0.678004535147 0.0 0.6875 0.510510510511 0.553158705701
0.678760393046 0.0 0.75 0.635635635636 0.617873651772
0.717309145881 1.0 0.75 0.602602602603 0.703389830508
0.702191987906 1.0 0.71875 0.499499499499 0.617103235747
0.962207105064 0.0 0.875 0.744744744745 0.860554699538
0.637188208617 0.0 0.65625 0.489489489489 0.52311248074
0.681783824641 1.0 0.71875 0.555555555556 0.652542372881
0.807256235828 0.0 0.8125 0.680680680681 0.716486902928
0.71201814059 0.0 0.75 0.615615615616 0.625577812018
0.809523809524 1.0 0.84375 0.67967967968 0.771186440678
0.97052154195 0.0 1.0 1.0 1.0
0.689342403628 0.0 0.71875 0.583583583584 0.602465331279
0.890400604686 0.0 0.84375 0.658658658659 0.738828967643
0.688586545729 0.0 0.65625 0.383383383383 0.463020030817
0.845049130763 0.0 0.8125 0.651651651652 0.719568567026
0.596371882086 0.0 0.6875 0.575575575576 0.537750385208
0.499622071051 1.0 0.5 0.275275275275 0.415254237288
0.72940287226 0.0 0.75 0.588588588589 0.61093990755
0.823885109599 0.0 0.8125 0.64964964965 0.696456086287
0.79440665155 0.0 0.84375 0.74974974975 0.738828967643
0.679516250945 0.0 0.6875 0.552552552553 0.588597842835
0.81783824641 0.0 0.8125 0.728728728729 0.768104776579
0.718820861678 0.0 0.71875 0.538538538539 0.580123266564
0.78835978836 0.0 0.8125 0.710710710711 0.723420647149
0.678760393046 0.0 0.71875 0.632632632633 0.636363636364
0.802721088435 0.0 0.84375 0.757757757758 0.752696456086
0.845049130763 0.0 0.8125 0.644644644645 0.708782742681
0.907029478458 0.0 0.90625 0.857857857858 0.884437596302
0.943310657596 0.0 0.9375 0.904904904905 0.93374422188
0.780801209373 1.0 0.78125 0.715715715716 0.832049306626
0.740740740741 0.0 0.78125 0.653653653654 0.651771956857
0.717309145881 1.0 0.6875 0.445445445445 0.597072419106
0.787603930461 0.0 0.8125 0.748748748749 0.757318952234
0.806500377929 0.0 0.78125 0.662662662663 0.718027734977
0.769463340892 0.0 0.84375 0.807807807808 0.768104776579
0.859410430839 1.0 0.875 0.587587587588 0.686440677966
0.953892668178 0.0 1.0 0.962962962963 0.939137134052
0.862433862434 0.0 0.875 0.814814814815 0.828967642527
0.793650793651 1.0 0.78125 0.550550550551 0.67873651772
0.764172335601 0.0 0.75 0.628628628629 0.674884437596
0.718820861678 0.0 0.71875 0.555555555556 0.591679506934
0.62358276644 1.0 0.71875 0.625625625626 0.657935285054
0.785336356765 0.0 0.75 0.571571571572 0.637134052388
0.711262282691 0.0 0.71875 0.572572572573 0.60092449923
0.790627362056 0.0 0.8125 0.753753753754 0.761171032357
0.826152683296 0.0 0.875 0.82982982983 0.808936825886
0.801209372638 1.0 0.78125 0.570570570571 0.703389830508
0.724111866969 0.0 0.78125 0.697697697698 0.675654853621
0.731670445956 0.0 0.71875 0.586586586587 0.631741140216
0.746031746032 0.0 0.78125 0.660660660661 0.657935285054
0.928193499622 0.0 0.875 0.813813813814 0.883667180277
0.651549508692 1.0 0.71875 0.570570570571 0.626348228043
0.98261526833 0.0 1.0 0.956956956957 0.95531587057
0.720332577475 0.0 0.71875 0.571571571572 0.605546995378
0.761148904006 1.0 0.8125 0.680680680681 0.74345146379
0.876795162509 1.0 0.84375 0.664664664665 0.802003081664
0.863189720333 0.0 0.875 0.804804804805 0.814329738059
0.739984882842 0.0 0.78125 0.68968968969 0.67873651772
0.823885109599 0.0 0.78125 0.660660660661 0.724961479199
0.889644746788 0.0 0.90625 0.786786786787 0.78967642527
0.820861678005 1.0 0.8125 0.691691691692 0.805855161787
0.84731670446 0.0 0.84375 0.80980980981 0.83281972265
0.737717309146 0.0 0.75 0.615615615616 0.630970724191
0.844293272865 1.0 0.84375 0.682682682683 0.787365177196
0.92365835223 1.0 0.90625 0.624624624625 0.742681047766
0.584278155707 1.0 0.625 0.384384384384 0.466101694915
0.734693877551 1.0 0.71875 0.527527527528 0.653312788906
0.743008314437 0.0 0.75 0.655655655656 0.673343605547
0.773242630385 0.0 0.8125 0.711711711712 0.696456086287
0.825396825397 0.0 0.8125 0.672672672673 0.704930662558
0.808012093726 0.0 0.78125 0.654654654655 0.70030816641
0.704459561602 1.0 0.78125 0.635635635636 0.671802773498
0.668178382464 1.0 0.6875 0.499499499499 0.593220338983
0.802721088435 0.0 0.8125 0.66966966967 0.680277349769
0.798941798942 0.0 0.8125 0.691691691692 0.697996918336
0.795162509448 0.0 0.84375 0.766766766767 0.738058551618
0.80574452003 0.0 0.75 0.557557557558 0.630200308166
0.857898715042 0.0 0.875 0.788788788789 0.786594761171
0.895691609977 0.0 0.90625 0.876876876877 0.87750385208
0.810279667423 0.0 0.75 0.57957957958 0.65562403698
0.810279667423 1.0 0.84375 0.702702702703 0.771186440678
0.674225245654 0.0 0.6875 0.516516516517 0.528505392912
0.979591836735 1.0 0.96875 0.721721721722 0.82280431433
0.789871504157 0.0 0.8125 0.783783783784 0.776579352851
0.804232804233 0.0 0.78125 0.617617617618 0.654853620955
0.708238851096 0.0 0.6875 0.492492492492 0.533898305085
0.869992441421 1.0 0.875 0.722722722723 0.812018489985
0.796674225246 1.0 0.78125 0.563563563564 0.677966101695
0.702947845805 0.0 0.75 0.623623623624 0.598613251156
0.850340136054 0.0 0.875 0.778778778779 0.765793528505
0.725623582766 0.0 0.8125 0.804804804805 0.737288135593
0.730158730159 0.0 0.75 0.611611611612 0.610169491525
0.78231292517 0.0 0.78125 0.685685685686 0.70030816641
0.775510204082 0.0 0.78125 0.621621621622 0.630970724191
0.710506424792 0.0 0.71875 0.562562562563 0.573189522342
0.721088435374 0.0 0.71875 0.620620620621 0.639445300462
0.678760393046 0.0 0.6875 0.636636636637 0.646379044684
0.84731670446 0.0 0.78125 0.630630630631 0.703389830508
0.762660619803 1.0 0.8125 0.688688688689 0.738058551618
0.800453514739 0.0 0.78125 0.641641641642 0.671802773498
0.667422524565 0.0 0.6875 0.57957957958 0.579352850539
0.839002267574 0.0 0.75 0.584584584585 0.679506933744
0.600907029478 1.0 0.625 0.461461461461 0.545454545455
0.798941798942 0.0 0.78125 0.68968968969 0.716486902928
0.697656840514 1.0 0.6875 0.47047047047 0.581664098613
0.62962962963 0.0 0.6875 0.555555555556 0.520801232666
0.687830687831 1.0 0.71875 0.508508508509 0.580123266564
0.846560846561 0.0 0.8125 0.6996996997 0.738828967643
0.755857898715 1.0 0.78125 0.632632632633 0.704160246533
0.704459561602 0.0 0.6875 0.55955955956 0.590909090909
0.792139077853 0.0 0.78125 0.705705705706 0.724961479199
0.770219198791 1.0 0.78125 0.616616616617 0.701078582435
0.765684051398 0.0 0.78125 0.683683683684 0.679506933744
0.823129251701 0.0 0.875 0.873873873874 0.829738058552
0.661375661376 0.0 0.6875 0.550550550551 0.543143297381
0.780045351474 0.0 0.78125 0.674674674675 0.683359013867
0.84126984127 0.0 0.71875 0.556556556557 0.681047765794
0.694633408919 0.0 0.75 0.660660660661 0.620955315871
0.842025699169 0.0 0.84375 0.782782782783 0.785053929122
0.839002267574 0.0 0.875 0.848848848849 0.817411402157
0.746031746032 1.0 0.84375 0.744744744745 0.744221879815
0.873015873016 0.0 0.90625 0.811811811812 0.781972265023
0.758125472411 1.0 0.75 0.578578578579 0.679506933744
0.640211640212 1.0 0.6875 0.540540540541 0.594761171032
0.913076341648 0.0 0.90625 0.795795795796 0.801232665639
0.839002267574 0.0 0.84375 0.73973973974 0.738058551618
0.752078609221 0.0 0.75 0.654654654655 0.664098613251
0.725623582766 1.0 0.71875 0.598598598599 0.697996918336
0.77626606198 0.0 0.8125 0.743743743744 0.714175654854
0.763416477702 0.0 0.71875 0.558558558559 0.608628659476
0.842781557067 1.0 0.78125 0.613613613614 0.758089368259
0.808012093726 0.0 0.78125 0.710710710711 0.738828967643
0.7059712774 0.0 0.6875 0.546546546547 0.573959938367
0.795162509448 0.0 0.78125 0.708708708709 0.724961479199
0.879062736206 0.0 0.875 0.830830830831 0.832049306626
0.801209372638 0.0 0.75 0.586586586587 0.639445300462
0.715041572184 0.0 0.65625 0.494494494494 0.559322033898
0.800453514739 1.0 0.8125 0.656656656657 0.731124807396
0.783824640967 0.0 0.78125 0.702702702703 0.706471494607
0.732426303855 0.0 0.75 0.741741741742 0.727272727273
0.786848072562 0.0 0.75 0.667667667668 0.701848998459
0.786092214664 0.0 0.78125 0.667667667668 0.671032357473
0.823129251701 0.0 0.84375 0.787787787788 0.763482280431
0.773242630385 0.0 0.78125 0.693693693694 0.684899845917
0.771730914588 0.0 0.8125 0.70970970971 0.667950693374
