0.358959195742 0.0 0.333333333333 0.143317230274 0.118556701031
0.95446481372 0.666666666667 0.974358974359 1.0 0.916881443299
0.312241277351 0.0 0.333333333333 0.203703703704 0.199742268041
1.0 0.333333333333 0.974358974359 0.839774557166 0.922680412371
0.8042578356 1.0 0.897435897436 0.877616747182 0.840206185567
0.334713187463 0.0 0.282051282051 0.0933977455717 0.142396907216
0.958604376109 0.833333333333 1.0 0.929146537842 0.943298969072
0.969840331165 0.5 0.974358974359 0.962962962963 1.0
0.986398580721 0.666666666667 1.0 0.903381642512 0.922680412371
0.332939089296 0.166666666667 0.358974358974 0.211755233494 0.222293814433
0.696629213483 1.0 0.794871794872 0.875201288245 0.776417525773
0.497930218805 0.5 0.512820512821 0.443639291465 0.457474226804
0.505617977528 0.666666666667 0.615384615385 0.661030595813 0.513530927835
0.557066824364 0.833333333333 0.692307692308 0.705314009662 0.630798969072
0.948551153164 0.0 0.923076923077 0.724637681159 0.861469072165
0.976345357776 0.5 0.974358974359 0.958132045089 0.945231958763
0.913069189829 0.166666666667 0.897435897436 0.68115942029 0.808634020619
0.403311649911 0.333333333333 0.435897435897 0.360708534622 0.30412371134
0.364872856298 0.0 0.333333333333 0.131239935588 0.197809278351
0.895328208161 0.0 0.948717948718 0.877616747182 0.957474226804
0.355410999409 0.0 0.307692307692 0.136876006441 0.152706185567
0.32702542874 0.0 0.358974358974 0.292270531401 0.211984536082
0.783560023655 0.0 0.871794871795 0.743156199678 0.729381443299
0.752808988764 0.0 0.846153846154 0.714170692432 0.844072164948
0.393849793022 0.0 0.461538461538 0.285024154589 0.229381443299
0.916617386162 0.333333333333 0.923076923077 0.794685990338 0.888530927835
0.428149024246 0.0 0.512820512821 0.469404186795 0.403350515464
0.817267888823 0.333333333333 0.846153846154 0.673107890499 0.769974226804
0.53755174453 0.0 0.641025641026 0.486312399356 0.540592783505
0.982259018332 0.333333333333 0.948717948718 0.816425120773 0.911082474227
0.514488468362 0.166666666667 0.487179487179 0.238325281804 0.264819587629
0.609107037256 0.0 0.717948717949 0.606280193237 0.684922680412
0.610881135423 0.666666666667 0.666666666667 0.573268921095 0.57925257732
0.68361916026 0.666666666667 0.769230769231 0.707729468599 0.749355670103
0.672383205204 0.0 0.769230769231 0.598228663446 0.716494845361
0.554109994086 0.0 0.666666666667 0.584541062802 0.586984536082
0.759314015376 0.166666666667 0.74358974359 0.480676328502 0.556056701031
0.8042578356 0.833333333333 0.871794871795 0.860708534622 0.824742268041
0.389118864577 0.0 0.487179487179 0.403381642512 0.390463917526
0.328799526907 0.0 0.384615384615 0.283413848631 0.253221649485
0.50798344175 0.0 0.615384615385 0.588566827697 0.54574742268
0.356002365464 0.0 0.410256410256 0.306763285024 0.307345360825
0.698994677705 0.0 0.794871794872 0.657004830918 0.828608247423
0.448846836192 0.0 0.564102564103 0.458132045089 0.484536082474
0.432288586635 0.0 0.538461538462 0.484702093398 0.479381443299
0.414547604967 0.166666666667 0.461538461538 0.356682769726 0.320231958763
0.742164399763 0.0 0.820512820513 0.756843800322 0.746134020619
0.443524541691 0.333333333333 0.435897435897 0.335748792271 0.361469072165
0.526315789474 0.666666666667 0.641025641026 0.640096618357 0.534149484536
0.835600236546 0.0 0.897435897436 0.851046698873 0.855670103093
0.380248373743 0.0 0.435897435897 0.297101449275 0.289304123711
0.938497930219 0.666666666667 0.974358974359 0.950080515298 0.896907216495
0.896510940272 0.0 0.923076923077 0.820450885668 0.899484536082
0.475458308693 0.0 0.589743589744 0.494363929147 0.503865979381
0.810171496156 0.5 0.820512820513 0.621578099839 0.681701030928
0.422826729746 0.166666666667 0.384615384615 0.194847020934 0.264175257732
0.38202247191 0.166666666667 0.410256410256 0.289855072464 0.313144329897
0.521584861029 0.333333333333 0.564102564103 0.384057971014 0.44587628866
0.594914251922 0.0 0.692307692308 0.59500805153 0.613402061856
0.626256652868 0.0 0.74358974359 0.619967793881 0.740979381443
0.700177409817 0.5 0.717948717949 0.54267310789 0.648195876289
0.71318746304 0.0 0.74358974359 0.502415458937 0.637242268041
0.876404494382 0.166666666667 0.923076923077 0.884057971014 0.908505154639
0.524541691307 0.5 0.589743589744 0.472624798712 0.503865979381
0.503252513306 0.333333333333 0.538461538462 0.380032206119 0.425257731959
0.969840331165 0.5 0.974358974359 0.934782608696 0.889819587629
0.357776463631 0.0 0.333333333333 0.148953301127 0.172680412371
0.763453577765 0.0 0.717948717949 0.627214170692 0.782860824742
0.776463630988 0.0 0.794871794872 0.644122383253 0.737113402062
0.436428149024 0.0 0.461538461538 0.326086956522 0.326675257732
0.523950325251 0.0 0.487179487179 0.260064412238 0.262242268041
0.351862803075 0.166666666667 0.384615384615 0.247181964573 0.189432989691
0.700177409817 0.166666666667 0.717948717949 0.554750402576 0.632087628866
0.83382613838 0.166666666667 0.871794871795 0.834138486312 0.872422680412
0.34713187463 0.0 0.358974358974 0.181964573269 0.175902061856
0.399763453578 0.0 0.410256410256 0.235104669887 0.153994845361
0.582495564755 0.666666666667 0.666666666667 0.600644122383 0.601159793814
0.891780011827 0.166666666667 0.923076923077 0.823671497585 0.836340206186
0.800118273211 0.166666666667 0.871794871795 0.87037037037 0.896262886598
0.570668243643 0.166666666667 0.589743589744 0.366344605475 0.521907216495
0.353045535186 0.0 0.333333333333 0.170692431562 0.179768041237
0.637492607924 0.0 0.717948717949 0.615136876006 0.703608247423
0.384387936132 0.0 0.358974358974 0.157809983897 0.225515463918
0.791839148433 0.166666666667 0.846153846154 0.688405797101 0.802190721649
0.85925487877 0.333333333333 0.897435897436 0.810789049919 0.903350515464
0.888231815494 0.333333333333 0.948717948718 0.752818035427 0.822164948454
0.742164399763 0.0 0.717948717949 0.528180354267 0.710695876289
0.824955647546 0.0 0.871794871795 0.729468599034 0.791881443299
0.480189237138 0.166666666667 0.512820512821 0.274557165862 0.355025773196
0.926079243051 0.0 0.897435897436 0.743961352657 0.762886597938
0.492607924305 0.0 0.512820512821 0.35346215781 0.370489690722
0.441159077469 0.0 0.435897435897 0.18115942029 0.218427835052
0.845062093436 0.166666666667 0.871794871795 0.734299516908 0.800257731959
0.54819633353 0.0 0.538461538462 0.287439613527 0.382087628866
0.768775872265 0.166666666667 0.846153846154 0.702093397746 0.859536082474
0.586043761088 0.0 0.615384615385 0.516103059581 0.590850515464
0.842696629213 0.333333333333 0.871794871795 0.855877616747 0.881443298969
0.869899467771 0.166666666667 0.871794871795 0.703703703704 0.787371134021
0.646363098758 0.0 0.692307692308 0.583735909823 0.652706185567
0.875813128326 0.0 0.846153846154 0.697262479871 0.864690721649
0.748669426375 0.166666666667 0.794871794872 0.641706924316 0.754510309278
0.379657007688 0.166666666667 0.410256410256 0.251207729469 0.240979381443
0.371969248965 0.0 0.358974358974 0.21578099839 0.245489690722
0.575399172088 0.0 0.615384615385 0.426731078905 0.412371134021
0.881726788882 0.333333333333 0.871794871795 0.690821256039 0.823453608247
0.689532820816 0.5 0.769230769231 0.779388083736 0.740335051546
0.72383205204 0.166666666667 0.74358974359 0.536231884058 0.690721649485
0.734476641041 0.0 0.769230769231 0.566827697262 0.671391752577
0.626256652868 0.166666666667 0.564102564103 0.314009661836 0.515463917526
0.470727380248 0.333333333333 0.538461538462 0.524959742351 0.488402061856
0.485511531638 0.0 0.512820512821 0.381642512077 0.436855670103
0.329390892963 0.0 0.358974358974 0.170692431562 0.145618556701
0.860437610881 0.166666666667 0.871794871795 0.798711755233 0.934922680412
0.728562980485 0.5 0.794871794872 0.634460547504 0.577963917526
0.85393258427 0.0 0.820512820513 0.611111111111 0.775773195876
0.681845062093 0.0 0.666666666667 0.42270531401 0.494845360825
0.849201655825 0.0 0.897435897436 0.83655394525 0.850515463918
0.558840922531 0.0 0.589743589744 0.434782608696 0.539304123711
0.56298048492 0.0 0.615384615385 0.462962962963 0.565077319588
0.820816085157 0.333333333333 0.871794871795 0.771336553945 0.860824742268
0.383205204021 0.0 0.410256410256 0.269726247987 0.282860824742
0.719101123596 0.0 0.717948717949 0.509661835749 0.672036082474
0.829686575991 0.0 0.794871794872 0.541867954911 0.648195876289
0.815493790656 0.333333333333 0.871794871795 0.679549114332 0.815077319588
0.863985807215 0.0 0.846153846154 0.728663446055 0.869201030928
0.930810171496 0.0 0.897435897436 0.725442834138 0.837628865979
0.904198698995 0.0 0.948717948718 0.849436392915 0.919458762887
0.531638083974 0.166666666667 0.564102564103 0.409017713366 0.343427835052
0.851567120047 0.333333333333 0.923076923077 0.785829307568 0.806701030928
0.404494382022 0.0 0.384615384615 0.192431561997 0.242912371134
0.69308101715 0.166666666667 0.692307692308 0.449275362319 0.666237113402
0.898876404494 0.0 0.897435897436 0.816425120773 0.929768041237
0.909520993495 0.0 0.897435897436 0.747987117552 0.810567010309
0.794795978711 0.333333333333 0.846153846154 0.790660225443 0.925902061856
0.589591957422 0.0 0.641025641026 0.507246376812 0.559922680412
0.460082791248 0.166666666667 0.435897435897 0.24959742351 0.298324742268
0.811945594323 0.0 0.820512820513 0.562801932367 0.701675257732
0.622117090479 0.333333333333 0.666666666667 0.578099838969 0.606958762887
0.457717327025 0.0 0.487179487179 0.386473429952 0.42074742268
0.753991720875 0.166666666667 0.666666666667 0.42270531401 0.534149484536
0.910112359551 0.166666666667 0.923076923077 0.803542673108 0.89175257732
0.36191602602 0.0 0.358974358974 0.222222222222 0.278350515464
0.731519810763 0.0 0.74358974359 0.546698872786 0.724871134021
0.409816676523 0.166666666667 0.435897435897 0.393719806763 0.304768041237
0.651685393258 0.0 0.692307692308 0.528180354267 0.64175257732
0.549970431697 0.5 0.666666666667 0.64653784219 0.561855670103
0.674748669426 0.166666666667 0.692307692308 0.482286634461 0.653994845361
0.543465405086 0.0 0.641025641026 0.56038647343 0.610180412371
0.444707273802 0.0 0.461538461538 0.277777777778 0.335695876289
0.459491425192 0.0 0.461538461538 0.184380032206 0.269329896907
0.48787699586 0.0 0.461538461538 0.217391304348 0.332474226804
0.81371969249 0.0 0.846153846154 0.739935587762 0.884664948454
0.607332939089 0.333333333333 0.666666666667 0.664251207729 0.692654639175
0.794795978711 0.333333333333 0.820512820513 0.666666666667 0.657216494845
0.904198698995 0.333333333333 0.923076923077 0.760869565217 0.827963917526
0.389710230633 0.0 0.384615384615 0.202093397746 0.247422680412
0.840331164991 0.166666666667 0.820512820513 0.652173913043 0.761597938144
0.660555884092 0.0 0.641025641026 0.520933977456 0.667525773196
0.518036664695 0.5 0.589743589744 0.458937198068 0.501932989691
0.657599053814 0.0 0.692307692308 0.591787439614 0.673324742268
0.468361916026 0.0 0.410256410256 0.227858293076 0.315077319588
0.580130100532 0.333333333333 0.615384615385 0.558776167472 0.572164948454
0.744529863986 0.0 0.794871794872 0.653784219002 0.722293814433
0.377882909521 0.0 0.410256410256 0.291465378422 0.275773195876
0.602010644589 0.0 0.564102564103 0.375201288245 0.461340206186
0.474866942637 0.0 0.410256410256 0.231078904992 0.32925257732
0.546422235364 0.0 0.538461538462 0.346215780998 0.425902061856
0.44234180958 0.0 0.461538461538 0.301127214171 0.321520618557
0.593140153755 0.0 0.615384615385 0.443639291465 0.617912371134
0.424009461857 0.0 0.358974358974 0.154589371981 0.143041237113
0.686575990538 0.0 0.717948717949 0.549114331723 0.566365979381
0.45180366647 0.0 0.512820512821 0.361513687601 0.367268041237
0.503252513306 0.0 0.512820512821 0.334943639291 0.34793814433
0.491425192194 0.0 0.538461538462 0.41384863124 0.455541237113
0.534003548196 0.0 0.564102564103 0.30998389694 0.418170103093
0.806623299823 0.0 0.846153846154 0.766505636071 0.855025773196
0.606150206978 0.0 0.692307692308 0.491948470209 0.568298969072
0.416321703134 0.0 0.410256410256 0.242351046699 0.288659793814
0.504435245417 0.0 0.538461538462 0.3961352657 0.396262886598
0.499704316972 0.0 0.589743589744 0.472624798712 0.473582474227
0.74393849793 0.166666666667 0.794871794872 0.570853462158 0.678479381443
0.603784742756 0.0 0.666666666667 0.535426731079 0.574742268041
0.567711413365 0.166666666667 0.564102564103 0.405797101449 0.467783505155
0.897693672383 0.0 0.897435897436 0.876006441224 0.947164948454
0.69308101715 0.0 0.641025641026 0.475845410628 0.536082474227
0.596688350089 0.0 0.589743589744 0.36231884058 0.389819587629
0.465996451804 0.0 0.512820512821 0.409017713366 0.416881443299
0.83914843288 0.5 0.897435897436 0.800322061192 0.768041237113
0.399763453578 0.0 0.461538461538 0.332528180354 0.278994845361
0.41159077469 0.0 0.410256410256 0.197262479871 0.281572164948
0.377882909521 0.0 0.384615384615 0.184380032206 0.202963917526
0.662921348315 0.5 0.692307692308 0.58615136876 0.661726804124
0.628030751035 0.166666666667 0.641025641026 0.581320450886 0.626932989691
0.618568894145 0.0 0.615384615385 0.41384863124 0.423324742268
0.670017740982 0.166666666667 0.666666666667 0.45652173913 0.576675257732
0.630396215257 0.0 0.589743589744 0.363123993559 0.442654639175
0.41691306919 0.0 0.461538461538 0.281803542673 0.294458762887
0.615020697812 0.333333333333 0.641025641026 0.54267310789 0.623711340206
0.66351271437 0.0 0.666666666667 0.5 0.60824742268
0.57244234181 0.0 0.564102564103 0.328502415459 0.443943298969
