0.560606060606 0.285714285714 0.466666666667 0.223819301848 0.277277277277
0.560606060606 0.285714285714 0.466666666667 0.223819301848 0.277277277277
0.893939393939 0.857142857143 1.0 1.0 1.0
0.810207336523 0.714285714286 0.766666666667 0.543121149897 0.7997997998
0.72009569378 0.285714285714 0.633333333333 0.459958932238 0.647647647648
0.746411483254 0.285714285714 0.733333333333 0.560574948665 0.791791791792
0.681818181818 0.857142857143 0.8 0.781314168378 0.815815815816
0.681818181818 0.857142857143 0.8 0.781314168378 0.815815815816
0.732057416268 0.285714285714 0.6 0.299794661191 0.585585585586
0.751993620415 0.571428571429 0.7 0.372689938398 0.690690690691
0.688197767145 1.0 0.733333333333 0.680698151951 0.671671671672
0.655502392344 0.857142857143 0.7 0.680698151951 0.671671671672
1.0 0.142857142857 0.866666666667 0.655030800821 0.868868868869
0.804625199362 0.428571428571 0.733333333333 0.594455852156 0.722722722723
0.69298245614 0.285714285714 0.566666666667 0.272073921971 0.546546546547
0.69298245614 0.285714285714 0.566666666667 0.272073921971 0.546546546547
0.621212121212 0.428571428571 0.7 0.627310061602 0.516516516517
0.617224880383 0.428571428571 0.666666666667 0.552361396304 0.434434434434
1.0 0.142857142857 0.866666666667 0.655030800821 0.868868868869
0.971291866029 0.0 0.9 0.727926078029 0.973973973974
0.523923444976 0.428571428571 0.566666666667 0.43839835729 0.399399399399
0.484848484848 0.428571428571 0.533333333333 0.41067761807 0.36036036036
0.719298245614 0.285714285714 0.666666666667 0.372689938398 0.690690690691
0.751993620415 0.571428571429 0.7 0.372689938398 0.690690690691
0.562200956938 0.142857142857 0.566666666667 0.526694045175 0.372372372372
0.562200956938 0.142857142857 0.566666666667 0.526694045175 0.372372372372
0.523923444976 0.428571428571 0.566666666667 0.43839835729 0.399399399399
0.523923444976 0.428571428571 0.566666666667 0.43839835729 0.399399399399
0.535087719298 0.428571428571 0.633333333333 0.375770020534 0.558558558559
0.535087719298 0.428571428571 0.633333333333 0.375770020534 0.558558558559
0.560606060606 0.285714285714 0.466666666667 0.223819301848 0.277277277277
0.560606060606 0.285714285714 0.466666666667 0.223819301848 0.277277277277
0.681818181818 0.857142857143 0.8 0.781314168378 0.815815815816
0.681818181818 0.857142857143 0.8 0.781314168378 0.815815815816
0.944976076555 1.0 0.833333333333 0.620123203285 0.721721721722
0.535087719298 0.428571428571 0.633333333333 0.375770020534 0.558558558559
0.722488038278 0.428571428571 0.766666666667 0.639630390144 0.756756756757
0.722488038278 0.428571428571 0.766666666667 0.639630390144 0.756756756757
0.484848484848 0.428571428571 0.533333333333 0.41067761807 0.36036036036
0.484848484848 0.428571428571 0.533333333333 0.41067761807 0.36036036036
0.69298245614 0.285714285714 0.566666666667 0.272073921971 0.546546546547
0.725677830941 0.571428571429 0.6 0.272073921971 0.546546546547
1.0 0.142857142857 0.866666666667 0.655030800821 0.868868868869
0.960925039872 0.142857142857 0.833333333333 0.627310061602 0.82982982983
0.764752791069 0.571428571429 0.633333333333 0.299794661191 0.585585585586
0.748006379585 0.571428571429 0.666666666667 0.297741273101 0.608608608609
0.562200956938 0.142857142857 0.566666666667 0.526694045175 0.372372372372
0.562200956938 0.142857142857 0.566666666667 0.526694045175 0.372372372372
0.681818181818 0.857142857143 0.8 0.781314168378 0.815815815816
0.681818181818 0.857142857143 0.8 0.781314168378 0.815815815816
0.710526315789 1.0 0.7 0.584188911704 0.648648648649
0.484848484848 0.428571428571 0.533333333333 0.41067761807 0.36036036036
0.782296650718 0.285714285714 0.666666666667 0.44045174538 0.504504504505
0.710526315789 0.0 0.6 0.41273100616 0.465465465465
0.736842105263 0.0 0.7 0.513347022587 0.60960960961
0.775917065391 0.0 0.733333333333 0.541067761807 0.648648648649
0.654704944179 0.571428571429 0.6 0.277207392197 0.378378378378
0.654704944179 0.571428571429 0.6 0.277207392197 0.378378378378
0.658692185008 0.571428571429 0.633333333333 0.352156057495 0.46046046046
0.622009569378 0.285714285714 0.566666666667 0.277207392197 0.378378378378
0.588516746411 0.142857142857 0.666666666667 0.627310061602 0.516516516517
0.588516746411 0.142857142857 0.666666666667 0.627310061602 0.516516516517
0.574162679426 0.428571428571 0.666666666667 0.403490759754 0.597597597598
0.508771929825 0.428571428571 0.533333333333 0.275154004107 0.414414414414
0.688197767145 0.285714285714 0.733333333333 0.477412731006 0.740740740741
0.720893141946 0.571428571429 0.766666666667 0.477412731006 0.740740740741
0.627591706539 0.142857142857 0.7 0.655030800821 0.555555555556
0.588516746411 0.142857142857 0.666666666667 0.627310061602 0.516516516517
0.754385964912 0.0 0.733333333333 0.540041067762 0.705705705706
0.628389154705 0.571428571429 0.6 0.451745379877 0.494494494494
0.681818181818 0.857142857143 0.8 0.781314168378 0.815815815816
0.681818181818 0.857142857143 0.8 0.781314168378 0.815815815816
0.779106858054 0.571428571429 0.766666666667 0.560574948665 0.791791791792
0.785486443381 0.285714285714 0.766666666667 0.588295687885 0.830830830831
0.484848484848 0.428571428571 0.533333333333 0.41067761807 0.36036036036
0.484848484848 0.428571428571 0.533333333333 0.41067761807 0.36036036036
0.769537480064 0.285714285714 0.733333333333 0.513347022587 0.60960960961
0.765550239234 0.285714285714 0.7 0.43839835729 0.527527527528
0.725677830941 0.571428571429 0.6 0.272073921971 0.546546546547
0.725677830941 0.571428571429 0.6 0.272073921971 0.546546546547
